0.04744
0.10006
0.16402
0.17152
0.24094
0.50008
0.50770
0.71680
0.93052
1.08976
1.29712
1.36408
1.40644
1.41370
1.56358
1.58062
1.61380
1.73050
1.88326
2.12560
2.14684
2.44696
2.86354
2.91622
2.94670
3.09676
3.46024
3.46990
3.58588
3.67990
3.71626
3.72082
3.85408
3.89644
3.96298
4.04668
4.11334
4.21312
4.22998
4.37968
4.54654
4.55668
4.60564
4.63246
4.64938
4.67968
4.77964
4.84642
4.87072
4.99642
5.01322
5.02990
5.08702
5.12980
5.21290
5.21596
5.27980
5.53714
5.59606
5.62036
5.65384
5.71318
5.72662
6.13978
6.30370
6.32920
6.42970
6.45346
6.51298
6.58228
6.64600
6.68212
6.73222
6.94588
7.06252
7.11262
7.19596
7.25800
7.38196
7.64296
7.96540
8.03656
8.07274
8.21230
8.41972
8.49838
8.52916
8.56984
8.57602
8.69554
8.73178
8.99572
9.02884
9.31222
9.38176
9.43936
9.46228
9.51958
9.59560
9.59836
9.64840
9.78148
10.26490
10.27228
10.47862
10.79512
10.90546
10.93606
11.12860
11.39230
11.40238
11.43118
11.62234
11.69500
11.86168
11.90524
12.03574
12.11170
12.19492
12.21484
12.24790
12.30526
12.49522
12.63130
12.73108
12.84508
12.97828
13.01176
13.02190
13.11442
13.14490
13.31146
13.44490
13.45210
13.53118
13.82818
13.96156
13.97182
14.12812
14.18098
14.32822
14.41432
14.52796
14.54476
14.75842
14.77792
14.84764
14.86552
14.91142
14.93068
14.95222
15.01132
15.03076
15.11098
15.16144
15.16432
15.26110
15.27790
15.34738
15.58528
15.64444
16.02136
16.07500
16.18066
16.26400
16.31098
16.36096
16.36870
16.37476
16.46110
16.59436
17.21374
17.27782
17.39716
17.46838
17.52760
17.54434
17.59444
17.61832
17.71090
18.02752
18.06736
18.13780
18.14410
18.34420
18.39688
18.41074
18.56044
18.72106
18.81094
18.89404
19.30144
19.37704
19.38934
19.44700
19.47724
19.49410
19.51072
19.57750
19.71808
20.27074
20.27698
20.85688
20.92702
21.02710
21.16042
21.21970
21.46030
21.62698
21.69370
22.17052
22.23730
22.69348
22.83718
22.85098
23.07412
23.10268
23.27980
23.49358
23.58724
23.66314
23.71018
23.75704
23.77042
23.78584
23.81002
23.82682
23.82964
23.91028
24.11014
24.15994
24.23704
24.28426
24.30376
24.36748
24.46756
24.52960
24.56032
24.64342
24.72352
24.84322
24.87676
24.87970
24.95746
25.01014
25.05388
25.07674
25.15354
25.22944
25.37674
25.42006
25.44616
25.47664
25.77664
25.85998
25.96300
26.00680
26.00992
26.06020
26.11288
26.17642
26.20996
26.22634
26.29324
26.41000
26.46274
26.80978
26.82658
26.83402
26.83678
26.85682
27.03664
27.04954
27.61738
27.62656
27.72010
27.79318
28.09306
28.13674
28.15978
28.17934
28.30984
28.59286
28.62670
28.72918
28.92634
28.92934
28.99288
29.06728
29.10964
29.14294
29.31256
29.42914
29.50978
29.56708
29.90962
29.95960
29.96974
30.01978
30.12304
30.32620
30.76636
31.15012
31.27894
31.33642
31.35940
31.54546
31.59280
31.67608
31.85020
31.85452
31.86232
31.92874
32.03500
32.17600
32.24266
32.43634
32.45926
32.70928
32.90932
33.06208
33.07876
33.19240
33.22606
33.23974
33.24520
33.26950
33.45916
33.55900
33.63946
33.64540
33.67582
34.02574
34.04242
34.11184
34.18612
34.22878
34.26184
34.42582
34.60924
34.75888
34.93582
34.94230
34.99504
35.22844
35.36920
35.48578
35.72572
35.76208
36.34870
36.39202
36.39508
36.46624
36.59488
36.61156
36.66628
36.76786
36.77164
36.80134
36.86170
36.89476
37.02532
37.10578
37.23952
37.46896
37.50622
37.58272
37.59184
37.74490
37.88560
37.99948
38.04844
38.15242
38.16616
38.19208
38.29942
38.32810
38.38270
38.39830
38.44204
38.47528
38.60848
38.73442
38.79166
38.79856
38.80114
38.82784
38.84224
38.84470
38.86588
38.90194
38.96122
38.99146
39.00850
39.12526
39.12796
39.35536
39.45844
39.54454
39.61576
39.62518
39.95836
39.97780
40.12498
40.26862
40.68238
40.70830
40.85188
40.95832
40.97482
41.04166
41.22484
41.25820
41.27488
41.29156
41.40814
41.44156
41.49130
41.58226
41.95804
42.11566
42.15814
42.24424
42.64144
42.65788
42.66106
42.69130
42.74146
42.79402
42.92464
43.10794
43.42486
43.65802
43.67452
43.79116
43.94122
44.21512
44.29126
44.42458
44.45776
44.62444
44.91052
44.99104
45.16060
45.30754
45.37432
45.72412
45.85462
46.00762
46.35748
46.36792
46.55770
46.56490
46.67704
46.84084
46.86772
46.87708
46.89094
46.91488
46.97434
47.01682
47.04112
47.07418
47.23156
47.30008
47.52442
47.96482
48.05080
48.15736
48.33154
48.47644
48.51940
48.53416
48.66004
48.77398
48.91018
49.00720
49.11766
49.12654
49.24054
49.25086
49.34062
49.39792
49.43728
49.67380
50.10694
50.15692
50.76442
50.89768
50.92654
50.95216
50.95972
50.99044
51.21718
51.34762
51.40048
51.40390
51.57346
51.57628
51.75694
51.76432
51.95986
52.01416
52.17328
52.25332
52.25698
52.26628
52.72330
52.75222
52.79008
52.83364
52.95670
52.99030
53.47036
53.47600
53.56408
53.65672
53.70364
53.80966
54.00646
54.17326
54.18994
54.50650
54.51862
54.61402
54.93994
55.10650
55.12336
55.19278
55.33978
55.64284
55.72312
55.82320
55.93972
55.97284
56.01388
56.13058
56.16670
56.55934
56.57308
56.62312
56.76676
56.80654
56.86390
56.95906
57.00628
57.22306
57.55636
57.56380
57.78328
57.90664
57.92284
57.97276
57.98968
58.13338
58.14250
58.22314
58.30636
58.47310
58.48996
58.51666
58.55908
58.56070
58.63954
58.76680
58.83334
59.01556
59.11300
59.14642
59.22298
59.24284
59.42590
59.51374
59.58220
59.59714
59.69230
59.97292
59.98942
60.70642
60.88684
60.92302
61.02304
61.31062
61.38946
61.68976
61.87312
61.97284
62.13292
62.80924
62.86384
63.13966
63.15622
63.63970
63.67312
63.70006
63.73966
63.75622
63.77278
64.00630
64.32316
64.57288
64.68976
64.70626
64.96384
64.97320
65.00626
65.32294
65.33974
65.44270
65.47312
65.50624
65.52268
65.53654
65.73952
65.77282
66.04726
66.25648
66.40900
66.52288
66.57298
66.59992
66.68968
66.69898
66.92290
66.93988
66.98980
67.07290
67.42588
67.73974
67.87288
68.05144
68.07598
68.08978
68.11660
68.15638
68.18968
68.19712
68.27302
68.64712
68.88952
69.02308
69.05626
69.18988
69.26656
69.60640
69.68968
69.82282
69.83308
69.97288
70.12300
70.16680
70.17298
70.25608
70.26694
70.37308
70.65004
70.73992
70.83682
70.83964
70.93972
71.00614
71.02300
71.29714
71.38966
71.54890
71.60614
71.63074
71.73970
71.78956
71.83960
71.87302
72.00646
72.05908
72.10654
72.12292
72.20632
72.32272
72.48964
72.50626
72.51670
72.56962
72.70612
72.73954
72.75646
72.80902
73.08970
73.26670
73.38952
73.49254
73.68970
73.85926
74.30620
74.32306
74.48014
74.58976
74.60644
74.68954
74.75590
74.95606
75.00616
75.03682
75.12292
75.46654
75.59248
75.80632
75.92290
75.97276
75.99652
76.18954
76.20616
76.38964
76.42300
76.58950
76.62274
77.03950
77.04244
77.12590
77.16370
77.32300
77.52262
77.52982
77.69254
77.85628
77.89642
77.90404
78.08968
78.78934
78.97558
79.27234
79.30906
79.35598
79.58020
79.62286
79.63930
79.90000
80.11978
80.13304
80.16352
80.25634
80.27260
80.52268
80.57272
80.63308
80.67298
80.83948
80.87260
81.03940
81.18016
81.38938
81.72568
81.87268
81.91954
81.92254
81.97276
82.06972
82.07284
82.09624
82.10602
82.30870
82.31632
82.32274
82.42276
82.50628
82.53946
82.56358
82.59958
82.62538
82.66774
82.67560
82.75600
82.89226
82.90600
82.90894
83.23462
83.28934
83.30872
83.33938
83.40586
83.47270
83.49220
83.75590
83.83006
83.86360
83.90896
83.98924
84.15892
84.23920
84.33184
84.42268
84.52546
84.83908
84.85582
85.01206
85.02526
85.18936
85.22266
85.57516
85.69204
85.75864
85.77232
85.80598
85.82284
85.85872
85.89946
85.97542
86.07250
86.19214
86.20576
86.27542
86.38906
86.44942
86.52244
86.53000
86.62252
86.62528
86.75296
86.79184
86.83282
87.10588
87.25570
87.40858
87.54202
87.54928
87.58618
87.60574
87.81322
87.94192
88.14934
88.18648
88.21930
88.22248
88.37242
88.39648
88.46320
88.47250
88.66504
88.95556
89.10562
89.21596
89.37244
89.43286
89.53924
89.59648
89.59948
89.62552
89.90566
89.95582
90.08920
90.20578
90.38650
90.45850
90.74188
90.89188
91.10602
91.17256
91.23928
91.27258
91.33918
91.54222
91.54948
92.02264
92.20582
92.27242
92.40580
92.41636
92.53948
92.78926
92.83930
92.85586
93.01528
93.02272
93.07558
93.18934
93.20578
93.21322
93.31348
93.33934
93.48940
93.64630
93.68950
93.75598
93.76336
93.93940
93.94222
93.95908
94.12264
94.13686
94.22278
94.24234
94.37266
94.43962
94.51630
94.57558
94.62280
94.64848
94.72270
95.00614
95.05618
95.24992
95.28304
95.38018
95.47276
95.47990
95.49856
95.52274
95.53342
95.60650
95.68198
95.85910
96.05620
96.07294
96.30634
96.32566
96.40642
96.63970
96.65908
96.72316
96.80626
96.97288
97.05004
97.10626
97.45918
97.52302
97.61386
97.75678
97.80658
97.88068
98.05918
98.23048
98.24470
98.24728
98.45680
98.46406
98.95660
99.19000
99.40954
99.77350
99.88384
100.22356
100.29028
100.83760
100.84744
100.95700
100.99756
101.06344
101.27362
101.30710
101.45692
101.54044
102.28102
102.30718
102.39340
102.42376
102.61738
102.66010
102.88300
103.04038
103.05718
103.17400
103.29046
103.62388
103.64068
103.69342
103.83316
104.12416
104.15740
104.30986
104.32396
104.33134
104.45734
104.53144
104.55748
104.64058
104.68072
104.77396
104.82412
104.84080
104.92414
104.94076
105.04096
105.17404
105.25768
105.56788
105.89092
106.35016
106.37434
106.39090
106.41502
106.42438
106.49854
106.84120
106.87432
106.91518
107.05468
107.10322
107.26042
107.74126
107.88184
107.99110
108.01780
108.05770
108.13174
108.31816
108.32128
108.36058
108.40786
108.50176
108.54412
108.73834
109.09414
109.24126
109.27870
109.30780
109.52452
109.59880
109.90804
110.02768
110.07466
110.20786
110.22208
110.29894
110.50810
110.76556
110.77480
111.12484
111.39436
111.47776
111.62488
111.85846
112.08262
112.31578
112.34458
112.35844
112.36612
112.62520
112.67536
112.69186
112.76140
112.80874
112.98274
113.15230
113.21152
113.22508
113.29210
113.39188
113.50408
113.61136
113.67298
113.70880
113.73550
113.79490
113.91160
114.00886
114.14224
114.15868
114.22528
114.35128
114.42562
114.50878
114.56896
114.62986
114.70876
114.71896
114.74524
114.75892
114.90256
114.99922
115.07848
115.25896
115.35892
115.47586
115.49524
115.65922
115.72858
115.77862
115.79242
115.89538
115.92586
115.96180
116.35936
116.37880
116.48230
116.49268
116.57608
116.65924
116.89558
117.11974
117.15958
117.16708
117.17614
117.26974
117.57910
117.62590
117.86710
117.94570
118.05040
118.27918
118.28308
118.30030
119.07664
119.25358
119.29300
119.30074
119.36002
119.39326
119.63410
119.69644
119.82682
119.92996
119.93338
120.12952
120.14344
120.42682
120.44350
120.62698
120.64648
120.75106
120.83440
120.91324
120.97072
121.11058
121.24672
121.51324
121.52698
121.79392
121.97722
122.07724
122.17732
122.38774
122.66350
122.67772
122.76370
122.80444
122.86840
122.91088
122.94712
123.06370
123.11080
123.30340
123.41110
123.61102
123.67762
124.06138
124.22152
124.22788
124.61122
124.72810
124.74454
125.23546
125.41132
125.51452
125.65504
125.94172
125.96158
125.99488
126.14488
126.27838
126.29494
126.36166
126.54742
126.59794
126.61168
126.67210
126.72856
126.81928
126.90256
126.96196
127.06192
127.20172
127.30534
127.31188
127.49524
127.52890
127.54528
127.66510
128.02234
128.30554
128.37868
128.38636
128.42848
128.56204
128.62888
128.78644
129.02896
129.04576
129.24844
129.34570
129.37264
129.64570
129.72904
130.61560
130.68952
130.73956
130.74610
130.77928
130.83208
131.13394
131.42944
131.49604
131.56270
131.58982
131.84614
131.85370
131.94628
132.17956
132.28732
132.35368
132.37972
132.42976
132.44602
132.85390
132.85858
132.87256
132.89002
133.37986
133.46320
133.62082
133.76350
133.77724
133.77994
133.91320
133.95712
134.18020
134.24704
134.99374
135.03058
135.09706
135.09982
135.18028
135.22432
135.80956
135.83338
135.87136
135.94732
135.97438
135.98818
136.13062
136.18078
136.48090
136.48744
136.56418
136.62448
136.75054
136.81714
136.85038
136.85500
136.89772
136.90804
136.96720
136.99774
137.04754
137.10034
137.18860
137.28112
137.49760
137.50060
137.61454
137.63128
137.66176
137.80084
137.85532
138.04498
138.21466
138.24790
138.27382
138.68152
138.83134
138.96466
139.00570
139.03438
139.08220
139.30576
139.39840
139.63456
139.73200
139.77574
139.90900
139.91806
139.96528
140.02510
140.24878
140.26804
140.31520
140.35900
140.38204
140.45794
140.48212
140.94154
140.95636
141.01564
141.16264
141.53248
141.53974
141.54628
141.57502
141.58210
141.60190
141.74920
141.76582
141.98278
141.99004
142.03240
142.03990
142.14940
142.41586
142.42786
142.43260
142.61902
142.78258
142.88272
142.95688
143.01604
143.09932
143.21914
143.29936
143.37646
143.46640
143.49040
143.50234
143.61640
143.65960
143.74978
143.77690
143.86012
144.08302
144.19336
144.47674
144.57670
144.82408
144.88618
144.95008
145.03612
145.16962
145.24084
145.25290
145.28338
145.33360
145.48354
145.63342
145.64386
145.68628
145.72426
145.78654
145.80016
145.91986
146.16694
146.24110
146.24872
146.42728
146.47642
146.48368
146.51710
146.60080
146.61994
146.69416
146.70052
146.71732
146.86696
146.93380
147.10066
147.15076
147.21076
147.21730
147.22666
147.25084
147.28396
147.39106
147.40042
147.46720
147.65356
147.75370
147.79168
147.83434
148.23724
148.35100
148.40122
148.40842
148.52692
148.55116
148.68460
148.71766
149.08438
149.35438
149.36782
149.46802
149.76796
149.83480
149.97100
150.00148
150.35452
150.40516
150.44404
150.50446
150.51820
150.75172
150.79528
150.90190
151.11178
151.24540
151.30468
151.33510
151.36846
151.41220
151.42138
151.81870
151.95202
151.98544
152.13538
152.16856
152.17156
152.23840
152.24296
152.27164
152.28556
152.43550
152.56894
152.70976
152.75230
152.75512
152.78860
152.88568
152.90968
152.92642
153.30244
153.35236
153.38578
153.60244
153.63568
153.85240
153.96934
153.99040
154.41946
154.75564
154.98628
155.01952
155.12698
155.15296
155.43646
155.43922
155.55334
155.65618
155.83942
155.93668
155.99410
156.13660
156.40990
156.45352
156.48664
156.53944
156.62014
156.82012
156.83374
156.97036
157.12744
157.14616
157.43680
157.53676
157.58674
157.67326
157.72030
157.73686
157.80376
157.85356
157.95346
158.17030
158.18698
158.25370
158.39014
158.41024
158.45362
158.45632
158.47342
158.56114
158.71138
158.79754
158.98726
158.99032
158.99752
159.00376
159.02356
159.14944
159.15364
159.22066
159.28738
159.29464
159.34018
159.40384
159.41428
159.42040
159.45412
159.47092
159.52372
159.55678
160.05418
160.19512
160.72126
160.75426
160.79056
161.09086
161.39056
161.45752
161.52424
161.52868
161.64532
161.85466
161.98804
162.13498
162.14080
162.14476
162.19066
162.30478
162.54094
162.58546
162.67162
162.92146
162.97162
163.02454
163.12156
163.29112
163.47484
163.67188
163.92190
164.10526
164.21560
164.22190
164.25538
164.36452
164.37178
164.42194
164.43874
164.47474
164.77942
164.87944
164.91760
164.92198
164.94886
165.34168
165.40546
165.60838
165.73246
165.81304
165.86308
165.98566
165.99340
166.06588
166.09174
166.12222
166.32232
166.35562
166.62238
166.73908
166.83262
166.86322
166.96000
167.17240
167.24320
167.98612
168.05590
168.16612
168.35614
168.36328
168.58198
168.60622
168.63916
168.87274
168.94966
168.95752
169.08010
169.10596
169.13932
169.34698
169.43044
169.47580
169.55632
169.62274
169.66372
169.67302
169.73950
169.75912
169.93324
169.96066
170.11372
170.27314
170.28964
170.52310
170.58322
170.67298
170.98054
171.11578
171.23962
171.53056
171.84250
172.33714
172.50640
172.50946
172.65658
172.95022
172.97314
173.22316
173.27344
173.43988
173.52334
173.57608
173.95672
173.97346
174.10030
174.17332
174.50380
174.64000
174.65686
174.98734
175.01302
175.10962
175.11430
175.50682
175.59004
175.64002
175.64752
175.66702
175.74016
175.77640
176.12110
176.14012
176.61436
176.79016
176.79322
176.82352
177.07048
177.07648
177.12646
177.16738
177.17374
177.25702
177.28288
177.42352
177.42652
177.48124
177.50050
177.64720
177.79024
177.89056
177.97630
178.05706
178.25704
178.34044
178.34326
178.44040
178.47166
178.58398
178.59016
178.61008
178.64044
178.72390
178.78294
178.79026
178.87660
179.02666
179.08576
179.09026
179.25676
179.28304
179.30698
179.60992
179.62384
179.86006
179.89036
180.00730
180.15700
180.19798
180.43306
180.64354
180.94060
181.04800
181.24054
181.26760
181.32388
181.86916
181.87402
181.90732
182.09080
182.27392
182.41768
182.47408
182.54356
182.60722
182.75722
183.00736
183.09358
183.10738
183.14086
183.15718
183.39064
183.39352
183.44818
183.84082
184.14076
184.52422
184.69828
184.85740
185.07418
185.10106
185.35762
185.67412
185.70754
185.73160
185.75764
185.85748
185.89354
186.02398
186.09064
186.35752
186.66502
186.75100
186.89056
186.91504
186.93712
186.95782
187.02412
187.38172
187.49362
187.50106
187.65760
187.75726
187.87444
187.94080
187.98178
188.00764
188.01028
188.34844
188.37448
188.50768
188.52394
188.92426
188.97430
188.98444
189.12406
189.15766
189.20734
189.21448
189.22426
189.23170
189.23434
189.87418
189.96052
189.97438
189.98794
190.15768
190.37722
190.41508
190.73038
190.82434
190.88452
190.89094
191.29768
191.36038
191.39104
191.95732
192.27436
192.34846
192.44092
192.60742
192.88486
193.00756
193.08178
193.14106
193.29418
193.30114
193.62448
193.74106
194.02438
194.61502
194.68474
194.85778
195.00454
195.32446
195.47446
195.50782
195.55762
195.57718
195.72418
195.92458
195.92722
196.25770
196.28464
196.32724
196.46068
196.47088
196.52152
196.62430
196.67698
196.70794
197.13820
197.50762
197.53474
197.91790
197.96056
198.14134
198.32170
198.91252
198.94402
199.09126
199.10152
199.39774
199.42738
199.43206
199.44142
199.46806
199.47448
199.57426
199.60804
199.61530
199.62766
199.68490
199.71076
199.73470
199.84084
199.89124
200.02150
200.10148
200.23186
200.25742
200.40802
200.41072
200.51074
200.62444
200.90800
200.94100
201.02452
201.06532
201.15772
201.20782
201.34138
201.37720
201.38194
201.59110
201.64120
201.76546
201.76738
201.79096
201.81076
201.86818
201.89392
201.95794
202.14124
202.19116
202.24108
202.26820
202.29136
202.42474
202.60786
202.70800
202.99120
203.00812
203.05180
203.35156
203.35804
203.54164
203.55502
203.56090
203.64118
203.71456
203.80810
203.83198
203.95816
204.05170
204.12478
204.30820
204.32500
204.54160
204.79888
204.97450
205.00804
205.02748
205.04896
205.22482
205.33228
205.39144
205.56298
205.56736
205.60078
205.72486
206.39464
206.56090
206.69902
206.84164
207.67498
207.77512
207.82792
207.89926
207.92506
208.00372
208.00828
208.06582
208.29160
208.29442
208.34188
208.37512
208.50862
208.90828
208.95208
209.04154
209.25832
209.31874
209.35858
209.52796
209.65852
209.69182
209.80852
209.86120
209.98564
209.99182
210.16150
210.24196
210.29200
210.64462
210.68584
210.69454
210.77806
210.96136
210.98284
211.18924
211.27552
211.35850
211.37062
211.38196
211.39204
211.60858
211.66150
211.67542
211.67812
211.82536
211.88602
211.90882
211.94206
212.11618
212.37550
212.54212
212.61148
212.62534
212.69956
213.08584
213.24220
213.45910
213.60874
213.65872
213.92542
214.12570
214.44202
214.49230
214.52560
214.52848
214.56910
214.67242
214.67536
214.72570
214.75888
215.19214
215.37832
215.64232
215.74228
215.90908
216.01162
216.01630
216.09238
216.12544
216.21172
216.40894
216.46912
216.49240
216.50878
216.74212
216.85876
217.15618
217.18300
217.24222
217.34506
217.35424
217.35886
217.36906
217.40914
217.41358
217.67980
217.99210
218.02534
218.05246
218.06320
218.46934
218.59960
218.64502
218.66176
218.67562
219.24226
219.41626
219.50890
219.59230
219.66922
219.79222
220.08460
220.15888
220.27222
220.39228
220.40890
220.65910
220.72822
220.73572
220.81642
220.97530
221.31172
221.32828
221.42560
221.48476
221.50864
221.58220
221.60242
221.60602
221.69224
221.77816
221.79520
221.89954
221.97550
222.21616
222.33448
222.40252
222.41614
222.45892
222.54208
222.56596
222.67852
222.74944
223.11916
223.39204
223.43974
223.71598
223.97170
224.10226
224.40214
224.49838
224.50858
224.57842
224.81602
224.95222
225.01900
225.24496
225.26614
225.78568
226.01608
226.14502
226.16638
226.17868
226.21900
226.43266
226.62262
226.76884
226.87852
226.89208
227.10226
227.13280
227.17540
227.36602
227.47846
227.49172
227.71888
227.88574
227.95894
228.01174
228.19492
228.57850
228.59938
228.69202
228.69940
228.76180
229.03450
229.23562
229.35238
229.39192
229.41604
229.61788
229.62544
229.89940
229.94212
229.97548
230.28268
230.34208
230.42548
230.54488
230.76592
230.82538
230.87830
231.17530
231.31156
231.31888
231.39178
231.45880
231.95248
232.03564
232.06180
232.09198
232.13890
232.21906
232.24498
232.31614
232.38040
232.38238
232.50838
232.51174
232.55872
232.69198
233.09224
233.19208
233.25232
233.38282
233.52508
233.56150
233.62558
233.72404
233.80858
233.89498
234.00868
234.11620
234.15880
234.27802
234.30862
234.50872
234.57544
234.61606
234.74494
234.82072
235.13470
235.19938
235.37824
235.49506
235.50856
235.51582
235.55836
235.59484
235.73272
235.74478
236.09494
236.12542
236.20864
236.29480
236.32552
236.49184
236.57524
236.67514
236.80210
236.92504
237.19186
237.27814
237.56146
237.62512
237.72544
237.77806
237.82528
237.86140
238.09198
238.10866
238.12810
238.20862
238.27528
238.55854
238.80856
238.97500
239.38252
239.40622
239.42488
239.46124
239.66122
239.74456
239.92534
239.99914
240.32488
240.41578
240.59170
240.79810
240.82498
240.89188
241.44160
241.44466
241.60198
241.70800
241.88212
242.02486
242.25178
242.50828
242.54902
242.59150
242.64472
242.70190
242.74174
242.79460
242.80810
242.81578
242.84164
242.85838
242.96860
243.05848
243.12496
243.14902
243.70810
243.86842
243.90184
244.06564
244.19140
244.26094
244.34146
244.39144
244.41544
244.57750
244.75174
244.82476
244.92484
244.96102
245.02768
245.08138
245.08516
245.09152
245.10820
245.31544
245.31838
245.40508
245.49892
245.51842
245.53414
245.54896
245.55820
245.56840
245.70802
245.80810
245.99128
246.01840
246.10792
246.17470
246.19426
246.20800
246.23182
246.39118
246.40792
246.50818
246.59116
246.82156
247.09864
247.10554
247.19146
247.19860
247.20778
247.25788
247.34134
247.45798
247.74148
247.75792
247.83826
247.89868
247.92460
248.02462
248.14132
248.28196
248.51536
248.53384
248.57458
248.62462
249.11092
249.20818
249.22456
249.27448
249.28474
249.33832
249.42466
249.75814
249.82486
250.09126
250.09864
250.16068
250.16836
250.22464
250.25800
250.41076
250.79122
250.84114
250.87468
250.93222
251.37478
251.42482
251.72440
251.87752
251.91532
251.97454
251.99872
252.08818
252.34108
252.55168
252.57436
252.59416
252.79114
252.94120
252.95794
253.09414
253.32442
253.35076
254.01076
254.05162
254.07472
254.46094
254.50066
254.54428
254.54800
254.58502
254.69134
254.75812
254.93884
255.19450
255.22474
255.24118
255.31468
255.49156
255.50806
255.56110
255.71104
255.75136
255.75340
255.78898
255.79396
255.95068
256.25818
256.36096
256.79140
256.80820
256.96114
257.02492
257.04148
257.22778
257.44186
257.44438
257.75854
257.88868
258.24916
258.25834
258.29164
258.37498
258.47782
258.95866
259.11598
259.25224
259.49170
259.61782
259.75852
259.79176
260.14210
260.20222
260.55850
260.59216
260.84494
260.85874
260.89342
260.89510
260.92534
261.39214
261.44956
261.54214
261.62542
261.85888
261.93586
261.94198
261.99202
262.32532
262.35856
263.10892
263.16628
263.29504
263.34628
263.36920
263.38936
263.47858
263.77540
263.84200
263.95582
263.97544
264.05884
264.08578
264.22552
264.30898
264.31642
264.42550
264.57556
264.57862
264.70900
264.84232
264.88492
264.90892
264.91180
264.97570
265.02280
265.06822
265.24264
265.45924
265.54246
265.79974
265.87576
266.15926
266.20912
266.54242
266.60272
266.72266
266.84260
266.98606
267.17566
267.59242
267.77578
267.80278
267.99544
268.00906
268.09264
268.22116
268.26658
268.27870
268.30930
268.57594
268.77598
268.85638
269.12584
269.14534
269.19250
269.20900
269.36050
269.42584
269.45914
269.64274
269.66956
270.21844
270.49282
270.55930
270.60946
270.65914
270.92590
270.96208
271.00006
271.32904
271.76218
272.44990
272.72884
272.90926
273.01678
273.03622
273.07588
273.50302
273.51352
273.60934
273.62590
273.65284
273.74962
273.79534
273.80932
273.84292
274.02292
274.02586
274.04272
274.12624
274.45486
274.48318
274.50196
274.67596
274.71226
274.80622
274.83334
274.85944
274.95928
275.13640
275.25010
275.32618
275.40934
275.46208
275.48320
275.59246
275.62882
275.87602
276.01864
276.26206
276.44272
276.52900
276.55930
276.69286
276.75016
276.75622
276.77878
276.79288
276.89554
276.90952
276.97618
277.05928
277.07890
277.29250
277.32892
277.42882
277.46212
277.47862
277.54270
277.67596
277.69288
277.70008
277.75312
278.00026
278.38366
278.53966
278.84542
278.94280
278.97598
279.09268
279.25930
279.34948
280.04290
280.21228
280.36690
280.41622
280.41994
280.42630
280.59244
280.69558
280.74286
280.76680
280.79260
280.82608
280.84564
281.21686
281.83348
281.89276
281.90950
282.11998
282.28630
282.30292
282.45022
282.50956
282.67594
282.80008
282.81232
283.07626
283.38634
283.80916
283.97602
283.98640
284.07610
284.17588
284.46226
284.49574
284.58658
284.74570
284.76244
284.87896
284.97598
284.99278
285.02602
285.04294
285.05950
285.24568
285.35974
285.36976
285.39268
285.42586
285.45952
285.52618
285.97630
286.00312
286.01236
286.05958
286.13974
286.19572
286.24270
286.29304
286.39294
286.40350
286.40932
286.54576
286.59592
286.62910
286.73542
286.92610
287.48368
287.52598
287.57596
287.85934
287.95204
288.02614
288.41992
288.44284
288.49564
289.23640
289.32604
289.39264
289.56880
289.57606
289.75210
289.88638
289.92616
290.03644
290.09278
290.10502
290.15932
290.26252
290.40952
290.45962
290.51206
290.51680
290.64580
290.67898
291.20944
291.59278
291.64264
291.72622
291.74566
291.82624
291.97906
291.99268
292.04566
292.16968
292.17892
292.27612
292.32904
292.47904
292.52902
292.60936
292.70950
292.72606
292.73656
292.84282
292.87630
292.95304
293.24296
293.29258
293.37640
293.48608
293.48812
293.50000
293.50492
293.50978
293.75932
293.77912
293.80924
293.85958
293.90944
293.94268
294.23386
294.34288
294.51232
294.72574
294.85924
294.94270
294.96238
295.11694
295.20940
295.29268
295.37878
295.40944
295.42900
295.49548
295.54270
295.61674
295.65022
295.69570
295.70944
295.77598
295.79578
296.13256
296.17606
296.18332
296.19250
296.67616
296.69248
296.75926
296.79256
296.83618
296.87608
296.87890
296.89678
297.00952
297.28324
297.44260
297.54256
297.56980
297.57874
297.59242
297.65932
297.70918
297.86218
297.89266
297.92608
297.93616
297.94528
298.09246
298.16956
298.22626
298.32580
298.35016
298.76830
298.80928
298.87870
298.94248
299.03620
299.08618
299.10940
299.18008
299.34286
299.34556
299.44996
299.45182
299.57578
299.60668
300.17584
300.25006
300.43606
300.50908
300.51190
300.71836
300.72592
300.97846
301.05904
301.14238
301.32562
301.34974
301.45894
301.86646
302.31622
302.65894
302.72560
302.89240
302.92564
302.95414
303.61132
303.62824
303.77530
303.87526
304.00876
304.13938
304.18930
304.31164
304.44190
304.47802
304.48276
304.57828
304.61152
304.74958
304.76512
305.00122
305.00398
305.29474
305.37814
305.75860
305.77534
305.88274
305.95126
306.00568
306.19462
306.26140
306.34486
306.39190
306.50830
306.52816
306.56572
306.59932
306.69142
306.70846
306.77494
306.99166
306.99460
307.17790
307.26118
307.34614
307.42504
307.62484
307.65838
307.71118
307.80514
307.84150
307.86130
307.94446
307.97494
308.11750
308.40172
308.41750
308.42518
308.43244
308.62498
308.64148
308.67460
308.82784
308.86114
308.94430
309.12748
309.23092
309.23854
309.32476
309.64138
309.83836
309.84418
309.87748
309.93490
309.99148
310.17478
310.31554
310.45810
310.51828
310.59424
310.62460
310.70500
310.86094
311.09854
311.12758
311.23480
311.29096
311.30152
311.51806
311.63194
311.67442
311.77456
311.81056
311.84134
312.74098
312.75814
312.90760
312.95116
312.96052
312.97426
313.02436
313.04854
313.14082
313.15768
313.27426
313.35778
313.40764
313.57708
313.67704
313.75774
313.79086
313.82434
314.02414
314.14090
314.24368
314.25772
314.44084
314.45746
314.50756
314.57410
314.67682
314.75104
314.84062
314.88412
314.91496
315.00736
315.25744
315.27400
315.74350
315.78136
315.84052
316.39804
316.58410
316.75084
316.87372
316.92394
316.96012
316.99048
316.99354
317.19016
317.20090
317.21020
317.28316
317.29036
317.40712
317.50990
317.57380
317.79028
317.84056
317.91466
317.95450
318.39706
318.72664
319.07092
319.09324
319.10998
319.20700
319.23400
319.23748
319.29046
319.34026
319.35712
319.40686
319.43392
319.45684
319.50982
319.67356
319.69318
319.70722
319.74040
320.12656
320.14030
320.20984
320.21440
320.30968
320.32354
320.34322
320.37376
320.39062
320.39314
320.44774
320.49358
320.67370
320.68090
320.69032
320.77372
320.84770
320.88742
320.99032
321.13102
321.16420
321.24034
321.34000
321.44020
321.52060
322.09030
322.37350
322.50676
322.54756
322.70374
322.82356
322.85692
322.87348
322.96126
323.12632
323.76430
323.79946
323.99002
324.26890
324.28108
324.29020
324.47632
324.57364
324.67624
324.70690
324.87652
324.95038
325.24774
325.30672
325.40674
325.49296
325.53994
325.67968
325.75972
325.79302
325.82338
325.86430
325.89028
326.03092
326.41426
326.59018
326.62654
326.64334
326.67040
326.80684
326.82352
326.90974
327.13006
327.20050
327.25048
327.27334
327.30688
327.37336
327.37642
327.42346
327.47344
327.54760
327.60682
327.65662
327.87340
328.05682
328.30672
328.45954
328.57342
329.06728
329.10958
329.12356
329.15692
329.20660
329.27338
329.42338
329.65690
329.66416
329.68090
329.77606
329.78074
330.22336
330.30682
330.32326
330.36412
330.37606
330.38374
330.40684
330.69004
330.78988
330.97324
331.00672
331.15684
331.21432
331.42348
331.45966
331.53994
331.61590
331.65970
331.67332
331.75660
331.80682
331.85662
332.03998
332.04310
332.23996
332.27620
332.29012
332.42314
332.46436
332.56414
332.59294
332.69002
332.79022
332.85670
333.25678
333.29032
333.31426
333.38074
333.50956
333.59002
333.81694
333.99304
334.06732
334.07608
334.17328
334.22350
334.43362
334.65676
334.69294
334.79008
334.81696
334.84024
334.96714
335.52334
335.57338
335.78248
335.78734
335.88364
336.30964
336.34312
336.49024
336.57346
336.64012
336.70684
336.88366
336.93268
336.97372
336.99304
337.03036
337.45960
337.49008
337.54030
337.59028
337.62316
337.68250
337.69924
337.72354
337.87360
338.04298
338.07328
338.22346
338.45662
338.47342
338.54872
338.55040
338.59000
338.59312
338.60686
338.60980
338.95672
338.99026
339.00682
339.04012
339.17614
339.45694
339.47338
339.70954
339.74968
339.76342
339.77344
339.92350
340.00690
340.10680
340.39018
340.52344
340.54030
340.62622
340.65958
340.66906
340.70044
340.74034
340.94320
341.04046
341.15692
341.22652
341.30062
341.37376
341.74012
341.75692
341.79952
341.89300
341.94052
342.05674
342.19792
342.20710
342.25990
342.31726
342.34048
342.35716
342.36448
342.45700
342.50704
342.57670
342.63394
342.66742
342.71398
342.75058
342.81454
342.87334
342.90748
343.04314
343.17658
343.19038
343.22386
343.29052
343.30984
343.35706
343.36744
343.37398
343.56346
343.57390
343.64794
343.65724
343.73122
343.90708
343.97404
344.12674
344.20702
344.22382
344.30968
344.32402
344.69068
344.77402
344.84056
344.85460
344.89354
344.92378
344.95714
344.99056
345.20740
345.24070
345.67684
345.78142
345.87400
345.89080
346.37692
346.44094
346.68430
346.72426
346.74364
346.86502
346.87738
346.88782
346.95742
347.00758
347.14390
347.15128
347.33440
347.37406
347.40760
347.62438
347.63446
347.70754
348.20764
348.25756
348.32434
348.49078
348.52420
348.90790
349.09846
349.24108
349.27438
349.34854
349.36540
349.76218
349.79878
350.02456
350.21074
350.41084
350.49136
350.51998
350.57470
350.61100
350.75800
350.81818
350.84878
350.85796
350.95792
351.07750
351.27460
351.37756
351.51844
351.62476
351.64894
351.65812
351.88654
351.90178
351.99136
352.19158
352.21858
352.24150
352.25806
352.30174
352.32490
352.42474
352.49146
352.54150
352.66096
352.67776
352.73542
352.80826
352.82482
353.24458
353.29888
353.35834
353.36866
353.42506
353.43538
353.47498
353.74168
353.80210
354.25852
354.29188
354.31138
354.45208
354.55846
354.75844
354.80842
354.95866
354.99472
355.01152
355.09198
355.10212
355.13554
355.14190
355.20862
355.29184
355.31146
355.45870
355.49944
355.52536
355.53880
355.55866
355.71148
355.77520
355.98244
356.05888
356.07562
356.36920
356.37538
356.42536
356.48284
356.64232
356.66632
356.71924
356.78476
356.79220
356.88574
356.89216
357.07834
357.18274
357.31636
357.45898
358.04236
358.45894
358.49512
358.80916
359.02858
359.10004
359.35636
359.38888
359.50618
359.52886
359.83522
359.85184
359.89264
359.94988
360.04258
360.12592
360.40282
360.64276
360.67600
360.67894
360.92620
360.93970
360.94276
361.11238
361.21966
361.55230
361.62628
361.72600
361.74580
361.77622
362.01220
362.06986
362.10958
362.22622
362.70682
362.83672
363.01270
363.05350
363.09304
363.12946
363.20998
363.58696
363.66004
363.67030
363.72658
363.77962
363.84622
363.91744
363.98704
364.10356
364.16278
364.19332
364.24336
364.27690
364.29346
364.29622
364.37662
364.41016
364.44328
364.59328
364.69618
364.72036
364.72654
364.76764
364.77958
364.78696
364.82224
364.87690
364.94350
365.05720
365.06032
365.07382
365.17696
365.17966
365.21026
365.29648
365.32678
365.56786
365.59366
365.90734
366.03448
366.11314
366.16036
366.21322
366.37696
366.41344
366.49102
366.64660
366.89356
366.94384
366.96028
366.96322
366.99376
367.63474
367.67728
367.72720
367.76068
367.79692
367.82722
367.84396
367.98772
368.09422
368.15332
368.23030
368.34676
368.39686
368.54692
368.61082
368.72728
368.78050
368.83042
369.23050
369.36094
369.39442
369.44428
369.56110
369.69460
369.77758
369.96406
370.12768
370.29736
370.39132
370.69744
370.71106
370.73062
370.79470
370.84450
371.11138
371.31412
371.60758
371.92060
371.96152
372.19474
372.27778
372.29470
372.34492
372.64486
372.73576
373.04500
373.15528
373.47850
373.49830
373.51144
373.57222
373.59946
373.61470
373.62220
373.71202
373.86934
373.97074
374.06164
374.22208
374.46178
374.66932
374.71180
375.02872
375.21190
375.27844
375.38146
375.52852
375.72634
376.01488
376.07890
377.11240
377.27902
377.76520
378.77296
379.39894
379.79884
379.92268
381.05134
381.09640
381.34600
381.62032
382.12576
382.72348
383.09368
383.48290
383.92990
384.09676
384.77080
384.89662
385.17394
385.29700
385.34068
385.35412
385.38016
385.51378
385.70746
385.86634
385.89976
385.98040
385.99672
386.03020
386.24686
386.39698
386.96656
387.41392
387.74722
388.17148
388.19446
388.26412
388.29736
388.35766
388.36408
388.39732
388.59730
388.76416
388.81414
389.02438
389.08354
389.46430
390.04762
390.17086
390.56458
390.58132
390.73138
390.86452
390.93106
391.16170
391.33420
391.33882
391.34812
391.46470
391.53148
391.58146
391.68424
391.73140
392.61778
392.63890
392.79832
392.83180
393.11512
393.14842
393.19216
393.27538
393.43924
393.46792
393.62548
393.89854
393.93202
393.94096
394.09822
394.14850
394.18192
394.22566
394.27564
394.33204
394.41526
394.97566
394.97896
394.99234
394.99846
395.00386
395.01988
395.03200
395.07568
395.09230
395.11534
395.46172
395.87578
396.01552
396.04882
396.08230
396.11548
396.20644
396.25186
396.38242
396.39886
396.46858
396.49906
396.51574
396.56578
396.57580
396.76840
396.99916
397.08250
397.10668
397.14898
397.18258
397.28992
397.34932
397.36582
397.37608
397.38520
397.51564
397.54270
397.67530
397.73284
397.74940
397.88254
397.90678
397.99912
398.09026
398.10220
398.21596
398.28280
398.31580
398.34934
398.61604
398.79028
398.81902
398.91586
398.96620
399.06646
399.11884
399.23284
399.43258
399.49942
399.54034
399.56164
399.59944
400.16644
400.18312
400.24312
400.41172
400.69048
400.83598
401.02672
401.03314
401.13328
401.13598
401.14060
401.19526
401.26654
401.37400
401.43316
401.81680
402.03340
402.15010
402.37426
402.39670
402.43336
402.48634
402.61966
402.65014
402.70030
402.78640
402.94384
403.26694
403.36972
403.44382
403.88080
403.98364
403.99300
404.21716
404.24116
404.25052
404.36704
404.38678
404.41732
404.43676
404.64298
404.65048
404.76712
405.10060
405.15340
405.20074
405.57034
405.66766
405.70366
405.71716
405.83386
405.92020
405.97498
405.98704
406.10062
406.16746
406.28422
406.33678
406.37410
406.40110
406.42042
406.65838
406.82956
406.86772
406.97794
407.03446
407.09800
407.11126
407.14360
407.20354
407.25844
407.28454
407.51770
407.73448
407.77378
407.80864
407.95120
407.98426
408.10396
408.11050
408.16144
408.35110
408.58444
408.60850
408.75124
408.81142
408.81784
408.98170
409.09102
409.12060
409.12420
409.18456
409.35142
409.38472
409.40158
409.40776
409.56148
409.68730
409.98454
410.05132
410.08756
410.21830
410.24500
410.26480
410.33458
410.37070
410.38480
410.71798
410.81818
410.88484
410.90440
411.16822
411.45136
411.55156
411.80158
411.82858
411.83770
411.89212
412.05892
412.08478
412.15432
412.26184
412.28476
412.31836
412.56826
412.61830
412.62094
412.68772
412.76824
413.01820
413.02852
413.23492
413.25460
413.48788
413.51824
413.58496
413.68786
413.72140
413.81806
413.90152
413.98510
414.16552
414.22588
414.24436
414.32572
414.37870
414.43516
414.57106
414.70582
414.81820
415.00198
415.03756
415.43500
415.45918
415.51840
415.55182
415.85452
415.87576
416.28502
416.30470
416.38504
416.39248
416.78482
416.83522
416.94868
417.05182
417.10168
417.12874
417.21814
417.37588
417.38500
417.51814
417.52516
417.76840
418.00450
418.16848
418.41196
418.45912
418.75156
418.90162
418.96834
419.14426
419.28520
419.33500
419.40160
419.63500
419.73802
419.93482
420.02860
420.05164
420.55150
420.68500
420.78514
420.90160
421.07578
421.12132
421.12558
421.16812
421.20142
421.21828
421.75174
421.76818
421.88488
421.90156
421.93480
421.95166
421.97746
422.18482
422.22478
422.22838
422.25142
422.31820
422.33770
422.50426
422.56822
422.67850
422.96806
423.02098
423.03466
423.30886
423.35140
423.59224
423.76798
423.88480
424.03774
424.16806
424.26808
424.35160
424.36810
424.43470
424.61800
424.67548
424.90126
425.00146
425.23486
425.35420
425.66182
425.83432
425.88754
426.03754
426.13456
426.16792
426.35152
426.51778
426.57220
427.06780
427.35124
427.76788
427.91806
427.93474
428.07070
428.08156
428.13442
428.20432
428.24656
428.53144
428.65396
428.78446
428.78734
428.79472
428.83732
428.90410
429.00100
429.12520
429.25108
429.45088
429.49468
429.52060
429.85096
429.93436
430.01782
430.21774
430.43446
430.56772
430.68430
430.69636
430.72522
430.80376
430.99180
431.50810
431.51122
431.69152
431.73442
431.86762
432.01750
432.07402
432.07774
432.09346
432.17050
432.17950
432.55822
432.60076
432.70378
432.79456
432.83680
432.94084
433.03174
433.06090
433.22488
433.45084
433.49764
433.55368
433.68706
433.71724
433.73098
433.85086
433.85338
433.89778
434.06740
434.35798
434.38396
434.46718
434.60362
434.82004
434.86750
434.96482
435.08686
435.51700
435.64420
435.65038
435.73666
436.00018
436.03378
436.25338
436.28686
436.30054
436.50040
436.51696
436.75330
436.92736
437.06692
437.11348
437.12740
437.20030
437.33662
437.36428
437.43364
437.44108
437.50048
437.55040
437.60044
437.65318
437.70790
437.90056
437.90332
437.91712
438.00034
438.02728
438.08668
438.23368
438.30760
438.50062
438.67456
438.78346
438.83386
438.85738
438.86392
438.91996
439.08670
439.13092
439.20046
439.23370
439.33096
439.42426
439.57444
439.61722
439.80052
440.11714
440.40340
440.66980
440.75944
441.00766
441.04996
441.08644
441.21706
441.33346
441.33634
441.50758
441.56710
441.58354
441.73654
441.74080
441.86206
441.88372
441.91966
442.06690
442.09390
442.15036
442.21678
442.35010
442.43350
442.43674
442.50046
442.52368
442.73650
442.75030
442.86964
442.90006
442.91968
443.03644
443.28358
443.35048
443.39122
443.79118
444.01228
444.03658
444.15022
444.15322
444.18652
444.20014
444.21976
444.38350
444.40036
444.46714
444.51994
444.55024
444.58372
444.61690
444.75772
445.15060
445.18372
445.50046
445.63360
445.83634
445.90780
445.96990
446.14102
446.18662
446.21686
446.30326
446.36062
446.36710
446.60308
446.66698
446.72458
446.73352
447.05050
447.06700
447.43366
447.68368
447.78370
447.88366
447.90022
448.19086
448.50778
448.57732
448.63384
448.66714
448.74394
448.98670
449.01694
449.46700
449.48656
449.50786
449.53354
449.63392
449.70034
449.80054
450.20044
450.26734
450.40054
450.66736
450.73372
450.76996
450.78664
451.02166
451.35046
451.35328
451.38070
451.43386
451.83676
451.88674
451.92448
451.99306
452.01724
452.07016
452.21422
452.58670
452.68144
452.78386
452.79100
452.85028
452.90062
453.08374
453.40342
453.41746
453.44770
453.58060
453.76984
454.00072
454.01716
454.02472
454.06714
454.13404
454.15036
454.16998
454.22752
454.33384
454.38412
454.48408
454.55356
454.57756
454.58374
454.64416
454.75042
454.89430
454.91098
454.94428
454.96738
455.00818
455.10052
455.16100
455.19148
455.24134
455.36746
455.41102
455.41738
455.50042
455.53684
455.56744
455.75050
455.78842
455.85052
455.92762
456.06742
456.23416
456.38404
456.54442
456.71008
457.00066
457.02760
457.15072
457.23400
457.26742
457.38406
457.50064
457.80082
457.81756
457.95094
457.95376
458.08408
458.11480
458.13718
458.14078
458.27056
458.48422
458.53414
458.86756
458.93410
458.98714
459.05368
459.07774
459.21004
459.21760
459.25102
459.30088
459.35380
459.38404
459.41752
459.65092
459.67036
459.72046
459.73720
459.77050
460.16746
460.21714
460.26484
460.47670
460.51750
460.56730
460.57048
460.70374
460.75108
460.89154
460.95106
461.06770
461.61754
461.71762
461.77804
461.84176
461.92516
462.06784
462.16768
462.25102
462.31756
462.38440
462.47056
462.58138
462.58744
462.61750
462.82060
462.90382
463.03426
463.05388
463.06780
463.26142
463.26496
463.30096
463.33420
463.60108
463.65400
463.88152
463.88752
463.97974
464.12518
464.23462
464.32060
464.40412
464.41774
464.43730
464.47060
464.61772
464.82790
464.90752
464.98426
465.18454
465.18730
465.45412
465.73474
465.75124
465.80110
465.89836
466.23430
466.43452
466.47076
466.51168
466.65142
466.66756
466.91776
466.95136
467.01802
467.04220
467.20114
467.23450
467.26768
467.53474
467.60398
467.69476
467.72824
468.01798
468.05140
468.08476
468.33766
468.40126
468.43738
468.66796
468.78472
468.96784
468.97090
469.06810
469.32076
469.34218
469.34662
469.38466
469.56796
469.62088
469.84198
469.95136
470.03458
470.13466
470.15806
470.16814
470.23174
470.75152
470.85424
470.86810
471.33484
471.50776
471.55444
471.58456
471.66184
471.68482
471.77560
471.81826
471.88450
472.00138
472.38496
472.46830
472.63762
472.73470
472.78480
472.95172
473.27740
473.31820
473.45158
473.70154
473.89510
473.90434
474.09850
474.25900
474.26812
474.32116
474.44248
474.45424
474.60148
474.63778
474.65128
474.66088
474.75124
474.92746
474.95158
475.02832
475.03768
475.17502
475.17856
475.24234
475.30168
475.36834
475.51828
475.78024
475.87096
475.90156
475.92826
475.97548
476.30146
476.62564
476.74402
476.80444
476.81836
476.82850
476.97112
477.07858
477.27574
477.61846
477.65164
477.67120
477.72106
478.03522
478.37254
478.46842
478.53496
478.57114
478.61842
478.65166
478.68748
478.69150
478.90162
478.96834
479.25160
479.31826
479.37112
479.38468
479.47858
479.52118
479.55454
479.58508
479.59522
479.88472
480.02860
480.05902
480.17554
480.30148
480.41830
480.59230
480.61804
480.66814
480.71836
480.91798
481.08508
481.09210
481.10152
481.50160
481.53490
482.04232
482.20906
482.27854
482.32102
482.33776
482.45146
482.52106
482.56822
482.63506
482.65156
482.73766
482.93482
483.03760
483.25156
483.27568
483.33478
483.37108
483.44518
483.46828
483.62110
483.86788
483.90130
483.95452
484.06822
484.13782
484.18486
484.29220
484.33510
484.42096
484.53772
485.06812
485.10904
485.20150
485.43772
485.72476
485.72842
485.80426
485.93464
485.95138
485.98468
486.06802
486.08476
486.15886
486.20806
486.27820
486.32566
486.46834
486.47098
486.47830
486.54226
486.72844
486.76354
486.83440
486.95434
487.02844
487.04848
487.13152
487.19482
487.20892
487.40428
487.49896
487.51450
487.70134
487.77832
487.83472
487.91800
488.12536
488.41792
488.45134
488.51806
488.61820
488.63464
488.75146
488.77102
488.77540
488.81806
488.93452
488.98468
489.02542
489.20158
489.25450
489.28738
489.40408
489.41800
489.43456
489.51796
489.63484
489.82546
489.90400
489.91060
490.47808
490.56802
490.61806
490.64224
490.78450
490.98460
491.00098
491.14498
491.26786
491.27548
491.36794
491.49514
491.51326
491.56156
491.57056
491.62534
491.75866
491.93476
491.94148
492.08434
492.20110
492.30142
492.36796
492.43456
492.46156
492.59206
492.76144
492.76786
492.81802
492.94204
493.16800
493.18474
493.20106
493.27054
493.42066
493.43458
493.56778
493.76140
493.93444
494.03434
494.04478
494.07514
494.17066
494.20120
494.23444
494.27038
494.28736
494.36770
494.46784
494.47522
494.50120
494.53468
494.63434
494.87776
495.01756
495.13438
495.26782
495.37078
495.37984
495.38830
495.71776
495.90118
496.21468
496.31752
496.39192
496.42798
496.46752
496.53712
496.56136
496.60834
496.65394
496.68718
496.71754
496.72048
496.83730
496.89082
496.96756
497.15830
497.16772
497.30368
497.33692
497.40070
497.45356
497.53702
497.56768
497.58730
497.63410
497.71756
497.73430
497.88112
498.00826
498.15094
498.15982
498.16756
498.28426
498.40072
498.62500
498.63418
498.65374
498.77038
498.93418
499.03408
499.11112
499.25074
499.43398
499.46740
499.58410
499.74442
499.76734
499.80358
499.82020
499.83418
499.90072
499.93396
500.06734
500.17012
500.23396
500.25082
500.32462
500.35336
500.37772
500.56726
500.75056
500.80984
500.81698
500.85040
500.88682
501.38374
501.40336
501.41704
501.50032
501.52132
501.56722
501.61732
501.63376
501.66694
501.67654
501.70030
501.75052
501.81712
501.85054
502.22470
502.73668
502.76668
502.83658
502.96702
503.00032
503.10046
503.31712
503.36698
503.39386
503.61982
503.99998
504.02626
504.20014
504.43372
504.43654
504.53332
504.58066
504.66676
504.99988
505.06954
505.16668
505.19992
505.41682
505.50010
505.54372
505.63318
505.64086
505.73632
505.93330
505.98346
506.03332
506.16658
506.26666
506.28328
506.37712
506.38330
506.49982
506.56660
506.69998
506.81644
507.04972
507.10264
507.25726
507.31612
507.36910
507.48616
507.49360
507.51304
507.56002
507.64240
507.65002
507.68578
507.70636
507.73288
507.77386
507.79054
507.81346
507.85960
507.88342
507.94048
507.96622
507.99994
508.05988
508.10248
508.17376
508.34962
508.53568
508.58302
508.58578
508.62670
508.63276
508.77658
508.85254
508.94926
508.98592
509.08276
509.23582
509.25700
509.28268
509.50234
509.61598
509.63566
509.68570
509.76610
509.79958
509.91622
510.09946
510.13270
510.23278
510.41884
510.54928
510.69940
510.90190
511.24924
511.26874
511.41610
511.46872
511.64626
511.91560
511.94932
512.14672
512.17600
512.23246
512.85628
512.85922
512.88244
513.01276
513.01546
513.01864
513.03220
513.10162
513.25642
513.45154
513.50638
513.56536
514.01542
514.09864
514.20172
514.44856
514.53178
514.59400
514.78192
514.93192
514.96528
515.01802
515.11528
515.11822
515.21242
515.26762
515.40136
515.49094
515.73172
515.81788
515.94856
516.09844
516.12226
516.13150
516.31498
516.39820
516.44836
516.51502
516.53140
516.58894
516.67504
516.70096
516.86482
516.88150
516.96490
516.96778
516.98104
517.03438
517.04806
517.08130
517.15114
517.34800
517.56454
517.58434
517.74802
517.88128
517.93114
518.04790
518.05402
518.08876
518.23864
518.25802
518.47378
518.48116
518.53102
518.58124
518.59780
518.63128
518.75050
518.82370
518.94778
519.09778
519.14764
519.16726
519.19738
519.23392
519.33844
519.36418
519.39022
519.51694
519.53110
519.64774
519.67468
519.70966
519.84118
519.90034
519.92176
520.12162
520.18366
520.30774
520.32166
520.33816
520.34728
520.38082
520.48078
520.55686
520.79740
521.07142
521.07466
521.08042
521.09722
521.23042
521.25466
521.27134
521.28058
521.35012
521.38036
521.44732
521.61400
521.77408
521.79730
522.10744
522.26644
522.38032
522.63046
522.74974
522.79726
522.99694
523.10452
523.21348
523.49662
523.51366
523.63012
523.65610
523.86340
524.03002
524.19664
524.25682
524.34676
524.38300
524.86312
524.99644
525.02344
525.12328
525.13264
525.17986
525.21292
525.34648
525.44008
525.52948
525.61606
525.62974
525.71308
525.86296
525.92050
526.00378
526.03702
526.24648
526.44628
526.64914
526.69900
526.76296
526.79902
526.82032
526.84612
526.88248
526.94632
526.98226
526.99906
527.12944
527.13232
527.16604
527.19628
527.40358
527.46274
527.46556
527.49904
527.97922
528.03958
528.16264
528.32308
528.37936
528.50326
528.56260
528.61528
528.81262
528.94612
528.96250
529.01542
529.31224
529.33660
529.34584
529.53934
529.59568
529.73164
529.76212
529.89574
529.94542
530.08174
530.24842
530.27890
530.49550
530.49844
530.56180
530.62894
531.07876
531.09532
531.17872
531.21208
531.38152
531.39502
531.41176
531.43876
531.49804
531.56470
531.59518
531.60880
531.61606
531.62860
531.94510
532.02838
532.15522
532.27840
532.42822
532.53112
532.69504
532.77202
532.80232
532.88848
532.94500
533.04790
533.10220
533.15692
533.34490
533.36884
533.43094
533.56894
533.59768
533.71426
533.88076
533.90494
533.94478
533.99458
534.04762
534.49468
534.65212
534.74446
535.02490
535.08796
535.16134
535.29436
535.36378
535.37140
535.40188
535.62760
535.76098
535.79410
535.83052
535.84414
536.11078
536.14420
536.18026
536.32732
536.33050
536.59150
536.64412
536.73490
536.74690
536.76070
536.78032
536.85148
536.92744
537.06334
537.21064
537.27718
537.61348
537.63364
537.63730
537.66790
537.79390
537.80410
537.91330
537.92692
537.99664
538.06324
538.14652
538.26784
538.39642
538.49356
538.55284
538.56790
538.57714
538.62082
538.62670
538.63720
539.34640
539.49628
539.65366
539.76286
539.91274
539.99614
540.00358
540.05092
540.11284
540.18616
540.27676
540.27958
540.29326
540.37672
540.40996
540.41284
540.50344
540.75364
540.89326
540.89608
540.92680
540.94618
541.04314
541.09324
541.15654
541.20340
541.20982
541.55290
541.60336
541.60984
541.69024
541.85974
541.90708
542.00968
542.02648
542.04310
542.09314
542.14294
542.44282
542.49310
542.93812
542.96248
542.97904
543.10948
543.14560
543.22912
543.37906
543.38296
543.44566
543.46240
543.53590
543.56242
543.71866
543.99280
544.13638
544.22608
544.25014
544.60894
544.71226
545.11210
545.12872
545.31670
545.32852
546.43630
546.59206
546.90238
546.90898
547.49224
547.58296
547.74226
547.75252
547.84522
547.89250
548.05894
548.54506
548.62840
548.82556
549.12538
549.23278
549.25882
549.32554
549.36166
549.39202
549.42526
549.99178
550.09204
550.21906
550.47796
550.52536
550.55884
550.57534
550.76470
550.80862
550.87534
550.87792
551.22514
551.27500
551.31904
551.36602
551.40226
551.43166
551.59180
551.62798
551.64190
551.71144
551.72776
551.82070
551.82490
551.84188
552.05860
552.07522
552.15868
552.18550
552.19174
552.20848
552.24154
552.30850
552.50842
552.53542
552.66604
552.75208
552.75838
552.77812
552.89476
552.98254
553.04176
553.12810
553.20202
553.34188
553.35376
553.37518
553.38898
553.46122
553.62514
553.65850
553.69174
554.04136
554.65822
554.79160
554.80816
554.82772
554.86870
555.01096
555.05830
555.20824
555.31834
555.35176
555.37774
555.67768
555.77494
555.90820
556.00816
556.02778
556.11118
556.17496
556.34440
556.39144
556.53190
556.62496
556.71556
556.79140
556.88224
556.90192
556.94158
556.95838
556.97500
556.99144
557.18500
557.19436
557.24140
557.42488
557.69140
557.72770
557.76850
557.81854
558.00814
558.11110
558.12460
558.14446
558.15820
558.24124
558.33856
558.42760
558.49444
558.62470
558.64144
558.69142
558.82468
558.89140
558.94156
559.00798
559.04152
559.11568
559.26100
559.31218
559.37476
559.42468
559.42750
559.50802
559.54150
559.64140
559.90798
559.91752
559.93510
560.02480
560.04880
560.22484
560.45830
560.49436
560.54152
560.61118
560.79142
560.80822
560.90806
561.00460
561.10822
561.64882
561.70342
561.80176
561.83410
561.84160
561.94162
562.05172
562.09876
562.15828
562.20802
562.24144
562.30816
562.37758
562.39798
562.46092
562.46824
562.52782
562.54414
562.59154
562.62484
562.78690
562.89166
562.97464
563.03200
563.04190
563.05090
563.05834
563.14888
563.15818
563.20816
563.26114
563.30200
563.39176
563.40808
563.42494
563.77504
563.83504
563.84140
563.87494
563.90818
563.94166
563.96116
564.08218
564.14170
564.15832
564.35566
564.49162
564.49456
564.56122
565.04152
565.10818
565.11112
565.27492
565.31866
565.69444
565.82512
566.05822
566.07784
566.17522
566.24152
566.30836
566.57500
566.65828
566.67766
566.77516
566.80846
566.84158
567.04186
567.19180
567.32506
567.35194
567.35842
567.38554
567.43264
567.43522
567.50836
567.86602
567.91504
567.93256
568.02166
568.15852
568.33246
568.38274
568.49470
568.69162
568.72216
568.73518
568.82518
568.97548
569.11594
569.23894
569.34178
569.52532
569.52814
569.72500
569.74198
569.77510
570.04924
570.16906
570.48550
570.82528
570.99460
571.02820
571.39216
571.52548
571.57552
571.57816
571.59484
571.77550
571.95130
571.97536
571.99486
572.59198
572.61904
572.77804
572.94208
572.96614
572.98726
572.99200
573.05884
573.08152
573.12562
573.13876
573.17554
573.30868
573.31156
573.39202
573.47812
573.48568
573.52552
573.75892
573.89206
573.92548
573.95248
573.99496
574.03840
574.05868
574.19206
574.25866
574.29214
574.32544
574.42852
574.50874
574.51552
574.54474
574.72540
574.77562
574.90870
574.99240
575.11186
575.12566
575.16640
575.21164
575.34238
575.42524
575.50870
575.55250
575.60242
575.74252
575.76640
575.82850
576.02572
576.09250
576.09496
576.14890
576.46906
576.68596
576.90904
576.97576
577.00906
577.04236
577.04992
577.12582
577.24252
577.25914
577.55920
577.76938
577.77298
578.02600
578.14534
578.32870
578.37574
578.39236
578.52598
578.77576
579.16846
579.22870
579.40924
579.84268
579.97882
579.98644
580.02586
580.07872
580.24288
580.29274
580.62868
580.67626
580.95952
581.14288
581.15026
581.22886
581.41222
581.42626
581.46694
581.52610
581.55040
581.75014
581.76970
581.87638
581.95042
581.95942
582.10210
582.14596
582.16222
582.27904
582.34564
582.39292
582.39586
582.40324
582.40930
582.47626
582.48658
582.49294
582.70048
582.74278
582.82636
582.89578
583.32916
583.33636
583.35682
583.37608
583.40692
583.49290
583.49566
583.57636
583.62886
583.64566
583.76980
583.86256
583.88668
583.89574
583.90024
583.95310
583.99300
584.04286
584.06872
584.10040
584.17012
584.21224
584.25970
584.52628
584.52916
584.58364
584.62624
584.65966
584.71870
584.72908
585.14278
585.30964
585.42610
585.47278
585.55030
585.67594
585.68536
585.77614
585.86248
585.90940
585.94276
585.98656
586.26706
586.35934
586.59574
586.79572
586.82614
586.94554
587.05954
587.07904
587.09554
587.11696
587.16244
587.25946
587.30968
587.34994
587.52610
587.53282
587.74288
587.75956
587.86240
587.87914
588.02590
588.14266
588.22624
588.27898
588.28648
588.36856
588.99286
589.29280
589.30030
589.40950
589.41226
589.50946
589.55944
589.74292
589.84270
589.97248
589.97590
589.97896
589.98832
590.13352
590.19244
590.22868
590.32606
590.82886
590.84278
590.87632
591.21226
591.23614
591.36226
591.38350
591.47308
591.56212
591.64270
591.76960
591.97990
592.01194
592.09288
592.14268
592.19272
592.20922
592.25932
592.27606
592.36858
592.37884
592.47892
592.54258
592.57600
592.59562
592.70926
592.84246
592.96684
593.15938
593.49280
593.59234
593.62864
593.66854
593.82586
594.02584
594.22600
594.24550
594.41212
594.49252
594.56206
594.73336
594.80914
594.88510
595.02592
595.14274
595.25920
595.32874
595.37896
595.40926
595.56658
595.65940
595.87606
596.00920
596.07586
596.09530
596.18608
596.22586
596.24236
596.51212
596.69560
596.97568
597.09256
597.15940
597.17890
597.22600
597.25918
597.40918
597.52270
597.63976
597.69556
597.70288
597.77602
598.04260
598.30936
598.32892
598.34254
598.57582
598.60276
598.69252
598.72582
598.73608
598.89292
598.99534
599.00908
599.01202
599.07592
599.15926
599.27590
599.39260
599.68522
599.88346
600.02560
600.15934
600.43336
600.52606
600.64258
600.68950
600.84250
600.92608
601.02598
601.06216
601.18342
601.39282
601.40926
601.52596
601.62586
601.67578
601.68328
601.74268
601.76854
601.80934
602.30938
602.44558
602.47600
602.59258
602.74546
602.77900
602.80642
603.02872
603.14542
603.17584
603.55912
603.57886
603.62854
603.64258
603.66670
604.16212
604.34254
604.44274
604.44568
604.52602
604.61668
604.67614
604.79986
604.85938
605.15908
605.34256
605.34556
605.34994
605.37592
605.42884
605.50924
605.57290
605.65918
605.68324
605.80918
605.81866
605.84272
605.92864
606.19252
606.24256
606.35944
606.70918
606.74254
606.80926
606.91948
607.07602
607.15288
607.21222
607.24258
607.25920
607.34248
607.40920
607.45900
607.82590
608.09554
608.30926
608.35924
608.52574
608.65942
608.69254
608.70292
608.75932
608.87572
608.97862
609.10906
609.27580
609.28330
609.31942
609.37594
609.42568
609.44224
609.47590
609.55906
609.57562
609.64258
609.64552
609.97600
610.10920
610.12582
610.14256
610.14514
610.19236
610.50928
610.57846
610.59532
610.63318
610.85896
610.92610
610.98322
611.28940
611.47558
611.49250
611.58580
611.62564
611.72572
611.76196
611.77564
611.95900
612.09238
612.12850
612.14230
612.15916
612.34216
612.56926
612.82558
613.12864
613.24528
613.27570
613.85260
613.97560
613.97866
614.24524
614.60902
614.69506
615.06184
615.12550
615.13486
615.21190
615.25414
615.32554
615.34510
615.35890
615.67582
615.70894
615.81184
615.92554
616.45282
616.45900
616.46170
616.49242
616.49500
616.64206
616.81204
616.90888
617.05888
617.07568
617.34244
617.41174
617.55610
617.59228
617.62546
617.63614
617.99512
618.01636
618.03592
618.20896
618.25150
618.31912
618.51208
618.59230
618.64996
618.87856
618.94978
619.10908
619.22560
619.24246
619.27276
619.54510
619.62580
619.86178
620.02576
620.04214
620.04520
620.14210
620.17564
620.24230
620.55910
620.59528
620.70886
620.77846
620.82862
620.85916
621.03232
621.12586
621.19504
621.44218
621.45874
621.50884
621.57274
621.76192
621.76834
622.17556
622.39228
622.76206
622.95910
623.29258
623.42572
623.49250
623.58328
623.88310
624.07588
624.09238
624.29992
624.35902
624.40174
624.54238
624.62590
624.69520
625.46218
625.49260
625.69414
625.82590
625.85008
625.88032
625.93630
625.94236
626.02576
626.02870
626.04262
626.18254
626.20924
626.32150
626.39242
626.50918
626.52118
626.70934
626.81200
626.82868
626.89264
627.18352
627.20926
627.28612
627.50920
627.54256
627.65926
627.67600
627.78352
627.79780
627.87616
627.90934
627.91678
627.99262
628.02616
628.14298
628.22902
628.35928
628.45018
628.46236
628.99282
629.06692
629.10970
629.12608
629.20942
629.30956
629.42608
629.62630
629.63338
629.90032
629.98558
630.10048
630.25960
630.46222
630.72610
630.84298
630.94300
631.04290
631.17364
631.47628
631.56256
631.81012
632.02624
632.17894
632.20984
632.51728
632.62654
632.74594
632.76262
632.85970
633.16726
633.71014
634.04314
634.16272
634.31908
634.40986
634.50994
634.52668
634.54318
634.74964
634.81948
634.84342
635.10724
635.20990
635.27644
635.40976
635.52430
635.52700
635.53708
635.54038
635.72674
635.79334
635.85070
636.02656
636.06016
636.07666
636.14338
636.43414
636.55372
636.56014
636.59344
636.60994
636.69328
636.85354
637.04326
637.08694
637.09030
637.34338
637.46926
637.52956
637.57030
637.60990
637.62946
637.76752
637.86322
637.87642
637.96300
638.00368
638.17684
638.21740
638.39998
638.41288
638.44660
638.82700
638.97676
639.15280
639.31300
639.34348
639.47968
639.61000
639.64312
639.77680
639.81310
640.05112
640.06036
640.17964
640.34908
640.35388
640.51018
640.74376
640.84342
641.03872
641.04652
641.09380
641.61778
641.64370
641.72710
641.91946
642.02980
642.07414
642.34666
642.39658
642.43000
642.46324
642.61060
642.64372
642.67726
642.71320
642.73006
642.84700
642.91030
643.02712
643.04674
643.17994
643.31062
643.32736
643.36966
643.52716
643.58038
643.61338
643.77706
643.91074
643.94380
643.95136
643.96354
644.01346
644.08462
644.24380
644.39410
644.59402
644.59690
644.67736
644.73010
645.14698
645.21088
645.37738
645.46828
645.48016
645.54442
645.60412
645.68770
645.69400
645.81070
645.89428
645.95776
646.25620
646.38664
646.46812
646.49410
646.52734
646.57756
646.64422
646.86100
646.89430
647.09440
647.17780
647.25748
647.26828
647.37772
647.43052
647.44390
647.47156
647.59420
647.67754
647.76388
647.86366
647.96368
648.01864
648.10462
648.11380
648.14434
648.17776
648.31102
648.39130
648.41104
648.67780
648.72328
648.75124
648.79438
648.99448
649.11094
649.16410
649.36126
649.40446
649.75474
649.78822
649.94428
649.96870
650.02798
650.14444
650.17774
650.26132
650.27794
650.35498
650.46418
650.49466
650.59474
650.61382
650.76124
650.86138
650.95486
650.96140
651.09454
651.16882
651.17788
651.21124
651.27454
651.29470
651.36886
651.39478
651.61438
651.66160
651.66430
651.79468
651.84490
651.86434
652.01140
652.07812
652.24468
652.44472
652.51156
652.56184
652.66918
652.76890
652.92814
653.01172
653.20240
653.76166
653.77840
653.78764
653.97856
653.99500
654.03892
654.17848
654.20554
654.28576
654.36436
654.52102
654.68146
654.99778
655.08880
655.09072
655.09822
655.11190
655.34536
655.37224
655.52860
655.70170
655.89532
655.93918
656.04556
656.22862
656.59522
656.66212
656.82922
656.94562
657.01240
657.09598
657.27256
657.34540
657.41230
657.41506
657.49570
657.56212
657.77920
657.79864
657.94558
658.01218
658.12906
658.19578
658.22896
658.24594
658.34572
658.37674
658.41544
658.46236
658.46536
658.47934
658.51252
658.55614
658.57924
658.77934
658.79566
658.82290
658.82932
658.98580
658.99888
659.15884
659.21554
659.32936
659.34610
659.39608
659.42932
659.56276
659.59606
659.60266
659.62018
659.64910
659.93224
660.02968
660.04600
660.04900
660.18994
660.19912
660.21268
660.22936
660.38686
660.52048
660.54616
660.72952
660.81280
660.92314
660.94636
660.96286
660.98248
661.04626
661.07950
661.17982
661.20388
661.24930
661.32052
661.57972
661.72048
661.78006
662.09650
662.31316
662.34634
662.36344
662.49658
662.56342
662.81320
662.89948
662.92990
662.98000
662.98732
662.99650
663.02998
663.12088
663.23506
663.24046
663.53008
663.63022
664.04686
664.13320
664.18012
664.36360
664.46368
664.49710
664.53298
664.56358
664.74976
664.81354
664.96360
665.03794
665.21374
665.36662
665.38750
665.49718
665.54716
665.59078
665.73034
665.74732
665.76688
665.86390
665.91682
666.00382
666.01366
666.08074
666.13336
666.25480
666.25768
666.29416
666.31384
666.43336
666.49750
666.56416
666.58048
666.67420
666.83086
666.85768
666.98080
666.98368
666.99742
667.04728
667.09756
667.21438
667.24756
667.28080
667.36408
667.40038
667.49764
667.51432
667.69774
667.79770
667.86424
667.99774
668.26462
668.26726
668.48110
668.53360
668.58118
668.61442
668.88136
668.98102
669.04798
669.18124
669.32488
669.41452
669.51448
669.64162
669.66754
669.72832
669.74182
669.75244
669.75550
670.01458
670.03456
670.11760
670.12228
670.19818
670.21468
670.30852
670.47238
670.57846
670.63156
670.66240
670.75120
670.78912
670.83160
670.89832
670.96780
670.99840
671.03644
671.03884
671.07526
671.28178
671.46502
671.54212
671.54866
671.78920
672.03202
672.16522
672.20920
672.23194
672.26548
672.35170
672.38230
672.39880
672.48472
672.51556
672.53212
672.66304
672.68212
672.78520
672.84868
672.91558
673.05928
673.06558
673.09876
673.22608
673.23526
673.28242
673.29154
673.33246
673.38256
673.93288
674.03260
674.15206
674.24926
674.28250
674.52352
674.54938
674.55964
674.61586
674.71612
674.76628
674.83282
674.88256
674.98276
674.98558
675.26626
675.38422
675.39964
675.41338
675.53308
675.63592
675.68314
675.84982
675.89992
676.59976
676.83334
676.99366
677.13340
677.28346
677.36686
677.49376
677.58340
677.63356
677.68360
677.69032
677.71702
677.87446
677.88364
677.95036
678.05068
678.08374
678.11986
678.20056
678.23386
678.25066
678.28390
678.30802
678.36718
678.51718
678.53668
678.65338
678.71740
678.83104
678.84814
678.85342
678.87010
678.90064
679.16776
679.41130
679.43416
679.46476
679.52062
679.96786
680.05408
680.08432
680.12074
680.22712
680.23078
680.26762
680.27086
680.98492
681.12106
681.15166
681.24532
681.33478
681.36190
681.36808
681.62590
681.66202
681.72112
681.76828
681.79540
681.80902
681.87580
681.90454
681.93490
681.99922
682.06846
682.08802
682.12114
682.21852
682.47598
682.50208
682.80226
682.81222
682.82170
682.96258
682.96870
683.17174
683.24938
683.26888
683.28820
683.33812
683.35216
683.37142
683.41912
683.56906
683.66908
683.80246
683.89282
684.00226
684.05272
684.05542
684.27196
684.30262
684.31948
684.37954
684.43576
684.71932
684.76312
684.76948
684.80272
685.00258
685.01926
685.20562
685.30288
685.33900
685.49368
685.53616
685.57696
685.61974
685.62244
685.77244
685.81978
685.83622
685.86946
685.91338
685.95028
685.98616
686.01976
686.11342
686.16964
686.18632
686.23024
686.31994
687.08662
687.20044
687.26998
687.29692
687.30346
687.49396
687.58036
687.71992
687.73660
687.78964
687.80338
687.88972
687.97936
688.16362
688.27036
688.27330
688.36660
688.37026
688.50346
688.50658
688.75366
688.78690
688.80352
689.15374
689.40790
689.41780
689.42014
689.87080
689.97706
690.00382
690.08998
690.19006
690.24028
690.63718
690.70372
690.91444
691.09192
691.11328
691.23748
691.27078
691.37374
691.42372
691.45396
691.57834
691.65118
691.65424
691.79782
692.01160
692.02084
692.16166
692.17102
692.27368
692.29018
692.44048
692.44690
692.64784
692.72368
692.95414
692.97106
693.00430
693.19072
693.22396
693.31468
693.32392
693.36460
693.69412
693.72400
693.86344
693.88042
693.88798
693.90736
693.92122
693.97858
694.00444
694.02418
694.04710
694.49080
694.76476
694.78144
694.85452
694.91206
695.32138
695.38780
695.49076
695.73796
695.97130
696.00010
696.12790
696.28168
696.37144
696.50476
696.52144
696.57160
696.59092
696.64828
696.72142
697.32160
697.33180
697.62154
697.64566
697.64848
697.67176
697.68838
697.74130
697.78840
698.05498
698.05792
698.37172
698.48854
698.52916
698.62438
698.75482
698.92168
698.93836
699.05506
699.07186
699.18844
699.28816
699.37168
699.47176
699.54130
699.56710
699.83812
699.88852
699.90820
700.00498
700.10512
700.17922
700.23850
700.40524
700.44406
700.60492
700.77178
700.89862
700.92478
700.93216
701.03830
701.73862
701.83870
701.90032
701.91880
701.92204
701.99878
702.08884
702.11458
702.22204
702.30508
702.44158
702.65842
702.67486
703.13878
703.19596
703.22470
703.28212
703.28842
703.31548
703.39900
703.52188
703.65814
703.70068
703.91896
703.94908
703.99624
703.99900
704.00524
704.06272
704.07220
704.19172
704.21254
704.22478
704.23882
704.27206
704.34880
704.35834
704.39140
704.40538
704.42470
704.57482
704.58220
704.62480
704.64862
704.65546
704.95540
704.99170
705.02200
705.02524
705.18226
705.21280
705.28882
705.33874
705.34606
705.40516
705.43144
705.51454
705.55546
705.68116
705.73132
705.75514
705.84160
705.87490
705.92194
705.92452
705.93880
706.14592
706.17202
706.20790
706.28878
706.39618
706.45942
706.49878
706.51276
706.65520
707.04616
707.10820
707.22196
707.27926
707.47192
707.53900
707.71570
707.88226
707.89630
707.98870
708.03868
708.04774
708.19894
708.23860
708.27220
708.50548
708.74602
708.76264
708.78850
708.81286
708.88834
708.97204
709.12174
709.12930
709.14886
709.16878
709.25812
709.57444
709.71556
709.78132
709.87204
709.93828
709.97212
710.08210
710.15542
710.18890
710.19880
710.33614
710.48206
710.59156
710.77198
711.47188
711.47920
711.50062
711.62476
711.65548
711.89590
711.89860
711.95524
711.99850
712.22218
712.60510
712.81258
712.92478
713.06536
713.43832
713.54866
713.60806
713.76904
713.79874
713.84134
713.85502
714.06256
714.35506
714.49750
714.55792
714.57184
714.66526
714.81442
714.88822
714.95518
714.97918
715.39108
715.41244
715.41436
715.48858
715.49584
715.62454
715.67188
715.75504
715.92466
716.28844
716.44120
716.50510
716.65780
716.82160
716.83846
717.04882
717.18802
717.30484
717.32140
717.57166
717.63184
718.03174
718.18816
718.30486
718.34842
718.37140
718.40488
718.58182
718.58824
718.83076
718.85452
718.87156
718.90480
719.26222
719.34088
719.47132
719.55484
719.57164
719.59564
719.62114
719.82136
719.98174
720.02416
720.03160
720.10168
720.20758
720.23806
720.28804
720.50476
720.52144
720.63778
720.89080
721.00210
721.02130
721.19056
721.20478
721.22110
721.47424
721.55440
721.75744
721.78792
721.80454
722.25724
722.27146
722.35456
722.52112
722.55136
722.62114
722.88760
722.95444
723.05440
723.06184
723.17860
723.50452
723.58786
723.63784
723.68776
723.75094
723.90742
723.98758
724.03750
724.13752
724.32082
724.35436
724.45432
724.52110
724.92106
725.22394
725.23750
725.25184
725.25688
725.33122
725.42086
725.46466
725.55712
725.75416
725.78758
725.80408
725.85418
725.96410
725.99044
726.09040
726.27988
726.38752
726.45418
726.53758
726.55708
726.69670
726.73090
726.75694
726.77362
726.88744
726.90682
726.94030
727.03726
727.09666
727.15384
727.20682
727.50412
727.56328
727.73716
727.80382
727.90684
727.98112
728.13718
728.18728
728.27062
728.27338
728.35384
728.48746
728.55394
728.87326
728.88700
729.23056
729.23704
729.42040
729.78232
729.85336
730.17322
730.27312
730.28062
730.31110
730.31716
730.38688
730.62016
730.78678
730.84702
730.87294
730.88686
730.89700
730.96114
731.30326
731.32750
731.35330
731.45350
731.46994
731.60332
731.75338
732.17734
732.45334
732.47278
732.58666
732.61996
732.68644
732.76360
732.85312
732.88024
733.01968
733.05586
733.06336
733.10326
733.12264
733.16974
733.21990
733.28926
733.33648
733.36966
733.41058
733.43032
733.50316
733.63666
733.77280
733.83634
733.95298
734.04682
734.63608
734.72980
735.05290
735.06958
735.12976
735.15016
735.23632
735.25276
735.30292
735.31318
735.49972
735.61300
735.75280
736.00288
736.05556
736.15552
736.16008
736.24354
736.24654
736.30546
736.41670
736.42204
736.45270
736.65268
736.74604
736.80256
736.88590
736.98604
737.25274
737.35552
737.41306
737.66944
737.75542
737.86936
737.88604
737.93584
737.98612
738.01918
738.12220
738.15262
738.37684
738.41290
738.44332
738.52912
738.56902
738.67648
738.69766
738.74338
738.76258
738.80998
739.03564
739.10986
739.28560
739.30240
739.38844
739.53580
739.71268
739.80232
739.81888
739.83556
739.87636
740.13532
740.13868
740.16154
740.19304
740.40220
740.43544
740.89180
741.10972
741.21892
741.23830
741.41878
741.42634
741.71854
741.81874
741.83830
741.90202
742.00492
742.01902
742.10500
742.25932
742.29214
742.33822
742.41250
742.43536
742.78498
742.84558
743.31850
743.39548
743.61460
743.85472
743.89282
744.01228
744.16852
744.25198
744.50212
744.51226
744.52156
744.61852
744.74422
744.81850
744.83536
744.89266
745.02868
745.03534
745.04446
745.10488
745.37134
745.47616
745.55482
745.62124
745.66210
745.70938
746.03524
746.14264
746.25478
746.30170
746.48518
746.58514
746.63794
746.72122
746.85922
747.00166
747.15916
747.18202
747.18544
747.25180
747.30952
747.56854
747.60424
747.61846
747.71836
747.73486
747.91840
747.99538
748.00918
748.02130
748.12492
748.20178
748.20922
748.22872
748.23520
748.25182
748.64548
748.65922
748.66138
748.77586
748.79248
748.87582
749.03506
749.06200
749.10190
749.21842
749.24260
749.36854
749.37124
749.38792
749.68504
749.73514
749.86204
749.86846
750.01840
750.20920
750.31846
750.43480
750.58240
750.87886
750.88780
750.91204
751.04254
751.16836
751.17862
751.26814
751.38070
751.84258
751.85932
752.03806
752.05186
752.12602
752.17126
752.18530
752.19412
752.22142
752.28790
752.43802
752.53534
752.63512
752.67124
752.84248
752.87596
752.88778
752.95456
752.96560
752.98498
753.06850
753.31846
753.32134
753.41836
753.63490
753.66826
753.71854
753.76528
753.94714
754.17868
754.28518
754.37146
754.46188
754.98514
755.01844
755.06842
755.07778
755.13238
755.68516
755.75452
756.10192
756.18508
756.18820
756.23512
756.46840
756.73534
756.77110
756.79858
756.83500
756.94252
757.00186
757.13794
757.17160
757.20160
757.40188
757.85926
757.86562
757.86862
757.93792
757.95178
757.96210
758.01094
758.21830
758.26858
758.50192
758.54536
758.55196
758.55928
758.60170
758.63494
758.65168
758.85172
758.86870
758.90188
758.99242
759.01222
759.10468
759.18544
759.19546
759.33538
759.38530
759.43834
759.49240
759.53842
759.61210
759.69256
759.81838
759.87154
759.89272
759.89542
759.91852
760.01584
760.01842
760.03522
760.08232
760.17886
760.22602
760.23808
760.44568
760.66876
760.67116
760.71244
760.71856
760.73788
760.76872
760.88524
760.90924
760.91824
761.01862
761.05456
761.15914
761.28826
761.52130
761.54272
761.62162
761.65210
761.81218
761.81860
761.90212
761.96872
762.25198
762.27154
762.35188
762.60208
762.83530
762.87610
762.92908
763.00204
763.07140
763.09588
763.25494
763.40194
763.41598
763.57870
763.72612
763.75942
763.83550
763.86886
763.88542
764.06218
764.13550
764.19466
764.28544
764.28820
764.63524
764.83534
764.91850
765.08530
765.19750
765.22168
765.28534
765.29560
765.41896
765.45190
765.55204
765.58534
765.97606
766.15216
766.26244
766.48834
766.58518
766.73356
766.77178
766.81570
767.12158
767.20198
767.38528
767.39584
767.53558
767.53828
767.79568
767.84302
768.46408
768.48544
768.51898
768.55498
768.61888
768.63550
768.63844
768.66886
768.77188
768.78568
768.80914
768.81892
768.83968
768.84592
768.85222
768.88558
769.27186
769.36246
769.66900
769.69300
769.80214
769.80508
769.87174
770.00218
770.02180
770.05234
770.15230
770.20246
770.51890
770.53852
770.81908
770.88844
770.90518
771.11914
771.15232
771.63862
771.73570
771.88576
771.92926
772.09942
772.57198
772.65244
772.75546
772.97950
773.24608
773.33860
773.48878
773.73874
773.77924
773.79262
773.81272
773.87194
773.87830
773.91934
773.96932
774.10546
774.15274
774.40234
774.61906
774.97222
775.11652
775.18594
775.58854
775.71928
775.76920
776.13568
776.21944
776.30212
776.31934
776.35264
776.38888
776.42686
776.60248
776.70256
776.78590
776.80552
776.80990
776.81920
776.98600
777.01948
777.09616
777.17662
777.26302
777.28594
777.53614
777.68284
777.76018
778.04248
778.05280
778.07212
778.12222
778.19338
778.33894
778.40260
778.46920
778.48618
778.49344
778.75018
778.76926
778.99354
779.02228
779.13604
779.20672
779.22250
779.24332
779.32678
779.44018
779.54338
779.54620
779.55262
779.55568
779.58616
779.63614
779.66284
779.71672
779.77240
779.79352
779.82958
779.84338
779.87236
779.88892
779.97964
780.03148
780.09322
780.31000
780.37228
780.44260
780.52228
780.63628
780.71950
780.72688
780.75940
780.78622
780.80272
780.85270
780.91942
780.92356
781.01944
781.17664
781.24336
781.34620
781.36660
781.48600
781.50922
781.53604
781.59514
781.65274
781.69636
781.77970
782.23624
782.27704
782.32222
782.35264
782.55580
782.56942
782.81302
782.83618
782.86492
782.90572
783.10282
783.11320
783.13636
783.23158
783.61948
783.64660
783.80278
784.05274
784.06930
784.11940
784.49524
784.50286
784.68622
784.81942
784.98616
785.16292
785.21926
785.30266
785.33626
785.35264
785.37232
785.38594
785.80564
785.82250
785.83606
785.85556
785.91202
785.96026
786.06958
786.15280
786.15574
786.39628
786.40570
786.57874
786.65296
786.68608
786.78604
786.81010
786.83596
786.97222
786.99634
787.05568
787.15270
787.21954
787.31944
787.35274
787.78618
787.98628
788.00560
788.03902
788.15278
788.32192
788.38906
788.52688
788.64544
788.78608
789.08608
789.26944
789.33610
789.66946
789.73606
789.78598
789.88606
789.88894
790.00546
790.33588
790.36948
790.68604
790.76956
790.87246
790.87666
790.96294
791.12962
791.35246
791.41942
791.42230
791.43610
791.53600
791.53894
791.57992
791.65546
791.82208
791.85274
791.89642
792.02212
792.05284
792.23620
792.33142
792.41950
792.43618
792.50002
792.58630
792.64648
792.64918
792.66016
792.70534
792.75568
792.88870
793.11928
793.15270
793.41004
793.58596
793.60534
793.62688
793.63600
793.71946
793.73596
793.80268
793.90252
793.98616
794.08612
794.26024
794.35252
794.52214
794.83870
794.87968
794.97226
794.99614
795.04342
795.31936
795.61960
795.81304
795.84634
795.86938
795.90286
796.13596
796.25548
796.32676
796.57210
796.81918
796.83598
796.86004
796.88602
796.89802
796.90552
796.91284
797.01940
797.22226
797.71930
798.11938
798.19366
798.25276
798.28624
798.60532
798.63868
798.64360
798.79360
798.90280
798.95290
799.16944
799.25566
799.28134
799.34536
799.43608
799.51918
799.62232
799.68904
799.70572
799.80292
799.80574
799.81936
799.97710
800.06962
800.11030
800.56480
800.57224
800.58610
800.65288
800.76916
800.93620
800.98144
801.03886
801.20266
801.20560
801.22216
801.43600
801.76954
801.83146
801.91936
802.15288
802.20298
802.23598
802.28614
802.41952
802.47676
802.48618
802.85590
802.86016
802.97998
803.22232
803.22688
803.32234
803.33644
803.36968
803.46964
803.54398
803.57878
803.75278
803.76214
803.77684
803.86984
804.00274
804.03622
804.12886
804.25324
804.41218
804.55312
804.56998
804.75298
804.80284
804.83632
804.86986
804.87718
805.23640
805.36954
805.38946
805.39654
805.47244
805.56334
805.59388
805.79380
806.05312
806.16988
806.17732
806.28646
806.46958
806.48392
806.51752
806.59402
806.75320
806.85328
806.88646
806.97748
807.09400
807.11986
807.12268
807.18934
807.33370
807.38686
807.55324
807.58024
807.58654
807.60622
807.66220
807.95632
808.20310
808.25344
808.29406
808.38670
808.52290
808.56988
808.85344
808.88038
808.99690
809.07304
809.08666
809.30632
809.48674
809.59408
809.63032
809.64712
809.68660
809.69422
809.70340
809.72026
809.80342
809.82286
809.85328
809.87026
809.90362
809.93950
809.95342
810.23956
810.24418
810.91102
811.22014
811.45354
811.48666
811.53952
811.57000
811.61104
811.90366
812.13682
812.25352
812.27314
812.35360
812.37730
812.38984
812.47030
812.50672
812.52034
812.55340
812.58694
812.73700
812.80642
812.94730
813.07318
813.08698
813.12052
813.17056
813.29470
813.43702
813.44926
813.46126
813.47056
813.48700
813.49444
813.50656
813.52054
813.52822
813.59452
813.67078
813.76426
813.86404
813.92782
814.12804
814.22344
814.28086
814.28728
814.29478
814.32046
814.36132
814.45360
814.50142
814.53082
814.58992
814.62034
814.71358
814.82044
814.83712
814.85674
815.08708
815.09758
815.11144
815.15368
815.17798
815.35402
815.40694
815.48722
815.51422
815.53702
815.61142
815.97058
815.98744
816.00100
816.22798
816.29488
816.40408
816.46138
816.57358
816.59014
816.71146
816.77344
816.82816
816.89020
816.89764
816.91144
817.02070
817.06138
817.07098
817.38748
817.77820
818.04508
818.12824
818.17378
818.17822
818.37352
818.48758
818.79460
818.95426
818.95708
819.23122
819.30442
819.59512
819.85732
820.14796
820.16836
820.30426
820.43146
820.43770
820.52116
820.57390
820.90444
821.02390
821.07406
821.08786
821.20444
821.55448
821.63782
821.67124
821.94082
821.97856
822.10744
822.16186
822.22384
822.25450
822.48802
822.49516
822.52102
822.56224
822.62128
823.02130
823.14064
823.15756
823.24798
823.25446
823.32430
823.58788
823.64104
823.68802
823.72432
823.83796
823.88788
823.96522
824.10766
824.22154
824.33788
824.38792
824.55472
824.57152
824.60476
824.62432
824.63062
824.70466
824.72842
824.75482
824.80480
824.86216
825.02434
825.05488
825.30472
825.33796
825.40492
825.46420
825.48814
825.95488
826.15792
826.19572
826.35772
826.57174
826.78834
826.82146
827.00776
827.20504
827.22166
827.32594
827.52166
827.59492
827.62186
827.92186
827.94544
828.02170
828.07462
828.35812
828.52180
828.53824
828.89110
829.09126
829.33876
829.36276
829.37476
829.46200
829.57462
829.67926
829.85818
829.99150
830.21284
830.23888
830.28862
830.33878
830.52460
830.58112
830.62210
830.62948
830.93236
831.00838
831.03886
831.34156
831.42208
831.43576
831.47182
831.53872
831.60832
831.80530
831.83872
831.84172
831.95536
831.97210
832.21252
832.22536
832.22830
832.23880
832.24174
832.26580
832.26754
832.27198
832.28884
832.43242
832.43890
832.45828
832.54192
832.55596
832.70542
832.90840
832.97968
832.98616
833.43910
833.51608
834.13882
834.15562
834.30868
834.33256
834.45604
834.46168
834.46780
834.54190
834.75550
834.78898
834.79642
834.91600
834.99640
835.10584
835.13266
835.27240
835.28632
835.35568
835.42510
835.48906
835.51606
835.52260
835.54942
835.59214
835.68898
835.72966
835.83232
835.90864
835.99204
836.08270
836.15572
836.37994
836.43898
836.46310
836.46934
836.47246
836.48932
836.54200
836.62222
836.63890
836.71498
836.74948
836.78890
836.79196
836.90842
837.18928
837.21334
837.35590
837.45592
837.55882
837.65578
837.67246
837.69202
837.83902
838.02244
838.23928
838.33936
838.52272
838.77556
838.85590
838.85890
838.97284
839.13958
839.20876
839.24962
839.28934
839.83930
839.99956
840.02566
840.09868
840.22294
840.28948
840.33946
840.40894
840.56626
840.57580
840.62590
840.88012
841.05916
841.57276
841.64680
841.79938
841.92580
842.09656
842.23210
842.27578
842.30914
842.32288
842.77576
843.12580
843.20908
843.35614
843.55624
843.70624
843.92608
843.95932
844.05658
844.38988
844.50652
844.66390
844.82302
844.88998
844.93696
845.02300
845.06380
845.38996
845.42302
845.78956
846.05650
846.09004
846.14284
846.51688
846.62308
846.75934
846.85642
847.00642
847.09282
847.09900
847.12342
847.13986
847.15954
847.20652
847.24936
847.28062
847.35004
847.65664
847.66408
847.70668
847.76590
847.80022
847.80946
848.22340
848.41702
848.42326
848.46406
848.60662
848.62636
848.71690
848.80666
848.97322
849.19012
849.22324
849.27622
849.28084
849.36418
849.40660
849.48100
849.52366
849.62638
849.80020
849.85954
849.89002
849.94270
850.12636
850.13362
850.15978
850.49686
850.53994
850.55686
850.60678
850.62334
850.63078
850.77328
851.04016
851.08378
851.13382
851.34004
851.39026
851.53102
851.55676
851.84938
851.92630
851.99326
852.07348
852.16720
852.28390
852.42346
852.70702
853.07374
853.14046
853.19008
853.99054
854.00068
854.54050
854.64328
854.67358
855.07360
855.22354
855.28114
855.35704
855.60394
855.76912
855.79018
856.04704
856.05982
856.15726
856.49338
856.55986
856.64032
856.67392
856.83736
856.85716
857.10070
857.11738
857.17360
857.42368
857.69332
857.71738
857.74684
857.85688
857.90698
857.94052
858.13408
858.27652
858.37678
858.42670
858.59050
858.59800
858.65068
858.67348
858.72676
858.80704
858.86752
858.94060
859.02394
859.12690
859.15996
859.17364
859.34044
859.59064
859.69336
859.82398
859.92400
860.40730
860.87392
860.93146
860.97394
861.08140
861.14068
861.24076
861.29992
861.30736
861.36484
861.37396
861.59056
861.69076
861.76750
861.98152
862.22392
862.22680
862.25746
862.34086
862.93324
863.24362
863.43436
863.69362
863.79094
863.99080
864.02422
864.38194
864.55468
864.56800
864.57430
864.75766
864.79108
864.79840
864.96046
865.01056
865.06780
865.32436
865.37704
865.39102
865.40758
865.54402
865.84852
866.11822
866.24854
866.25166
866.25766
866.32744
866.49406
866.64400
866.65780
866.77744
866.84110
867.00796
867.04132
867.21070
867.27460
867.32464
867.41086
867.41830
867.81550
868.04404
868.08376
868.10056
868.48492
868.49146
868.56082
868.71568
868.84462
868.86106
869.02480
869.07250
869.09176
869.12494
869.17486
869.20810
869.22490
869.33542
869.34436
869.41576
869.54446
869.64904
869.75848
869.79166
869.80828
869.90830
869.99176
870.10834
870.17530
870.24478
870.35842
870.42808
870.49930
870.61144
870.63280
870.72796
870.77500
870.79936
870.81886
870.92830
870.95872
871.00228
871.09222
871.09462
871.22236
871.27540
871.34476
871.41160
871.42546
871.44190
871.49950
871.54198
871.54960
871.57534
871.57816
871.60894
871.72558
871.82548
871.97578
872.05882
872.12548
872.14204
872.17840
872.40874
872.47552
872.80252
872.96938
872.97592
872.99980
873.14260
873.15904
873.29248
873.53332
873.56218
873.65932
873.82582
873.94552
873.95308
874.00306
874.01236
874.05004
874.17598
874.21864
874.22578
874.37608
874.74292
874.79284
874.81234
874.84270
875.30968
875.36710
875.52628
875.90980
876.31738
876.48694
876.54622
876.57964
876.69364
876.72964
876.84634
877.05388
877.12696
877.26034
877.37044
877.39342
877.47670
877.57732
877.62970
877.67704
877.71322
877.74370
878.20114
878.22076
878.24074
878.25574
878.34370
878.40136
878.44396
878.54686
878.57704
878.91082
879.07744
879.37738
879.46372
879.61102
879.71368
879.85162
879.87754
880.18786
880.21066
880.26082
880.36138
880.49434
880.51384
880.56412
880.58062
880.72750
880.96408
881.02774
881.04448
881.09452
881.21128
881.39728
881.46136
881.47816
881.53078
881.67802
881.76400
881.77810
881.91436
881.92798
882.26428
882.27820
882.30238
882.36124
882.41896
882.48124
882.86188
882.99514
883.04500
883.06150
883.13842
883.14490
883.34494
883.97860
884.23126
884.49532
884.51206
884.61202
884.64526
884.69560
884.72590
884.73166
884.79178
884.81488
884.87242
884.88808
885.07594
885.39850
885.86236
885.89572
886.04692
886.24570
886.42918
886.45786
886.47946
886.53202