0.02058
0.51612
0.60960
0.97974
0.98262
1.88286
1.90938
2.99610
3.15324
3.21258
3.28962
3.97560
4.24260
4.34592
4.39962
4.52592
4.82700
4.84254
4.89234
4.99224
5.41272
6.27918
6.66564
6.92694
7.11252
7.11918
7.45902
7.70154
8.39580
8.77230
8.96202
8.97882
8.98614
9.02256
9.04596
9.40878
10.95534
11.88564
11.89266
12.42858
12.46434
12.48564
12.58872
12.63852
13.05792
13.37184
13.73712
13.88088
14.55180
14.77140
15.15450
15.22824
15.90144
15.96396
16.14804
16.22112
16.25730
16.72080
16.72746
16.88748
16.89702
17.50386
17.86770
17.91354
18.27024
18.57300
18.77946
19.04622
19.19616
19.49580
19.54596
19.80612
19.82952
19.84314
19.91694
20.45202
20.46534
20.47950
20.48940
21.00966
21.03264
21.03996
21.43902
22.20252
22.31910
22.52610
22.56912
22.58904
22.86180
23.06928
23.34978
23.39934
23.55918
23.63550
23.95506
24.05526
24.07542
24.33540
24.80466
25.04424
25.42146
25.42818
25.77846
26.16126
26.25786
26.33754
26.42448
26.53722
26.64114
27.09108
27.11118
27.28728
27.87726
28.23102
28.27050
28.54404
28.96032
29.05374
29.54646
29.91696
30.70020
30.97050
30.97632
31.17312
31.25640
31.26348
31.50630
31.53342
31.54572
31.62624
31.83354
32.00268
32.37966
32.60262
32.97378
32.98590
33.09942
33.24624
33.26922
33.95412
33.97542
34.00878
34.82826
35.10666
35.14878
35.21832
35.32224
35.37516
35.70516
35.75190
35.77212
36.85140
37.17162
37.18482
37.49826
38.06118
38.56086
38.84472
38.90058
39.07812
39.09528
39.31722
39.32832
40.58400
40.63728
40.85040
41.09418
41.43048
41.53338
41.59998
41.96058
42.62700
43.05648
43.12410
43.18674
43.27392
43.52712
44.18646
44.24958
44.79408
45.06000
45.08892
45.74820
45.80868
46.01262
46.30980
46.31592
47.50536
48.10956
48.11610
48.12918
48.34854
48.35340
48.48186
48.50178
48.94560
49.15122
49.16238
49.45920
49.57566
49.69230
50.43516
50.52834
50.69940
50.70576
51.36480
51.36840
51.47130
51.71472
51.73152
51.90534
52.39770
52.44834
52.63770
52.74780
52.99506
53.52516
53.71818
53.76456
54.25050
54.25788
54.67098
55.08114
56.12820
56.36796
56.43372
56.85144
56.94432
56.95122
57.30438
57.66144
57.89226
57.93066
58.33992
58.82820
59.24772
59.25390
59.25864
59.65104
59.69412
59.76420
59.92134
60.29736
60.63756
60.72816
60.87786
60.88740
61.20084
61.94754
62.28480
62.58426
64.31394
64.36386
64.65414
65.40450
65.50680
65.59836
65.69010
65.71824
65.87046
66.34452
66.39738
66.41106
66.78666
66.80802
66.81426
67.68774
67.70850
68.09016
68.61792
68.64450
68.66370
69.44430
69.83058
69.95370
70.03074
70.03674
70.52034
70.99416
71.14440
71.46396
71.49744
71.61102
71.65068
72.11370
72.28968
72.45384
72.49716
72.61776
72.63414
73.20402
73.21416
73.59138
73.77768
73.78182
73.78728
73.92774
74.09418
74.28768
75.04104
75.07464
75.98730
76.26828
76.75662
76.78746
77.39724
78.53202
78.77046
78.93060
79.09722
79.12146
79.58106
80.17500
80.51766
80.88732
81.23076
81.42492
81.63432
81.81444
81.89136
82.16400
82.17480
82.20378
82.51392
82.51770
82.59420
82.61112
82.62474
83.09154
83.47482
83.89134
84.05442
84.08064
84.48810
84.68448
84.73440
85.06134
85.54110
85.79754
86.59434
86.77080
87.10386
87.36132
87.36396
87.73776
88.09242
88.23642
88.38390
88.39284
88.41564
88.68798
88.83774
90.03768
90.57516
90.64746
90.83082
90.83724
91.73760
91.76412
91.83480
91.84464
92.04450
92.22132
92.25822
92.44392
92.45736
92.48082
92.64750
92.74920
92.94714
93.46398
93.86106
95.79714
96.04854
96.32754
96.33432
96.79416
96.96132
97.40760
97.43064
97.46016
97.92444
98.53068
98.63070
98.99910
99.03054
99.03744
99.09414
99.32358
99.34722
100.01418
100.14498
100.15434
100.64424
100.91106
100.92468
101.46726
101.51748
101.54406
102.12138
102.65382
102.66768
102.95352
102.96378
102.99006
103.39440
104.06100
104.26392
104.35122
104.66394
104.71236
105.22698
105.29178
105.60462
105.75870
105.88770
106.03098
106.08738
106.74252
106.81488
109.23618
109.39932
109.81614
109.94664
110.07696
110.11302
110.88306
111.25656
111.51648
112.03314
112.24728
112.53756
113.35068
113.38404
113.60484
113.79990
113.98128
114.02028
114.14802
114.15726
114.17394
114.44130
114.52524
114.78822
114.81204
114.90138
114.96798
115.15464
115.18482
115.29852
115.46232
115.55184
115.56552
115.58874
115.80552
115.97778
116.45844
116.89932
117.21288
117.45258
117.48918
117.61338
118.30008
118.35972
119.25954
119.51718
119.52690
119.53350
119.55696
120.00036
120.30390
120.31440
120.98448
121.06062
121.60398
122.18178
122.25432
122.46084
122.48784
122.52828
122.54790
122.82138
122.87130
122.96838
123.47760
123.74466
124.03500
124.04232
124.10568
124.24206
124.27134
124.63590
124.63866
124.71882
125.20554
125.22192
125.22954
125.62176
126.29214
126.72276
126.83346
126.83922
126.84318
126.84558
126.86886
127.15908
127.21668
127.43976
127.53336
127.64316
128.04606
128.31036
129.26772
129.39360
129.48750
130.02354
130.07076
130.09794
130.55460
130.56372
130.59756
130.62408
130.67124
130.67754
130.68492
130.69746
132.29142
132.40512
132.71862
132.73848
132.81480
132.84564
133.31922
133.34544
133.39836
133.40826
133.93296
133.94556
133.95264
134.09196
134.27892
134.51316
134.54892
134.58912
134.77284
134.80614
135.23244
135.28512
135.49932
135.51282
135.69636
135.97932
136.00662
136.08288
136.29306
136.38282
136.54320
136.64664
137.19690
137.26608
137.27268
137.40408
137.70276
138.41718
138.58392
138.64392
138.90774
138.96456
138.97440
138.99420
139.16820
139.68822
139.76484
140.01120
140.18454
140.51832
141.41190
141.83496
142.28934
142.31964
142.93908
142.94298
142.95246
142.97058
143.66322
143.81322
143.82438
144.07680
144.89652
145.07448
145.83678
145.85826
145.86402
146.62698
146.70336
146.76432
146.82720
147.20850
147.65472
148.19244
148.28820
148.31490
148.91226
149.84334
150.09618
150.13266
150.14982
150.56790
151.03722
151.04742
151.39674
151.56822
152.32086
152.38350
152.56704
152.82366
152.83104
153.31170
153.33132
153.33456
153.58110
153.62394
153.90468
154.01772
154.04544
154.06668
154.80138
155.72508
156.12336
156.56910
157.33614
157.60938
158.28306
158.99766
159.09966
159.41748
159.56760
159.72072
159.76308
160.00410
160.96782
160.97226
161.00454
161.17788
161.19918
161.82174
161.87130
162.11886
162.39504
162.49572
162.66948
162.67380
162.72858
162.75918
163.95330
164.50626
164.51058
164.55624
165.13998
165.31350
166.07076
166.10406
166.13046
166.43058
166.44630
166.49058
166.49730
166.50456
167.65476
167.74122
167.99130
168.35244
168.52230
168.85290
168.87234
169.46286
170.21250
170.22288
170.54964
170.97336
171.64998
172.56756
172.58094
172.82676
172.86600
172.87356
172.90422
174.89166
175.29180
175.79490
176.24532
176.31906
176.32434
176.96226
177.02580
177.40656
177.89592
177.90654
178.48302
180.04122
180.04410
180.05700
180.22734
180.89142
181.04358
181.81134
182.11422
182.23776
182.73588
182.79198
183.26154
183.79440
183.99840
184.15764
184.66518
184.67172
184.78176
185.83254
186.04908
186.10608
186.36012
186.63276
186.86586
186.94326
186.97038
186.97968
186.98370
187.42746
187.73364
187.75332
187.86654
188.00046
188.01666
189.61722
189.68778
189.70050
189.82674
189.99054
189.99804
190.28424
190.56774
190.57044
191.06256
191.30778
191.72460
191.77482
193.20216
193.84884
193.86912
194.74302
195.26952
195.96012
196.23360
196.26006
196.28124
197.29818
197.30394
197.50410
197.90298
197.91798
197.94840
197.97084
198.19458
198.64854
198.79896
198.80466
199.07142
199.24206
199.59924
199.95516
199.97586
200.00232
200.05254
200.31870
200.89602
201.12228
201.12978
201.14982
201.17286
201.47304
201.61710
202.02636
202.03956
202.73436
202.94052
203.08698
203.28114
203.61828
203.89758
203.99700
204.03450
204.59754
204.79800
204.81108
205.01172
205.10232
205.26474
205.39188
205.92246
206.14890
206.46612
206.69856
207.19638
207.23958
207.28254
207.47310
208.09374
208.45056
208.79280
209.07144
209.70072
209.99382
210.26478
210.62796
211.18494
211.24428
211.29468
212.25000
212.28762
212.89536
213.01830
213.37602
213.69912
213.95610
214.41762
214.54932
215.36958
215.88090
216.17628
216.54984
217.07448
217.40316
218.22960
218.32980
218.33448
218.66352
219.38700
219.90060
220.52772
221.13678
221.28756
221.30442
221.53452
222.94044
223.20378
224.02290
224.06118
224.79390
224.87778
224.95374
225.09876
225.14142
225.15462
225.67788
225.79758
225.91062
225.96720
226.47762
226.48464
227.72772
228.45084
229.44696
229.56108
229.79436
230.41128
230.43156
230.43810
230.48718
230.53722
230.73732
230.75814
230.78742
231.83802
231.95382
232.18020
232.18710
232.31094
232.33062
233.19138
233.31768
233.43066
233.58066
233.61810
234.55350
234.75786
235.08060
235.53708
235.84740
236.88024
237.17748
237.54876
237.73680
237.86376
237.94680
238.77396
239.29146
239.32710
239.67702
240.21366
241.13346
241.58022
241.83642
242.36310
242.37066
242.39652
244.13118
244.55370
244.62642
245.40702
245.69316
246.33966
246.57960
246.98550
248.11956
248.16624
248.35242
248.84262
248.85282
248.93952
249.22608
249.72612
250.17612
250.39254
250.83258
250.83966
251.09226
251.53218
251.55906
253.01196
253.74228
254.12844
254.16168
255.44172
256.06872
256.11540
256.47534
256.75878
256.89204
257.31156
257.36814
257.56278
258.00162
258.34500
258.47532
258.96804
259.01160
259.20558
259.84206
261.28488
261.47076
261.58488
262.14516
262.39956
262.41528
262.79520
263.52876
264.07578
264.34224
264.36288
264.38580
264.93942
264.94188
265.52244
266.08266
266.38512
266.58516
267.06876
267.67116
267.71550
268.45608
268.62570
268.83258
268.94550
269.21220
269.48826
270.13638
270.17574
270.21618
270.96276
271.62330
272.78274
272.78922
272.95638
273.19278
273.71514
274.24050
275.05278
275.09550
275.10984
275.37636
275.60988
276.96060
278.94846
279.56370
279.66084
279.68028
280.07754
280.11090
280.27452
280.56546
281.00358
281.13720
281.34162
281.82804
281.93424
281.95386
282.05412
282.05862
282.06408
282.66414
282.72090
283.21440
283.22826
284.99820
285.01644
285.07230
285.07530
285.09522
285.48870
285.69228
285.70500
286.02486
286.48194
287.14266
287.35242
287.55804
287.99592
288.10002
288.10998
288.43260
288.78972
288.85554
289.17966
289.24638
289.24920
290.02254
290.03292
290.22006
290.45430
290.46348
290.57268
290.80638
290.85654
291.11346
291.26238
291.31632
291.53010
291.96414
292.03050
292.04016
292.04322
292.25694
292.42962
292.62348
293.19006
294.19434
294.99348
295.53108
295.54080
296.27406
296.31456
296.58102
296.88582
296.89812
297.13800
297.48144
297.68148
297.71910
297.72438
297.74184
298.16766
298.66788
299.01504
299.04840
299.47482
300.05856
300.08472
300.30522
300.32886
300.40122
300.65778
300.96504
301.23132
301.23642
301.25832
301.26474
301.27968
301.36488
302.26524
302.48472
302.51514
302.75490
302.77506
302.84220
303.68538
303.80136
304.07190
304.09224
304.37178
304.38912
304.40874
304.42896
304.48518
304.80792
305.06922
305.16552
305.64876
305.74182
305.74404
305.83500
306.76836
306.87450
307.78020
307.85160
308.20320
309.10788
309.15552
309.69906
309.75876
310.15152
312.10824
312.11880
312.15216
312.38004
312.52956
312.55380
312.80856
312.95172
312.99636
313.35894
313.39908
313.41606
313.48230
313.70244
313.81602
313.86906
314.01894
314.13900
314.92560
315.02550
315.08256
315.28236
315.33540
315.64626
316.68558
317.36604
317.59674
317.83920
317.84502
317.87040
317.89656
318.18288
319.24236
319.24956
319.25862
320.23572
320.59854
320.62650
321.30408
321.56604
321.61902
321.85884
322.22058
322.27614
322.75290
323.13936
323.14938
323.35920
323.39670
323.62644
323.64666
323.67144
323.68974
323.73012
324.11622
324.23298
324.24762
324.39876
324.50244
324.78312
325.03602
325.61964
325.65408
325.65918
325.69302
326.13624
326.15946
326.17338
326.34996
326.62698
326.88612
327.07596
327.19254
327.33288
327.33606
327.53316
327.77094
327.77676
328.57362
328.58256
328.81488
328.82994
329.16948
329.49636
329.50416
329.51940
330.24258
330.24660
330.25218
330.55908
330.74250
331.17066
331.20870
332.12286
332.19246
332.32584
332.33628
332.44230
332.55234
332.55912
332.80314
332.81322
333.46614
333.73272
333.85272
334.09926
334.12284
334.13250
334.15608
334.38996
334.43232
334.58976
334.79280
334.81944
334.93602
335.96214
336.67266
336.68244
336.87042
337.28148
337.33584
337.82208
337.85412
338.00598
338.41140
338.48922
338.87598
339.26598
340.25202
340.27254
340.44210
341.51556
342.29598
342.42228
342.44004
342.56304
342.57558
342.89148
343.17516
343.19952
343.30200
343.31556
343.33926
343.36860
343.68234
344.04594
344.16576
344.44890
344.46252
344.60544
344.75208
345.09924
345.40824
346.14180
346.55838
346.58550
346.60638
347.15184
347.38512
347.80830
347.85828
347.93202
347.98512
348.25836
348.26292
348.43506
348.83484
349.19166
349.47528
349.68168
349.70178
350.63190
351.32478
351.57558
352.30752
352.60164
352.84500
353.68818
353.94828
354.15486
354.36714
354.37836
354.80766
354.81498
354.83418
355.49790
355.96452
356.48112
356.67882
357.13398
357.25110
357.80088
357.93048
358.20720
358.23756
358.31442
358.55028
358.80120
358.96164
359.21400
359.22396
359.27814
359.31144
359.51730
359.64018
360.61746
360.81120
360.90684
361.07466
361.21680
361.38726
361.74096
361.79712
361.90008
362.36718
362.96718
362.98368
362.99724
363.52008
363.98544
364.01442
364.01718
364.33326
364.63344
364.87338
364.94022
365.26092
365.67048
365.98038
366.02016
366.02328
366.28368
366.72408
366.73386
366.75942
366.78366
366.80010
366.94596
366.96660
367.47048
367.57296
367.65030
367.67352
368.16702
368.19378
368.23704
368.45748
368.56344
368.57052
369.49728
369.61350
369.66366
369.97740
370.34388
370.36368
370.60056
372.05652
372.15378
372.16656
372.44976
372.57030
372.67032
372.94038
373.06350
373.08306
373.25640
373.75626
374.02074
374.39982
374.46360
375.06336
375.25902
375.58980
375.62268
375.77982
376.25700
376.28940
376.43940
376.52730
376.62966
377.25126
377.56050
378.07524
378.08382
378.09660
378.51300
378.60936
378.68634
380.60310
380.64306
381.07230
381.16566
381.28884
382.42932
382.53864
383.17314
383.77644
384.08208
384.84876
385.34616
385.43634
385.46526
386.03532
386.04582
386.09310
386.12214
387.02586
387.55512
387.65976
387.78888
388.42662
388.57188
388.66560
390.26256
390.68580
390.69882
390.70590
390.71238
390.73596
391.01262
391.13898
391.19898
391.60542
392.09874
392.34480
392.34894
392.61540
392.64864
392.77218
392.91576
392.93268
393.11928
393.24894
393.37236
393.49878
393.51930
393.83598
394.14912
394.56552
394.68234
395.63856
396.06576
396.99906
397.09596
397.89792
398.22942
398.24952
398.47932
398.88222
399.31578
399.42636
399.73956
399.93864
400.31250
400.38564
400.62198
400.86204
400.86546
401.67186
401.94270
402.29580
402.30336
402.31542
402.56520
403.34562
403.36218
403.41504
403.67616
403.68174
403.91226
404.40006
404.43180
404.49828
404.58228
404.76486
404.82168
404.89446
405.34260
405.68154
405.69816
405.73620
406.04826
406.38516
406.52556
406.73868
406.78902
407.69190
408.19482
408.20898
408.41460
408.52500
408.70176
408.80442
409.06134
409.56414
409.59474
409.63764
410.36496
410.76414
410.94162
411.03438
411.06780
411.25062
411.58080
412.01370
412.04418
412.15794
412.78686
412.86402
412.91754
414.38718
414.85338
415.10124
415.34664
415.65744
416.30298
416.58732
417.10296
417.75696
418.08330
418.32582
418.65000
419.02944
419.21316
419.84988
419.86332
419.95740
419.95986
420.32958
420.47646
420.56268
420.77976
420.79614
421.21920
421.23600
421.30332
421.31280
421.57614
422.06280
422.50680
422.54958
422.57898
422.61312
422.64006
423.23088
423.24636
423.59964
424.75260
424.77216
425.38572
425.40444
425.50944
425.54562
425.63256
425.69562
426.25680
426.29232
426.31866
426.58572
426.67878
426.87888
427.32882
427.58562
427.73256
427.73862
427.87590
427.99926
428.68500
429.04566
429.07908
429.18252
429.39234
429.40212
430.57320
430.80156
431.02248
431.25900
431.26194
431.35200
431.80146
432.32868
432.84630
432.89892
432.92838
433.14678
433.17882
433.26816
433.60602
433.65858
433.66824
433.81080
434.75238
434.91840
435.09198
435.52530
435.57528
436.00866
436.62258
437.76162
438.46182
438.47544
438.90720
439.08528
440.11812
440.13936
440.15136
440.17830
440.35578
440.54490
440.99208
440.99664
441.12570
441.18204
441.53502
441.58608
441.71826
442.02528
442.97832
442.99494
444.19494
444.36180
444.45228
444.73488
444.91164
445.21482
445.78206
446.36196
446.37864
447.14238
447.39894
447.82884
448.29570
448.32882
448.39260
448.41534
448.47882
448.81218
448.99590
449.79252
449.94252
450.06582
450.53268
450.75924
450.84972
451.12944
451.18548
451.29564
451.32912
451.49574
451.66896
451.70340
451.71252
451.72332
451.77324
452.25264
452.26866
452.28258
453.32952
453.44556
453.47904
453.56244
453.86244
454.23300
454.54614
455.90316
456.09564
456.16254
456.17562
456.31920
456.46254
456.51234
456.59016
457.08246
457.12614
457.14960
457.52898
457.80618
457.85226
458.06268
458.12322
458.64294
458.91252
458.92902
458.98296
460.14012
460.14924
460.18008
460.21260
460.40658
460.55322
460.86906
461.06982
461.09670
461.12298
461.34558
461.59566
461.80956
462.03270
462.61230
462.74598
463.23318
463.52880
463.61880
463.74270
464.12904
464.22900
464.50932
465.66600
465.67410
465.91236
465.95232
466.00674
466.01256
466.02894
466.16610
466.17906
466.87914
466.97580
467.71602
467.75208
467.79918
467.96232
468.16386
468.20226
468.36840
468.37908
468.41886
469.66890
470.22864
470.33268
471.21900
471.27600
471.99570
472.13514
472.13976
472.26216
472.40886
473.14518
473.26206
473.30922
474.57876
474.61200
475.38246
475.63512
475.76862
476.04276
476.09532
476.22882
476.41230
476.47278
476.91198
477.11184
477.34512
477.54528
478.30140
478.53954
479.05248
479.06562
479.17548
479.46516
479.47818
479.71536
480.05148
480.28608
480.29502
480.61830
480.87264
480.91146
481.12758
481.13520
481.89852
482.26620
482.46102
482.77512
483.25542
483.32808
483.38868
483.54150
483.62814
483.76572
484.24170
484.37778
484.40148
484.41084
485.54142
485.72766
486.10086
486.60786
486.62472
487.12194
487.16088
487.63428
487.64412
487.67742
488.07756
488.12130
488.55786
488.85096
488.89434
488.89776
488.98110
489.32340
489.99384
490.58448
490.58670
490.89756
490.90470
491.01090
491.23404
491.45022
491.63382
491.83080
492.24354
492.25728
492.26490
492.29340
492.44742
492.86976
493.07100
493.10730
493.35756
493.57674
493.58364
493.62684
493.67694
493.84368
494.38350
494.42082
494.50014
494.51694
494.53026
494.79372
495.09330
495.20010
495.71010
495.99372
496.45020
496.69356
497.48838
497.50740
497.52462
497.56446
497.60712
497.61708
498.13836
498.67686
498.71400
498.91692
499.03812
499.45716
500.08422
500.11362
500.14344
500.31042
500.41038
500.47404
500.71962
500.73078
501.32688
501.51054
501.53766
501.54078
501.85632
501.89394
502.24050
503.46054
503.77122
503.77422
503.80746
504.09378
504.71094
505.07106
505.26042
505.41708
505.98684
506.03088
506.14374
506.29392
506.32428
506.85522
506.91108
506.96064
507.19392
507.21036
507.44130
507.46050
507.66060
507.84372
507.87144
508.12746
508.13094
508.42710
508.55022
509.93370
510.23070
510.90750
511.39092
511.40454
512.03364
512.25750
513.83046
513.83346
514.14012
514.67388
515.04726
515.29074
515.34036
515.72370
515.77632
517.13322
517.19970
517.71312
518.02338
518.08980
518.98032
519.04002
519.26694
519.55380
519.59640
519.93936
520.29240
520.44888
520.64238
520.94280
522.18936
522.60900
522.62550
523.17294
523.28562
523.30890
523.52286
523.60884
524.07906
524.49228
524.55276
525.35838
525.42492
525.45936
525.48210
525.49584
526.48848
527.08230
527.09802
527.10522
527.14800
527.68806
528.08832
528.36084
528.59850
528.63774
528.89406
529.59234
530.12400
531.46074
531.70716
531.72102
531.74406
532.33824
532.77384
532.82100
532.95888
533.23008
533.56368
533.75712
533.76348
534.01758
535.28754
535.94682
535.98936
536.02338
536.47056
536.59026
536.65674
536.70384
536.93004
537.56796
537.59214
537.60714
537.64746
538.67712
539.40666
539.43744
539.44764
539.46324
539.60658
539.71092
539.74932
539.96046
540.06738
540.08472
540.71298
541.54656
542.05374
542.06022
542.20092
542.43432
542.93964
542.94636
543.20394
543.21330
544.37976
544.38390
544.61286
545.21346
545.26308
545.75364
545.82984
546.17274
546.92298
547.14342
547.36998
547.88652
548.08650
548.32650
549.00330
549.47280
549.49338
549.57366
549.67920
549.82272
549.85620
550.49298
550.51272
550.82934
551.91222
551.94234
551.94564
552.45540
552.48918
552.73176
552.78876
553.06950
553.67832
553.87230
553.88574
554.35218
554.88246
555.41616
555.65874
556.19526
556.64856
556.78854
556.92816
556.99848
557.04906
557.21124
557.49144
557.51412
557.77476
557.79450
558.04098
558.06102
558.42240
558.94410
559.33038
560.52426
560.53716
560.54484
560.57070
560.61318
560.94696
560.96010
560.97240
560.98746
561.31476
561.35064
561.50040
561.57054
561.78156
561.81750
561.82482
561.83442
561.85374
561.85746
561.87408
562.02210
562.32660
562.61724
562.72698
562.79340
562.80054
562.98354
563.16066
563.20710
563.33118
563.48064
563.75976
564.09276
564.21996
564.39288
564.51684
564.88338
565.12314
565.20288
565.35942
566.56890
566.64210
567.01650
567.21558
568.04928
568.35846
568.76826
569.00790
569.24916
571.57440
572.76456
572.79456
572.82390
573.17772
573.27048
573.56688
573.74082
573.80388
573.83352
574.38732
575.06250
575.07306
575.78274
575.78922
576.08922
576.24942
577.28208
577.33890
577.85520
577.86138
578.03190
578.33214
578.36520
579.92802
580.47810
580.85082
580.90410
581.08764
581.12106
581.14476
581.20386
581.81094
582.48408
582.52770
582.92706
582.93378
583.27722
583.31346
583.91946
584.62944
584.88306
584.91306
585.39324
585.58602
585.89280
585.91260
586.26252
586.34010
586.43964
586.77606
587.03508
587.80896
587.89506
588.44904
589.51464
589.60512
589.88394
589.89798
590.20830
590.21082
590.44386
591.46794
591.50484
591.51084
591.52200
591.63480
592.07676
592.08090
592.08816
592.22688
592.37040
592.75008
592.83978
593.22666
593.69946
593.74284
594.74928
595.11546
595.25574
595.72242
595.72536
595.73250
597.04518
597.29142
597.35808
598.14756
598.32438
598.70010
598.74738
598.85430
598.87116
599.10456
599.42094
599.72082
599.74038
600.00708
600.22434
601.01340
601.02336
601.49766
602.20344
602.27304
602.61282
602.82036
603.21672
603.22932
603.24312
603.52266
603.67290
603.97272
604.19628
605.00274
605.09592
605.26602
605.34540
605.91660
606.35904
607.17870
607.20882
607.31886
607.44942
607.55250
608.50188
609.21132
609.51120
609.52800
610.34490
610.70598
610.81824
611.24424
611.79450
612.43470
612.62202
612.83208
612.87216
613.12728
613.15452
613.19790
613.51770
613.52064
613.71786
614.04816
614.08452
614.77038
614.79354
614.88144
614.99820
615.00408
615.47406
615.70074
615.74358
616.23786
616.33410
616.73130
616.79754
617.14740
617.46426
617.67030
617.68680
617.69376
617.85090
618.06024
618.25056
618.78396
618.93990
619.23828
619.27380
619.37406
619.45074
619.71996
620.00364
620.43660
620.61696
621.10002
621.33348
622.24314
622.25016
622.81998
623.92290
624.52020
625.05288
625.30974
626.13072
626.15304
626.16342
626.51640
627.14238
627.20298
627.48030
627.48966
627.52332
628.18650
628.88958
629.82516
629.86344
630.20904
630.25632
631.20276
631.82274
631.87590
631.89252
631.98276
632.41308
633.11916
633.22998
633.32574
635.26638
636.44706
636.47988
637.06662
637.82580
637.88196
637.90254
637.90872
638.12592
638.47296
639.26646
639.28326
639.32634
639.43986
639.45018
639.46650
639.50934
639.79986
640.37592
640.87110
641.10990
641.16222
641.44284
642.28356
642.69318
643.31088
644.01666
644.55054
644.70702
644.92398
645.13680
645.50952
646.52676
646.69752
646.89024
647.28402
647.68398
647.76996
648.02982
648.47664
649.01406
649.06722
649.19400
649.20570
649.66002
649.67040
649.94340
650.38398
650.97048
650.98392
651.32700
651.36618
651.37758
651.38418
651.77694
651.93744
652.19106
652.58706
653.44404
653.44830
654.40794
654.71046
655.18728
656.01792
656.07408
656.10384
656.34486
656.36802
656.65776
657.71796
657.88992
658.45836
658.49508
658.52508
658.88010
659.20458
659.33256
660.00144
660.61518
660.83772
660.85440
660.93492
661.31796
661.41126
662.12304
662.56128
662.66832
662.82798
662.85468
664.02840
664.67148
664.73838
666.38172
666.92916
666.96912
667.53288
667.73874
667.81476
667.83594
667.99572
668.62242
668.72664
668.78916
669.05628
669.07968
669.46242
669.49278
669.85584
670.97922
672.07956
672.69000
672.90360
673.03068
673.43976
673.46412
673.48266
673.62678
673.68396
673.69014
674.16030
674.16750
674.19030
674.21322
674.30394
674.47338
674.78010
674.96388
675.17382
675.41358
675.43734
675.51348
675.65730
676.76394
676.76826
676.79832
676.84722
677.21814
677.69088
677.99802
678.04764
678.28086
678.50034
678.53142
678.58110
679.28856
680.45232
680.50854
680.74170
680.97498
681.23208
681.27540
681.29886
681.30192
681.63612
681.76566
681.95604
682.32936
683.43234
683.44584
683.45604
684.09270
684.39252
684.47346
684.54954
684.55944
684.75948
684.84432
684.99984
685.16628
685.17336
685.34976
685.60974
686.93112
687.10038
687.32400
687.50046
688.01430
688.04118
688.14384
688.87158
688.88688
689.21472
689.30826
689.41110
689.49432
689.54154
690.17826
690.75156
690.92238
691.22538
691.23942
692.10174
693.49974
693.50556
693.96648
694.59642
694.86702
695.31036
695.48358
695.49684
695.56050
695.61984
695.69664
695.84718
696.33072
696.42810
696.47754
696.61074
696.63768
696.68076
697.08822
697.12482
697.14738
698.29212
698.43768
699.59844
699.62226
699.62628
699.73878
699.91518
700.11222
700.18212
700.79586
701.07252
701.07966
701.14602
701.35998
701.37018
701.66316
701.89944
701.90316
701.94954
702.33288
702.46326
702.76356
702.80364
702.80664
702.83322
702.92706
704.15412
705.15810
705.24018
705.52410
705.65748
705.89832
705.98142
705.99828
706.71846
706.72188
706.89852
707.90874
709.22616
709.48356
710.60664
711.11706
711.13668
711.14034
711.44034
711.56736
711.59082
711.78432
711.99366
712.01766
712.61100
713.46102
713.77122
713.82138
714.05466
714.06156
714.26556
714.32280
714.62850
714.63216
715.26210
715.44528
716.28606
716.53332
716.69496
717.23634
717.38058
717.44616
717.66294
718.11690
718.93974
719.34702
719.39964
719.47368
719.49024
719.57724
720.04038
720.77778
720.83502
720.95442
721.13814
721.48512
723.23142
723.83904
723.86250
724.11972
724.41588
724.60608
724.67256
724.71252
725.64246
726.13716
727.04364
727.32384
728.90052
729.24762
729.63078
730.42848
730.45110
730.45554
730.50228
730.51830
730.60854
730.92510
731.34204
731.57844
731.80440
731.82552
732.27864
732.81876
732.87270
733.10220
733.18512
733.20306
733.44924
733.46262
733.51884
734.07972
734.09304
734.29590
734.33676
734.54604
734.58132
735.09642
735.34632
735.40704
735.58404
736.77030
737.07012
737.41092
737.52042
738.08058
738.27126
738.28806
738.30486
738.43092
738.68088
738.94494
738.95430
738.97146
738.99780
739.34778
739.66188
740.60886
741.40206
742.02300
742.09878
742.13604
742.54890
742.69302
743.02662
743.26254
743.32980
743.62950
744.14982
744.59958
744.61026
744.63678
745.01694
745.03284
745.08996
745.33968
745.34988
745.57320
745.89738
745.93032
746.13366
746.51394
747.12378
748.28694
748.29396
748.31184
748.68768
748.96218
749.13414
749.23866
749.28552
749.29800
749.32404
749.35452
749.37504
750.86796
751.47894
752.43516
752.56518
752.75796
752.85174
753.70914
753.82224
753.85818
753.92550
754.52550
755.11554
755.14200
755.67522
755.90220
758.09256
758.56932
758.85636
759.10284
759.15276
759.38334
759.51990
759.59316
759.73656
760.40664
761.00016
761.05986
761.08650
761.11740
761.42640
761.76000
762.21420
762.39342
762.53406
762.82656
763.45356
764.36148
764.72964
765.10374
765.43128
765.45384
766.13778
766.50768
766.92762
767.14134
767.15610
767.62110
767.83056
767.83782
768.02484
768.20598
768.62808
768.65478
768.98562
769.00476
769.37136
769.73838
769.94898
770.27832
770.32830
770.57832
771.35532
772.30584
772.31634
772.33890
772.53948
772.54656
772.57854
772.70274
773.15928
773.19288
773.56194
774.18318
775.02288
775.30014
775.31910
775.97946
776.02968
776.25624
776.31312
776.51016
776.77326
777.07326
777.10656
777.21312
777.35658
777.75642
777.76434
778.02336
778.04010
778.21308
779.13726
779.75712
779.99010
780.10698
780.57372
781.15122
781.25706
781.33758
781.62780
781.64706
781.70118
782.02380
782.16810
782.35728
782.99712
783.02742
783.15438
783.28110
783.39738
783.78486
784.06446
784.08096
784.10898
784.25490
784.77126
785.19090
785.50488
785.59746
785.69472
785.95788
786.27150
786.60816
787.64796
787.82466
787.88844
787.95522
789.93168
790.53186
791.63628
791.80290
791.97936
792.01956
792.20184
792.81576
793.12554
793.59906
793.96650
793.97268
794.15916
794.37570
794.40924
794.73816
795.44640
795.97338
795.99654
796.00650
796.56294
796.74900
796.76658
797.29368
797.31012
797.58708
798.36324
798.37014
798.65940
798.67338
799.35666
799.36026
799.41630
799.76034
800.16612
800.24298
800.77326
801.92364
803.03994
803.09928
803.86374
803.98302
804.21390
804.49962
804.56334
805.05696
805.09680
805.20984
805.78332
806.05068
806.32386
806.36376
806.54388
807.03066
807.35424
808.49370
809.43378
809.56092
810.21792
810.22416
810.65778
810.66384
810.68148
811.71066
811.86072
811.90776
812.38050
812.80170
813.42456
813.60036
813.91080
813.94116
814.01070
814.31094
815.13486
815.17128
815.35092
815.63130
815.73426
815.81790
816.12180
816.13416
816.14526
816.28410
816.71754
816.83424
817.00506
817.42140
817.76454
817.79424
817.81782
817.89180
818.30544
818.33148
818.42778
818.71116
819.04488
819.05208
819.67194
819.90168
820.61886
820.96146
821.01774
821.03496
821.24496
821.34480
821.80140
822.21816
822.24186
823.50150
824.70612
824.79540
825.15936
825.16572
825.17298
825.45636
826.77594
827.69304
827.72760
827.75664
827.84988
827.87400
827.90220
828.04584
828.54312
828.54636
828.63024
828.96978
828.98322
829.17966
829.30272
829.51998
829.78338
829.78608
829.94676
830.36688
830.41314
830.64648
830.76036
830.81328
830.82684
831.13338
831.90060
831.94680
832.07016
832.33038
832.43394
832.44690
832.45332
832.85676
833.06376
833.33424
833.57466
833.63724
834.01416
834.16110
834.18450
834.23502
834.78750
835.21086
835.22838
835.48128
835.51074
835.85460
836.03496
836.39214
836.48532
836.51862
838.17270
838.43898
838.44594
839.25966
839.51586
839.52540
839.54652
839.74908
840.21618
840.64596
841.99734
842.10030
842.85702
843.23094
843.38292
843.39054
843.39798
843.61752
843.81456
844.52448
845.14824
845.50152
845.52462
845.68884
846.02928
848.61918
849.80430
849.82626
850.08108
850.49316
850.72668
850.96722
851.22750
851.43396
852.12738
852.33438
852.38910
853.23282
853.31082
853.44480
853.90872
853.92726
854.63262
854.65224
855.04908
857.87946
857.89638
858.25050
858.32676
858.63684
858.65046
859.40400
859.53936
859.77360
859.89030
859.92042
862.01424
862.08492
862.65774
862.90188
863.10216
863.12466
863.13570
863.58408
863.69880
865.16496
865.19856
865.46814
865.82526
865.84206
865.84374
865.90848
866.59638
866.92260
867.49272
867.87576
868.21602
868.49922
868.50912
868.51614
868.82118
868.88718
870.00024
870.03282
870.03672
870.17634
870.28740
870.37650
870.53556
870.58290
870.94350
871.16370
871.49964
871.69782
871.73364
872.39352
873.12126
873.30054
873.67134
873.78384
873.83802
874.57746
874.58388
875.18838
875.24424
875.26080
875.34414
875.86092
875.92068
876.84144
877.12812
877.52790
877.86150
877.89450
878.18454
878.73462
879.38220
879.83490
879.86184
880.26180
880.54188
880.55394
880.57290
880.58934
880.61826
881.56554
881.59878
881.88564
882.19248
882.22296
882.44898
882.72588
882.90174
883.56858
883.94568
884.47926
884.88660
885.20340