0.35518
1.59904
2.52970
3.12298
3.21550
3.22612
3.44686
3.45964
3.53218
3.55846
3.89896
4.02952
4.11550
4.13224
4.39888
4.80544
5.00950
5.29612
5.38216
5.61286
7.23232
7.31128
7.53400
7.91296
8.58400
8.75578
9.96580
10.56544
11.41834
13.73620
14.02552
14.25010
14.25982
14.34910
14.58586
14.74624
15.03916
15.05860
19.12210
20.62204
22.60942
23.27914
25.60816
28.64512
29.90710
29.92264
34.95376
36.87214
37.10572
37.12948
37.15318
37.58242
37.59298
38.27950
39.41566
39.81436
40.00552
43.00252
44.38348
44.85490
45.13180
45.99826
48.07864
48.22012
48.73108
49.19386
50.04838
51.27508
53.71420
56.07790
56.25676
58.38046
59.83924
60.13336
60.44962
61.72378
61.83364
62.24674
64.01938
64.03396
64.94380
65.85682
66.19354
67.33618
69.58924
72.02596
72.71968
73.27822
73.28092
73.38994
73.82074
73.89826
74.05198
74.11426
74.61442
77.39422
79.74778
79.77424
80.92666
82.07062
84.10654
86.74522
89.23888
89.74768
89.91874
90.19540
90.19714
90.92776
92.70742
93.52840
93.79336
93.90094
94.59412
95.12368
97.85386
101.49916
102.03382
103.99372
106.18102
107.66260
108.10390
110.83546
112.38502
114.13084
114.82036
115.32976
115.35268
115.75360
116.27050
116.56066
122.62312
123.00262
123.80254
124.01026
127.37494
127.86742
129.40180
129.70180
130.24288
132.33658
132.80164
132.98056
137.92168
138.59878
138.69892
139.44874
139.85806
143.79304
146.98570
147.26920
147.33592
148.33600
150.12904
152.03074
153.34354
154.98712
155.78500
159.70474
162.18856
162.25288
162.61216
163.23286
164.16244
168.92368
169.15738
170.94718
172.18228
174.22732
174.64168
177.34420
179.20606
179.53402
179.67490
179.87728
181.50892
181.54978
181.57672
181.61896
181.98604
182.01784
182.02408
182.81938
183.71236
185.86420
187.19164
188.29456
189.24460
189.82516
189.89470
190.58596
190.89496
191.71198
193.81198
196.29322
196.47310
196.48822
199.26016
201.72982
203.26330
203.44390
203.73616
205.11358
205.75066
206.33050
207.29728
207.69640
208.19746
209.41156
209.72476
210.85564
210.90682
211.25842
212.17102
212.64130
212.82154
213.26224
214.25632
214.94218
216.41554
219.21628
222.69910
222.95548
225.89560
226.72246
229.16962
230.27002
230.95024
234.23824
234.58840
236.23888
237.06676
237.33940
237.89650
241.14892
241.32862
246.71386
247.62700
253.16836
254.79592
256.26010
256.27684
257.62702
257.81932
258.46330
259.93048
260.88052
264.40204
264.91858
265.43170
267.28234
267.48238
268.65868
269.18002
269.74348
270.00274
271.19992
272.56708
273.20980
273.39304
273.86728
275.91784
276.95770
278.91478
279.15202
281.41048
281.54632
281.79790
283.33294
285.24772
286.12054
286.24684
286.33498
286.70788
288.92152
289.97458
290.03836
291.05284
291.15538
291.55552
294.15358
294.46390
296.52982
296.57362
296.58532
296.65714
296.95162
297.69682
299.21710
300.83092
301.09876
301.16566
301.37464
301.96126
302.84164
306.55876
306.56524
308.10892
310.67608
310.92616
312.22642
315.09358
315.69364
315.83770
317.62378
321.43552
322.04212
322.75474
323.43532
323.79208
324.18634
324.34288
324.72898
327.02362
328.11058
331.91344
333.02590
333.15652
333.58840
333.80584
334.08778
336.16900
336.83218
338.38912
339.77686
340.09888
340.19992
344.70778
345.02158
347.41156
347.60092
350.32756
351.28444
351.28696
351.33346
351.67282
356.26858
356.48890
356.73754
356.74036
357.28930
358.30354
359.14648
359.59030
360.64852
362.35834
364.70932
364.78918
364.83988
365.56594
366.71002
367.54900
368.87758
369.06106
370.34488
370.73776
371.80204
372.87304
372.89590
375.21640
375.98038
376.04704
376.64728
377.73418
378.64720
378.87112
380.15872
380.20462
380.46520
380.76520
382.98268
383.63272
383.76004
384.75370
384.82960
384.88042
385.35400
387.23398
388.38436
388.65112
389.46544
390.14548
391.18426
391.88818
392.37568
392.96050
393.90322
394.25332
394.85992
396.31816
399.27856
401.86060
401.94646
402.99694
404.06392
405.23884
405.51892
405.71464
409.90150
411.51730
412.42798
413.36194
413.97274
414.57652
418.99516
419.83798
420.85504
422.28250
422.40586
422.49064
422.98936
424.72720
427.26784
427.40140
427.55134
427.65922
427.76086
428.75182
428.83870
430.36906
431.16802
432.19558
432.95602
433.09288
433.58416
433.91290
434.17048
434.57668
434.60746
436.25182
436.60174
436.60882
439.86202
440.67268
441.11272
442.26286
443.10430
443.31334
443.40700
443.42098
444.07120
446.33782
446.97178
448.22530
448.33192
448.52548
448.97560
450.13492
450.57604
451.09276
451.19302
451.46578
452.34934
454.13044
455.77714
456.15034
457.49602
458.56756
458.91100
459.62776
459.89092
460.64830
461.70106
464.42848
464.50144
465.41848
466.14550
466.83772
467.41840
468.65962
469.20208
469.78030
470.62882
470.92912
472.10980
473.58850
474.85996
475.17940
475.35250
475.92934
475.97230
479.06278
479.51278
480.58588
480.65710
480.89338
481.26922
481.76008
481.84336
482.54626
482.58322
483.62368
484.62970
485.10280
485.19640
486.02608
486.04636
486.14644
487.51336
487.81312
489.48622
489.85966
490.37218
490.95016
492.14542
495.11326
495.89656
497.11066
497.20624
497.23384
498.02110
498.32116
499.37110
499.67032
500.01340
500.08636
502.03186
502.06048
503.15590
503.45452
503.89654
505.01968
506.32732
506.61970
507.46330
507.60580
507.63004
507.72982
507.81982
509.04394
509.38006
510.53632
512.21320
512.35984
512.47996
513.91300
514.11298
514.19638
514.59358
514.73608
515.65510
516.72934
517.36264
518.76610
519.29434
520.17850
522.26134
523.66972
523.86058
524.38366
524.61934
524.67676
524.79370
524.93362
525.07678
525.27682
525.82396
525.87100
526.10710
526.14322
526.48000
526.84282
527.10682
527.32354
527.57308
527.64268
529.53202
530.52502
535.60708
535.97362
536.61340
538.47322
539.99740
540.13954
541.94698
544.00564
544.29934
544.42222
544.70566
544.78006
545.58604
545.92876
546.53860
547.68856
548.52820
549.40510
549.66142
549.96430
550.21894
550.41142
550.81138
551.01142
551.41096
551.81152
552.25468
554.12116
554.76814
554.87758
555.18778
556.68766
556.73764
557.81356
558.34522
558.77458
558.81712
560.72728
560.87728
561.02704
561.36070
561.62746
561.64474
561.87748
562.16344
563.78740
565.53754
567.45142
567.65416
567.76066
568.40422
569.87710
570.10414
571.03744
571.13482
571.61188
571.86460
571.92064
572.02708
573.27058
573.69352
574.15114
575.68714
577.76020
578.11300
579.26740
579.27004
579.37276
580.71970
581.16982
583.60906
584.27314
584.71918
585.01930
586.87522
587.01874
587.78542
588.26506
588.27532
590.22616
590.77882
590.80156
592.05766
592.15138
592.28470
592.47148
594.17530
594.24040
594.45982
595.28104
595.39018
595.41724
595.61710
597.68326
597.73324
599.43274
599.49052
600.26584
601.31278
601.35610
601.92160
602.46514
602.66494
603.17878
603.29512
603.60430
603.78832
604.68880
605.99716
606.31366
607.09408
607.21972
610.35190
610.47898
610.69438
610.88542
611.49526
612.54502
613.05838
613.58176
614.30116
614.51092
614.57488
615.12748
615.71842
615.88408
616.22698
616.24390
616.28362
616.99360
617.37574
617.39332
617.40904
618.99274
619.18018
619.70032
620.93938
622.23118
622.99132
623.21128
623.80756
624.94954
625.06216
625.54030
626.46304
628.08922
628.77244
629.28892
629.97190
630.22192
630.73828
631.83790
631.93936
631.94452
632.86828
633.01828
633.14758
633.29374
633.56158
634.83424
635.03422
635.66902
635.70514
636.72772
636.89290
637.92910
637.93624
639.51664
639.96910
641.20222
643.69642
643.86826
645.51796
645.54862
645.68650
646.08466
647.45086
648.38146
648.61744
649.07374
650.03092
650.51068
650.54758
650.93362
652.79716
653.71390
653.74990
654.04996
654.84976
654.96388
655.19974
655.29706
655.60612
656.09212
656.19970
656.61622
656.63296
656.93650
656.94970
657.76534
658.21354
658.41616
659.58292
659.94970
660.18022
660.53278
661.57390
661.73902
664.09942
665.01322
666.31330
666.40876
666.59932
666.64312
667.91584
668.93242
668.93884
669.00988
669.46228
669.84016
670.83238
671.33218
671.46280
673.87168
674.81542
676.02202
676.94590
677.43190
677.83828
678.00916
678.55492
678.55906
678.69832
678.89572
679.28164
679.94830
680.34832
680.44828
680.49838
680.96506
681.16222
681.69826
683.17894
683.71492
683.87116
684.54820
685.40458
685.86208
685.91494
685.98808
687.08800
687.24808
687.45880
687.53146
688.44808
688.48144
688.51198
691.07104
691.47076
693.93802
694.16458
694.20868
694.73140
695.53132
695.78800
696.18130
696.69802
697.44538
697.90426
698.16850
698.41468
698.44804
698.54794
698.66188
698.69794
699.24076
700.02856
700.03774
700.20436
700.67860
701.00746
701.34790
701.65834
702.79528
703.06462
703.46476
704.11468
704.62126
704.81794
705.09532
705.53128
705.79804
706.73140
708.29788
709.34422
709.71478
710.34802
710.44804
710.69182
711.08788
711.66478
711.73486
712.47250
713.38486
714.48142
716.28142
716.50462
716.79814
719.09794
722.91484
723.65470
724.33162
724.34818
724.91110
726.83164
727.24744
727.36234
727.71484
729.00610
729.51502
729.67450
730.00906
731.21230
732.25234
732.26248
735.15532
735.88240
738.30730
738.51340
738.97288
740.22316
740.73070
741.66700
742.18384
742.27360
743.84092
743.95486
743.95762
744.54064
744.63448
744.81538
745.65136
746.53390
747.94936
747.98542
748.05856
748.08538
749.43538
751.21930
752.83630
754.11976
754.21978
754.41988
754.80040
754.97002
755.02000
755.03656
755.16436
755.21998
755.27002
755.47000
755.48668
755.51998
755.58664
755.63668
755.77006
755.80342
755.88670
755.97634
756.03562
756.17008
756.65344
756.68680
756.83692
756.87028
756.97960
757.20352
757.38700
757.45096
757.55062
757.57678
757.93696
758.02240
758.09332
758.17048
758.18710
758.27044
758.45380
758.57050
758.73106
758.83126
758.85112
759.02044
759.13726
759.27064
759.54502
759.72400
759.78124
760.12066
760.45390
760.62070
760.85398
760.91806
760.92478
761.05396
761.08744
761.15392
761.46802
761.90410
761.96824
762.61486
762.95794
763.02082
763.30420
763.48762
763.52098
763.55314
764.06074
764.40436
764.40790
764.50174
764.87110
765.15436
765.17110
765.48520
765.55060
765.60172
765.72118
765.84190
765.87778
765.89170
767.80198
767.91112
768.13834
768.27922
768.41878
768.50482
768.64594
768.87928
768.88210
768.98812
769.47160
770.15506
770.42524
770.58850
771.02176
771.23854
771.61588
772.47208
772.48258
772.63864
773.36866
773.43892
773.58892
773.72638
773.92888
774.19564
774.36346
774.45286
774.60574
774.64876
774.67240
774.70564
774.92002
775.28920
775.37884
775.39984
775.45594
775.52254
775.85596
775.95598
776.00596
776.08936
776.45596
776.46262
776.53678
776.63938
776.78680
776.98348
777.75892
777.82288
777.93682
778.10332
778.38958
778.87324
779.25640
779.43994
779.54674
779.55370
779.63986
779.65396
779.85664
779.86006
779.99002
780.44008
780.48748
781.12360
781.29028
781.52080
781.79038
782.09950
782.14978
782.19040
782.19826
782.60716
782.92402
783.10732
783.14068
783.34078
783.50734
784.12420
784.15402
784.67434
784.75768
784.89106
785.00776
785.43514
785.47456
785.55184
785.74144
785.80798
785.85796
785.90800
786.24142
786.80824
786.95188
787.20820
787.25830
787.40242
787.42522
787.44544
787.45102
787.55842
787.58908
787.70230
787.82518
788.20852
788.63926
788.72254
788.84200
788.98924
789.42430
790.15900
790.57570
791.54902
791.80930
791.94262
792.34270
792.79288
792.89284
793.09030
793.15588
793.19290
793.64926
793.70722
793.82638
793.90000
794.14312
794.20714
794.35714
794.36602
794.39314
795.24328
795.32314
795.33442
795.39334
795.54322
795.64336
796.94356
797.01028
797.42698
797.62708
797.71036
797.94100
798.04372
798.36046
798.62122
798.71056
798.86050
798.87730
798.99406
799.11064
799.12732
799.25794
799.56070
799.57456
799.59130
799.62748
799.71076
799.86076
800.18410
800.37748
800.42752
800.47756
800.67760
800.74426
800.82766
800.84416
800.92762
800.97760
801.01090
801.02770
801.04432
801.64438
801.76120
802.02772
802.32184
802.59466
802.77796
803.07802
803.15164
803.22808
803.23462
803.34484
803.57200
803.61784
804.07822
804.26170
804.44500
804.79510
805.09510
805.96186
806.04514
806.29516
806.49520
806.62600
806.64520
806.90200
806.91190
807.01852
807.06100
807.32866
807.34534
807.41188
807.59548
807.97276
808.09552
808.19542
808.29556
808.66210
808.79560
808.94560
808.99564
809.02558
809.07640
809.46232
809.66224
810.11242
810.82906
811.21252
811.29580
811.77028
811.89586
812.19580
812.26264
812.57926
812.81266
812.90008
813.14608
813.17932
813.21268
813.59602
813.69610
813.94606
814.12948
814.22950
814.36282
814.38730
814.44622
814.72978
815.09626
815.37964
816.04624
816.14626
816.21028
816.24640
816.37966
816.49642
816.69646
816.86308
817.34644
817.45432
817.64644
817.84654
818.24650
818.32990
818.74660
818.86318
818.94670
819.27268
819.31336
819.66202
819.70054
820.16338
820.54672
820.93654
820.96354
821.13658
821.17768
821.21362
821.38012
821.43010
821.46340
821.79688
822.20638
822.37000
822.76384
823.08028
823.33048
823.63042
823.76386
823.79608
823.89706
823.91386
824.08042
824.38054
824.41384
824.68048
824.76382
824.89726
825.01120
825.27424
825.31390
825.58414
825.86404
825.89470
826.06402
826.38982
826.53082
826.98100
827.26414
827.48086
827.54764
827.55388
827.89756
828.16438
828.31432
828.58096
828.61426
829.23100
829.60408
829.78102
829.85446
830.06446
830.14780
830.47852
831.36454
831.47860
831.71470
831.92242
831.99532
832.08760
832.61470
832.91488
833.13832
833.14822
833.28556
833.38162
833.58166
833.68168
833.78806
834.02158
834.02440
834.28174
834.92446
835.03186
836.03962
836.57176
837.04864
837.46306
837.61948
837.69610
838.13224
838.19884
838.29892
838.39894
838.59898
838.89904
838.96558
839.31574
839.34640
839.48608
839.60908
839.74024
839.74912
840.22216
840.44926
840.54946
840.62992
840.67894
840.89272
840.89932
841.13278
841.66630
841.87912
842.07562
842.21626
842.36632
842.67400
842.73706
842.81644
843.02272
843.15976
843.61654
843.76654
843.83332
843.98062
846.22018
846.63394
847.23412
847.66738
848.11360
848.48416
849.05086
849.48442
849.58822
850.57456
850.63462
850.67182
851.20138
852.38488
852.51832
852.65158
852.65800
852.66838
852.79564
853.50802
853.61848
853.73860
853.91572
853.96858
854.12488
854.14588
854.81854
854.98912
855.16876
856.32544
856.41874
856.53550
856.67656
857.18548
857.38552
857.46892
857.74210
857.78554
857.95660
858.39496
858.73552
859.03570
859.14988
860.03584
860.05246
860.20246
860.25250
860.42308
860.61658
861.21916
861.48592
861.50200
862.01938
862.05262
862.73620
862.81942
862.85272
862.98364
863.01952
863.15290
863.18350
863.18614
863.53348
863.53624
863.71648
863.75290
863.76970
863.88232
864.63382
864.69304
864.74590
864.96970
865.01986
865.24714
865.44304
865.46986
865.56988
865.68376
865.91236
866.27776
866.52004
866.55334
866.73676
866.97004
867.18688
867.35350
867.53398
867.53680
867.56752
867.68686
867.87010
868.63702
868.73686
868.98682
869.04370
869.35096
869.38684
869.42026
869.46748
869.65354
869.65996
869.78692
870.18706
870.21766
870.40360
870.50356
870.82444
870.91018
870.93688
870.97030
871.25998
871.59628
872.25370
872.35378
872.38708
872.42020
873.02050
873.25708
873.30376
873.35374
873.50374
873.63700
873.72664
873.77446
873.97042
874.00378
874.11154
874.42678
874.54360
874.67680
874.77046
875.06428
875.07040
875.09776
875.25376
875.59090
875.66152
876.02812
876.05374
876.07684
876.62044
876.90094
877.03456