1.60308
1.62498
1.81254
2.40702
3.14412
3.45120
3.81804
4.16316
4.40088
4.59012
4.97514
4.98390
5.00538
5.07972
5.65926
9.20166
11.48016
11.52018
11.59656
11.67576
12.43206
13.08060
13.10004
13.61586
13.87332
14.06970
14.25174
14.68038
14.70174
14.81478
14.83542
15.47700
15.82380
16.27278
16.58922
16.60158
19.21644
20.72148
21.61416
23.38980
23.98896
24.01458
24.68826
24.77730
24.79758
24.86496
24.95508
25.09644
26.25078
26.27178
26.45538
27.74616
29.84316
31.28808
32.98848
33.21990
33.96126
34.52046
35.61966
36.30972
36.35184
36.94692
40.83204
41.88852
42.81846
47.80302
47.91420
48.28116
48.58992
48.70326
49.37790
51.06036
52.86150
54.23994
54.28986
55.88466
55.90716
55.98642
56.93484
58.04220
58.62858
58.66764
59.13408
59.23290
59.35056
59.43186
59.52180
59.66832
59.85246
60.41976
61.09926
62.32230
65.37666
69.47658
70.03320
73.23972
73.26114
73.89510
75.12906
75.14886
76.03200
80.37558
80.67918
80.72268
81.34020
81.42540
81.45942
81.48306
81.62526
81.64062
81.80040
82.11024
82.24734
82.61676
83.02176
83.07774
87.44508
89.48052
90.75372
91.68204
92.11806
92.22618
92.46864
92.83476
94.53552
95.27550
95.64852
95.69034
99.07386
102.44898
102.48504
102.59706
102.94584
103.27434
103.30146
103.39704
103.51050
103.81824
104.17008
104.19408
104.86578
110.86128
110.90676
110.92578
110.96316
112.16364
112.18686
112.20972
113.33916
115.06074
115.12680
115.30722
115.77450
116.05458
116.84496
117.90252
118.88274
121.95726
121.97550
125.48538
125.64090
125.71320
125.78526
125.87280
126.17202
126.29814
126.44280
126.75792
126.89418
127.17054
127.23384
127.36632
130.60350
130.65060
131.98128
132.64458
134.33334
136.49910
136.54470
136.61694
136.91958
136.94178
136.96548
137.28198
137.39622
137.50392
137.75772
138.06726
138.82566
139.53354
139.55802
140.86350
141.96474
144.84264
145.82874
147.59592
148.45812
148.56672
148.74906
149.43318
149.71872
154.43358
154.45854
155.29776
156.80394
156.93330
157.77468
159.44514
159.46842
159.79182
160.18944
160.21074
160.33482
160.39710
160.66998
161.46300
161.47056
162.25284
165.91584
168.20046
168.28362
168.34176
169.49100
170.31078
170.41638
170.50920
170.68800
171.01668
171.03120
171.78456
174.53472
175.31640
175.69230
175.71696
177.88146
179.01522
181.34892
181.52820
181.62486
181.64412
181.66440
181.69566
181.74978
181.81278
182.23968
182.27772
182.31228
182.42148
182.79186
182.81088
183.21270
186.50112
188.84496
190.61430
190.69806
191.56758
191.60790
192.82620
193.06656
193.51662
194.31156
194.42340
195.54306
195.78192
195.80046
195.84522
196.06800
198.55806
199.02132
200.53854
201.63516
202.83300
203.48952
204.16494
204.72792
204.86058
204.97740
205.18020
205.24290
205.56876
205.60560
205.88550
205.91100
205.95978
206.24586
208.03698
208.95126
212.53236
214.01916
214.89372
215.78808
216.26910
216.39234
216.43290
219.60342
222.43230
226.07844
226.10472
227.01600
228.27498
228.37194
228.38484
228.48084
228.54474
228.66720
228.71142
228.95604
229.15668
229.95798
229.97562
232.02000
232.07712
235.82910
237.33894
238.33356
239.60490
239.62308
239.90814
239.93466
240.03408
240.14178
243.20040
243.22302
244.72296
248.17698
248.22630
248.24220
249.08970
249.13590
251.33802
251.48784
251.56794
251.75520
251.85150
251.86548
252.08910
252.10056
252.87564
253.11486
253.65780
255.02586
255.66510
257.14962
258.63090
260.43858
261.44736
261.47550
261.53382
262.54830
262.59372
262.65732
262.71786
262.77648
262.84146
263.50182
265.53102
265.79142
267.43068
268.50840
268.52964
269.38170
270.47520
271.21902
271.25154
271.28796
272.80272
272.93502
273.18660
273.43176
274.21728
274.43364
275.21796
276.11610
278.20020
279.05760
281.35950
282.31848
283.04154
283.08030
283.87740
284.73744
285.36666
285.50742
285.60186
286.14624
286.17438
287.54844
287.58072
288.68322
288.70560
289.71960
289.73256
289.86720
292.54002
293.57808
293.59632
294.40974
295.06500
295.09410
295.90860
296.51838
296.63406
297.52200
298.11684
298.80168
300.99114
302.06064
302.13792
302.20440
302.34048
304.64004
304.86126
305.68446
307.40976
307.72632
307.80324
307.95930
308.19768
308.22630
308.27724
308.70552
308.76360
308.78298
308.86842
308.95296
309.27534
311.09580
311.10684
312.31926
314.30952
314.45400
315.37080
316.18968
316.21380
316.22898
316.25466
317.50350
317.98512
317.99958
318.03312
318.16506
318.28884
318.56460
318.77610
321.28008
321.29436
321.33228
322.32708
323.51220
323.57268
324.35328
324.82242
325.83732
325.85760
326.85342
326.87580
326.91144
327.48714
327.49956
328.83300
328.92420
329.12352
329.25366
329.47590
329.56278
329.58498
330.29976
330.32466
332.51796
332.54922
333.88314
334.67898
335.41482
336.20988
336.26232
336.28686
337.21644
338.01894
340.05036
340.08180
340.27206
340.58706
340.60584
340.67634
340.76796
341.15532
341.57334
341.60544
341.62266
341.64240
344.09610
344.15604
344.20104
346.28448
347.35374
349.46052
350.83596
350.93592
351.59904
351.67518
351.80688
352.32726
352.36188
353.15988
353.17158
357.09654
357.11010
357.19050
358.88346
359.86158
360.97716
361.44276
361.47294
361.65978
361.72494
362.14266
362.20650
362.32584
363.20820
363.23226
363.29292
363.31014
366.22602
367.82412
368.54508
370.24416
370.25976
372.59160
372.82860
372.89190
373.15494
373.17294
373.20816
373.23744
373.49346
373.50870
374.03538
374.09262
374.61924
374.68716
376.61400
377.19312
377.21244
378.48864
378.62070
379.57098
379.60986
380.70720
382.19778
383.69712
383.78034
384.08772
385.87866
386.92494
387.53442
387.57126
390.77946
390.81546
390.84498
390.94722
391.59582
391.63290
393.31806
394.28058
394.54770
395.25402
395.35680
395.48502
396.05982
396.07656
398.54340
398.99754
400.78344
401.60940
403.70850
403.77744
404.31054
404.35386
405.23604
405.25086
405.33396
405.36876
405.41184
405.44664
405.50850
405.63660
405.79464
407.67402
408.73104
409.56354
409.58490
411.00954
412.07922
412.13040
412.69542
416.10426
416.32422
416.35416
416.43642
417.03426
417.10956
417.69774
417.76068
417.78216
418.95258
419.74602
420.33030
420.36090
422.17500
422.83182
423.72018
424.87122
424.98822
425.74440
427.39464
427.49910
427.52100
427.67238
427.68450
427.69734
428.11482
428.15202
428.26962
428.63076
428.77548
429.09528
437.81214
438.96318
438.98874
439.47744
439.50864
440.38230
440.57544
442.70532
442.91496
445.03632
446.62728
446.80446
447.72984
447.76998
447.79428
448.59912
448.63182
449.65188
450.23832
451.10184
451.26246
451.81626
452.77830
452.80878
454.92120
454.94658
454.99650
457.07838
457.09782
458.01810
459.23124
459.33180
459.36030
459.42702
459.47346
460.43754
460.88754
461.15202
461.17092
461.18004
461.33688
461.38794
462.07878
462.13350
462.20322
462.71016
465.15996
465.20142
466.36044
466.91574
467.55594
469.13724
469.22010
470.26746
470.32320
471.51114
471.60366
471.61266
471.68436
471.94548
471.98436
472.01412
472.10496
472.48116
472.49562
473.05854
474.26082
475.13682
475.89414
477.21396
477.22842
478.54422
479.46018
479.85192
481.23606
481.80006
481.88394
481.90260
481.92222
482.03292
482.14914
482.20380
483.26628
485.00112
486.11136
487.12008
488.97240
489.00960
490.20228
491.68512
492.09714
492.12342
492.82980
492.85098
492.91638
492.92940
492.96090
493.01148
493.51140
493.59282
493.61952
494.38050
494.39850
494.41422
495.40410
495.43632
495.47418
498.07398
498.13086
501.98370
502.68246
503.73834
503.76210
503.85348
503.89284
504.02130
504.22788
504.24642
504.49974
504.51624
504.91896
504.94524
505.40946
505.87392
507.22050
510.39690
511.88820
514.29708
514.84506
515.43252
515.64456
515.73726
516.72138
517.99050
519.18906
520.59342
521.28084
523.33614
524.98086
525.22746
525.26376
526.30332
526.31874
526.33146
526.63056
526.74144
527.05374
527.08524
527.10702
527.21250
527.61138
527.71836
528.08682
531.54852
535.72968
537.17238
537.19602
537.42390
537.45426
537.46548
537.66456
537.76746
537.78702
537.95928
538.22928
538.25838
540.32400
541.40814
541.46928
544.17186
544.28352
545.88540
550.69482
553.18026
554.65344
555.12324
557.45076
558.52002
558.53646
558.63522
559.91814
559.93158
559.96806
560.19978
560.20938
560.22960
560.29410
560.30046
560.37738
560.61456
560.66124
560.80506
561.18702
561.20610
561.58248
561.66516
561.71394
562.65342
562.69992
563.53212
563.56452
563.61930
565.74924
566.75802
566.81580
566.89806
567.72366
569.06934
569.13888
569.61456
569.62860
571.81662
572.54886
572.64030
572.95932
574.05612
574.32900
574.77738
576.23352
576.33372
577.04136
578.15556
578.28366
579.18204
579.19446
580.06272
580.09368
580.14078
581.96940
582.07680
583.55736
583.62150
583.64508
583.66578
583.69554
583.75176
583.87500
583.91532
583.93086
584.10372
584.12994
586.34760
587.81574
588.62538
589.07112
589.98048
590.04378
592.34088
593.92446
594.00774
594.15546
594.18426
594.32688
594.35730
594.68526
594.71256
595.22376
596.33886
596.36724
597.29874
597.32070
599.22156
599.26512
599.91102
600.58734
602.29056
603.80544
605.60244
605.62050
605.63502
605.68320
605.70948
606.41490
606.77916
606.87450
607.07532
607.79346
608.55954
608.67588
608.67804
609.78612
610.88976
610.94622
612.34062
612.36840
612.39252
612.45534
612.60942
614.83482
614.91786
616.68042
616.74990
617.28786
617.73198
618.06096
618.53088
618.96792
619.15968
619.25034
622.57806
622.60314
623.90028
625.07232
625.10682
626.06442
626.55636
626.61120
626.64870
627.43818
627.51030
627.54492
628.45872
628.55010
628.59960
628.79754
628.88736
629.02368
629.24346
629.45154
629.47038
629.51970
629.56080
629.77158
630.31218
630.79422
631.30512
632.01636
632.14950
632.69568
632.77086
633.78168
633.81702
634.55676
637.45872
638.82096
639.78774
639.83862
639.98172
640.07670
640.13178
640.16052
640.46316
643.97154
644.01390
645.40302
646.01580
648.86724
648.90390
650.10516
650.21436
651.53688
651.55482
651.80280
651.92988
652.12548
652.17996
652.24638
652.26582
652.50576
652.53018
653.06742
656.96646
657.04338
657.67386
658.80456
660.37782
661.32288
662.89572
662.90616
663.79134
663.82074
664.31562
664.35480
664.48068
664.57440
664.60458
665.59440
667.05546
667.32120
668.07696
668.15646
668.27718
669.57054
670.97154
671.11536
671.83140
672.45228
672.69384
672.85008
672.86946
672.90804
672.93108
673.11210
673.13724
673.19574
673.22214
673.29204
673.73334
674.21394
674.26374
674.28426
674.33100
674.37420
678.90252
678.92976
678.96870
679.00608
680.52462
680.54412
681.87702
682.57716
683.88270
683.96106
684.23628
684.25386
684.28896
684.74928
684.84408
685.55442
686.13750
690.50076
691.24914
691.27122
691.31406
691.38282
691.40382
692.11740
693.00108
694.90266
695.17740
695.27184
695.37156
695.45670
695.47698
695.59878
695.61114
695.64774
695.66364
695.67672
695.97258
696.09954
696.37086
696.42234
696.49626
696.52776
696.55278
698.92704
698.96892
699.07092
700.81464
701.29446
702.19002
702.26106
702.39816
703.20324
704.30028
704.43270
704.85234
704.87250
705.45780
706.56882
708.19692
709.03272
709.05684
709.18926
710.63742
712.57188
712.59282
714.72270
714.75300
714.76788
714.81462
716.12946
716.18646
716.28816
716.32686
716.33922
716.40906
716.47572
716.50398
716.75694
716.79384
716.80296
716.81934
717.41538
721.43958
723.75348
724.90716
724.91808
724.94742
726.37896
726.45096
726.60132
726.71826
726.73032
726.75222
727.21476
727.23600
727.76568
727.81530
728.01234
728.56224
729.65328
729.68424
732.78468
733.59186
734.92902
737.03298
737.59374
737.95044
738.42090
738.45714
739.03272
739.41618
739.46382
741.34698
743.94696
744.06288
744.80712
746.72058
747.29004
748.50750
748.59876
748.62822
748.73448
749.68350
749.71728
751.19202
751.83618
753.47460
754.11618
754.22058
756.42846
756.59898
757.24506
757.76736
758.28360
760.18836
760.37064
760.38402
760.55058
760.57626
760.95906
762.00546
762.13380
762.78990
763.74714
765.02088
765.06690
765.84288
767.56602
767.60022
770.04378
770.07126
771.25680
773.02854
773.51232
773.59290
773.60868
774.37122
775.31220
775.70088
775.73436
775.76166
777.93720
778.01052
779.12016
779.13774
781.24452
781.27458
781.46634
782.45520
782.54412
782.67744
783.60618
784.20660
784.22928
784.79394
785.89578
787.01838
787.69638
787.71978
788.90460
788.93184
789.03900
789.53586
789.59898
791.50380
791.53836
791.59590
792.79416
793.30794
793.32456
793.55268
793.72506
793.74612
793.81764
793.84728
793.86582
793.88904
794.06628
794.08140
794.60412
794.65992
794.82858
796.28790
796.32138
796.95744
798.70890
799.25160
799.27188
801.78390
801.81078
802.37574
804.78570
805.10496
805.24116
805.25412
805.49448
805.52490
805.70658
805.73460
806.16642
806.55372
809.00940
810.90816
814.66602
815.85678
815.89470
816.00864
817.02774
817.04610
817.11600
817.13766
817.60548
820.87554
822.67542
824.67264
825.93444
825.95070
826.15194
826.18938
827.68944
827.82540
827.94162
828.59034
829.04292
830.04534
830.06844
830.07276
832.19208
832.25514
832.91076
835.37010
836.57682
836.58990
837.09552
839.00100
839.57502
839.80512
839.85324
839.86548
840.08538
840.12390
840.63432
841.13730
841.16508
841.47792
842.67012
843.94512
845.98344
846.10560
847.58064
847.61760
847.76700
847.78410
848.37300
848.41644
849.18492
849.21810
849.35472
849.37224
849.99300
850.29480
851.07756
851.45844
851.47770
851.65158
851.66496
851.75874
851.77518
851.79642
851.85282
852.44790
852.54786
852.56976
853.46886
855.13332
855.17262
855.24660
855.79572
855.84906
858.19074
858.20094
858.23766
859.19166
860.53920
861.24672
861.98544
862.06980
862.09932
862.36548
862.77246
862.95456
863.32248
863.76222
863.82978
863.84334
863.92362
865.18830
865.22778
865.98594
869.34150
870.23898
871.83450
871.87122
871.93134
872.98962
873.01674
873.15648
874.02426
874.66650
877.44126
879.91368
881.65794
883.22934
883.42614
883.54218
883.61136
883.68846
883.98168
884.03760
884.61078
884.87820
884.96970
886.99920
887.04840
887.23704
887.44074