3.13630
3.22042
4.28098
6.05404
6.77074
8.12998
9.42352
10.37524
10.87216
11.05078
11.06776
11.14624
12.04072
12.62740
12.66346
13.00420
14.97346
15.09070
15.12982
15.33136
15.40474
15.80584
15.93418
16.31752
18.80122
19.16962
19.97098
20.61826
20.70412
21.56272
21.95374
22.21750
22.23442
24.04540
24.07948
24.11260
24.37522
25.84588
27.63616
27.64540
28.20946
28.76704
29.90908
31.12354
31.53358
32.17576
32.20528
33.00694
33.01894
33.05374
33.73570
33.95518
34.49452
34.50964
34.96756
35.34940
36.17926
36.23500
36.25780
36.29350
36.36190
36.69508
37.49908
37.68622
37.75630
38.18752
38.29996
38.32198
38.42128
38.50006
38.52742
38.54548
38.57368
38.84158
38.91208
38.92828
38.97628
39.16972
39.33172
39.62758
40.80202
41.30032
41.78200
43.25482
43.80898
44.26546
45.82888
46.43578
46.47082
47.47096
48.02086
48.09586
48.23944
48.25030
48.32650
48.44710
48.67738
48.73894
48.76072
48.86188
48.91108
49.06672
49.11820
49.15858
49.35406
51.80080
53.12740
53.27212
53.34886
53.42872
54.25162
54.28702
54.59062
54.62380
55.11034
55.87708
57.14146
58.72600
58.94386
58.97026
59.54884
59.58850
59.75152
59.80546
59.84080
59.86930
60.12232
60.18490
60.22492
60.24100
60.32980
60.40648
60.46288
60.63628
60.88258
60.99088
61.11556
61.12882
61.26760
61.34260
61.77904
62.46880
63.22984
63.30790
64.05736
64.09900
65.03368
65.70046
65.71642
70.28590
70.32016
70.71436
71.03074
71.19850
74.06932
74.21596
75.24490
75.35236
75.42934
75.75310
77.97100
78.99364
79.20640
79.87804
79.91410
80.48182
80.91622
80.93794
81.25126
81.34648
81.79750
81.82468
82.47808
82.81384
83.05660
83.09572
83.36566
89.22016
90.01348
90.72658
91.47226
91.49230
92.06932
92.54272
92.57374
93.01936
93.91432
93.93076
94.29154
94.30696
94.37164
94.39198
94.58338
94.63600
94.67956
94.70584
94.73968
94.75126
94.84078
94.87816
94.91548
95.06428
95.12284
95.49928
95.62570
95.69146
95.76040
95.86696
96.18298
96.26626
96.31966
96.97750
97.31218
97.77418
98.07610
98.07796
98.09002
99.13900
99.21820
99.77656
101.15014
101.18590
102.61864
102.68830
102.97798
103.91524
104.50348
106.70188
107.31646
107.35036
107.38342
107.99356
108.57238
108.59740
108.63016
109.33402
109.43590
110.00254
110.04826
110.61424
111.96058
112.87024
114.25498
114.25666
114.27592
115.19812
115.51132
115.53838
115.63540
115.84624
115.87702
115.91008
116.06614
116.29420
116.58172
116.64190
116.71672
116.89150
116.93860
116.98336
117.06736
117.75736
120.33940
120.64648
120.94624
121.49002
122.17396
122.25142
122.67592
122.71780
122.77288
123.67636
123.84100
124.37338
125.05120
125.12008
125.50312
125.90464
126.23818
126.45400
126.83164
127.13500
127.53604
127.90702
127.91830
128.22952
132.54652
132.68308
132.82048
133.55518
134.20066
134.74138
135.28438
135.30490
135.43006
135.47194
135.98212
136.58866
136.68574
136.98280
137.00074
137.32624
137.35186
137.40040
137.61862
137.63980
137.78440
137.95558
137.97892
138.04534
138.19390
139.09108
139.15096
140.12584
140.12734
140.39764
140.48524
141.15556
141.20800
141.30700
142.08544
142.15954
142.41052
143.16862
143.19364
143.21554
143.23222
143.91136
143.96470
144.10072
144.10498
144.11872
144.12808
146.05546
146.07034
146.07874
146.10250
146.15200
146.16940
146.17306
146.19862
146.22196
146.24860
146.38960
146.42770
146.45962
146.50288
149.43874
149.44642
151.46722
151.51492
151.85794
152.87014
153.54886
153.61756
154.14394
154.19602
154.41268
154.44160
154.79938
156.37834
156.84388
158.18032
158.53132
159.11380
159.41170
159.43384
159.63160
161.03344
161.08180
161.85988
162.11068
164.10256
164.60482
166.78210
167.46964
168.37264
168.43810
168.67978
168.78658
169.07266
170.31574
170.58328
170.66542
170.79178
170.92894
170.96770
171.01822
171.11554
171.23014
171.30346
171.32740
171.36502
171.64516
171.65506
171.68026
171.74902
171.87682
172.01242
172.09024
172.10380
172.42642
172.46314
172.54006
173.21950
174.38056
174.40120
176.02282
176.85142
177.54778
177.90568
178.35136
178.52608
178.55572
178.71580
179.74522
180.91222
181.29166
181.58626
181.73548
181.78636
181.81234
181.82920
181.93324
181.98544
182.89678
183.28270
183.33388
184.29712
185.89168
186.35680
186.39892
186.95704
187.58020
187.59664
189.58798
189.62284
190.33954
190.97494
191.42560
191.46268
192.31606
192.74200
193.02460
193.24654
193.77796
193.87660
194.07196
194.10046
195.71428
196.51342
196.58926
197.79496
198.85936
199.09468
199.11616
199.12666
199.14232
199.15480
199.63438
199.66174
200.01718
201.93022
201.93172
203.06374
204.01678
204.19762
204.31228
204.39238
204.42250
204.64954
204.72430
204.74902
204.77974
204.82204
204.86548
204.89362
205.21348
205.49386
205.51048
205.52818
205.53070
205.59400
205.64914
205.74130
205.88362
205.94770
206.28334
206.30740
206.33296
207.46750
208.06840
208.10992
208.91032
209.51902
209.84146
210.81532
210.83074
211.66084
212.35114
212.40550
212.52406
212.94274
212.96938
213.50164
213.53218
213.54598
214.26406
214.66570
214.70026
214.77652
215.76094
218.25700
219.35386
220.76188
221.09896
221.10316
222.11320
222.13900
222.16402
222.28918
222.42934
222.44266
222.46384
222.65242
223.09546
223.67260
223.74610
224.46874
224.49460
224.51920
224.52070
224.57962
225.41878
225.44572
225.47872
225.74164
225.80704
226.45228
226.99588
228.25108
228.27706
228.41854
228.89512
230.98276
232.57348
232.61290
233.52526
233.80246
233.98918
234.01936
234.59602
234.64738
235.00000
235.02046
235.02400
236.81338
236.88148
237.09790
237.11644
237.13234
237.95314
237.99124
238.02820
238.11076
238.11706
238.17646
238.38664
238.42810
238.78426
238.88728
239.05576
239.10976
239.44810
239.53780
239.57518
239.67274
239.69056
239.88976
240.23020
240.28150
240.31552
240.34576
242.34424
242.56888
243.57220
244.54306
244.60048
244.68544
244.87918
244.88620
245.27044
245.65474
245.83852
246.52840
246.54430
246.59236
246.59962
247.18456
247.43176
247.48864
248.06410
248.33980
251.26582
251.78014
252.38824
252.79036
252.89590
253.71964
253.74226
254.14168
254.92786
254.95870
255.11902
255.15214
256.23106
256.25680
256.52536
256.59550
256.94644
256.98010
257.29240
257.33014
257.62768
257.65774
258.33178
258.41914
258.79048
259.74262
259.93498
260.02762
260.25796
260.28244
260.35978
260.48056
260.58550
260.76538
260.88052
261.09778
261.12406
261.19096
261.31660
262.34836
264.09466
264.46894
264.48796
265.73386
265.83424
265.85932
265.89166
266.10712
266.51224
268.53556
268.83130
269.78386
270.98230
271.06150
271.30210
271.62148
271.94518
272.05276
272.14288
272.17882
272.28904
273.61306
273.66892
274.38232
276.53476
276.54604
276.59932
278.19382
278.20390
278.28514
278.69794
279.00334
279.48640
280.15258
281.31526
281.49460
281.57164
281.57812
281.59168
281.60488
282.08968
282.19876
282.44716
282.95566
283.07374
283.13806
283.16134
283.28494
283.39438
283.52818
283.72636
283.76752
284.01760
284.05300
284.20462
284.35648
284.38270
285.57298
286.84162
287.18446
287.73160
288.80074
288.86032
289.83358
289.89544
290.08060
290.60368
291.51274
292.11520
292.90852
294.10816
294.21082
294.54178
294.56080
294.79804
295.10434
297.50932
298.59958
298.61086
298.91014
298.97416
299.13520
299.24722
301.75522
301.78366
302.13712
303.24286
304.39282
305.34304
305.54248
305.90530
305.94406
306.01066
306.05368
306.06988
306.27100
306.29272
306.33604
306.36010
306.39310
306.45184
306.51304
306.60652
306.69592
307.00066
307.03402
307.11424
307.23358
307.28170
307.78408
307.81834
307.84882
307.86898
307.91200
308.79928
308.82238
309.32014
309.39526
310.15228
310.19464
310.49620
310.50598
310.66498
310.71784
310.71952
310.84726
310.93132
311.66716
311.70202
311.92156
312.59572
313.63252
314.43436
314.46550
314.49514
314.69986
315.87694
316.30672
316.36054
316.38826
317.37436
317.46940
317.49694
317.64670
317.81326
317.87260
318.02080
318.30574
319.83580
321.00238
321.67438
321.68218
323.30698
324.54430
324.90172
325.46182
326.40220
326.42392
326.56030
327.73936
328.72876
329.38060
329.79724
329.91406
330.56104
331.26550
331.52020
333.10684
333.15688
334.35490
335.69560
335.76442
336.03742
336.42802
336.69262
337.39780
337.48228
338.50210
338.74510
338.76502
339.18280
339.20566
340.33396
340.39570
340.41016
340.44658
340.48216
340.63288
340.70842
340.93582
340.97170
341.00296
341.01832
341.16646
341.34688
341.45284
341.47006
341.58196
341.61328
341.80300
342.11590
342.15676
342.17194
342.18838
342.56020
342.60190
342.88978
344.65342
345.50602
346.38382
346.81066
347.72674
347.77630
348.28402
348.34918
348.35344
349.21924
349.25284
349.28398
349.68064
349.96288
350.01034
350.34040
350.86570
350.90146
351.19264
351.33244
351.52558
353.36842
353.40706
353.98360
355.09918
355.59562
355.67032
355.69564
356.12728
356.16256
356.78170
356.83648
356.92708
357.06922
357.87172
358.32406
358.37062
358.65280
359.61172
360.66322
360.71830
360.79222
361.20640
361.95562
362.18728
362.94040
363.09136
363.12802
363.24466
363.30328
363.37858
363.65062
363.73090
363.75106
364.08646
364.16878
364.42234
364.48936
364.66468
364.86886
364.89886
365.18122
365.23102
365.29162
365.79070
366.17776
369.23158
369.27772
369.64360
369.71014
370.01800
370.19962
370.60210
371.51662
371.53894
372.28108
372.40246
372.43030
372.44626
372.46300
373.35298
374.12392
374.15914
374.17954
374.33614
374.39584
374.47372
374.59432
374.63488
374.76274
374.82040
374.98900
375.26050
375.27568
375.58192
375.77572
375.81826
375.84418
375.84760
376.01404
376.79302
376.81192
377.84944
377.89678
377.91880
379.04836
379.47862
379.87306
380.70706
380.71150
381.11914
381.36586
381.79150
382.56100
382.87288
383.25712
383.27440
383.34976
384.38938
385.00516
385.02160
385.02352
386.39266
387.51034
387.67702
387.77182
389.53306
390.31492
390.32974
391.06450
391.99786
392.09344
392.10712
392.69416
393.26974
393.54190
394.48582
394.70716
396.26284
396.28192
397.45606
398.27452
398.89054
399.34942
399.37132
400.07734
400.54276
401.00056
401.03308
401.47486
402.19474
402.28474
402.45484
402.61366
402.89224
403.49380
403.57336
404.32684
404.35756
405.29128
405.90388
405.92062
406.76794
406.94950
407.60488
408.29092
408.31132
408.71692
408.74968
408.99190
409.21306
409.25038
409.30432
409.48000
409.50280
409.58746
409.61146
410.43616
410.94376
412.67524
413.36524
413.51254
414.22618
414.53110
414.63334
414.67558
415.77028
417.70762
417.71974
418.12270
418.56490
418.83052
418.87318
418.91104
419.01970
419.23360
419.26228
419.29576
419.34862
419.62042
419.67568
420.01042
420.04462
420.32626
420.56062
420.71284
420.77560
420.84064
421.16578
421.19182
421.24048
421.73104
421.76188
422.77414
423.33094
425.96728
425.98810
426.04348
426.55600
426.97216
428.93566
428.97214
429.17596
429.48412
429.62524
430.52824
430.58272
430.83844
430.97470
431.06056
431.83516
431.93698
432.72346
433.31188
434.14276
434.93098
434.96236
437.37364
437.41660
437.63884
437.76634
438.33040
439.26688
440.24656
440.29000
440.40580
440.55142
440.65678
442.44634
442.45072
442.45900
442.80490
443.69218
444.88300
446.32540
446.85058
447.25324
448.17346
448.31500
448.60396
449.35546
449.39626
450.03946
450.11530
450.22774
451.41694
451.44370
451.46518
451.48828
451.88644
451.95538
452.56816
452.59132
452.65396
452.75242
452.78656
453.39766
456.10660
456.44692
456.80884
456.83122
458.01682
458.54386
458.56966
458.80702
458.83168
459.50596
459.57112
459.57604
459.60328
459.76468
460.09960
460.21162
460.57348
461.30722
461.37616
461.45344
462.21598
463.42420
463.96864
464.00290
464.05948
464.30182
464.61136
464.74684
465.12274
465.31630
466.26886
466.34344
469.35988
469.51948
469.91416
470.24542
471.65362
471.68590
471.71020
472.45438
472.70530
473.78800
473.92822
474.36532
474.50170
474.66238
474.70852
474.89020
476.85004
477.29980
478.93384
478.95472
478.98070
479.01064
479.25046
479.31418
480.77200
480.95188
481.74532
482.92654
482.95336
482.97664
483.00514
483.02374
483.04186
483.41920
483.45418
483.64354
484.29928
484.32520
485.13700
485.31982
486.29020
486.34294
486.53878
486.71374
486.84754
487.07806
487.11484
487.14382
487.18354
487.21042
487.42756
487.44706
487.50052
487.61356
487.69522
487.89730
488.19460
488.24590
488.29000
488.48608
488.56420
489.01462
489.06742
491.22712
491.25190
492.39460
492.83428
493.90192
493.93384
495.80986
496.50796
496.56994
496.66330
497.32930
497.41102
497.53072
497.57266
497.59588
497.66248
497.84986
497.90476
498.04876
498.19450
498.35314
503.92264
504.49264
504.53188
504.63436
504.76732
504.79636
504.81088
504.81916
504.97828
505.88938
505.91362
505.98280
507.19672
507.38356
507.63442
508.07302
508.23988
508.28458
508.31344
508.56202
508.59652
508.63114
508.64344
508.67536
508.69834
508.98478
508.99972
509.00698
509.02690
509.04004
509.08570
509.13430
509.17684
509.20552
509.45728
509.81374
509.85988
510.00532
510.20446
510.20620
510.51736
510.56476
510.57160
510.58162
510.63208
511.49518
511.54096
512.12878
512.82940
514.22254
514.23712
514.28686
515.63014
515.65558
515.67934
515.69554
517.65166
517.66684
518.37640
518.74642
519.28186
520.09180
520.36654
520.84612
523.90510
524.37304
524.40814
525.14338
525.96250
526.18624
526.69888
527.32354
527.36266
527.44552
527.59420
527.60050
528.10708
528.13114
529.20454
529.41964
529.63348
531.07930
531.67858
531.74428
532.20292
532.22368
532.79854
533.85136
534.39382
536.45230
536.79166
536.84068
536.88208
537.57568
538.34704
538.38442
539.88886
540.25510
540.37324
540.55732
540.57346
540.89002
541.23046
541.86712
542.53762
542.55232
544.24468
544.45894
544.49470
545.20348
546.54010
546.54196
546.64426
547.25002
547.29538
547.79836
547.81762
548.67880
548.95756
549.39100
549.40786
549.61846
550.21048
550.22722
550.30252
550.49338
552.35632
552.42574
552.95632
553.81294
553.82980
553.84816
554.28544
554.29870
557.56228
557.97358
557.98936
558.04930
558.35500
559.16944
559.42390
559.54216
560.87644
561.15478
561.19120
561.79828
561.83854
562.21030
562.23238
562.24300
562.32982
562.39444
562.61260
562.78450
562.80820
562.85890
562.91104
562.92598
563.19442
563.22442
563.28916
563.34232
563.39392
563.42668
563.63308
563.69056
563.95852
564.01186
564.38794
564.46414
564.50206
564.62212
564.73768
564.81694
566.79748
566.84266
567.07972
567.45556
567.50626
568.29880
568.64476
569.36998
569.39740
569.39932
570.22048
570.26446
571.18780
571.23340
571.41682
572.40352
572.42542
572.53600
573.08440
573.75940
574.00594
574.42942
575.12464
577.44916
578.63566
579.26800
579.29842
579.33736
580.40278
580.41142
580.45450
581.90746
581.97082
582.88960
583.13338
583.61464
583.83862
583.86718
584.32108
584.69482
586.34770
586.55278
587.33668
588.14404
589.88128
590.10652
591.81070
595.07428
595.15540
595.27918
595.31776
595.36594
595.41262
595.75840
596.06290
596.09128
596.11336
596.29474
597.81148
598.03960
598.08514
598.35214
598.47808
600.66466
600.67450
600.70762
600.74410
601.33402
601.89358
602.52076
602.56624
603.06406
603.09616
603.85300
604.06096
604.48312
604.49458
605.60716
605.66194
606.55636
606.62842
606.85960
606.90196
606.94588
607.04968
607.15660
607.19332
607.34848
607.35100
607.36564
607.37650
607.42024
607.44796
607.46266
607.48396
607.52716
607.73644
607.76014
607.78180
608.47810
608.48704
608.93686
609.15862
609.27154
609.31318
609.35326
609.41332
609.92008
611.32804
612.34528
612.40396
613.43386
614.95918
615.03634
615.49078
616.96108
616.98346
617.01142
617.41864
617.53780
617.62360
617.81398
617.89822
617.95498
617.95660
618.16216
618.17074
618.22372
618.29002
619.02490
619.06474
621.22594
621.29314
621.43552
621.46264
621.47716
621.69040
621.79066
622.36852
622.37116
622.46572
622.54294
623.00272
623.07334
624.09286
624.63622
625.26070
626.18662
626.20630
627.54922
628.10062
628.11706
628.19584
628.56460
628.58836
628.72756
628.97428
629.22586
629.97472
631.03468
631.62928
633.21256
633.21856
633.24094
633.28258
634.77058
634.81102
634.90234
635.47840
636.03772
636.08854
637.06210
637.10974
638.27092
638.39860
638.49952
638.53936
638.63764
638.82700
638.92252
638.95564
639.02296
639.26692
639.31048
639.33676
639.63964
639.97708
639.99550
640.20928
640.26526
640.48762
640.77322
640.81294
641.54728
642.63214
643.16470
643.26256
643.95820
643.99774
644.42824
645.15292
645.65884
645.71302
646.50652
646.84594
648.65338
648.70420
648.86764
649.06354
649.09084
649.19980
649.27720
649.32784
649.51810
649.56094
649.61020
649.83760
649.93936
650.47600
650.54710
651.40168
653.39314
653.41588
653.42902
654.49006
654.53248
656.06158
656.09782
656.12992
656.17714
657.13588
658.26868
658.35922
658.98754
659.62726
659.66104
660.82798
661.24906
663.24826
663.80830
664.51438
664.52020
664.57210
665.62144
665.62426
665.67184
665.70946
666.45568
666.49096
666.52876
666.56218
666.67204
666.74182
667.56826
667.71442
669.05248
669.74944
669.94348
669.97810
670.81474
671.59738
671.64130
672.00814
672.50116
672.61252
674.04184
675.80170
677.56060
677.56864
677.59840
677.99572
679.77274
679.89784
680.88070
681.14758
681.80302
681.88750
682.80688
683.17360
683.36302
683.38492
683.40352
683.45254
683.72314
684.35860
686.03848
687.96100
688.88974
688.95226
688.97722
689.29804
689.94802
690.36694
690.90634
690.94036
692.05858
693.26320
693.95878
694.04500
694.55530
694.87720
695.24512
695.37244
695.56054
695.97628
696.32836
696.36268
696.76072
696.81562
699.55426
700.12060
700.75210
700.79464
701.15650
701.18116
701.25712
702.36076
702.37318
702.89416
703.19014
703.20430
703.59838
704.40352
704.41210
704.45056
704.61610
704.69482
705.61882
708.64126
709.15288
709.25746
709.28506
710.42488
711.92536
712.04476
712.11646
712.13908
712.15450
712.28224
712.58284
712.58890
714.46000
714.71464
715.34398
715.53286
715.60084
715.65796
715.72714
715.86742
715.99810
716.17990
716.50234
716.89702
716.92840
718.54264
718.54864
720.39646
720.40408
720.41698
720.81142
720.95794
721.33588
722.09950
722.11612
722.12482
722.18500
722.19880
722.23900
722.26510
722.44048
722.45758
722.93962
723.34492
723.39964
723.44080
723.45364
724.18546
724.40572
725.08990
725.12770
725.79916
726.67786
726.77956
727.03690
727.08736
727.18894
727.22800
727.31632
727.60546
727.63942
727.93528
727.97734
728.02126
728.11762
728.65270
728.75878
729.09670
729.14266
729.50326
729.53302
729.56080
730.60324
732.17770
732.76060
733.02052
733.06012
733.55392
733.58812
734.83672
734.86270
735.20938
735.26092
736.86898
736.90402
736.96234
737.05714
741.27004
742.45144
742.65352
742.70680
744.00424
744.74950
744.93754
745.35238
745.37920
745.41238
746.29774
746.77318
746.82082
746.84596
747.74650
747.77686
748.33072
748.53082
748.54972
749.30734
749.64910
750.01558
751.26196
751.74958
752.31430
752.44852
754.18348
754.19548
754.82542
756.10726
757.27018
757.60240
757.61794
758.07964
758.13382
758.50126
758.99170
759.00952
759.33088
759.89320
759.95434
760.21090
760.24312
760.31392
760.52116
760.58482
760.59670
760.92232
760.94812
761.10370
761.16382
761.61178
761.63416
761.66158
761.70652
762.05590
762.37000
762.38446
762.49720
763.35718
763.35874
764.17210
765.15898
767.46562
767.49886
767.56864
767.75110
767.77780
767.81608
767.93692
768.24208
768.27940
769.41010
769.95094
769.99378
770.02792
770.05294
770.06002
770.06902
770.18254
770.33038
770.35744
770.77780
770.88442
770.96278
773.26480
773.33710
773.40004
773.80942
774.95122
775.25962
775.38934
775.44340
775.48156
775.57300
776.42278
776.87266
778.54972
778.58098
778.99792
780.00670
780.02266
780.55720
782.00344
782.02534
782.43628
782.75848
782.93482
783.61654
783.98692
785.12938
785.37844
787.57828
787.62838
788.00386
788.03236
788.11402
788.98918
789.05896
789.19900
790.06042
790.08526
790.92670
790.93774
790.97338
791.67592
791.99944
792.79264
792.87712
792.93454
792.98620
793.14184
793.33870
793.39432
793.44892
793.54006
793.83808
794.17624
796.90750
797.74042
797.75644
798.90100
799.04104
800.26960
800.87386
801.02032
801.04156
801.05104
801.07006
801.09844
801.86836
801.95746
801.98140
803.63668
803.77270
804.04480
806.49292
810.49024
810.56146
810.61756
812.55646
812.57668
812.75404
815.13100
815.19148
815.44186
815.56072
815.62360
815.83702
816.14002
816.27910
816.46468
816.69478
817.88626
818.88070
819.31336
819.32680
819.87760
819.89596
820.43848
821.76196
821.80060
821.93980
822.72466
822.85612
824.06230
824.94802
825.56824
825.94114
826.34266
826.64542
826.95886
827.24206
828.93844
829.44610
831.23236
832.30948
832.33276
833.01016
833.97448
834.44782
835.21732
835.23442
835.26574
836.44792
836.46436
836.49790
837.06658
837.07738
837.17716
837.45340
837.47818
837.57388
837.61834
838.15546
838.20922
838.36330
838.37566
838.58788
838.90828
838.93132
840.08122
840.12814
840.44746
840.46708
840.97822
841.54936
842.94844
843.22732
844.48516
846.42778
846.45274
846.47734
846.55618
849.12658
850.27522
850.38460
850.63228
852.43336
852.47626
852.49396
852.51358
852.86614
854.10274
854.20816
855.44044
855.53890
855.59062
855.72382
855.74980
855.77164
855.85990
856.22164
856.23238
856.24216
856.29640
856.39372
856.44022
857.28964
857.33260
857.46538
857.72104
858.04762
858.14038
858.25774
858.78700
858.82066
858.89434
859.04782
859.70128
860.67070
860.70664
860.99248
861.09034
863.27464
863.49976
863.55772
863.62210
864.88174
864.89338
864.89710
864.90508
865.03648
865.36036
865.45888
867.56818
867.59224
868.05124
868.07494
868.25158
868.58020
869.74006
874.70950
874.73386
874.88302
874.91068
874.93432
875.38342
875.41510
875.88562
876.25648
877.14760
877.28548
877.57144
878.24614
878.48746
878.54782
878.58736
878.62714
878.69446
878.79238
878.90926
879.48208
879.68380
881.29120
881.37718
881.59804
883.11946