0.14160
0.17490
0.22548
0.72786
1.02558
1.48152
1.50114
1.52838
2.18316
2.19168
2.21304
2.83650
2.83836
3.37800
3.59100
3.68160
3.73824
3.74856
3.92256
4.06896
4.11414
4.16592
4.19718
4.58100
5.51028
6.14886
6.17136
6.52188
7.04172
7.06518
7.10886
7.13376
7.14228
7.17402
7.23828
7.62312
7.65030
8.09532
8.26806
8.76108
8.76288
8.87652
8.95476
9.10236
9.20832
9.59616
9.60756
9.63660
9.65622
9.82884
9.89478
9.95406
9.97464
10.46502
10.48074
10.63218
10.95240
11.60094
11.72250
12.21012
12.22566
12.22806
12.30264
12.30438
12.96846
13.00194
13.54422
13.62174
13.68774
13.77144
13.95570
14.34780
14.65482
14.66562
14.70348
15.21948
15.33876
15.35730
15.41250
15.65430
15.94938
16.02516
16.05174
16.18038
16.27992
16.29642
16.31220
16.88082
17.49456
17.50050
17.95704
18.67008
18.93756
19.21140
19.23360
19.25124
19.31412
19.33248
19.78020
20.10810
20.20788
20.25378
20.29080
20.98380
21.26412
21.40620
21.49068
22.14714
22.16856
22.18266
22.25256
22.33812
22.41534
22.90218
22.98150
23.39136
23.47068
23.50416
24.02874
24.60384
24.70188
25.30164
25.31088
25.36122
25.40712
25.74660
26.02368
26.06580
26.11368
26.56806
26.65170
26.88780
26.90466
26.92350
27.39690
27.62808
27.64128
27.96618
28.18332
28.61982
28.92774
29.22432
29.32608
29.35914
29.40126
29.64138
29.74614
29.82246
29.91804
30.11364
30.12558
30.16908
30.60306
30.72426
30.78192
30.91656
31.33716
31.33902
31.36770
31.37442
31.88172
31.92966
32.09106
32.10300
32.11074
32.17392
32.22090
32.24484
32.56896
32.59134
32.82564
33.49884
33.53796
33.84312
34.57392
34.60578
35.24202
35.27238
35.34384
35.39748
36.02544
36.81318
37.18110
37.24596
37.28598
37.38000
37.55934
37.64688
37.68936
37.72452
37.81554
37.86510
38.19858
39.27666
39.45672
39.67740
39.90270
39.92418
40.24164
40.24992
40.38126
40.38768
40.40064
40.44576
40.45878
40.47558
40.50138
40.56588
40.57410
40.61922
40.64544
40.68414
41.64624
42.28632
42.82422
42.90072
42.99354
43.34316
43.67154
43.75986
43.77408
43.79238
43.95522
43.99926
44.08608
44.17920
44.63616
44.64786
44.75262
44.77014
45.18972
45.21348
45.24858
45.29322
45.87534
45.94998
46.32288
46.34862
46.44588
46.55706
46.62348
46.63608
46.78878
46.80372
46.91286
46.98294
47.00952
47.42046
47.46576
49.24812
49.27218
49.27584
49.84314
49.91448
50.72904
51.24516
51.27336
51.57384
52.16562
52.21464
52.28040
52.60704
52.77858
52.80288
52.82520
52.91628
52.94628
52.99338
53.07306
53.13222
53.46930
53.56974
53.57640
53.75346
53.77344
54.16332
54.17718
54.42084
54.53736
54.57576
54.72372
54.73614
54.76956
54.78120
55.63536
55.71336
55.87104
55.90134
56.02296
56.49222
56.50842
56.56320
56.62992
56.66538
56.69490
56.83704
56.90796
56.93130
56.95680
57.00918
58.21482
58.40916
58.51986
59.12628
59.68548
59.77014
60.06492
61.05906
61.46784
61.48116
61.50696
62.66184
62.67918
62.71776
62.93634
62.97984
63.63852
63.70842
63.79104
63.81414
63.82248
63.83070
64.49586
64.51752
65.04348
65.09874
65.10558
65.10900
65.37354
65.79504
66.71880
66.92520
66.94740
66.96438
67.14960
67.18476
67.46034
68.00088
68.14308
68.19468
68.20908
68.22690
68.27406
68.39592
68.44260
68.48790
68.54754
68.55120
68.55696
68.85792
68.87712
68.97330
69.85098
70.17948
70.33716
70.95462
71.44506
72.22854
72.24600
72.26502
72.42522
72.45528
72.57912
72.59208
72.61620
72.64332
72.75486
72.79896
72.80928
72.83106
73.02552
73.36482
73.37688
73.42794
73.48680
73.77024
74.71596
74.75940
74.80686
74.82348
74.87280
75.05226
75.38448
75.53934
75.54318
75.79620
76.18746
76.23372
76.70700
76.74774
76.79166
77.44476
77.45850
77.52348
77.57730
77.60328
77.62752
78.40146
78.50850
79.40622
79.57974
79.61052
79.71210
80.08344
80.09736
80.50596
80.52366
80.54100
80.60106
80.69286
80.86932
80.98404
81.91992
81.92460
82.54842
82.59666
82.66170
82.70058
83.69832
84.47346
85.10658
85.11978
85.20162
85.29972
85.56510
85.69386
85.93044
86.28906
86.30574
86.45814
86.59038
86.63310
87.34560
87.36138
87.42000
88.05732
88.07850
88.10334
88.44156
88.50804
88.52514
88.93422
88.94010
88.97556
89.46738
89.51916
89.52642
89.54622
89.59830
89.69802
89.84970
90.28476
90.59454
91.34634
91.39800
92.19144
92.29662
92.37540
92.42418
93.13110
93.21030
93.24066
93.27762
93.59376
93.76848
95.28066
95.53962
95.61264
95.63658
96.08214
96.28674
96.30876
96.48156
96.48852
96.50994
96.60630
96.61278
96.62748
96.62940
96.65376
96.67206
96.67470
96.68076
96.88368
97.14558
97.18044
97.74318
97.78788
98.43972
99.04770
99.07440
99.18366
99.27684
99.31824
99.41820
99.47532
99.67674
99.90150
99.95220
99.99066
100.15674
100.18434
100.27668
100.90614
101.01990
101.21118
101.86206
102.52788
102.63684
102.78780
102.79926
102.82248
103.31028
103.32864
103.39614
103.47840
103.48596
103.66728
103.71006
103.71378
103.78410
103.92684
103.94736
104.03430
104.04102
104.42874
104.47608
104.62428
104.95866
105.39540
105.87534
105.91548
106.18674
106.50936
106.63266
106.65954
106.82940
107.06262
107.38194
107.46192
107.47380
107.51316
107.52228
107.55822
107.68968
108.33348
108.38634
108.75456
108.77694
108.99762
109.05366
109.11090
109.13322
109.19478
109.95816
109.98588
109.99722
110.00310
110.09160
110.11248
110.24460
110.27862
110.32368
110.35038
110.54460
110.66034
110.71962
111.31272
111.32004
111.32850
111.33000
111.70440
111.73476
112.85784
112.91034
112.97178
113.28600
113.35878
113.37312
113.62734
113.97948
114.00852
114.05310
114.40392
114.55020
114.56490
114.83340
114.95250
114.96942
114.97962
114.98898
115.01934
115.02180
115.03962
115.46796
115.86642
115.90602
116.07060
116.56080
116.63058
116.69796
117.28938
117.32646
117.78444
118.04784
118.12848
118.28040
118.32054
118.32336
118.77216
119.51742
119.59758
119.66784
119.84430
120.88986
120.91428
121.27992
121.51524
121.60614
121.63380
121.64208
121.67850
121.69458
121.86360
122.06106
122.11962
122.15124
122.16210
122.28750
122.43744
123.03696
123.06828
123.13752
123.32538
123.33468
123.40290
123.49038
123.49452
123.64008
123.75828
123.83634
123.87138
124.52478
124.56792
124.69560
124.73250
124.98294
125.02614
125.08758
125.09802
125.14584
125.21604
125.56986
126.43440
126.62790
126.90864
126.92532
126.95262
126.96810
126.99354
127.05708
127.77606
127.79088
127.85136
127.93080
128.84706
128.85594
128.87598
128.96982
128.97804
129.02532
129.11682
129.14802
129.16002
129.53568
129.55476
129.59814
129.61626
129.61884
129.68394
129.87228
129.91542
129.91704
129.93018
130.63458
130.72230
130.73064
131.75778
131.82708
131.94354
131.96748
133.26732
133.27380
133.45980
133.47540
133.69470
133.70280
133.99386
134.04072
134.05782
134.05938
134.54904
134.58324
134.59752
134.62230
135.20994
135.94506
135.98244
136.75662
136.98456
137.08716
137.26968
137.43648
137.47998
137.51868
137.54868
138.20568
138.81486
138.84834
138.95706
138.97992
139.14936
140.22432
140.23500
140.44320
140.55426
140.97192
140.98746
141.17694
141.25506
141.30510
141.32910
141.41988
141.64062
141.65934
141.69354
141.88098
142.06170
142.94046
143.14656
143.15736
143.32158
143.33808
143.39970
144.09990
144.10506
144.56706
144.56880
144.60156
144.61182
144.65148
144.91356
145.67550
145.77834
145.78764
145.80018
145.80258
147.08100
147.17982
147.18588
147.20376
147.22518
147.28584
147.30174
147.31530
147.33396
147.38484
147.86910
147.94506
148.17726
149.40018
149.73162
150.09708
150.11670
150.18168
150.43104
150.63354
150.90804
151.59420
152.06016
152.11362
152.54004
152.61168
152.64270
152.83488
153.17238
153.66882
153.68652
153.75762
153.78852
153.82362
153.83262
153.88800
154.66560
154.67964
154.68246
154.70220
154.79826
154.96422
154.98174
155.63178
155.67984
155.94702
156.01194
156.06210
156.22680
156.23124
156.25656
156.25920
156.32268
156.53958
156.58152
156.65466
156.66288
156.85170
156.86592
156.94194
157.02246
157.15806
157.16400
157.19754
158.52570
158.54268
158.56824
158.70438
159.44796
159.45564
159.90954
159.92322
160.14180
160.30872
160.33830
161.20704
161.38638
161.48736
162.08118
163.32558
163.50336
163.53582
163.60608
163.69158
163.73478
163.81524
163.83948
163.87554
163.92798
163.96884
164.32086
164.32518
164.43342
164.72748
164.82612
164.99580
165.22434
165.77886
165.80346
165.90726
166.02198
166.02522
166.05138
166.56774
166.65258
167.85162
167.87958
167.90454
167.99088
168.05718
168.29430
168.35016
168.38064
168.43500
168.53004
168.56100
168.63432
168.65892
168.68616
168.74838
169.55568
170.30448
170.32248
170.35368
170.36496
170.42820
170.90262
170.94732
171.10896
171.15984
171.51408
171.52020
171.69198
171.71562
171.77166
171.80226
171.81978
171.84960
171.88968
172.30086
172.86222
173.15598
173.43222
173.45094
173.73030
173.77056
173.90712
174.26694
174.27030
174.29610
175.05660
175.08606
175.12656
175.18008
175.67148
175.97412
176.36226
176.37786
176.43882
176.58936
176.59914
177.40476
177.41808
177.49722
177.59838
177.89748
178.19088
178.47972
179.20110
179.27490
179.58798
179.68140
179.68392
179.72592
179.76714
179.81760
179.90334
179.98650
180.07332
180.40116
181.04724
181.33590
181.42368
181.44114
181.47174
181.62090
181.86414
182.29122
182.32446
182.39058
182.67000
182.68092
182.68890
182.88576
183.06348
183.31518
183.65454
183.80748
183.86040
183.88614
183.89238
184.00572
184.59744
185.99994
186.01116
186.46194
187.63182
187.91028
187.92300
188.26224
188.41518
188.46948
188.53056
188.54004
188.70648
188.71986
188.76090
188.89134
189.43890
189.50010
189.80304
190.79766
190.81056
190.87134
190.87902
191.06580
191.09940
191.11242
192.89316
193.02216
193.04718
193.59384
193.71276
193.73652
194.17170
194.70900
194.77098
194.78052
194.78226
194.81196
194.81496
194.89530
194.91270
195.03090
195.44490
195.60942
195.65376
195.67470
195.67926
195.68802
195.69132
195.93870
196.65210
197.17920
197.19300
197.62650
197.65398
197.73714
197.75544
197.79414
198.25632
198.30240
198.43632
198.44730
199.28568
199.84194
199.88424
200.64408
200.72370
200.84562
200.86590
200.97354
200.97960
201.01068
201.65928
201.77346
201.83778
202.00008
202.03374
202.57824
202.59936
202.60842
202.61328
202.68510
202.71180
202.75080
202.77480
202.82652
203.01576
203.02404
203.04162
203.04834
203.07606
203.08656
203.40486
204.00822
204.75936
205.02312
205.48410
205.49034
205.59414
205.62360
205.82370
206.07648
206.48388
206.51010
206.61156
206.79168
206.81922
206.84022
207.22740
207.89844
208.02396
208.12704
208.16238
208.40322
209.75628
209.76660
209.82192
209.84256
209.85720
209.99766
210.04056
210.26424
210.28080
210.28350
210.54684
210.58020
210.63960
211.17372
211.19514
211.26516
211.35030
211.73358
211.79484
211.88874
211.91244
212.07702
212.08338
212.64912
213.20484
213.26460
213.29136
213.80976
215.60154
215.76690
215.95848
216.24240
216.27246
216.33054
216.53502
216.56718
216.64884
216.66018
217.05216
217.30800
217.34622
218.25432
218.49192
219.32334
219.48834
219.50664
219.55410
219.69708
219.95214
220.02270
220.07490
220.11132
220.17150
220.90728
220.97514
220.99566
221.12892
221.49048
221.86230
222.72432
222.91680
222.99756
223.07184
223.62936
223.65408
223.73922
223.75944
223.89594
223.92174
223.94868
225.23664
225.24648
225.30018
225.33258
225.72516
225.74160
225.98814
226.03344
226.10148
226.10850
226.42992
226.44144
226.49028
226.69026
227.74068
227.83002
228.06744
228.55620
228.58668
228.61260
228.66390
228.92832
228.96444
229.00734
229.38258
229.39758
229.55352
229.59870
229.62576
229.68018
229.69758
229.74372
229.77792
230.70936
230.71644
230.76012
230.86896
230.88522
231.38364
231.39840
231.42924
231.76290
231.89238
232.08042
232.22802
232.25004
232.26078
233.38698
233.50818
233.58042
233.58960
233.98080
233.99460
234.01176
234.58440
234.64530
234.69522
234.70314
234.80166
234.87702
234.89472
235.12338
235.14444
235.20090
235.21212
235.25184
235.32756
235.36788
236.07900
236.08920
236.10114
236.54208
236.58870
236.96868
237.06192
237.43362
237.46878
238.14936
238.15698
238.39230
238.66308
238.72170
238.79136
238.85034
238.88382
238.90662
239.02290
239.54226
239.55768
239.57886
239.59872
239.61996
239.78034
240.15378
240.69228
240.80598
240.94014
241.21332
241.39530
242.24058
242.24400
242.41824
242.45502
242.46126
244.24038
244.27608
244.40694
244.47300
244.95498
244.96326
245.68644
245.69658
245.90712
245.99754
246.08430
246.11274
246.14868
246.63234
246.85896
246.86364
246.91290
246.93516
246.94776
246.96792
247.16820
247.70154
248.39058
248.42856
248.46462
248.58624
248.59122
248.59404
248.60634
248.69700
249.55998
249.58482
249.58692
249.61812
249.63684
250.10154
250.18992
250.32906
250.71702
250.90044
250.92318
251.20902
251.31474
251.69262
251.69550
251.72190
251.75766
251.98050
252.78534
252.79920
252.80958
252.92886
253.03794
253.06122
253.10394
253.11846
253.28550
253.29372
253.69296
254.03574
254.05896
254.07654
254.08050
254.52204
254.53014
254.75532
255.14172
255.21996
255.26694
255.35772
255.37602
256.17078
256.19460
256.20330
256.24734
256.27332
257.25036
257.29524
257.30844
257.34942
257.38728
257.60880
258.01626
258.14352
258.90684
259.01376
259.18644
259.23108
260.46534
260.89560
260.98302
261.20682
261.21882
262.03530
262.27014
262.27626
262.54050
262.61526
262.68744
262.71534
262.72266
262.73148
262.76484
263.29452
263.32500
263.35362
263.44602
263.54760
263.58228
264.15480
264.18450
264.49494
265.18536
265.35642
265.39164
265.72788
265.97154
266.23182
266.24346
266.83704
266.90358
266.99100
267.06336
267.14370
267.17040
267.36924
267.39480
267.49332
268.12806
268.36590
268.36872
268.39380
269.07636
269.29326
269.33016
269.35554
269.42406
269.43744
269.47500
269.49084
269.57622
269.67162
269.69076
269.72400
269.72820
269.76942
269.98056
270.09894
270.16728
270.20118
271.29084
271.32168
271.33650
271.73802
271.76712
271.95588
272.14884
272.29770
272.31930
273.61224
273.64908
273.71202
273.73224
273.74022
273.77610
273.78228
274.06140
274.08210
274.13964
274.18242
274.71354
274.74396
274.77432
274.78602
275.12598
275.15664
275.98500
276.01284
276.02100
276.20412
276.24930
276.28524
276.28854
276.29466
276.41544
276.93516
276.97740
277.48530
278.40276
278.41566
278.43162
278.51172
278.64600
278.67888
279.06750
279.31230
279.70788
279.73500
280.38774
280.46898
280.67202
281.41890
281.48082
281.55960
281.59062
281.67918
282.21750
282.29952
282.30738
282.77430
282.92148
283.19988
283.20804
283.66098
283.70448
283.89066
284.79114
284.85444
285.05532
285.16230
285.36162
285.89076
285.92742
286.32096
286.44330
286.83000
286.89342
287.10846
287.19396
287.21418
287.68914
287.70204
287.70558
287.73144
288.94014
288.98874
289.01418
289.23528
289.26630
289.36836
289.38768
289.52274
289.54068
289.71504
289.72560
289.84170
290.46156
290.49804
290.60226
290.61066
291.24168
291.24510
291.32256
291.33150
292.35138
292.56408
292.58184
292.59150
293.21982
293.25810
293.26974
293.74002
294.07272
294.19992
294.83148
295.07052
295.14876
295.19658
295.74894
295.78674
295.85628
295.87920
296.03298
296.05794
296.30622
296.51238
296.52690
296.60118
296.60688
296.63040
296.69538
296.74962
296.98896
297.51642
297.85008
297.88776
297.89052
298.16514
298.19586
298.20720
298.21578
299.09046
299.83824
299.85870
299.88072
299.88228
299.91858
300.22674
300.25614
300.28320
300.35598
300.36540
300.42660
300.43122
300.61746
302.06436
302.58888
302.81472
302.83644
303.22404
303.45078
303.89034
304.05624
304.06458
304.41216
304.60146
304.61508
304.74720
305.00304
305.00940
305.18052
305.23620
305.51814
305.63586
305.64624
305.65296
305.65638
306.20730
307.29762
307.39482
307.52526
307.55802
308.26350
308.29980
308.31048
308.36694
308.66352
308.74728
308.78448
308.80146
308.95902
308.99004
309.02628
309.05928
309.07218
309.31062
309.31440
309.68664
309.71304
309.74154
309.78924
309.82866
309.91002
310.64826
310.71360
310.73562
310.77246
311.04822
311.13456
311.41884
312.00894
312.04026
312.07830
312.09510
312.29034
312.90468
312.90768
313.07244
313.15302
313.25814
313.45818
313.72266
313.87866
313.92474
313.95384
313.97670
313.99860
314.08746
314.10996
314.13756
314.15058
314.16198
314.74836
315.11490
315.18720
315.24228
315.30510
315.32436
315.46992
315.51252
316.73748
316.83384
316.85964
317.20296
317.20842
317.69508
317.85000
317.94246
317.95512
318.46974
319.12572
319.14576
319.28412
319.28790
319.33956
320.58420
320.63484
320.67726
320.92284
320.97876
321.04488
321.07002
322.54248
322.98276
323.62806
323.65710
323.71872
323.74356
323.78376
323.79972
323.82576
324.03096
324.05430
324.06672
324.08058
324.10074
324.15768
324.18930
324.21540
324.23442
324.23940
324.26454
324.38598
324.40446
324.84990
324.92676
325.27818
325.93974
326.40906
326.83404
327.35340
327.39138
327.55494
327.93918
328.01628
328.04172
328.22502
328.51740
329.25330
329.30958
329.67726
329.93124
329.97264
330.91020
331.10262
331.11342
331.29582
331.78992
331.86774
331.90938
332.01672
332.08608
332.85120
333.06048
334.06668
334.55004
334.60278
334.66128
334.74318
334.79544
335.34408
335.35518
335.36340
335.41074
335.43102
335.44446
335.59590
335.84046
336.45618
336.49830
336.66546
337.09812
337.37262
337.38888
338.38926
338.51334
338.56086
338.59446
338.60346
338.63592
338.64636
339.65268
339.70224
339.75360
339.80082
340.29300
340.29864
340.56894
340.66596
340.89498
340.95810
340.96230
341.02212
341.05560
342.03780
342.20190
342.22008
342.26100
342.39090
342.39912
342.40068
342.48624
342.48786
342.69648
342.75120
342.96084
342.97296
342.98766
343.15170
343.23678
343.23834
343.24356
343.27326
343.28808
343.37448
343.41612
343.42140
343.43202
343.49070
343.55256
344.92632
344.99784
345.05214
345.48234
345.88782
345.92502
346.41852
346.42824
346.74024
346.76850
346.85064
346.85448
346.89156
347.08260
347.12388
347.21058
347.27880
347.36022
347.37636
348.24114
348.26484
348.28086
348.32376
348.52074
348.61800
348.75450
348.79800
349.57302
349.59408
349.61184
349.67256
349.67430
349.86690
349.87140
349.88262
350.01978
350.04804
350.13600
350.85936
350.87172
350.88114
351.27120
351.91362
351.94050
351.94998
351.95394
352.02006
352.07808
352.12278
352.34904
352.65774
352.66776
352.74174
353.26830
353.28186
353.56260
353.57142
354.28524
354.29772
354.30012
354.31944
354.52464
354.56148
354.56370
355.21092
355.23492
355.75956
355.84956
355.87446
355.88736
356.33112
356.42844
356.44200
356.54700
356.72652
356.76306
356.93640
357.01026
357.10092
357.14094
357.15774
357.17298
357.46398
357.68136
357.99252
358.63662
358.72152
358.75794
358.78248
359.29164
359.88846
359.95842
360.05616
360.06414
360.06810
360.07356
360.56856
360.81378
361.43244
361.55706
361.85688
361.87980
362.12562
363.49536
363.56592
363.58494
363.62202
363.66384
363.69900
364.24080
364.54944
364.55526
364.55946
364.83018
365.22666
365.52540
365.55378
365.72118
365.74242
365.96076
365.98482
366.23988
366.56034
366.58314
366.72234
367.23504
367.50516
367.58508
367.70076
367.82886
367.93890
368.64264
369.37170
369.37788
369.41874
369.43494
369.50082
369.52806
369.55800
369.60348
369.68880
370.10730
370.25268
370.31124
370.46034
370.47984
370.54608
370.55202
370.77558
370.89360
371.34504
372.60810
372.61638
373.56810
373.71072
373.73094
374.20470
374.22720
374.23884
374.25096
374.27334
374.27616
374.29272
374.78766
374.88834
375.27036
375.56190
375.65784
375.67668
375.69378
375.69714
377.26566
377.57796
377.94522
377.95722
378.71652
378.74652
378.80292
378.93888
379.10484
379.23084
379.31298
379.45176
379.48626
380.76774
380.80980
380.83332
381.66018
381.71826
381.72378
381.76872
381.89640
381.90312
381.93930
382.27488
382.99638
383.07036
383.08590
383.09124
383.16336
383.17200
384.43968
384.60702
384.88488
384.91296
384.92214
384.94584
385.60122
385.62036
385.64070
385.84104
386.58324
386.60394
386.75184
386.82942
386.86398
386.87598
386.88144
386.89398
386.93838
386.95080
386.96622
387.03192
387.27330
387.50460
387.99096
388.45986
388.55040
388.59792
388.73994
388.76088
389.05818
389.31684
390.36720
390.38376
390.38988
390.41934
390.56454
390.56646
390.58836
390.71964
391.22262
391.42314
391.45044
391.64478
392.20248
392.62494
392.65140
392.77818
392.80380
392.81748
393.19212
393.21480
393.29964
393.37674
393.65082
393.71700
393.72060
393.72696
393.81360
394.01028
394.08024
394.10586
394.11600
394.22706
394.25898
395.05290
395.11710
395.62632
395.85564
395.89032
395.92818
397.48788
397.70694
398.16030
398.19498
398.20326
398.23776
398.63196
399.03132
399.21876
400.04154
400.08084
400.14816
400.22676
400.32696
400.42884
401.62692
401.64426
401.66802
402.05940
402.09132
402.10776
402.13416
402.15546
402.40044
403.58088
403.90200
404.12436
404.28984
404.35050
404.37768
404.54454
405.44184
405.46338
405.47718
405.51438
405.67056
405.82722
405.85746
406.04496
406.64280
406.66104
406.68582
406.69584
407.18184
407.19036
407.19966
407.30910
407.47092
408.37554
408.39546
408.41334
408.65010
408.72336
408.80034
408.94776
409.35900
409.36554
409.41366
409.43544
410.11248
410.38026
411.12672
411.13914
411.15840
411.19362
411.20856
411.23988
411.40494
411.58980
411.74208
412.20600
412.21668
413.02836
413.12238
413.13996
413.17968
414.08286
414.39432
414.55422
414.65754
414.68922
414.71448
414.72606
414.76254
414.77208
414.77652
414.88470
414.91620
414.92550
415.32162
416.24196
416.25870
416.32080
416.34990
416.35914
416.46198
416.48118
416.50716
416.53674
416.58630
416.58786
417.05034
417.34086
417.55692
417.84642
417.89406
418.03002
418.09248
418.10346
418.21188
418.23444
418.25016
418.25634
418.49214
418.52976
419.95086
420.06762
420.12858
421.02636
421.04598
421.31574
421.48452
421.49328
422.34936
422.71686
422.73402
422.79660
423.18900
423.25650
423.30012
423.75204
423.80874
423.81420
424.22922
424.26480
424.29594
424.31238
424.99422
425.17332
425.36610
425.95026
426.31494
426.35868
426.47142
426.62538
427.20858
427.23162
427.29558
427.33866
427.35684
427.41366
427.61076
427.93770
427.96008
428.12970
428.19216
428.24322
429.88770
429.93672
430.01850
430.08060
430.14252
430.19946
430.23300
430.25502
430.36008
430.41534
430.42326
430.45200
431.34000
431.59440
431.65794
431.98764
431.99922
432.01746
432.72744
432.72900
432.90666
432.94608
433.14378
433.34550
433.38126
433.48098
433.48680
433.70706
433.72020
434.04198
434.13876
434.63088
435.05976
435.07932
435.21642
435.22848
435.24792
435.28500
435.51360
435.57942
435.85194
435.92358
435.92796
436.17396
436.18710
436.30566
436.35654
436.39854
436.48566
436.58814
436.60074
436.62552
436.80294
436.80540
437.11482
437.15190
437.37816
437.82534
438.79134
438.85464
439.50726
439.54320
439.59558
439.60884
439.69770
440.00418
440.02110
440.24844
440.25732
440.31912
440.70372
440.81316
441.05832
441.13542
441.17562
441.23184
441.31902
442.06782
442.14138
442.76208
442.79730
442.82520
443.35182
443.38404
443.41146
443.64630
443.69418
443.84304
443.92212
443.99496
444.11460
444.16686
444.21114
444.70038
445.35054
446.51994
446.54520
446.55792
446.57826
446.59314
446.62638
446.79150
447.55266
448.20384
448.23666
448.37304
448.49736
448.75344
448.95612
448.96746
448.97262
448.98630
449.08470
449.09238
449.11974
450.43920
450.46380
450.47442
450.53436
450.64698
450.73236
450.76482
450.76704
450.82698
451.40454
451.41996
451.61400
451.71156
451.75644
451.78002
451.78650
451.80366
451.82022
452.12232
452.19198
452.88996
452.96976
452.97234
452.97696
453.01230
453.02760
453.15006
453.25320
453.33384
453.33744
453.35970
453.87174
453.88290
454.44624
454.44798
454.45992
454.47432
454.95390
454.97376
455.01828
455.05812
455.76216
455.81622
455.88996
455.89278
455.94876
456.77790
457.09236
457.89372
457.90032
458.29296
458.41650
458.58606
458.90070
458.90250
459.15672
459.28350
459.36582
459.84450
459.89310
459.89952
460.00632
460.94442
460.95744
460.98018
461.04966
461.06862
461.10294
461.17872
461.69934
462.08412
462.14448
462.14910
462.18474
463.18122
463.19322
463.29612
463.61616
463.64958
464.24616
464.33268
464.42316
464.46882
464.76294
464.78424
464.80260
465.30474
465.31566
465.45588
465.74160
465.79728
466.14882
466.49976
466.53672
466.66392
466.82178
466.84596
466.87668
467.11428
467.15268
467.79450
467.90592
468.34362
468.61254
468.72834
469.15242
469.58604
469.88880
469.90932
470.03724
470.14998
470.91984
470.95038
471.00654
471.11928
471.15078
471.67914
471.89520
471.94170
472.00140
472.25166
472.25958
472.27188
472.35606
472.43376
472.54032
472.85580
473.03118
473.18904
473.21700
473.36340
473.69574
473.76138
473.78814
473.91966
474.13896
474.77580
474.79950
475.00410
475.34694
476.13006
476.14794
476.26950
476.91744
476.96892
477.54066
477.89010
477.91626
478.61574
478.63302
478.86324
478.99500
479.40492
479.56104
479.65914
479.90850
479.93586
480.03372
480.39462
481.20660
481.27434
481.32414
481.42830
481.84356
481.90524
483.00438
483.22278
483.30576
483.36720
483.44892
483.49740
484.12494
484.21692
484.26948
484.69602
484.71990
484.73886
485.39208
485.44872
485.46282
485.47866
485.61996
485.64696
486.20064
486.24294
486.28272
486.83802
487.22460
487.24878
487.27674
487.55304
488.06604
489.74388
489.80478
489.82482
490.58070
490.62108
491.06154
491.77542
492.22056
492.23736
492.31710
492.76314
492.76650
492.77016
492.78156
492.79284
492.82326
493.19586
493.22694
493.28262
493.28808
493.29282
493.30518
493.33332
493.34238
493.84356
494.28828
494.38896
494.40318
494.41674
494.98590
495.01068
495.04824
495.19962
495.23244
495.40392
495.43950
495.54504
496.48614
496.62018
496.89846
496.95768
497.34870
497.37312
497.38098
497.47074
497.48928
498.44328
498.50820
498.53886
498.84852
498.97884
499.50618
500.38794
500.40048
500.62272
501.04368
501.69486
501.73398
501.77874
502.73928
502.82460
502.94148
502.94934
502.95870
503.19750
504.15450
504.16182
504.58212
504.87558
504.96450
504.97350
505.00386
505.01646
505.04280
505.10160
505.62708
505.64106
505.70688
505.72470
505.79424
506.62488
506.68614
506.70636
507.67812
507.70518
507.94452
508.04178
508.07028
508.20966
508.24884
508.26996
508.35912
509.60466
509.65362
509.83068
509.88174
510.85932
510.88344
510.92406
510.93924
511.14822
511.64100
511.66284
512.19816
512.40450
512.41722
513.28470
513.33888
513.37770
513.38784
513.43278
513.59448
513.77238
514.35900
515.14848
515.17188
515.26332
515.75844
516.49380
516.50112
516.82236
516.88188
517.58208
517.61058
517.84002
517.94118
517.98510
518.16288
519.60066
519.69444
519.73800
519.87744
519.94152
519.98484
520.71180
522.00336
522.18678
522.21480
522.54144
522.56382
522.76818
523.30170
523.31982
523.37070
523.42362
523.66860
523.80576
523.81062
523.84878
524.13072
524.13828
524.56326
524.58564
524.74290
524.77098
524.77338
524.81238
524.98044
525.04782
525.82644
527.34756
527.36196
527.41650
527.49588
528.34560
528.35400
528.39750
528.89820
528.90120
528.98160
528.99198
529.01454
529.41858
530.35416
531.14940
531.22656
531.41106
531.44712
531.44982
531.49440
531.65292
531.66534
531.77472
532.37076
532.85562
532.86864
533.15010
533.17134
533.26860
533.29422
533.33160
533.38980
533.39556
533.61978
534.61872
534.80064
535.18368
535.20600
536.14272
536.50704
536.99616
537.03300
537.10908
538.07640
538.25988
538.98960
539.39580
539.70492
539.72694
540.15978
540.54174
540.56328
540.61968
540.70722
541.27842
541.35210
541.37148
541.58088
541.65420
541.67652
541.70586
541.81908
541.90164
542.63880
542.69916
542.75694
542.84550
543.51162
544.01586
544.16724
544.74882
544.96086
544.98162
545.55024
546.07560
546.29916
546.31602
546.32640
546.32796
546.33966
546.52908
546.53244
546.75954
546.76596
546.78006
547.29060
547.34268
547.34826
547.99812
548.07912
548.17470
548.20608
548.74122
549.37272
549.37788
549.41646
549.58800
549.61806
550.27056
550.28292
550.72818
550.93476
551.15118
551.28558
551.43264
551.51232
551.71008
552.45570
552.49602
552.66978
552.67962
553.07394
553.12062
553.17162
553.79682
553.82988
554.19474
554.43942
555.33228
555.65370
556.27026
556.28352
556.30182
556.33722
556.91784
556.95114
557.91156
557.95824
558.30282
558.31464
558.47190
558.49836
558.53844
558.69498
559.78062
559.81638
560.00064
560.82672
560.99238
561.16578
562.00998
562.28496
563.52612
563.65212
563.70654
564.29550
564.67992
565.52538
565.58268
565.61742
565.69890
565.72884
565.92138
565.94838
566.13582
567.35784
567.38358
567.51474
567.72666
567.74280
567.98664
568.02090
568.16856
568.21278
568.23900
568.96950
569.00316
569.50812
569.54868
569.76330
569.77350
569.80782
569.89866
569.96250
569.98188
570.17190
570.70266
570.85194
570.88758
570.91302
571.04382
571.14918
571.16262
571.96614
572.05290
572.07444
572.17362
572.19426
572.20998
573.64344
573.92370
574.66314
574.85430
575.36232
575.48076
576.48336
576.49866
576.66126
577.44732
577.66530
577.70658
578.76750
578.98722
579.01998
579.23328
579.40848
579.42600
579.86940
580.18572
580.80666
580.81650
580.90044
580.94964
580.98714
581.00988
581.01336
581.04510
581.14998
581.22756
581.37786
581.88960
581.94762
582.39522
582.43164
582.52590
582.53388
582.73038
582.88980
583.26900
583.35132
583.43154
584.03718
584.10078
584.11656
584.11806
584.55750
584.80482
584.81052
585.63018
585.87048
585.88374
586.50168
586.50528
586.54242
586.59078
586.61988
586.84272
586.91118
586.94880
586.98438
587.01918
587.25450
587.57904
588.16128
588.16938
588.33228
588.87066
589.01790
589.67616
589.71000
589.73118
589.76730
589.99188
590.18730
590.27766
590.29386
590.41548
590.73180
590.90298
592.41792
592.49598
592.51710
592.53402
592.65540
592.69182
592.71570
592.73274
592.79562
593.65308
593.83326
594.59094
594.60522
594.74700
595.54302
595.58100
595.67484
595.80378
596.15994
596.94804
597.07866
597.24312
597.51978
597.63828
597.77490
598.74984
598.98654
599.50158
599.51214
599.55432
599.62668
599.63022
599.69664
599.72484
599.73660
601.19364
601.19874
601.90014
601.90512
601.91568
601.93746
602.09808
602.32116
602.33460
602.35956
602.39388
602.42424
602.58942
603.38472
603.41946
603.46332
603.85206
604.07220
604.90326
605.09088
605.10810
605.14506
605.32284
605.39298
605.97828
605.99160
606.40026
606.43278
606.43548
606.48750
606.72012
606.77214
606.79920
606.81144
606.86634
607.24686
607.25334
607.27158
607.35384
607.55202
607.61988
607.62600
608.24712
609.47436
609.76344
609.98622
610.16220
610.58364
611.23512
611.32428
611.87856
612.10482
612.21324
612.37164
612.37344
613.20876
613.40052
613.83402
613.94382
614.07222
614.08512
614.64294
614.69592
615.26718
615.44724
616.01364
616.22220
616.24962
616.35078
616.36260
616.51716
616.58094
616.61712
616.68798
616.76130
617.36118
617.41716
617.52618
617.52990
617.82204
617.88156
617.91138
618.32784
618.43758
618.84810
618.86226
618.88572
618.92916
619.09566
619.27410
620.59290
620.96070
620.98518
621.11124
621.41214
621.42540
621.96384
621.98022
622.34850
622.55796
622.86084
622.94850
622.97430
623.70168
623.70738
624.40380
624.44010
624.44412
624.45390
624.52842
624.67644
624.98382
625.00164
625.10268
625.11714
625.23930
625.27014
625.28898
625.33092
625.34220
626.33928
626.37138
627.43032
627.61956
627.65922
628.76274
628.77870
628.80018
629.17950
629.20230
629.35776
629.49522
629.56482
629.62056
631.68252
631.72572
631.76832
632.25438
632.25792
632.38764
633.31842
633.33642
633.52014
633.53160
633.53802
633.55386
633.56856
634.23108
634.41594
634.82886
634.83054
634.87170
635.06532
635.69178
635.89218
635.90472
635.90838
636.00006
636.00786
636.01266
636.01452
636.57540
637.07718
637.13466
637.15098
637.66440
637.71510
637.82022
638.40876
638.41446
638.43648
638.46768
638.48652
638.50320
638.88012
639.04194
639.22542
639.62562
640.15578
640.20168
640.23654
640.98780
641.07516
641.10420
641.12790
641.13042
641.69178
641.76252
642.04626
642.37686
642.38730
642.63432
642.64440
642.69372
643.44786
643.49766
643.87842
643.91490
644.74338
644.98572
645.01524
645.61086
645.75738
645.91704
645.92256
645.93222
646.46778
646.98096
647.07756
647.22384
647.46048
647.82390
647.85864
647.94666
648.62670
649.04022
649.62138
649.65096
649.66890
649.69788
649.74024
650.14950
650.15976
650.27106
650.31000
650.35092
650.35314
650.40114
650.42886
650.72448
651.15126
651.88632
651.93306
651.99132
652.20786
652.50192
652.56540
653.38344
653.49984
653.65842
653.77878
653.79288
654.61482
656.09268
656.24478
656.26470
656.36520
656.80884
657.41322
657.53004
657.54732
657.71790
657.73350
658.60896
658.65696
659.10804
659.16378
659.62056
659.86770
659.90028
659.99790
659.99970
660.25584
660.26208
660.55626
660.59214
661.01196
661.01940
662.17692
662.19840
662.29662
662.36028
662.55150
663.48378
663.52332
663.83064
663.88638
663.91164
663.97104
664.05174
664.22832
664.23192
664.29636
664.33134
664.40502
665.52846
666.12252
666.35238
666.53622
667.17084
667.28550
667.55148
667.58304
667.80402
667.98582
668.06148
668.27802
669.16860
669.38370
670.00626
670.07010
670.09650
670.49190
670.49664
670.58388
670.58988
670.60698
671.22162
671.72532
672.59880
672.61836
672.67536
673.16640
673.74198
673.77264
674.32896
674.38764
675.65694
676.26384
676.32636
676.33812
676.36074
676.36284
676.46688
676.48662
676.50168
676.89528
676.90938
677.01000
677.02170
677.21064
677.21742
677.27100
677.30220
677.43060
678.19614
678.29448
678.34044
678.34452
678.46968
679.38612
679.70940
679.78308
679.95696
679.97592
679.98534
680.39664
680.44458
680.49882
680.69154
680.96976
681.07590
681.10890
681.14448
681.32664
682.14054
682.18812
682.25808
682.54398
682.56168
682.60332
682.71102
682.81488
683.58984
683.78082
683.88660
683.90058
683.90454
684.66678
684.70074
684.73818
684.88068
684.92952
685.12128
685.21170
685.33884
685.57926
686.92722
686.93778
687.24870
687.40728
687.42978
687.70416
687.71232
687.72912
688.41174
688.49316
688.63830
688.65540
689.38812
689.40888
689.83896
689.86284
690.57348
690.73278
691.63014
692.36502
692.37330
692.45658
692.71176
692.73876
692.83056
692.92020
693.52242
693.53016
693.54882
693.56058
693.58740
694.26744
694.39872
694.50096
694.50900
694.51170
695.26824
695.27910
695.44170
695.51214
695.53248
695.70756
695.72652
696.24804
696.27918
696.67650
697.28652
697.74204
697.79478
697.85814
697.89576
697.90218
697.95624
698.17464
698.25174
698.25948
698.27514
698.30928
698.41566
699.27234
699.33384
699.37848
699.89124
699.92862
699.96900
699.97920
700.05660
700.08138
700.17954
700.66740
700.87104
701.87292
701.87814
702.15894
702.19872
702.48216
702.52986
702.54534
703.08228
703.11846
703.13826
703.21770
703.24092
703.27662
704.14068
704.16534
704.18376
704.46738
704.60040
704.62038
704.66544
704.67390
704.93538
705.11880
705.56808
706.27596
706.60470
706.87116
707.19660
707.71824
707.72202
708.08082
708.09360
708.13140
708.16578
708.17148
708.18204
708.19356
708.19668
708.26118
708.28830
709.03626
709.35750
709.36050
709.63884
710.77704
710.83308
711.15204
711.82554
712.13154
712.13454
712.28298
712.30878
713.54778
713.94882
714.04080
714.11244
714.15336
714.20646
714.59406
714.61572
714.64836
714.65262
714.77958
714.79122
714.87648
715.26306
715.58880
716.05692
716.31690
716.41578
716.65002
716.65296
716.66946
717.07614
717.09288
717.11958
717.79182
717.85644
717.92736
718.07742
718.13280
718.27932
719.68530
719.87448
719.88678
719.91024
719.99784
720.04968
720.12846
720.27606
720.70266
721.23786
721.25676
721.27632
721.42362
721.44300
722.38122
722.41632
722.63202
724.49040
724.52034
724.69734
725.02596
725.10354
725.38008
725.39118
725.84478
726.45282
726.62754
726.71754
726.79842
726.81108
726.82290
726.82776
726.90108
726.94068
727.35462
727.46442
727.53762
728.21802
728.22732
728.26590
728.50638
728.60118
728.75082
728.80332
728.84484
729.03564
729.04494
729.20844
729.22806
729.87624
729.91866
730.05450
730.47438
730.50546
730.58418
730.61142
730.86276
730.87692
731.15190
731.86818
732.11856
732.21540
732.87624
733.11888
733.20144
733.22010
733.24506
733.32684
733.39878
733.61922
734.15646
734.25504
734.25762
734.33490
734.40768
734.41878
735.25290
736.09824
736.12992
736.15314
736.36272
736.43382
737.22966
737.25810
737.47230
737.67864
737.74014
738.26778
738.62274
738.65640
738.74814
739.41384
739.53690
739.90428
740.48790
740.49132
740.64744
740.68338
742.00380
742.04088
742.56600
742.72878
743.00058
743.02674
743.43234
743.52516
743.56998
743.61864
743.66874
744.74826
745.07286
745.07574
745.11678
745.20426
745.21332
745.26006
745.37346
745.39038
745.39854
745.40202
745.48596
745.57176
745.73622
745.88598
746.93502
747.16452
747.76104
747.78768
748.14252
748.15326
748.42170
748.44756
749.05704
749.09148
749.22072
749.56662
750.50484
750.53124
750.54060
750.56136
750.57546
750.63438
750.70020
750.71298
750.74376
751.01688
751.27368
751.47864
751.67838
751.87956
751.91106
752.21334
752.22288
752.28222
753.39948
753.41370
753.55182
754.59432
754.61400
754.84164
755.17266
755.60580
755.92770
756.39378
756.60288
756.76596
757.01928
757.02522
757.98948
758.11350
758.45910
758.96946
758.98260
759.05100
759.10662
759.24318
759.29484
759.57462
760.52298
761.04930
761.50326
761.58942
762.46926
762.47292
762.54402
763.17396
763.20444
763.98510
763.98822
764.28888
764.31000
764.43774
764.47380
764.64390
764.66628
764.67522
764.73660
764.76630
765.38928
765.41916
765.65082
765.65238
765.68916
765.69360
765.70188
765.73596
766.82400
766.89558
767.04534
767.17596
767.18544
767.21280
767.22996
767.49594
767.56356
767.59068
767.60826
769.13256
769.13508
769.18206
769.22220
769.25124
769.37154
769.51542
769.94580
769.95150
769.95690
769.97010
769.98246
770.22474
770.24226
770.25870
770.26752
770.27760
770.77188
770.91744
771.20532
771.33102
772.05786
772.37322
772.43220
772.44156
773.10924
773.17896
773.37960
773.41074
773.45304
773.48640
773.50962
773.54052
773.57028
773.62764
773.81412
773.83764
773.85042
774.09300
774.11286
774.49884
774.54246
774.56796
774.69096
774.72276
774.72444
774.76134
775.45344
775.50744
775.73568
776.18676
776.20392
776.23542
776.39364
776.42556
776.71314
777.09912
777.27534
777.31548
778.43676
778.65450
778.66218
779.46894
779.54130
779.58972
779.59182
779.73984
779.93526
780.09252
780.12690
780.63972
780.64704
781.35144
781.36320
781.39152
781.40340
781.49196
782.03760
782.10864
782.22456
782.63844
782.68260
782.78700
782.93028
783.02370
783.20850
783.33954
783.38826
783.40368
783.68124
783.89022
783.94518
784.17018
784.21008
784.22982
784.71282
785.41776
785.56812
785.77836
786.35544
786.36282
786.36894
786.37044
786.39240
786.42402
786.44376
786.48192
786.54378
786.77532
787.10646
787.14636
787.35456
788.68116
789.23760
789.66222
790.64988
790.70136
790.98468
791.00484
791.11182
791.12712
791.15382
791.34636
791.39514
791.43426
791.52840
791.53518
791.54082
791.56572
791.90202
791.96118
792.11442
792.12186
792.14124
792.25644
792.30108
793.08138
793.50894
793.51410
793.66362
793.78146
794.05962
794.47938
794.48334
794.51094
794.51766
794.61876
794.66676
795.39156
795.41226
795.46854
795.54708
795.54900
795.57468
795.66984
795.71148
795.92196
796.29774
796.99494
797.07978
797.26704
797.29548
797.31984
797.38914
797.39688
797.46822
799.28754
799.77600
800.55684
800.62830
800.64816
800.73966
800.76444
800.90706
800.90928
800.96250
801.20100
801.92112
802.01760
803.35848
803.49444
803.50542
803.85138
804.32544
804.35604
804.69894
805.09920
805.48578
805.52832
805.53072
805.57326
805.69752
805.71378
805.72134
805.72542
805.86102
806.50686
807.35538
807.44286
807.48222
807.50304
807.52188
807.53514
807.59394
808.20654
808.34460
808.45488
808.64106
808.68570
808.72080
808.73628
808.74552
808.84332
809.39262
810.11244
810.18612
810.51492
810.59382
810.61950
810.83892
811.18566
811.23180
811.28832
811.63878
811.87764
811.91862
811.96488
811.97280
812.54316
812.59632
812.66424
812.68452
812.97456
813.00828
813.04746
813.16128
813.23946
813.25566
813.47382
813.66654
813.67788
813.92148
813.93918
813.95178
814.35420
814.36152
814.41702
814.54188
814.91508
815.01630
815.09580
815.69154
815.69448
816.43422
816.47562
816.64956
816.65178
816.68250
817.33056
817.96824
818.50854
818.55576
818.57634
818.57946
818.70174
819.48624
819.54564
819.57204
819.65244
820.48704
821.13672
821.47710
821.96412
821.99886
822.09186
822.12492
822.88170
822.89736
822.99300
823.51776
823.53894
823.58172
823.63368
823.73748
823.75968
823.88178
823.94664
824.07234
824.08824
824.09226
824.12154
824.80500
824.82420
824.86860
825.39696
825.40368
825.44376
825.45042
825.48552
825.51456
825.60564
825.84900
826.21650
826.24866
826.92672
827.10138
827.13510
827.16096
827.23596
827.30262
828.25152
828.29574
828.38478
828.53172
828.58800
828.96348
828.98616
829.03086
829.04448
829.58010
829.62888
829.90434
830.37102
830.46336
830.47662
830.49408
830.50704
830.56104
830.60502
830.63142
830.89428
830.90064
830.91120
830.91960
831.88152
832.33980
832.84254
832.92360
832.93824
832.94406
832.95546
833.08032
833.10234
833.12952
833.37750
833.63448
834.23430
834.25128
834.28662
834.29358
834.49536
834.99330
835.27560
835.44174
835.45446
835.63470
835.71024
835.74270
835.76508
835.79436
836.48472
836.48886
836.49294
837.00624
837.40002
837.86202
837.87828
837.97560
837.97950
838.08144
838.95738
838.98378
839.07756
839.07942
839.40336
839.48928
839.52384
839.68656
839.84310
839.85444
839.86758
839.89914
839.96928
840.90846
841.15230
841.90062
842.17752
842.19144
842.25210
842.27952
842.33184
842.40318
842.84718
843.15612
843.92682
843.99336
844.05714
844.12260
844.12902
844.19334
844.70802
844.71114
844.72848
844.73544
845.47728
845.92890
846.14718
846.20118
846.44934
847.04652
847.09524
847.15470
847.15986
847.16574
847.18788
847.20732
847.78542
847.79328
847.80306
847.80504
847.85826
847.97592
848.08878
848.09784
848.14620
848.16138
849.01374
849.02766
849.09156
849.12258
849.12522
849.15150
849.40680
849.56532
849.61530
849.61746
850.44168
850.50360
850.55046
850.55760
851.24154
851.76276
851.81910
851.84598
851.88456
851.88894
852.02490
852.11388
852.80334
852.82668
852.87858
852.91608
853.21884
853.35546
854.82708
855.00372
855.55662
855.73794
855.81216
855.96588
855.98424
856.05078
856.06062
856.13730
856.38840
856.42920
856.69104
857.47950
857.86638
857.88864
857.90112
857.94276
857.95350
857.99598
858.13746
858.24888
858.37140
858.37764
858.43260
858.50688
858.55416
858.61362
858.61782
858.62598
858.64086
858.66648
858.69834
858.76074
859.09656
859.23186
860.00262
860.02848
860.31606
860.59614
860.63472
860.64504
860.65542
860.66160
860.76768
860.82408
860.92248
860.96796
860.97750
861.10302
861.92592
862.07988
862.17726
862.61796
862.65030
862.65810
863.58966
863.72748
864.07740
864.30180
864.31338
864.65538
864.66504
864.90150
865.66272
866.23368
866.63802
866.64288
866.97264
866.98068
867.34014
867.61410
867.64392
868.50906
868.52076
868.81764
868.82148
868.92786
869.00202
869.00730
869.32062
869.36382
869.41128
869.42934
870.16176
870.17100
870.60516
870.60744
870.69822
870.70212
871.44792
872.02068
872.79558
873.10434
873.25992
874.33194
874.40142
874.47528
874.49412
875.04936
875.18868
875.41770
875.43432
875.43858
875.72502
875.73366
875.77032
875.81430
875.85372
875.88618
875.98002
876.12048
876.37050
876.45660
876.63990
876.94782
877.14702
877.47234
877.49430
877.49796
877.50618
877.80684
877.84218
877.86150
878.12364
878.14890
878.25432
878.27652
878.34036
878.37276
878.65710
879.07152
879.14058
879.37404
879.46680
879.53796