0.26278
0.65098
1.23322
1.32262
1.63732
1.74964
2.07676
2.72314
2.80342
2.82334
3.00814
3.29032
3.33268
3.34792
3.41092
3.53548
3.54838
3.86980
4.11874
4.25680
4.75492
4.89904
5.14678
5.18476
5.30968
5.31844
5.32282
5.33050
5.37226
5.40004
5.50564
5.53336
5.79658
5.99932
6.27394
6.28078
6.28468
6.38518
6.81376
6.96982
7.03936
7.05124
7.15660
7.99108
8.03368
8.25856
8.35810
8.42050
8.49334
9.13606
9.29206
9.48838
9.54232
9.55660
9.56392
9.78052
10.09726
10.29424
10.39972
10.68634
10.83916
10.93126
10.96702
10.99630
11.43112
11.59492
11.70448
11.95222
11.96542
12.21736
12.22810
12.26104
12.26692
12.59824
13.15432
13.15600
13.18450
13.21324
13.25374
13.54546
13.57486
13.60336
13.86322
13.98796
14.11156
14.41270
14.62612
14.65660
14.70940
14.80432
14.98042
14.99422
15.01282
15.11266
15.20584
15.24532
15.40624
15.41188
15.57172
15.64468
15.93436
15.98716
15.99358
16.10788
16.68370
17.03332
17.03740
17.39602
17.41792
17.48062
17.78068
17.92930
18.10090
18.50002
18.52912
18.54994
19.01374
19.16614
19.20754
19.21846
19.28212
19.31350
19.49722
19.89958
20.74996
20.90182
20.91244
20.96704
21.03484
21.42976
21.63916
22.30294
22.33264
22.44046
22.49794
22.52374
22.53202
22.59010
22.67758
22.69864
22.71568
23.14516
23.23498
23.56564
23.57890
23.61142
23.89624
23.95282
24.21298
24.37654
24.46252
24.59362
25.22608
25.40068
25.75390
25.78816
25.79620
26.35978
26.61676
27.00334
27.11152
27.98932
28.16416
28.17280
28.28446
28.62976
28.89904
28.91974
28.93786
29.54572
30.10990
30.32758
30.45928
30.46474
30.47326
30.66088
30.70972
30.89524
31.01854
31.12378
31.35664
31.37434
31.39084
31.43488
31.52212
31.98718
32.05186
32.32942
32.38264
32.38888
32.58922
32.66584
33.36838
33.38548
33.39916
33.40402
33.54742
33.74932
33.76156
33.80872
34.45510
34.49044
34.53568
34.71706
34.77580
35.22784
35.23264
35.41210
35.52088
35.82040
36.07360
36.08038
36.11470
36.13768
36.14344
36.17548
36.33412
36.34450
36.47506
36.95134
37.05910
37.29646
37.32514
37.77244
37.78258
37.99978
38.13316
38.37406
38.46610
38.82058
38.87818
38.90080
39.20884
39.23902
39.27292
39.51388
39.66562
39.69724
39.71350
39.72616
39.73552
39.87550
40.48810
40.97158
41.39008
41.40472
41.41288
41.44612
42.06166
42.08902
42.13654
42.22360
42.38200
42.47062
42.53446
42.59746
42.66568
42.71230
42.86890
43.09972
43.67470
43.68778
43.68952
43.70056
43.71118
43.80466
44.01262
44.28556
44.93464
44.95366
45.01192
45.33340
45.35452
45.54448
45.70300
46.10752
46.12450
46.39516
46.53844
46.64062
46.75936
47.09560
47.37748
47.87752
48.00754
48.03334
48.03670
48.06556
48.14218
48.33844
48.35350
48.38764
48.52492
48.66082
48.71860
48.88486
49.19458
49.43494
49.58656
49.87078
49.89370
49.94416
49.95292
50.09572
50.12104
50.13940
50.16160
50.21350
50.52466
50.56810
50.70142
50.87482
51.11218
51.16300
51.81004
52.50436
52.52692
52.53358
52.64074
53.12536
53.17432
53.52076
53.63332
53.70778
53.91496
54.13510
54.14686
54.17998
54.18820
54.18982
54.45520
54.67060
54.83896
55.00408
55.02514
55.03120
55.04992
55.18438
55.93318
55.97134
56.07154
56.13832
56.25100
56.66734
56.85208
57.31480
57.32812
57.34330
57.35080
57.38818
57.40072
57.55348
57.61090
57.62044
58.20742
58.31224
58.37200
58.37446
58.38340
58.46668
58.56484
58.61272
58.80328
59.20480
59.39722
59.56948
59.59738
60.12688
60.35080
60.61876
60.96724
60.97864
61.12516
61.80460
62.28412
62.59696
63.26206
63.29998
63.31870
63.32596
63.33496
63.39688
63.41920
63.47542
63.48460
63.52162
63.53230
63.54142
63.54592
64.06336
64.09258
64.23136
64.24240
64.37200
64.54882
64.75270
64.89508
65.03662
65.14996
65.78608
65.85622
65.88964
65.97616
65.98486
65.99374
66.00172
67.27312
67.75534
67.89550
67.90984
67.95382
68.11150
68.48464
69.07840
69.25486
69.30196
69.32050
69.34420
69.85918
69.90586
70.02280
70.80550
71.13112
71.18590
71.20606
71.32048
71.37982
71.55046
71.55520
71.56642
71.62738
71.83648
72.32050
72.43546
72.44968
72.63514
72.87742
73.41304
73.70836
73.99846
74.00776
74.01418
74.41054
75.00760
75.15070
75.18562
75.99052
76.00756
76.01806
76.02844
76.75486
76.98148
76.99828
77.02174
77.05714
77.11978
77.20414
77.28028
77.70526
77.80696
78.18382
78.36148
78.43300
78.46234
78.46732
78.51076
79.01722
79.57468
79.88386
79.99414
80.23360
80.52436
80.66680
80.73892
81.10030
81.29086
81.33328
81.33670
81.51658
81.53338
81.55084
81.60592
81.98500
82.03342
82.49968
82.50886
82.52398
82.53712
82.57078
82.76374
82.81090
83.14678
83.15530
83.74936
83.82538
83.83450
83.85664
84.16024
84.37210
84.49546
84.56266
84.60106
84.61618
84.76486
85.00834
85.09318
85.21744
85.22320
85.22554
85.26058
85.75258
85.78204
85.94074
86.14276
86.42290
86.59060
86.61454
86.62168
86.70334
86.71510
86.71924
86.73292
86.87608
86.94730
87.19732
87.36502
87.85144
88.14148
88.14706
88.17718
88.18906
88.82086
88.91182
88.99756
89.13580
89.33626
89.36554
89.37832
89.41210
89.56168
89.90056
89.94676
90.06484
90.08272
90.10024
90.10954
90.11230
90.13240
90.19852
90.26188
90.26848
90.87286
90.95776
91.19140
91.28398
91.32286
91.69840
91.78054
91.98652
92.35270
92.35834
92.54590
92.73910
93.79552
93.91504
93.91708
93.93640
93.94960
94.19404
94.45126
94.46950
94.65934
94.84324
94.87354
94.92946
95.05084
95.05324
95.06908
95.08072
95.25766
95.29636
95.38342
95.74606
95.87986
96.02356
96.13726
96.16696
96.48544
96.56920
96.61900
97.41382
97.47028
97.61548
97.79950
98.25088
98.52100
98.54806
98.57332
98.72866
98.99194
99.23956
99.37588
99.38962
99.41386
100.27714
100.38196
100.75000
100.77028
100.89184
100.90000
101.03980
101.14834
101.63854
101.69506
101.70586
101.70838
101.75608
101.93902
102.18478
102.19198
102.25018
102.55522
102.69682
102.73858
102.75214
102.75940
102.83362
102.84250
103.10656
103.31788
103.40776
103.55548
103.72768
104.13274
104.15098
104.23834
104.67742
105.09040
105.17572
105.22750
105.24028
105.26584
105.34396
105.72364
105.80008
106.35376
106.56430
106.63384
106.67770
106.68340
106.68994
106.69288
106.70944
106.76152
106.84090
107.04970
107.15008
107.22400
107.34358
107.38018
107.74216
107.78098
107.82076
108.06844
108.09238
108.09532
108.13084
108.52198
108.82660
108.85510
108.93472
109.11640
109.48852
109.72678
110.05078
110.19226
110.19496
110.26168
111.08026
111.41548
111.47884
112.00516
112.03270
112.08910
112.35304
112.51654
112.73536
112.74508
112.92952
112.94488
112.96540
112.96738
112.98004
112.98826
113.00386
113.14906
113.29150
113.31058
113.32954
113.37304
113.48884
114.02302
114.02830
114.07690
114.51850
114.61294
114.65146
114.66898
114.69550
114.81748
114.94708
115.02844
115.17556
115.34296
115.37224
115.37422
115.78120
115.87222
115.90990
115.92046
115.94308
115.94488
115.96930
116.08318
116.13436
116.14762
116.22694
116.69152
116.71720
116.74912
117.00556
117.07522
117.37990
117.68542
117.72904
117.74872
117.87832
117.88204
118.50184
118.61932
118.63876
119.00200
119.06440
119.24482
119.27932
119.36380
119.37364
119.41204
119.44576
119.70196
120.35770
120.99994
121.17628
121.22422
121.28830
121.40008
121.88050
121.88692
122.38444
122.69758
122.79676
123.22960
123.45436
123.53752
123.64744
123.68482
123.84712
124.09690
124.13668
124.17550
124.24204
124.32994
124.39336
124.77364
124.83154
124.87780
124.94560
125.08930
125.32396
125.37592
125.40910
125.73142
125.92696
126.12538
126.16072
126.23032
126.27520
126.52096
126.59938
126.72568
126.96766
127.08748
127.47112
127.47376
127.54042
127.67356
127.69942
127.92388
127.96342
128.06056
128.29684
128.68042
128.87968
128.89060
129.10996
129.33238
129.35686
129.43732
129.50398
129.56584
129.57988
129.59014
129.62980
129.67720
129.75952
129.76288
130.05358
130.31386
130.42348
130.71262
131.75374
131.78386
132.25384
132.49792
132.71026
132.77950
132.80002
132.81310
132.82006
132.86224
132.87976
132.89734
132.91714
132.92416
133.10068
133.39372
133.48690
133.62040
133.68202
133.73434
133.73704
133.76266
133.92046
134.00374
134.12596
134.25358
134.44870
134.52496
134.55598
134.61190
134.62006
134.66926
134.99566
135.01264
135.59704
135.62974
135.82438
135.96994
136.11526
136.26328
136.36300
136.63690
136.65730
136.84582
136.87618
136.88632
136.89724
136.91794
136.95490
137.09830
137.17006
137.60422
137.70604
137.82904
137.85772
137.95126
138.04318
138.21388
139.10326
139.20316
139.23652
139.56982
139.69810
140.00818
140.18914
140.24116
140.26006
140.32168
140.58628
140.87920
141.06310
141.08656
141.18538
141.21976
141.42274
141.47740
141.68650
141.75622
141.82186
141.89872
142.04542
142.28650
142.42498
142.53820
142.95970
142.98646
143.06242
143.30908
143.36644
143.38654
143.43304
143.59792
143.70310
144.00298
144.02866
144.14980
144.33622
144.37618
144.39772
144.40546
144.41950
144.43186
144.47452
144.49792
144.50296
144.51022
144.58300
144.64696
144.80332
144.80758
144.85576
144.85852
144.89284
145.01968
145.55782
145.61350
145.63702
145.66348
145.67854
145.76992
145.83922
145.97590
145.98130
146.04322
146.08546
146.26372
146.29816
146.47906
146.51380
146.55214
146.87614
146.92996
147.00706
147.07000
147.07864
147.20674
147.26242
147.38140
147.68668
147.76282
147.81856
148.01332
148.02598
148.10590
148.13200
148.25986
148.50856
148.51876
148.53928
148.61368
148.61854
148.78636
148.79662
148.83922
149.09698
149.13034
149.29702
149.56474
149.61742
149.64244
149.64706
149.77456
149.78650
149.78938
149.95132
150.10330
150.12274
150.17122
150.43654
150.48652
150.79186
150.84820
150.99520
151.26952
151.59418
151.60582
151.64644
151.66486
151.72582
151.73176
151.83928
152.06026
152.11366
152.59300
152.66494
152.68162
152.73916
152.90620
153.20596
153.29056
153.42280
153.42586
153.49492
153.81364
153.86998
154.16236
154.34764
154.39540
154.72600
154.80604
154.83916
154.85248
155.02264
155.30062
155.38924
155.46964
155.59834
155.79232
155.86990
155.97904
156.13516
156.15328
156.16210
156.45868
156.53914
157.35568
157.40314
157.48174
157.88506
157.95232
158.50294
158.82892
158.87242
158.89984
158.90884
158.98228
158.99308
159.03640
159.19546
159.26428
159.29602
159.44278
159.45172
159.51334
159.72850
160.24162
160.89892
160.91188
160.99054
161.10382
161.12212
161.31922
161.32846
161.36854
161.61922
161.63830
161.66902
161.90500
161.99560
162.00058
162.00562
162.01588
162.05122
162.05284
162.06628
162.11848
162.13426
162.15718
162.25414
162.41290
162.52114
162.96160
163.18888
163.22068
163.27942
163.32586
163.34896
163.37854
163.61176
163.73200
163.79926
163.85266
163.88596
164.03986
164.06758
164.33878
164.40286
164.43628
164.56936
164.58244
164.63596
164.71522
164.74762
164.79844
164.84560
165.60568
165.67078
165.68944
165.72868
165.87220
165.90928
165.99292
166.38616
166.39762
166.41202
166.43008
166.50568
166.64788
166.84024
166.88014
166.97854
167.01946
167.03614
167.09872
167.35978
167.61508
167.78602
167.92486
167.94058
167.95186
167.99914
168.07636
168.08302
168.10576
168.15298
168.31828
168.54202
168.60880
168.70288
168.93880
168.94864
169.00270
169.05250
169.23880
169.27402
169.43212
169.50268
169.64764
169.73134
169.90540
169.94668
169.95556
169.96156
169.99510
170.08342
170.26876
170.42344
170.51170
170.80972
171.04300
171.21184
171.21946
171.24604
171.30268
171.35290
171.56974
171.70378
171.89998
171.96298
172.20538
172.27390
172.28428
172.42852
172.51210
172.67380
172.71946
173.17228
173.19568
173.66428
173.67574
174.09664
174.29626
174.30148
174.35362
174.37876
174.41992
174.43630
174.51646
174.65554
174.67414
175.01710
175.57852
175.70290
175.80274
175.85764
175.95286
176.00788
176.05006
176.26474
176.83792
176.84890
176.85556
177.14674
177.20032
177.54166
177.55672
177.96454
178.17454
178.63126
178.66618
178.70566
178.71040
178.72384
178.92628
178.94560
178.95730
178.98286
179.06860
179.09086
179.16058
179.30206
179.42218
179.53852
179.60284
179.65684
179.69566
179.85568
179.88586
179.96344
180.00562
180.46480
180.63136
180.66370
180.67504
180.70558
180.74272
180.88108
181.15570
181.48126
181.83616
181.96954
182.01946
182.27866
182.53636
182.55268
182.98630
183.22918
183.51484
183.73624
183.81232
183.85846
183.91864
184.05748
184.07356
184.10752
184.11688
184.36966
184.38004
184.38610
184.48630
184.63306
184.63504
184.64878
184.69672
184.70602
184.75744
184.84732
184.95394
185.01952
185.02420
185.17216
185.43982
185.72170
185.73892
185.74834
185.90692
185.95588
186.11476
186.49690
186.75478
187.12186
187.19554
187.26484
187.26664
187.51666
187.80970
187.81516
187.87198
187.88026
187.91230
188.02540
188.63686
188.66992
188.69710
188.83234
188.86570
188.91766
189.12250
189.14338
189.17656
189.54130
189.65236
189.76234
189.93364
190.01380
190.03528
190.05388
190.31704
190.40986
190.42960
190.43254
190.61410
190.65358
190.72960
191.07040
191.08372
191.08690
191.10352
191.11492
191.50804
191.51290
191.54326
191.58052
191.60392
191.62648
191.80540
191.88622
192.05764
192.07390
192.08698
192.16030
192.18274
192.24748
192.52474
193.13968
193.16050
193.17370
193.19158
193.29520
193.32088
193.43746
193.62244
193.87996
193.95688
193.99384
194.16472
194.17138
194.59198
194.59954
194.72650
194.79322
194.93782
195.07720
195.13090
195.13276
195.17680
195.36616
195.58090
195.70882
195.98014
196.00306
196.21798
196.40182
196.62124
196.67158
196.74748
196.81930
197.25454
197.34454
197.47420
197.55832
197.56144
197.62300
197.63260
197.64358
197.66566
197.67718
197.71390
197.81068
197.92324
197.93446
198.03304
198.35512
198.40804
198.43990
198.45958
198.48058
198.51820
198.83476
198.84754
198.87172
198.91546
199.03510
199.05382
199.09312
199.15504
199.18288
199.35508
199.44436
199.58362
199.86688
199.94464
199.95514
199.96204
199.98850
200.08756
200.40796
200.56972
200.66698
200.69038
200.94898
201.16870
201.31570
201.34942
201.36508
201.43492
201.67150
201.68398
201.68860
201.72778
201.74506
202.14928
202.22890
202.24162
202.44802
202.47610
202.63132
202.95562
202.97284
203.14852
203.61910
203.68144
203.68906
203.77366
203.91514
204.04858
204.26806
204.38926
204.45628
204.57556
204.58180
204.60502
204.78454
204.99232
205.15930
205.20658
205.46506
205.83868
205.97224
206.03896
206.08258
206.09230
206.11318
206.26588
206.29246
206.41660
206.43976
206.44570
206.48890
206.63974
206.77324
206.84266
207.02470
207.13174
207.17656
207.35680
207.81850
207.90868
208.01290
208.59466
209.05522
209.46016
209.47708
209.64058
209.74714
209.93740
209.99050
210.55444
210.57118
210.79000
210.81004
210.96034
211.14364
211.27432
211.28728
211.31692
211.33342
211.36402
211.56358
211.63990
211.70782
211.77418
211.95010
212.05546
212.20912
212.24680
212.34118
212.74114
212.74738
212.88466
212.92660
212.92984
212.96704
212.97724
213.03406
213.06670
213.13798
213.19786
213.25174
213.26452
213.53248
213.70984
213.86482
214.14124
214.38418
214.45078
214.67158
215.23912
215.36770
215.60110
215.85742
215.87506
216.46774
216.64834
216.66214
216.67186
216.86020
217.15522
217.43002
217.44514
217.54648
217.60636
217.74490
218.17162
218.18428
218.19628
218.23288
218.29246
218.53144
218.73724
218.94892
218.95738
219.04540
219.12076
219.20914
219.52870
219.59194
219.96880
219.98578
219.99256
220.45186
220.58614
220.67530
220.71142
220.76944
220.80412
220.82164
220.87042
220.91590
221.00326
221.42110
221.43088
221.48008
221.50000
221.50246
221.55232
221.99218
222.14026
222.44320
222.60256
222.79576
222.83566
222.85816
222.93958
223.14340
223.16902
223.23676
223.33636
223.51300
223.63714
223.66036
223.70554
223.98892
224.19382
224.21326
224.25460
224.32462
224.33704
224.34070
224.66038
225.09364
225.10966
225.13162
225.41992
225.53698
225.58378
225.62776
225.65992
225.81346
226.02742
226.04440
226.31482
226.33462
226.36768
226.43980
226.70326
226.71766
226.92178
227.14642
227.16130
227.20390
227.28952
227.32030
227.63362
227.67544
227.68192
227.73466
227.73748
227.74462
227.75722
227.79172
227.81134
227.89378
227.91604
228.31834
228.55402
228.88744
229.08466
229.15690
229.28470
229.36768
229.37746
229.41178
229.42828
229.96294
230.16754
230.24968
230.30446
230.34520
230.38126
230.43502
230.68534
230.73298
231.67864
231.76090
231.76942
231.81784
231.85846
231.93160
232.52410
232.56148
232.59568
232.64266
232.68172
232.79842
232.84594
233.13592
233.19118
233.26240
233.45746
233.46124
233.53870
233.71522
233.86906
233.96002
234.15466
234.17758
234.23980
234.39274
234.62932
234.94294
234.99118
235.07284
235.17934
235.25584
235.43572
235.59898
235.84522
235.94620
236.09788
236.13244
236.21008
236.21806
236.22844
236.42956
236.58844
236.89936
236.95108
237.07966
237.15640
237.41080
237.48370
237.49924
237.54172
237.55312
237.79918
238.06330
238.29814
238.32370
238.43392
238.59958
238.74958
238.77244
238.82668
238.87696
238.92238
239.03176
239.08780
239.08954
239.15848
239.31352
239.40868
239.68132
239.68810
239.76286
239.80588
239.93356
239.96278
240.05620
240.07960
240.10762
240.17920
240.21730
240.35866
240.50002
240.52276
241.08316
241.24720
241.42588
241.44982
241.46674
241.51126
241.81072
241.98592
241.99642
242.00404
242.08642
242.22082
242.24914
242.65012
243.10888
243.11776
243.19744
243.20362
243.49024
243.67876
243.72766
243.75406
243.86344
244.32418
244.33360
244.48696
244.51516
244.92748
245.03188
245.03752
245.03932
245.04514
245.05672
245.07580
245.14672
245.95408
246.11716
246.12304
246.13030
246.17392
246.25006
246.77338
246.80062
246.95320
246.96760
247.23676
247.45414
247.46722
247.55404
247.64050
247.98094
248.40784
248.46952
248.47954
248.50414
248.62348
248.73538
248.84038
249.01630
249.55198
249.67144
249.88528
250.28230
250.64020
250.67362
250.68148
250.76854
251.01616
251.08306
251.15428
251.25064
251.28430
251.40730
251.45170
251.94790
252.00718
252.06478
252.23230
252.23410
252.37114
253.10110
253.42366
253.44970
253.52818
253.67098
254.15188
254.23372
254.26984
254.29792
254.68420
254.84056
254.94190
255.04528
255.10576
255.20098
255.22366
255.35290
255.39706
255.44032
255.55732
255.58810
255.61756
255.70090
256.45060
256.48420
256.63900
256.69012
256.81900
256.84036
257.37190
257.40082
257.41084
257.51380
257.54716
257.72848
257.73508
257.85502
257.92378
258.16462
258.41470
258.60088
258.81082
258.81880
258.85318
258.86110
258.87004
258.87172
259.33162
259.74772
259.78414
259.81480
260.09818
260.14792
260.23780
260.49478
260.63440
260.68168
260.72524
260.76358
260.83426
261.01648
261.19804
261.59818
261.61750
261.85882
262.15114
262.41484
262.50244
262.54720
262.56502
262.57774
262.70452
262.85194
262.92472
263.08162
263.31700
263.76142
263.92462
264.12040
264.14068
264.19090
264.24820
264.25450
264.52534
264.53272
264.55732
264.57388
265.06432
265.09840
265.11184
265.13314
265.20790
265.20994
265.21456
265.28152
265.28398
265.44814
265.86766
265.90810
265.98790
265.99054
266.07436
266.20768
266.93164
266.99812
267.06508
267.21730
267.24448
267.25762
267.26494
267.41470
267.83152
268.14844
268.16974
268.26778
268.28140
268.35622
268.41556
268.80130
268.85116
268.86502
268.95106
269.08366
269.16190
269.28448
269.36236
269.39128
269.39848
269.40748
269.54842
269.63344
269.74828
269.93848
270.35908
270.38308
270.40282
270.53836
270.55912
270.83194
271.01800
271.06234
271.29496
271.49146
271.54858
271.63636
271.75438
272.01316
272.07718
272.11552
272.31550
272.37460
272.53210
272.61574
272.77738
272.85796
272.92732
272.93098
273.02254
273.20650
273.55522
273.57016
273.69886
274.37476
274.57834
274.70170
274.79818
275.02858
275.04154
275.06266
275.13898
275.37622
275.51098
275.62240
275.85940
275.95192
276.09688
276.44152
276.67246
276.79594
276.80110
276.82042
276.83404
276.88468
276.88630
276.90082
276.90586
277.01500
277.06576
277.14640
277.24462
277.28302
277.31608
277.41118
277.45978
277.91908
278.43856
278.45866
278.57806
278.68150
278.69338
278.75998
278.81248
278.82538
278.92798
279.06118
279.16174
279.18550
279.23566
279.26674
279.34462
279.42556
279.51148
279.71656
279.97324
280.06630
280.21000
280.41286
280.69678
280.91656
280.95994
281.05420
281.20672
281.21290
281.27068
281.27968
281.33206
281.45236
281.62810
281.87674
281.96914
282.37822
282.39670
282.39994
282.44368
282.64348
283.29196
283.29988
283.30648
283.31926
283.36654
284.08750
284.13616
284.16406
284.19316
284.19658
284.21608
284.22556
284.24098
284.25394
284.26918
284.27236
284.36920
284.66938
284.70004
284.92600
284.93536
284.94940
284.95684
284.97406
285.28936
285.30784
285.41170
285.47854
285.51826
285.66952
285.77728
285.78400
285.84580
285.84886
285.94522
285.96382
286.01644
286.21660
286.30936
286.39390
286.40266
286.59520
286.63144
286.79236
286.83808
286.90270
287.30254
287.30914
287.54992
287.68018
288.01036
288.04234
288.15292
288.34522
288.36370
288.42580
288.42862
288.55450
288.86680
288.90418
288.90880
289.12846
289.19650
289.23352
289.38334
289.63324
289.74328
289.79548
289.79932
289.80316
289.83496
290.25904
290.31352
290.36074
290.41042
290.45932
290.53366
290.56948
290.57686
290.71576
290.72326
290.72626
290.76178
290.78350
290.82214
291.11062
291.16870
291.20926
291.26968
291.59998
291.67126
291.71800
291.81706
291.85762
292.08622
292.16194
292.23034
292.24666
292.27666
292.39246
292.51264
292.56952
292.57240
292.74256
292.88032
293.00938
293.21578
293.25034
293.66692
294.01984
294.03616
294.21196
294.51856
294.58252
294.71374
295.06828
295.15960
295.43308
295.53958
295.54690
295.54852
295.89532
295.95046
296.10916
296.12146
296.16706
296.22574
296.38378
296.49946
296.58358
296.71660
296.91706
296.93650
297.08656
297.33070
297.42478
297.43036
297.44446
297.79318
298.00954
298.10068
298.19032
298.27480
298.50316
298.55056
298.64002
298.69294
298.73266
298.73536
298.75324
298.85602
298.86634
298.97122
299.13646
299.49346
299.52130
299.64058
299.74708
299.75968
299.90326
300.19102
300.37288
300.46210
300.68686
300.72376
300.75472
300.89284
300.93178
300.96442
301.01230
301.34740
301.62484
301.71640
301.81072
301.85062
302.01232
302.04034
302.07886
302.09806
302.21746
302.61742
302.62912
302.94826
303.04294
303.22606
303.24694
303.30238
303.37936
303.45046
303.80758
304.08682
304.09042
304.25842
304.29568
304.35718
304.37656
304.56652
304.58404
304.88704
304.97314
305.05744
305.06104
305.20180
305.40058
305.65330
305.71672
305.89444
305.90116
305.94574
306.09808
306.41410
306.55366
306.78400
306.93304
307.32964
307.33588
307.36258
307.36738
307.37038
307.44628
307.60996
307.76752
307.82026
308.38120
308.55712
308.57002
308.57920
308.59414
308.59762
308.62930
308.75740
308.77840
308.78272
308.86654
308.96782
309.29470
309.79054
310.00600
310.01038
310.13452
310.17796
310.24492
310.26670
310.30108
310.30690
310.35016
310.49356
310.53436
311.17048
311.50372
311.58448
311.66038
311.75272
311.79154
311.79346
311.83738
311.87062
311.90884
312.14500
312.31000
312.52690
312.69994
312.90004
312.92176
313.56592
313.80154
313.85578
313.87246
313.91152
314.03458
314.05678
314.11174
314.15134
314.21152
314.35396
314.38450
314.54104
314.64388
314.72698
314.75116
314.77690
314.98168
315.05146
315.07072
315.10750
315.13876
315.36814
315.67420
315.67834
316.05016
316.76800
316.88224
316.90696
316.93198
316.93966
316.98472
317.08282
317.20138
317.20834
317.46688
317.57698
317.60440
317.77642
317.82262
318.57868
318.58966
318.84832
319.09840
319.41082
319.73782
320.16808
320.46046
320.50210
320.52160
320.63476
320.72110
321.04426
321.21838
321.30058
321.43168
321.54478
321.65158
321.71626
321.74554
321.79426
321.83506
321.95464
322.05166
322.05556
322.37770
322.60450
322.64416
322.67368
322.69768
322.70188
322.72132
322.84966
323.60866
324.11110
324.26440
324.28462
324.49012
324.52924
324.58516
324.62788
324.70108
324.71746
324.74446
325.06858
325.19548
325.36102
325.39204
325.40002
325.44526
325.61206
325.64446
325.69828
325.85218
326.16088
326.33794
326.37136
326.59474
326.67892
326.68132
326.74414
326.79220
327.29050
327.53836
327.70990
327.80998
328.16824
328.17892
328.83448
329.15500
329.43568
329.45470
329.67784
329.70628
329.79574
329.93812
329.97778
330.00814
330.01186
330.12532
330.21496
330.26878
330.35446
331.09984
331.10200
331.11766
331.28548
331.29472
331.40134
331.50502
332.47270
332.88556
332.94442
333.11872
333.28546
333.30244
333.52834
333.84598
333.88846
334.37752
334.50478
335.08216
335.18968
335.21386
335.52496
335.60212
335.69710
335.91214
336.30124
336.40486
336.61390
336.76858
336.77020
336.80188
336.99070
337.32772
337.58926
337.61758
337.81846
337.83922
338.00980
338.03764
338.07664
338.08450
338.62438
338.95072
339.12766
339.24856
339.45484
339.46132
339.56392
339.57442
339.58900
339.76846
339.95032
339.97132
340.02790
340.16848
340.22872
340.23364
340.24444
340.25104
340.30732
340.32706
340.53514
340.81564
340.84696
340.87120
341.08774
341.15146
341.37274
342.45052
342.80050
343.02730
343.22146
343.22734
343.24870
343.25338
343.96726
344.11360
344.28058
344.65078
344.65504
345.00124
345.44818
345.61624
345.66946
345.83128
346.08448
346.12450
346.36174
346.43398
346.47460
346.49344
346.50592
346.78426
346.81780
347.14438
347.16784
347.17042
347.28430
347.60110
347.67622
347.80258
347.95270
348.25000
348.27994
348.38806
348.54910
348.62626
348.73204
348.81598
348.93424
348.95092
348.98788
349.05742
349.25068
349.47190
349.65982
349.98910
350.04952
350.07004
350.09296
350.16598
350.26024
350.31004
350.32918
350.34358
350.65984
350.88664
351.21880
351.23980
351.39436
351.41398
351.41626
351.65494
351.84592
351.86704
352.06612
352.19338
352.29286
352.44274
352.45984
352.69102
352.86118
352.93858
353.18662
353.27758
353.34454
353.62150
353.63080
354.14416
354.29272
354.32134
354.44056
354.60844
354.74008
355.15480
355.27600
355.51102
355.52464
355.55494
355.63042
355.65940
355.85626
355.96684
356.02732
356.12584
356.78620
356.91058
356.91226
357.49702
357.50344
357.56950
357.61180
357.73324
357.98830
358.04320
358.15444
358.17052
358.20832
358.31164
358.32574
358.44592
358.46956
358.51936
358.61650
358.71010
358.82716
358.95928
359.01838
359.15146
359.21824
359.29168
359.38918
359.39884
359.42218
359.58220
359.83210
359.95174
360.02860
360.04030
360.23848
360.48256
360.60826
361.24714
361.34902
361.43578
361.56646
361.59520
361.60930
362.16790
362.22568
362.24296
362.63884
362.64484
362.66614
363.09196
363.46918
363.58240
363.58858
363.61540
363.65866
363.84202
363.90976
363.92428
364.09672
364.80262
364.90222
364.94914
364.95454
365.14648
365.31214
365.51542
365.52718
365.53186
365.68948
365.75890
366.35668
366.92050
366.92830
367.00288
367.07548
367.34992
367.78618
368.00920
368.17564
368.42584
368.88970
368.89288
368.89900
368.92312
369.00892
369.13726
369.18340
369.60016
369.63502
369.68284
369.71062
369.81958
369.92350
370.34410
370.38322
370.46686
370.54954
370.78096
370.78324
371.30308
371.31682
371.33950
371.35888
371.49514
371.75128
371.80180
372.17272
372.36370
372.54256
372.65026
372.66928
372.70534
372.74968
372.82780
373.28800
373.38184
373.39774
373.54936
373.65688
374.07592
374.18644
374.56282
374.61166
375.09538
375.18244
375.19324
375.22114
375.48376
375.49960
375.54274
375.57004
375.60226
375.94168
375.94804
375.99448
376.06414
376.17628
376.54294
376.77010
376.78354
376.78588
376.80574
377.32546
377.33302
377.46748
377.54032
377.75632
377.79454
378.11224
378.28660
378.51688
378.57664
378.64324
378.68680
378.78742
378.88396
378.89296
379.07656
379.27798
379.29748
379.31620
379.33942
379.61812
379.91020
379.98034
380.65948
380.66518
380.70088
380.71750
381.05260
381.32704
381.37636
381.58672
381.74008
381.79060
381.82684
382.33366
382.35706
382.36378
382.40716
382.43716
382.55344
382.87024
382.98100
383.02504
383.38450
383.59636
383.79982
383.81698
384.35392
384.53152
384.90988
384.93556
385.33318
385.44982
385.64332
385.73326
385.99510
386.01004
386.29876
386.31010
386.34790
386.35810
386.41504
386.63422
386.68690
386.72266
386.78488
387.40114
387.47830
387.55288
387.55504
387.56794
387.95812
388.06252
388.07086
388.14820
388.23928
388.27084
388.45288
388.86346
388.87228
389.03248
389.40904
389.47192
389.58544
389.72866
390.34516
390.37870
390.43588
390.49306
390.51028
390.52882
390.56530
390.62710
391.01812
391.24648
391.38736
391.69558
391.77742
392.32732
392.38840
392.50060
392.74126
393.02788
393.05308
393.13204
393.19582
393.22018
393.26854
393.44068
393.58660
393.73378
394.34878
394.41574
394.44100
394.49290
394.82770
394.89298
394.98628
394.99294
395.17522
395.27266
395.47414
395.66452
395.73832
395.92516
396.22756
396.57976
396.72826
396.76114
397.20922
397.38148
397.39876
397.42276
397.45822
397.56118
397.65490
398.14432
398.27386
398.27632
398.28064
398.30182
398.30368
398.31568
398.38828
399.35104
399.79036
399.79198
399.89458
400.28740
400.65508
400.68454
400.73572
400.73854
401.34766
401.70148
401.76034
401.78752
401.78956
402.01108
402.11014
402.21160
402.40426
402.52528
402.66586
403.07464
403.14016
403.15504
403.27510
403.31086
403.31632
403.34140
403.50736
403.72180
403.91308
404.10232
404.25694
404.73466
404.78812
404.80012
404.91394
405.00646
405.27532
405.39532
405.70858
406.06786
406.22788
406.29754
406.31386
406.32046
406.34758
406.35616
406.36000
406.47346
406.49758
406.74862
407.44582
407.50126
407.52178
407.53162
407.53468
407.59354
408.20938
408.26872
408.47272
408.47788
408.51142
408.60442
408.61108
408.64378
409.12318
409.22032
409.22302
409.23592
409.43830
409.82500
409.83640
409.84888
410.36134
410.52880
410.53660
410.53960
410.55658
410.58436
410.90464
410.97742
411.19858
411.24682
411.27754
411.60460
411.70192
411.84988
412.08166
412.09810
412.11070
412.15882
412.48456
412.49122
412.61740
412.69864
412.84804
412.93276
413.02084
413.08384
413.18218
413.41780
413.42740
413.44282
413.56978
413.61718
413.67262
413.76010
413.76964
413.81194
414.09424
414.12358
414.37222
414.72490
414.73732
414.74866
414.75106
414.79480
414.84766
414.84952
415.83136
415.84306
415.85116
416.71000
417.16924
417.17140
417.19060
417.25858
417.47914
417.63280
417.68326
417.70330
417.96490
418.01374
418.11490
418.24438
418.66066
418.83904
418.93240
418.93528
418.97860
419.05888
419.11306
419.15896
419.19910
419.49550
419.55910
419.70190
420.36910
420.46840
420.49078
420.53980
420.62098
420.62716
420.65164
420.72052
420.85582
421.07668
421.09228
421.14184
421.48684
422.17732
422.20168
422.20678
422.26270
422.33644
422.37928
422.43262
422.50816
422.68660
422.73238
422.74816
422.79910
422.81476
422.94268
423.38452
423.39868
423.68530
424.15510
424.16302
424.16800
424.18186
424.48108
424.50460
424.62454
424.70722
424.72402
424.85914
424.99012
425.00200
425.13442
425.56444
425.79292
426.10960
426.20050
426.51730
426.56446
426.58384
426.61732
426.69238
426.73054
426.79030
426.82498
426.90022
426.91420
427.03072
427.09276
427.13998
427.22632
427.32742
427.40386
427.43728
427.63336
428.02534
428.17348
428.23972
428.29066
428.37286
428.39686
428.46826
428.78260
428.94328
428.96212
429.21340
429.28018
429.36340
429.51304
429.58996
429.59158
429.68614
429.69574
429.73546
429.73936
429.74590
429.76768
429.82198
429.85534
429.88060
430.28536
430.31278
430.35520
430.62226
431.08138
431.20738
431.30890
431.38594
431.57656
431.58484
431.62150
432.06082
432.19450
432.23158
432.30112
432.30730
432.37858
432.41464
432.56824
432.72232
432.73504
432.94924
432.96430
432.97336
432.97870
433.05550
433.18030
433.33240
433.37050
433.44442
433.45060
433.50028
433.66162
433.68700
433.72804
433.83820
434.03686
434.17774
434.19430
434.19814
434.20672
434.65030
434.77498
434.98150
435.10564
435.13774
435.28366
435.31666
435.31960
435.84370
435.96040
435.97522
435.97672
435.99064
436.21000
436.37662
436.51906
436.68580
436.74790
436.81912
436.86850
437.02360
437.04298
437.09602
437.27626
437.44552
437.52604
437.59366
437.89672
437.99230
438.21190
438.44248
438.64120
438.82216
438.86176
438.94648
438.95788
439.10884
439.14214
439.22356
439.26238
439.29610
439.33318
439.51918
439.54180
439.59184
439.66324
439.74082
440.06566
440.12614
440.12800
440.14150
440.84824
440.89144
441.02908
441.20806
441.25564
441.33652
441.46384
441.47116
441.48100
441.67978
441.98998
442.00192
442.02874
442.19758
442.53958
442.63486
442.65256
442.70152
442.89088
443.16892
443.20744
443.33050
443.46910
443.48026
443.50042
443.53048
444.09478
444.09934
444.10654
444.24286
444.37768
444.39292
444.54898
444.55372
444.61606
444.94606
444.97312
445.23982
445.51048
445.64944
446.51548
446.58346
446.72920
446.78488
447.50068
447.70972
447.77026
447.78874
447.84166
447.95554
448.06600
448.17214
448.55812
448.64932
448.79284
448.91170
448.97188
449.34742
449.43832
449.45032
449.53480
449.55496
449.64982
449.75506
449.80480
449.87710
449.89558
449.89972
449.92072
449.98906
450.08476
450.25756
450.32056
450.35902
450.48802
450.60172
450.86398
451.26454
451.28752
451.34836
451.46110
451.82002
451.95436
452.06992
452.21608
452.59012
452.59384
452.59774
452.60830
452.61298
452.65414
452.66566
452.77714
452.78764
452.82358
453.05656
453.21946
453.27028
453.43726
453.46714
453.71938
453.77020
453.78190
454.17442
454.53070
454.54690
454.67626
454.78084
454.82392
454.87282
455.21506
455.30314
455.44570
455.55292
455.61322
455.71492
455.77708
455.86690
455.89630
455.90344
455.93458
455.94106
455.95246
456.19210
456.29032
456.29224
456.30094
456.30574
456.32380
456.41974
456.52114
456.54940
456.55906
456.60208
456.61948
456.85582
456.93622
457.08286
457.47358
457.49050
457.61764
457.64512
457.68322
457.77844
457.90252
457.97974
458.38084
458.41156
458.68846
458.73844
458.75242
458.87908
458.90458
458.93356
459.13552
459.47344
459.77764
459.92854
459.97318
459.99856
460.12342
460.52914
460.60180
460.78036
460.83448
460.83784
460.84510
460.90576
460.91734
461.21494
461.29384
461.36056
461.55412
461.66824
461.86828
462.35140
462.58126
462.62692
462.66586
462.85600
462.86776
463.61770
463.67548
463.78858
463.97704
464.14330
464.14750
464.54740
464.73190
464.75962
464.78356
464.79352
464.79982
464.81392
464.83708
464.88388
465.34288
465.35170
465.38650
465.50032
465.66952
465.73252
466.08340
466.23790
466.51954
466.73350
466.84996
467.10340
467.11342
467.12218
467.13796
467.13952
467.14990
467.16190
467.18542
467.21002
467.41690
467.51584
467.78842
467.80360
467.81668
467.85262
468.12532
468.20482
468.21544
468.25894
468.28480
468.35398
468.65866
468.74164
468.88270
468.88906
468.93676
468.98128
469.04236
469.13560
469.18150
469.20886
469.34926
469.36318
469.80934
469.84672
470.03020
470.08438
470.38534
470.47828
470.75518
470.91538
470.94286
470.96446
470.99314
471.24160
471.70150
471.70768
471.74158
471.84466
471.86608
471.91534
471.92452
471.95428
472.05760
472.33156
472.39444
472.40182
472.41772
472.45138
472.53508
472.55302
472.63186
472.73092
472.75762
473.04832
473.05090
473.27392
473.37460
473.41840
473.53156
473.64826
473.84818
473.90710
474.19054
474.49732
474.50068
474.65776
475.06810
475.10752
475.25830
475.27474
475.70164
475.80352
475.80748
475.85350
475.98382
476.09776
476.12326
476.19424
476.37418
476.38096
476.46094
477.03994
477.62560
477.69748
477.71926
477.72778
477.78952
477.84010
477.89992
477.92848
478.21264
478.43044
478.45606
478.51666
479.04082
479.68906
479.80714
479.85130
479.98030
480.10588
480.14938
480.63970
480.91960
481.01296
481.12192
481.41496
481.42666
481.66600
481.70224
481.77214
482.24620
482.53864
482.70958
482.76280
483.14590
483.22330
483.38212
483.69940
483.71716
483.96508
484.05238
484.28242
484.39564
484.67416
484.85368
484.88176
485.02114
485.15980
485.19700
485.26882
485.27866
485.45434
485.51398
485.52064
485.65420
485.67994
485.68810
485.73418
485.97100
486.10438
486.13546
486.24826
486.47248
486.53908
486.54802
486.56620
486.56932
486.67198
486.89776
486.98482
487.33084
487.44364
487.44814
487.54150
488.11258
488.14096
488.17666
488.23222
488.27482
488.34742
488.56582
488.92168
489.02806
489.23818
489.30556
489.33928
489.48424
489.50026
489.65986
490.02136
490.29028
490.29856
490.34812
490.94740
491.15566
491.19406
491.20234
491.20996
491.23702
491.30734
491.84380
491.96680
492.31834
492.38218
492.39022
492.86602
492.89026
492.96316
492.97366
492.98236
493.61302
493.78120
494.04994
494.30050
494.39314
494.68810
494.69320
494.75542
494.83192
494.89918
495.12670
495.24448
495.27034
495.28264
495.40228
495.60952
495.67624
495.76960
495.91864
495.93622
496.34176
496.35286
496.35442
496.39468
496.41358
496.55188
496.99264
497.07874
497.24554
497.37508
497.40448
497.66344
497.89516
497.90914
497.96914
497.97082
498.06820
498.21550
498.22138
498.67576
498.72814
498.85174
498.89896
499.04836
499.14874
499.33750
499.52530
499.59628
499.73200
499.86538
500.08486
500.08720
500.09626
500.25892
500.51644
500.58748
500.60110
500.64580
500.65090
500.65372
500.75098
501.02398
501.10846
501.30202
501.33406
501.36082
501.37744
501.74440
501.87010
501.98488
502.01518
502.05154
502.13524
502.14424
502.42774
502.54138
502.69072
502.71970
502.72768
502.76770
502.81450
503.31064
503.39776
503.49016
503.51686
503.64088
503.68996
503.85790
503.91358
504.17806
504.19132
504.20122
504.53416
504.55654
504.61540
505.16662
505.39978
505.47796
505.48300
505.64218
505.68958
505.69300
505.72870
506.33170
506.49022
506.59474
506.68636
506.70022
506.72374
507.11728
507.40624
507.47356
507.47962
507.51472
508.02820
508.05664
508.09432
508.10650
508.14574
508.41700
508.47880
508.52728
508.62106
508.82896
509.00626
509.02138
509.05000
509.08534
509.23852
509.61040
509.73274
509.91046
509.91274
509.93830
509.94214
510.00274
510.06658
510.32938
510.73900
510.83152
510.84982
510.88804
510.98596
511.01716
511.31128
511.95532
511.99894
512.10412
512.20510
512.28088
512.29864
512.40490
512.45800
512.51542
512.63980
512.65378
512.73238
512.92606
512.95144
512.95498
513.20872
513.38686
513.57136
514.03468
514.25446
514.31512
514.59844
514.74088
514.80832
514.84120
515.07574
515.10256
515.23042
515.77078
515.77678
515.79418
515.80696
515.96464
516.68416
516.75286
516.75922
516.76888
516.78412
517.14286
517.35628
517.39594
517.46254
517.54594
517.92934
517.97284
518.12944
518.40568
518.43826
518.45830
518.48482
518.65330
518.96428
519.01702
519.06988
519.10948
519.24058
519.46336
519.61684
519.64546
519.82630
519.83236
519.84898
519.85096
519.90814
520.33888
520.50724
520.54510
521.04502
521.16934
521.17870
521.23558
521.61130
521.82958
521.99476
522.00490
522.07174
522.21886
522.28858
522.30136
522.67792
522.71110
522.74896
523.05232
523.08538
523.30888
523.45462
523.55734
523.74406
523.84852
524.27110
524.50438
525.17098
525.19408
525.51808
525.65506
526.02820
526.15126
526.22842
526.36792
526.37938
526.88434
527.00074
527.07418
527.20096
527.25076
527.48650
527.78686
527.86090
528.06718
528.10072
528.58792
528.60940
528.66058
528.68782
528.71920
528.73798
528.74428
528.75946
528.80932
528.83278
528.84484
528.84862
528.96694
528.98338
528.98764
529.02574
529.18330
529.39990
529.53724
529.54372
529.56634
529.69900
529.79494
529.81942
529.90246
529.95436
530.06944
530.40862
530.51206
530.64346
530.66614
530.68288
530.72986
530.86744
531.09646
531.21580
531.88408
532.11418
532.16278
532.27174
532.27432
532.28476
532.63210
532.69894
532.76992
532.79872
532.87588
532.95778
532.99360
533.01070
533.03398
533.19124
533.20264
533.20912
533.21062
533.24560
533.24758
533.26186
533.33602
533.40280
533.70466
534.20224
534.24796
534.43414
534.73120
534.74332
534.76168
535.55818
535.57972
535.68676
535.76416
536.04748
536.08768
536.15386
536.30176
536.33080
536.73034
536.93998
536.95756
536.97262
537.06118
537.14662
537.30310
537.52996
537.74842
537.76702
537.79798
537.80866
537.85258
538.27480
538.39918
538.43224
538.60426
538.75318
538.81978
538.82968
538.83922
539.25916
539.44258
539.49754
539.75506
539.76250
539.80930
539.93830
540.11806
540.22156
540.43816
540.86206
541.11226
541.23328
541.50880
541.78132
541.78780
541.89532
541.93864
541.95412
541.98238
542.01598
542.16820
542.19778
542.21716
542.25718
542.27356
542.30248
542.63446
542.83486
542.90668
542.98426
543.21406
543.34210
543.49324
543.73432
543.97786
544.39912
544.81852
544.99324
545.05276
545.07232
545.26942
545.33068
545.37628
545.47360
545.55964
545.62990
545.82700
545.89366
546.16330
546.19642
546.29566
546.44326
546.46906
546.50704
546.86650
546.94612
546.95734
546.97186
547.02316
547.04848
547.67482
547.71958
547.97464
548.92462
548.93722
548.95282
548.98390
549.01222
549.39082
549.40132
549.78142
549.95164
550.33096
550.61500
550.72444
550.83406
550.95394
551.00446
551.07946
551.18884
551.37046
551.41918
551.47900
551.76988
551.87044
552.19618
552.23554
552.25858
552.31060
552.55948
552.59422
552.63682
552.95446
553.12444
553.20496
553.26238
553.43380
553.63768
553.63948
553.65004
553.66552
553.86712
554.80252
555.09928
555.20992
555.21784
555.53272
555.66634
555.68854
555.69022
555.70408
555.71368
555.71614
555.97306
556.03084
556.63912
556.69900
556.72168
556.73746
556.97608
557.35930
557.36590
557.43466
557.56270
557.73136
557.80564
557.85952
557.91844
557.93188
557.94874
557.95558
558.02290
558.71002
558.94300
559.15084
559.18660
559.21174
559.32868
559.34068
559.64338
559.71946
559.94824
560.04592
560.04868
560.09800
560.37358
560.92090
561.07114
561.24154
561.27118
561.34906
561.46594
562.26628
562.29748
562.43992
562.88590
562.89484
562.91296
563.02942
563.57596
563.61502
563.63236
563.63788
563.81344
563.84758
564.08170
564.12958
564.51268
564.84628
564.97720
564.98902
565.02220
565.14028
565.33396
565.55806
565.57078
565.89046
565.94560
565.95850
566.29072
566.48236
566.48980
566.76568
567.26704
567.39124
567.48946
567.50770
567.52636
567.52924
567.56176
567.80602
567.84862
569.08882
569.10754
569.31448
569.35678
569.61928
569.63590
569.73214
569.75548
569.77588
569.85100
569.90908
570.27064
570.56122
570.81880
570.86092
570.86596
570.93964
570.99010
571.10464
571.12948
571.15594
571.16734
571.33408
571.38670
571.43944
571.69444
571.77820
571.81036
571.97110
572.01868
572.26210
572.31514
572.50132
572.93416
573.01642
573.02290
573.16396
573.16930
573.41782
573.85300
573.97198
573.97672
574.04866
574.32928
574.43206
574.43410
574.64968
574.68682
575.19280
575.29780
575.31736
575.37640
575.55052
575.65438
575.68774
575.93308
575.94268
575.99872
576.00298
576.06076
576.34648
576.57064
576.71788
576.85300
577.29790
577.30012
577.39648
577.47592
577.68478
577.78984
577.95940
578.38438
578.53288
578.57212
578.66470
578.66704
578.71990
578.80228
578.85880
578.94838
578.96584
579.15088
579.19174
579.37486
579.38632
579.57250
579.71248
579.73072
579.74914
580.00870
580.09420
580.50190
580.54120
580.67512
580.69276
580.75162
580.86544
581.00386
581.01268
581.53612
581.65792
581.69074
581.74786
581.89498
582.09154
582.29104
582.42418
582.49852
582.53200
582.57430
582.81766
582.90226
583.00246
583.12438
583.15324
583.17082
583.20742
583.21180
583.25842
583.27132
583.36492
583.68310
583.76914
583.87384
584.13826
584.21848
584.22622
584.33026
584.73034
584.80744
585.00844
585.01372
585.09172
585.24466
585.36028
585.65746
585.76048
585.77362
585.82390
585.87244
586.02694
586.05238
586.11004
586.57108
586.62496
586.63768
586.66444
586.75342
586.86442
586.92232
587.02372
587.23750
587.24086
587.25040
587.33254
587.38522
587.49742
587.65024
587.66794
587.78542
587.85676
588.01696
588.08008
588.14248
588.15688
588.26410
588.48712
588.67966
588.70654
588.76390
589.20028
589.33036
589.41682
589.64728
590.37364
590.80894
591.04120
591.05374
591.06646
591.29290
591.32512
591.47686
592.06312
592.61668
592.80220
592.85596
593.45692
594.38566
594.41866
594.44896
594.56734
594.59974
594.69550
594.83650
594.84472
594.86680
594.88642
594.89092
594.91090
595.43482
595.63720
595.66294
595.71292
595.74232
595.92286
596.29966
596.37250
596.52022
596.54734
596.72470
597.18178
597.24436
597.31648
597.37390
597.41242
597.45478
597.54076
597.68044
597.72010
597.82024
597.82300
597.98272
598.00744
598.27726
598.44994
598.70596
598.93060
599.39608
599.39968
599.41726
599.42920
599.71672
600.58360
600.75604
600.85060
600.85774
600.90376
600.94636
600.94858
600.98422
600.99706
601.06588
601.09414
601.43308
601.63048
601.80154
601.83988
602.07256
602.20594
602.43982
602.59714
602.65738
602.88952
602.96074
603.41656
603.54112
603.57808
603.78214
604.04980
604.37542
604.44994
604.78162
604.79650
605.55160
605.56360
605.68036
605.69260
605.86360
605.89624
605.97286
605.99782
606.17806
606.44038
606.58978
606.62938
606.71608
606.86266
607.06486
607.11658
607.14664
607.34716
607.37740
607.90618
608.11228
608.12464
608.12710
608.13754
608.14918
608.24224
608.25640
608.26024
608.62516
608.66314
608.70172
608.78218
608.88310
609.46684
609.61972
610.06366
610.20754
610.22404
610.32550
610.46446
610.48744
610.58152
610.64512
611.17282
611.24092
611.35420
611.47708
611.66674
611.94994
612.00388
612.03322
612.23350
612.41950
612.68932
612.70012
612.73036
612.74206
612.76798
612.89872
612.97534
613.13116
613.63960
613.75024
614.17558
614.52796
614.79106
614.89966
615.16786
615.27742
615.41686
615.72274
615.75172
615.75514
616.06306
616.15786
616.43074
616.44424
616.49398
617.26318
617.28484
617.29444
617.36320
617.77792
617.92084
617.95042
618.03070
618.26074
618.27322
618.29296
618.30880
618.36412
618.71410
618.87094
618.95050
619.18108
619.25368
619.50916
619.79452
619.93096
620.06056
620.16442
620.61424
620.62324
620.85214
621.01078
621.02752
621.14008
621.27388
621.45478
621.66142
621.77716
622.12582
622.16356
622.19008
622.23100
622.40050
622.89766
623.21056
623.30944
623.35354
623.36704
623.41738
623.45422
623.62672
623.90962
624.12430
624.13732
624.16348
624.18490
624.20974
624.49816
624.69886
624.74470
624.91450
625.00396
625.15966
625.17364
625.20082
625.20484
625.42348
625.42768
625.43410
625.76440
625.92520
626.05822
626.18206
626.19184
626.29828
626.31748
626.58706
626.81476
626.82478
626.88058
626.88712
626.89528
627.46744
627.91132
627.93412
627.97348
627.98638
628.75714
628.80262
628.94470
629.42560
629.43766
629.87464
629.89666
629.92450
629.95324
630.09976
630.16042
630.30754
630.46486
630.48058
630.49618
630.52366
631.22812
631.57396
631.74046
631.94818
631.98250
632.05414
632.38414
632.49244
632.55940
632.56936
633.66790
633.70690
633.71122
634.91656
634.93138
635.04514
635.05756
635.14522
635.18440
635.38282
635.55106
635.71384
635.74054
635.75170
636.07840
636.26200
636.31540
636.31792
636.47158
636.52390
636.97528
637.23784
637.38226
637.38802
637.40044
637.44730
638.06008
638.09446
638.12686
638.27890
638.28868
638.30752
638.31844
638.86510
639.02446
639.08746
639.12316
639.34432
639.43192
639.81796
639.87304
639.97180
639.98122
640.69060
640.69654
640.73812
640.74034
640.78132
641.05870
641.08978
641.15524
641.16406
641.55040
641.63884
641.71966
641.89870
642.00784
642.04618
642.04798
642.07330
642.08866
642.09550
642.26560
642.29110
642.50410
642.51202
642.85162
643.01278
643.06552
643.14148
643.33744
643.38484
643.43980
643.45174
643.51420
643.55104
643.71850
643.80808
643.85794
643.88092
644.03404
644.12926
644.33788
644.69560
645.14548
645.51532
645.68530
645.75808
645.92506
646.05934
646.32256
646.51156
646.55170
646.58182
646.61854
646.67872
646.68142
646.68856
646.69024
646.81570
647.09428
647.13688
647.30176
647.42170
647.47516
647.51800
648.15844
648.20332
648.41086
648.57658
648.95068
649.10200
649.12528
649.15846
649.17496
649.18780
649.19362
649.19878
649.24624
649.33288
649.53298
649.65370
649.71010
649.80562
649.81522
649.92508
650.23264
650.97028
651.10858
651.14332
651.16276
651.25666
651.75256
651.78304
651.84154
652.07842
652.12546
652.30900
652.47388
652.50388
652.55326
652.61896
652.63216
652.74262
653.02822
653.12026
653.60854
653.63446
653.65774
653.66212
653.66662
653.76652
653.78038
653.79376
653.92000
653.93218
654.35440
655.12882
655.14514
656.07592
656.16220
656.18350
656.20246
656.25298
656.54146
656.81218
656.90020
656.96614
657.62440
657.75988
657.77392
657.90022
658.01602
658.03918
658.08028
658.10644
658.14958
658.20322
658.22878
658.28554
658.34278
658.65316
658.75834
658.82896
658.83268
658.84846
658.95046
659.15968
659.17666
659.21350
659.22700
659.55334
659.67922
659.95468
660.52630
660.52816
660.55612
660.57034
660.65992
660.69754
660.89710
661.01764
661.32670
661.55392
661.67740
661.75570
661.93732
662.09350
662.10856
662.12056
662.27752
662.38720
662.54770
662.65120
663.03580
663.12394
663.26998
663.37696
663.60040
663.94528
664.13770
664.17760
664.23766
664.31476
664.47160
664.56334
664.73500
665.07736
665.15362
665.32540
665.38408
665.62120
665.67892
665.78806
666.58780
666.59074
666.60244
666.65572
666.68056
666.96610
667.41562
667.45504
667.68844
668.02048
668.04964
668.07820
668.33554
668.40520
668.43604
668.66320
668.82664
668.87692
668.90812
668.91916
668.99212
669.02716
669.05164
669.13498
669.65488
669.69856
669.73294
669.75256
669.77206
669.99532
670.12888
670.54948
670.55818
670.56310
670.62094
670.67158
670.68724
670.82224
671.60572
671.71660
671.92246
672.04978
672.15298
672.19060
672.19510
672.69970
672.89296
672.91954
672.96358
672.98290
673.12258
673.14154
673.38910
673.66126
673.77202
673.78912
673.82026
673.84186
673.84906
673.85182
673.88620
673.90846
673.92880
674.06230
674.10592
674.23306
674.30560
674.55532
674.75284
674.79268
674.83630
674.91220
674.92246
675.17602
675.27232
675.32962
675.39550
675.42874
675.53680
675.56800
675.60184
675.65308
675.66520
675.87898
675.91990
675.95632
676.06276
676.24732
676.25944
676.60600
676.65226
676.71940
676.91272
677.20330
677.57428
677.75320
677.82268
678.08584
678.22948
678.51994
678.84706
678.96724
679.11124
679.51288
679.69120
679.77010
679.80652
679.83010
679.85380
679.91674
679.96006
680.15350
680.35630
680.78992
680.81230
680.83684
680.91268
681.11026
681.44878
681.48088
681.75808
682.42036
682.43212
682.52206
682.69324
683.13010
683.29162
683.35402
683.35936
683.68504
683.77186
683.92990
684.13378
684.14680
684.44620
684.56770
684.57328
684.74020
684.93136
684.99352
685.09888
685.13128
685.47262
685.52452
685.52914
685.65382
685.66354
685.67362
685.89364
686.02978
686.03260
686.13412
686.16682
686.18584
686.22988
686.25664
686.53114
686.64676
686.91976
687.01444
687.16168
687.17752
687.19888
687.20524
687.21064
687.24598
687.40414
687.42358
687.82984
687.84658
687.89644
687.95386
688.10392
688.20394
688.50826
688.61086
688.62754
688.64728
688.75030
688.95616
689.23990
689.26360
689.91862
689.92648
689.96074
689.98978
690.19822
690.40798
690.74728
690.82966
690.83554
690.84742
691.00144
691.14742
691.39642
691.45006
691.80364
691.84420
691.97062
692.30674
692.33008
692.49886
693.11332
693.56044
693.75388
693.92962
694.09948
694.40656
694.52590
694.58200
694.76722
695.07640
695.17516
695.61760
695.74720
695.76274
695.79292
695.97046
696.15376
696.28372
696.44386
696.46084
696.64696
696.92080
697.03588
697.05520
697.07038
697.07974
697.17358
697.74868
697.91800
698.00386
698.15770
698.18230
698.39686
698.44360
698.63722
698.79184
698.96896
698.99896
699.00664
699.49294
699.57670
699.67318
700.00384
700.18990
700.37218
700.60804
700.64182
700.95838
700.97686
701.03164
701.05630
701.13718
701.23930
701.38246
701.40664
701.42050
701.75398
702.24016
702.38668
703.03822
703.06150
703.13710
703.62988
703.64716
704.43994
704.54776
704.64028
704.70322
705.34642
705.52966
705.57016
705.58168
705.82378
706.01752
706.85992
706.92676
706.97368
707.07046
707.11990
707.13622
707.24422
707.38258
707.89756
708.00730
708.07366
708.24664
708.25162
708.34384
708.36502
708.37498
708.38374
708.43576
708.46510
708.53710
708.61906
708.76990
708.87748
709.21354
709.34194
709.42984
709.50250
709.56274
709.58008
709.71340
710.08636
710.20144
710.34652
710.75428
710.90728
711.38794
711.92782
711.97714
712.10080
712.47400
712.52428
712.87312
712.89658
712.99402
713.20456
713.23288
713.35744
713.68696
713.69776
713.78326
713.85472
714.23350
714.27244
714.36088
714.47584
714.53518
714.75874
715.69258
715.73494
715.76074
715.83166
716.00050
716.75860
716.82460
716.87776
717.57664
717.72598
717.73876
717.76024
717.76426
717.88744
717.89992
717.90652
718.09762
718.16866
718.28638
718.39108
718.47850
718.96120
719.01460
719.24464
719.24866
719.53072
719.84710
719.88568
720.13084
720.26542
720.27328
720.48730
720.58990
720.59992
720.60526
720.65776
720.69532
721.09744
721.25926
721.69366
722.16868
722.65768
722.79778
722.95804
723.10186
723.13504
723.36856
723.38392
723.39790
724.07626
724.11142
724.12528
724.16326
724.42468
725.13436
725.35222
725.68078
725.82190
726.00538
726.47116
726.67786
726.68860
726.76504
726.89176
726.90010
726.92566
727.00822
727.10806
727.36594
727.39834
727.47844
727.48714
727.57468
727.66420
727.72576
728.06524
728.11504
728.68906
728.74636
728.77054
728.77618
728.79364
728.88148
728.88904
729.18178
729.40258
729.62932
729.87862
729.88204
730.08952
730.12318
730.22206
730.52980
730.58980
730.61692
730.63216
730.98280
730.99294
731.10916
731.27590
731.29384
731.45344
731.50930
731.53636
731.56120
731.56582
731.67964
731.69776
731.72356
731.72584
731.87218
731.94004
731.97316
732.10966
732.13084
732.25672
732.49912
733.19440
733.30558
733.57954
733.69732
733.82518
733.94014
734.01142
734.16022
734.22790
734.23504
734.26234
734.31862
734.60920
734.66602
734.88358
735.19864
735.50968
735.75736
736.26658
736.29364
736.30906
736.89076
736.97986
737.12302
737.23342
737.26660
737.82694
737.83348
737.86774
737.88070
737.96830
738.00046
738.07612
738.11464
738.13102
738.25942
738.62086
738.62464
738.67444
738.90700
739.07464
739.22440
739.53478
739.60210
739.73542
739.78672
739.84030
739.98814
739.99540
740.07472
740.67478
740.98870
740.99164
741.10198
741.18814
741.21124
741.24880
741.36106
741.47482
741.67966
741.83428
741.99178
742.01830
742.25074
742.27774
742.38430
742.44592
742.55056
742.56238
742.77538
742.90876
743.00986
743.12518
743.18422
743.39602
743.49196
743.87302
743.97700
744.14650
744.56710
744.67054
744.72538
744.80086
744.88570
744.91246
744.94180
744.95782
745.07794
745.11760
745.16800
745.18414
745.21780
745.32226
745.46020
745.52794
745.59358
745.61146
745.64224
745.65880
746.17468
746.41828
746.47054
746.73958
746.84524
747.03166
747.05134
747.06574
747.06832
747.25636
747.42844
747.43474
747.50140
747.66574
747.72358
747.82570
747.85144
747.89638
748.04188
748.07092
748.08196
748.09534
748.44238
748.44904
748.92502
749.30176
749.57104
749.76856
749.93986
750.20956
750.32566
750.35452
750.36820
750.49576
750.86878
751.11616
751.18294
751.19278
751.27276
751.74898
752.08270
752.18218
752.24248
752.24434
752.60662
752.93050
752.93242
752.95978
752.97292
752.99140
753.06268
753.57040
753.74620
753.86284
754.30894
754.43098
754.58098
754.60252
754.67608
754.82266
754.87966
755.00536
755.06044
755.13472
755.26000
755.26678
755.59036
755.60842
755.67358
755.79646
755.95876
755.98606
755.99944
756.03580
756.18220
756.82702
757.06756
757.12024
757.32478
757.38634
757.43878
757.44220
757.46044
757.75714
757.82632
758.04382
758.33338
758.71492
758.76010
758.76742
758.93044
759.00202
759.10192
759.27004
759.43666
759.64108
759.96244
759.97006
760.00072
760.06282
760.12156
760.34692
760.48690
760.82284
761.03698
761.36038
761.37160
761.65336
761.67022
761.69482
761.70052
761.90386
762.48778
762.50542
762.72454
762.74896
762.77092
762.83104
762.86164
763.05058
763.31464
763.37842
763.41028
763.45390
763.54420
763.56898
763.57162
763.59808
763.67854
763.94188
763.97884
763.98070
764.05654
764.10076
764.12362
764.17228
764.22832
764.41942
764.47846
764.49142
764.71624
764.75074
764.92126
765.00718
765.20722
765.21166
765.47110
765.79534
765.96490
766.28356
766.35472
766.44550
766.86838
766.87792
767.29678
767.40466
767.51254
767.68810
767.70898
767.73790
767.76250
767.88070
767.99848
768.29050
768.29584
768.38194
768.41926
768.67570
768.78286
769.26274
769.33834
769.37764
769.53388
769.70260
769.83028
770.03086
770.21296
770.32204
770.74636
770.75530
770.85640
770.87002
770.89006
770.92738
771.01564
771.06040
771.31984
771.81706
772.01548
772.10956
772.31590
772.34656
772.50598
772.54288
772.84276
772.96282
773.08660
773.13430
773.15812
773.17420
773.18758
773.31322
773.34004
773.37286
773.38276
773.39326
773.82004
773.88124
774.12256
774.12496
774.17884
774.29170
774.36964
774.37996
774.39166
775.28026
775.41634
775.71628
776.08618
776.08960
776.10514
776.10742
776.17264
776.20342
776.27308
776.61238
776.64682
776.82526
776.85754
776.87542
776.92414
776.93338
776.96548
777.00766
777.01876
777.03472
777.11068
777.44962
777.45268
777.46678
777.51802
777.89224
777.93538
778.00330
778.01356
778.04092
778.05772
778.79998
778.87414
778.95610
779.40496
779.42398
779.42566
779.42938
779.43946
779.49706
779.91826
779.98876
780.01306
780.14854
780.19114
780.21838
780.41080
780.48298
780.79132
780.96382
780.97270
781.02340
781.04194
781.17076
781.69600
781.76398
781.92046
781.97350
782.03026
782.05654
782.09008
782.16892
782.34724
782.44732
782.80180
783.11302
783.12442
783.19240
783.40924
783.98800
784.45792
784.46410
784.50196
784.70020
784.82902
784.90882
785.14414
785.60926
785.66092
785.66674
785.70910
785.73460
785.73700
786.10174
786.23986
786.25660
786.26242
786.35938
786.95974
787.02580
787.04758
787.06954
787.28086
787.36426
787.48702
787.52356
787.87336
787.99522
788.01274
788.04676
788.06878
788.17018
788.29024
788.41822
788.52448
788.58388
788.60818
788.65828
788.67496
788.72482
789.32668
789.45682
790.06450
790.07356
790.73122
790.87786
790.88578
790.89370
791.18752
791.22526
791.32378
791.45194
791.47804
791.61718
791.94724
791.98132
792.19228
792.44824
792.65128
792.65848
792.73162
792.77392
792.82660
793.32382
793.44724
793.46518
794.20828
794.25238
794.66806
794.68348
794.73730
794.74756
794.75428
794.82100
795.00760
795.17704
795.20782
795.25132
795.47164
795.48988
795.50914
795.53830
795.56542
796.18192
796.26514
796.28110
796.29862
796.40146
796.56082
796.73122
796.90804
797.12218
797.14264
797.46562
797.48182
797.49226
797.59594
797.68204
797.74156
797.76994
797.79892
797.80480
798.01840
798.04378
798.15346
798.22138
798.34900
798.37606
798.38674
798.42532
798.43228
798.58228
798.61552
798.88246
798.88678
799.17478
799.42042
799.44172
799.45342
799.65970
799.74454
800.33554
800.44942
800.47006
800.67526
800.69842
800.91112
800.92990
800.99338
801.04306
801.14956
801.36892
801.51322
801.51604
801.56014
802.46620
802.49962
803.05858
803.14864
803.44354
803.48776
803.56534
803.59894
803.80552
803.81008
803.87980
804.03328
804.04234
804.08098
804.13942
804.32584
804.69880
804.90604
805.00000
805.02340
805.22578
805.51558
805.62562
805.66678
805.72564
805.77724
805.90948
805.96678
806.07580
806.09710
806.11336
806.12086
806.13976
806.15764
806.19400
806.39680
806.41132
806.80642
806.88352
807.06214
807.39604
808.14544
808.24546
808.26094
808.28404
808.45042
808.59172
808.60720
808.71700
808.81210
808.84000
809.06242
809.10046
809.21866
809.22622
809.27662
809.28094
809.31718
809.49568
809.51134
809.54038
809.58832
809.85730
810.29314
810.55192
810.55714
810.75352
810.82924
811.22368
811.30984
811.38700
811.40992
811.64344
811.69126
811.78366
811.80814
812.09350
812.16664
812.31742
812.43694
812.56480
812.57158
813.22702
813.29644
813.32200
813.40240
813.86008
814.02340
814.03450
814.06030
814.07296
814.10632
814.13416
814.51648
814.78354
815.00374
815.05606
815.09326
815.09506
815.13988
815.17066
815.21128
815.30338
815.45698
815.48140
815.48464
815.49478
815.50864
815.52502
815.53672
815.76670
816.11776
816.14848
816.53098
816.53836
816.55264
816.70666
817.30996
817.49164
817.91404
818.13412
818.36764
818.56768
818.68732
818.69980
818.81014
818.88340
818.91760
819.36070
819.36754
819.47020
819.48412
819.53950
819.67036
819.85726
819.88714
820.03360
820.11424
820.28356
820.29298
820.42042
820.42654
820.46434
820.58428
820.78324
820.85386
821.15512
821.22310
821.25100
821.37046
821.60074
821.75104
821.79346
821.81422
821.82982
821.84446
821.85094
821.85418
821.88106
821.88754
822.19084
822.50350
822.87664
823.44466
823.45102
823.45528
823.52032
823.56718
823.59286
823.61740
823.64236
823.67002
823.68424
823.74322
823.90528
824.03392
824.24464
824.83834
825.05950
825.08092
825.08338
825.08698
825.22660
825.34468
825.85654
825.86212
825.91426
825.93370
826.67014
826.73668
826.82758
826.88374
826.90330
827.11420
827.16226
827.25664
827.37742
827.40610
827.50300
827.54830
827.62096
827.74330
827.80270
828.35380
828.89056
828.92908
828.96334
829.51696
829.66708
829.78384
830.22328
830.28124
830.41372
830.82358
830.84302
831.00808
831.05590
831.16708
831.22246
831.35296
831.37600
831.38722
831.39274
831.44356
831.48364
831.60628
831.60922
831.72106
831.81082
831.90292
831.94390
832.00420
832.02712
832.19542
832.32670
832.73272
832.73788
833.62870
833.76520
833.76994
833.94256
834.08356
834.13336
834.13768
834.14230
834.55546
834.60994
834.63310
834.75940
834.89908
835.18648
835.20598
835.83712
835.95280
836.26270
836.44006
836.85544
836.98624
837.00910
837.12592
837.55276
837.73600
837.82126
837.87388
837.91828
837.94996
838.03618
838.63342
838.68736
838.76548
838.81672
838.88242
839.29978
839.43682
839.62342
839.66068
839.71660
839.84230
840.30304
840.33292
840.37114
840.79360
840.81652
840.84004
840.84838
840.93016
841.53472
841.62292
841.92532
842.24866
842.25856
842.27014
842.53456
842.55262
842.58442
842.60200
842.85292
842.95654
843.14008
843.14920
843.18310
843.28984
843.61252
844.42702
844.44508
844.48204
844.75636
844.91326
845.84872
845.93992
846.11530
846.14890
846.22168
846.24742
846.25642
846.26908
846.58192
847.18276
847.25236
847.62424
847.87690
848.01022
848.34364
848.46280
848.48644
848.62876
848.93566
849.12082
849.22528
849.29656
849.32284
849.71638
849.78268
849.84826
850.26598
850.30834
850.52506
850.54966
850.55416
851.19802
851.24566
851.26588
851.38594
851.40808
851.52154
851.53954
851.54596
851.57932
851.60374
851.71480
852.23260
852.58144
852.58654
852.62050
852.80176
852.87754
853.12156
853.50520
853.52998
853.59424
853.67770
853.68220
853.71580
853.73908
853.75486
853.76254
853.84138
853.86496
854.09884
854.31556
854.40946
854.45284
854.52466
854.55172
855.28768
855.29362
855.54148
855.68128
856.07434
856.14238
856.16518
856.17310
856.47886
856.52812
856.67134
856.69504
857.04736
857.17066
857.31796
857.42014
857.78176
857.84524
858.06034
858.07402
858.09850
858.32320
859.02358
859.23100
859.59952
859.86730
859.94806
859.98430
860.14474
860.15386
860.34028
860.51158
860.95444
861.03310
861.19072
861.64624
861.87784
862.21408
862.30210
862.65178
862.72786
862.83364
862.89106
862.91038
862.98010
862.98358
863.01088
863.13628
863.21302
863.40670
863.41990
863.50786
863.78338
863.94286
864.14200
864.15922
864.21406
864.51574
864.54676
864.55732
864.55912
864.56680
864.69004
864.69238
864.91678
864.96646
865.00390
865.00834
865.06510
865.25920
865.54390
865.58518
865.68316
865.68922
865.69756
865.81234
865.82956
866.86018
867.02410
867.03418
867.13018
867.13300
867.15238
867.19192
867.22366
867.29170
867.50146
867.63916
868.24672
868.40920
868.41454
868.42936
868.44268
868.44868
869.00272
869.21530
869.26594
869.28868
869.32222
869.43856
869.64610
870.10048
870.21160
870.58804
870.72808
870.73438
870.75172
870.80428
870.85432
870.89230
871.03174
871.23844
871.68838
871.73254
871.81012
871.91872
871.92064
872.32546
872.67460
872.68744
872.75560
872.94430
873.36196
873.54478
873.56086
873.57766
873.58654
873.75688
873.83440
873.98152
873.99214
874.12702
874.13722
874.26574
874.53586
874.94848
874.98202
875.04724
875.17906
875.45344
875.56864
875.57752
875.70334
875.84716
875.99428
876.22330
876.25960
876.38026
876.44662
876.70546
876.76048
876.76318
876.91918
876.93718
877.48576
877.55236
877.69360
877.99336
878.13850
878.48512
878.52502
879.05212
879.12610
879.14188
879.31546
879.40330
879.53482
879.98362
880.18912
880.28326
880.37566
880.59760
880.64494
880.69372
880.83508
880.96486
881.02804
881.03878
881.13418
881.22520
881.23570
881.24956
881.30080
881.86366
881.93386
881.95096
882.42760
883.10782
883.80706
883.82758
883.86556
883.92328
884.26270
884.43748
884.44414
885.06142
885.75190
885.79534
885.84934
886.20178
886.21204
886.29382
886.53184
887.26654
887.29540
887.36752
887.37292
887.89366
887.99182
888.16474
888.56686
888.57652
888.62302
888.70708
888.89740
888.91894
889.07188
889.34548
889.58386
889.81156
889.91008
889.93882
889.94194
889.94476
889.97920
889.99210
890.00926
890.09104
890.30470
890.38930
891.13522
891.15814
891.38350
892.17340
892.22044
892.27180
892.27966
892.31956
892.34152
892.42492
892.70656
892.73212
892.77934
892.99744
893.17012
893.35642
893.42200
893.56390
893.57896
893.78362
893.81950
894.17362
894.19828
894.32968
894.34546
894.34726
894.35872
894.36334
894.77134
894.80728
894.80902
894.86554
895.39546
895.62796
895.66888
895.82800
895.90678
895.94452
895.97110
896.00518
896.02330
896.33230
896.44264
896.72446
896.80840
897.23200
897.24316
897.32326
897.51988
897.55432
897.86818
897.95938
897.99712
898.06834
898.24660
898.30276
898.31290
