0.53221
1.53460
3.73965
3.74131
3.76869
6.77257
6.77534
6.87522
8.48248
8.69486
10.29924
10.32610
11.58213
11.94963
12.07582
14.28611
14.62530
16.32586
17.04543
17.05204
18.66093
18.68824
22.03329
22.08463
22.88365
23.86514
27.00152
27.36135
29.09000
30.43232
30.79990
35.12036
35.13538
35.15218
35.20382
35.79884
35.80532
36.46694
37.52526
37.96759
38.92614
38.97617
42.46987
42.50556
47.62365
47.62554
48.49638
49.39446
50.18433
50.55804
52.93697
52.99442
56.36103
58.18753
59.59036
59.59255
59.60209
60.90822
60.96460
61.20903
62.09246
62.98781
68.31207
68.62579
69.06932
70.01785
72.26114
74.08390
76.65711
80.03176
81.99083
88.47405
88.69852
92.20651
93.84106
93.85311
95.50521
95.53167
97.31454
97.33119
99.02212
99.03996
99.66430
99.67118
100.71054
103.53068
103.54508
103.61003
103.79166
105.29649
106.45685
106.98420
106.98622
107.00516
109.22311
110.69587
111.53928
114.46856
114.50200
116.04837
116.06619
116.10794
116.20792
117.04892
120.90471
128.18651
130.67554
133.06552
133.07901
134.22801
136.57896
138.01823
138.04545
142.10598
142.14828
143.82861
143.84619
143.90120
147.15769
147.19753
147.23003
149.04664
150.14026
151.61198
151.94344
151.96650
151.97267
153.57269
153.58775
153.59167
155.33197
155.71614
155.84614
162.20892
163.64869
165.39528
165.55367
168.94893
170.63622
170.66321
174.02193
176.09821
177.34766
177.35360
177.78890
177.80562
179.09478
180.55031
180.55192
180.56240
182.13627
183.84541
184.88780
187.02624
187.33529
188.00438
189.20914
191.64994
192.88163
193.03107
194.18438
196.24741
197.64174
197.64880
198.50779
199.37860
199.72918
199.73085
201.07131
201.07846
202.96254
206.18488
211.82281
212.10232
213.15307
213.23969
213.54348
214.94072
216.54981
216.83102
218.18651
218.20032
218.21376
218.23689
219.92317
219.93872
219.94543
219.95046
221.76110
223.92116
225.27265
225.29991
226.73695
228.27157
228.50178
229.15811
230.26281
232.11900
232.16901
232.41169
232.61895
233.97328
235.13315
236.72867
237.07227
238.92986
240.30472
240.69885
240.71226
240.71919
241.27725
242.44112
242.78366
246.19228
247.90228
247.95121
248.58991
249.56050
249.56237
249.58522
249.63274
251.36863
251.40763
253.30179
253.32938
254.30672
254.32169
254.32871
258.59453
259.58033
260.18097
260.19662
261.67442
263.56260
263.57788
265.07966
266.95284
268.24557
268.85389
269.27767
269.60458
270.16378
273.89348
273.91480
273.92997
275.53093
275.62353
275.67375
277.36871
279.43319
280.72328
282.10778
282.12938
282.17192
282.23711
282.25096
282.27485
283.88495
283.88754
287.36739
287.43926
287.55391
289.27868
289.29325
289.52580
290.18643
292.88576
296.73941
300.09859
300.46428
300.47045
301.30159
301.33489
301.70866
303.40995
305.08493
305.09049
305.29720
306.78311
306.80488
312.15104
312.47659
312.48682
313.87600
315.58323
315.61219
315.92881
317.36563
320.69370
320.77113
321.93842
322.18339
326.65371
328.42186
331.72762
332.49079
334.76819
336.32766
337.77522
337.78479
337.94513
337.95841
339.59309
341.42311
342.99789
343.23350
344.77003
346.37403
346.38148
349.59308
351.32520
353.02863
355.16289
356.47017
359.26684
361.63122
362.61873
362.64768
364.13350
366.47829
366.90753
366.96759
367.02487
368.64573
370.40280
373.87910
373.90207
374.42945
374.61337
375.82209
375.83286
376.40223
377.47515
378.89435
380.14234
381.04915
382.65208
382.67851
384.00983
384.37634
385.98247
386.03026
392.91742
394.55922
394.56948
394.57285
394.58287
394.66646
398.06676
398.33814
399.09922
399.58763
399.60012
402.78049
404.56675
404.72985
408.24692
409.54494
409.84578
409.85697
411.62844
411.63659
411.64274
411.82713
413.28977
413.30781
413.31021
413.31590
413.32387
415.01900
415.03718
415.06293
416.37230
417.61915
421.06976
421.31283
421.92944
422.45757
424.28218
425.30218
426.61745
426.89597
426.93446
428.68803
432.09529
433.75392
434.16067
435.46345
436.49005
436.50344
437.22050
437.23659
437.24086
437.24241
437.25443
437.31325
438.09033
442.18144
442.18359
442.18993
444.01911
444.02505
444.70489
447.35853
449.06086
449.07993
450.90076
452.61704
452.61975
453.67617
453.97880
454.40707
454.41674
454.43344
455.85025
457.22794
457.26489
457.46560
457.47248
459.19462
459.21610
459.65844
460.48669
460.53082
460.90525
462.61434
463.70464
463.96387
464.44485
464.49340
466.90035
467.94656
468.06656
473.31517
473.32219
473.86107
474.91214
475.15518
476.20184
476.83082
479.60446
479.61063
483.26289
484.87836
488.37520
490.15452
492.02320
494.77443
495.41503
495.50723
495.56466
495.86767
495.87446
495.90868
497.12771
498.17082
499.31442
499.34727
501.00519
502.58645
502.59031
504.20667
504.22099
505.50990
514.04216
514.16039
514.17619
514.22296
515.82759
517.40618
517.41304
517.44700
518.83567
518.84919
519.01324
520.74481
522.44252
522.50335
524.16663
527.58494
527.61051
529.39917
529.69290
531.09265
531.39652
532.66004
532.66577
533.04189
537.64318
537.89182
539.43571
541.04744
541.09412
541.10822
541.12314
541.52630
542.93860
542.96588
544.73278
546.43267
549.70867
549.72059
549.72231
551.37305
551.40268
552.73696
552.75638
553.10995
553.32490
558.19478
561.43788
561.43928
563.00384
563.04979
569.28075
570.97362
576.15690
576.15962
576.17058
577.78614
578.40220
579.83246
579.85592
581.18859
581.49838
583.10560
586.82145
588.20796
588.65216
592.00570
592.05378
593.44612
594.93304
594.94100
595.26285
595.27909
595.44130
595.56948
598.49900
598.54813
600.02481
601.71078
601.75131
605.31303
605.32771
607.07411
607.08215
608.94805
610.70806
610.72553
612.45479
614.23467
615.73779
618.71682
618.74050
619.20400
620.94208
621.53049
622.36998
622.76356
622.77753
626.06021
626.07989
629.51870
629.54248
631.15617
632.67226
632.67466
632.69194
637.99780
643.24533
643.24774
644.71910
646.57832
647.16346
648.26132
648.30476
650.31057
650.32769
650.95234
651.69461
651.91460
653.23776
655.48259
655.58696
657.07773
657.08467
658.87104
658.87868
659.80475
661.76835
662.19276
662.20477
663.91168
663.95835
663.99663
665.69195
666.96983
667.73799
668.97861
674.16965
675.83700
679.05032
681.84652
682.43247
685.82254
686.24936
687.01256
687.72607
687.76574
687.77234
689.04262
693.07082
693.07435
693.08561
694.89786
697.98043
698.26717
699.59998
701.38275
702.95551
704.01243
706.28675
706.30941
707.95971
708.06508
709.28216
709.28336
709.45324
709.66232
711.31990
711.51191
712.96464
714.57213
714.88775
716.13446
716.41723
719.31147
723.88814
724.70768
725.60736
725.64201
725.70146
727.47160
729.10178
729.41428
729.44434
729.91835
731.33601
733.00710
733.01443
734.57111
734.58563
734.59009
734.69728
736.84395
737.90924
738.94695
738.97094
739.65689
741.31347
741.34096
743.15263
743.15874
744.85413
745.73009
745.75365
745.76607
746.45991
748.19679
748.23100
748.29674
748.36317
750.05550
750.22752
751.81373
752.76650
753.08376
754.02967
756.79556
758.09578
758.55603
758.56277
759.36255
761.98758
763.79516
765.57414
765.60211
767.32647
769.03454
771.44757
774.31213
775.10949
777.27567
780.65822
782.53086
783.21717
784.53861
784.59013
785.00403
785.04706
786.01332
787.60910
787.61371
789.43354
789.67124
791.18024
792.89625
792.91274
794.96123
795.16122
796.62759
799.98077
799.98762
801.78436
801.79360
802.14410
803.64366
803.65376
803.68395
804.57881
805.36416
805.94151
807.18626
807.53841
808.17941
808.90270
808.95977
809.53304
810.60709
812.33408
812.36875
812.46939
814.08566
815.82965
815.87118
817.51919
818.23022
820.26671
820.65208
821.93011
822.53291
824.27392
826.04386
827.93694
829.62450
831.42070
833.13715
835.00620
838.06822
838.08145
839.79096
839.95436
839.96439
845.05042
845.07499
845.10633
846.75993
846.76912
848.58273
848.60438
848.61886
848.62551
852.09777
855.58109
857.35522
857.89736
859.98230
860.01500
861.77075
862.54987
863.81583
865.09325
865.12214
868.27383
869.92030
869.92687
873.18111
873.91178
874.65258
874.67541
874.69477
876.06205
876.08928
876.10285