0.11284
0.22378
0.34192
0.84346
0.84610
0.84772
0.91426
0.93256
0.96472
1.00648
1.01626
1.02814
1.32310
1.36462
1.38328
1.49986
1.73230
1.75750
1.83850
1.85764
1.88776
2.01304
2.17282
2.59522
2.60530
3.04630
3.04786
3.06400
3.09448
3.12814
3.17770
3.24664
3.26536
3.26878
3.32446
3.35980
3.37102
3.43300
3.51496
3.51658
3.52738
3.54976
3.55564
3.55858
3.57166
3.58228
3.61120
3.63118
3.63910
3.67282
3.67642
3.69004
3.70156
3.70756
3.77296
3.78016
3.78976
3.83236
3.89584
3.90982
3.92500
3.96946
4.00864
4.05190
4.06354
4.08508
4.09726
4.15846
4.18456
4.20934
4.23730
4.26166
4.26760
4.26910
4.29832
4.31056
4.34548
4.38226
4.39918
4.47520
4.48144
4.53058
4.55662
4.56562
4.61098
4.68526
4.69294
4.70026
4.72996
4.74436
4.74898
4.79116
4.79554
4.81984
4.82284
4.83646
4.84114
4.89184
4.90780
4.90978
5.03110
5.04208
5.07268
5.08048
5.09158
5.09392
5.11738
5.18872
5.27386
5.31142
5.31364
5.39458
5.46508
5.47888
5.51794
5.56414
5.59138
5.59708
5.60086
5.67814
5.70610
5.72374
5.79406
5.83048
5.83456
5.84098
5.85622
5.90578
5.93458
6.11470
6.36538
6.38092
6.52774
6.54214
6.64672
6.66562
6.67384
6.91396
7.19374
7.20082
7.22206
7.26946
7.28008
7.28608
7.29478
7.54474
7.86298
8.60662
9.05476
9.41836
9.45334
9.46984
9.94786
9.97276
9.98698
9.98926
10.00726
10.02280
10.24756
10.33768
12.19216
12.19990
12.23020
12.24274
12.26584
12.33658
12.35386
12.39148
12.39604
12.84652
12.88936
14.06842
14.09182
14.09938
14.12356
14.16124
14.16628
14.43562
14.44480
14.50438
14.51770
14.54284
14.57908
14.74888
14.76244
14.76838
14.82790
14.86900
14.87626
14.87950
14.89006
14.90272
14.91250
14.93140
14.97046
14.97202
15.01480
15.05266
15.05548
15.07042
15.09934
15.10684
15.12994
15.13744
15.14590
15.17542
15.18574
15.20392
15.27526
15.28228
15.30550
15.32800
15.34468
15.35848
15.36322
15.36892
15.37222
15.39904
15.43258
15.43720
15.46552
15.47638
15.52330
15.55930
15.58678
15.59218
15.61288
15.63718
15.63964
15.68332
15.70180
15.72772
15.73660
15.73810
15.77500
15.77968
15.80602
15.80944
15.82000
15.84412
15.86224
15.88300
15.90946
15.95674
15.95884
15.96238
15.97300
16.00648
16.00900
16.12834
16.14904
16.15216
16.16176
16.16602
16.19446
16.24624
16.36738
16.37122
16.41664
16.43638
16.44634
16.48534
16.49170
16.51504
16.51894
16.52818
16.56928
16.60372
16.62310
16.65064
16.70794
16.71106
16.79374
16.83208
16.83874
16.84870
16.85182
16.85638
16.89328
16.92466
16.94236
16.94884
16.95214
16.95442
17.03098
17.06758
17.07316
17.10868
17.12302
17.15170
17.19442
17.19754
17.19910
17.22478
17.23654
17.26864
17.34574
17.42146
17.51836
17.53126
17.53354
17.54578
17.54938
17.55802
18.03190
18.19060
18.32590
18.33202
18.89578
19.05754
19.22224
19.34092
19.70338
19.72432
20.02738
20.10040
20.11270
20.15326
20.49238
20.63374
20.70586
20.71246
21.15412
22.85770
23.01502
23.01874
23.04088
23.45872
23.51068
23.60740
23.67388
23.75890
24.07378
24.08446
24.10168
24.10372
24.10534
24.35914
24.40498
25.04764
25.10722
25.26616
25.35748
25.39078
25.49308
25.50100
25.72372
25.74568
25.87204
26.01094
26.02774
26.16040
26.17978
26.27860
26.45074
26.46406
26.57458
26.65024
26.70544
26.75500
26.81458
26.81728
26.84026
26.95060
26.95768
26.95990
26.96212
26.97676
27.14938
27.37210
27.43252
27.56524
27.57352
27.65956
27.92464
27.93388
27.96016
27.97816
28.05082
28.38814
28.46170
28.70944
28.71232
28.71394
28.74316
28.74472
28.75054
28.79086
29.02012
29.04988
29.05648
29.06782
29.16856
29.23882
29.34292
29.41948
29.42350
29.73394
29.78422
31.06774
31.11064
31.11430
31.11640
31.43572
31.63192
31.66006
31.69294
31.74478
31.98988
32.00194
32.05858
32.06860
32.49730
32.58892
32.90596
33.00712
33.33706
33.40648
34.01440
34.02064
34.04242
34.04668
34.11988
34.12318
34.31068
34.52062
34.71070
34.71382
35.33368
35.53126
35.54260
35.60278
35.82148
35.84020
35.98756
35.99038
35.99248
36.06994
36.16780
36.26344
36.27460
36.30238
36.31444
36.39556
36.46066
36.46396
36.52300
36.55438
36.55900
36.62800
36.63304
36.65572
36.66076
36.72124
36.75712
36.76480
36.78274
36.79450
36.86134
36.93922
36.94870
36.95362
37.00744
37.01848
37.06150
37.10356
37.16632
37.18054
37.18954
37.19842
37.21066
37.24096
37.26064
37.26964
37.27252
37.28464
37.28974
37.30930
37.31176
37.33024
37.34374
37.38436
37.41832
37.42660
37.43014
37.45348
37.47688
37.51672
37.53988
37.54444
37.60936
37.62106
37.63324
37.64734
37.71676
37.72270
37.75840
37.76338
37.78306
37.79998
37.83502
37.92646
37.92886
37.96762
38.55598
38.58112
38.58292
38.79574
38.80378
39.70594
39.72250
39.73270
39.99388
40.15450
40.18060
40.19632
40.21660
40.50352
40.51324
41.16118
41.17534
41.21518
41.22088
41.51776
41.63224
41.64370
42.03166
42.03916
42.04312
42.63298
42.92644
42.96634
43.37542
43.38022
43.38238
43.38748
43.39234
43.87258
43.90546
43.96168
44.11552
44.24254
44.82232
44.88286
45.24400
45.26296
45.42982
45.64648
46.54678
46.70194
46.70734
46.77220
46.90348
46.90648
46.99984
47.03044
47.06182
47.06458
47.15944
47.16100
47.16298
47.16868
47.21446
47.28736
47.32258
47.34196
47.37238
47.38624
47.39050
47.40586
47.44162
47.44690
47.51392
47.59192
47.70988
47.81680
47.84122
47.92948
47.93278
47.97262
47.97586
48.04714
48.10282
48.12658
48.13876
48.16294
48.23314
48.24868
48.28912
48.32698
48.42244
48.45796
48.51208
48.53242
48.55366
48.56644
48.62698
48.68302
48.68530
48.69646
48.70348
48.72388
48.74524
48.76060
48.83056
48.90040
48.92686
48.96190
48.98002
49.03612
49.04986
49.07356
49.10590
49.11364
49.18942
49.24954
49.25548
49.27684
49.29382
49.29880
49.32958
49.39354
49.64302
50.09776
50.18284
50.81338
50.83282
51.15658
51.26680
51.48724
51.55570
51.68008
52.20226
52.24282
52.26556
52.66726
53.31346
53.36824
53.43406
53.43568
53.44108
53.44912
53.79646
55.02040
55.39216
55.41598
55.85410
56.09374
56.38282
56.78776
57.33838
57.52360
58.74634
58.77016
58.79338
58.79806
58.84960
58.86232
58.95706
58.96354
58.97128
59.05036
59.06350
59.15614
59.21314
59.21692
59.27542
59.27800
59.32078
59.42380
59.51620
59.56042
59.57596
59.59036
59.80456
59.85904
60.03628
60.10780
60.12376
60.15430
60.20596
60.30664
60.40456
60.43018
60.44920
60.47716
60.85186
61.00726
61.25398
61.27018
61.39684
61.64974
62.04664
62.09524
62.09716
62.09998
62.21272
62.22124
62.22286
62.23054
62.25088
62.39806
63.04480
63.35824
63.37972
63.70966
64.55890
64.60738
64.61392
64.81360
64.89988
65.72380
66.10870
66.31630
66.34534
66.34708
66.35284
66.55576
66.77236
67.13254
67.16614
67.38262
67.74892
67.84198
67.98892
68.97682
68.98270
69.15526
69.16774
69.18730
69.28882
69.29278
69.30394
69.37990
69.46036
69.50728
69.53266
69.54454
69.64846
69.68038
69.69214
69.76588
69.81646
69.87058
69.89644
69.95848
69.96814
69.99970
70.01560
70.03282
70.05256
70.14952
70.16728
70.21576
70.22032
70.24306
70.25128
70.25278
70.29040
70.29658
70.31086
70.32244
70.33462
70.42060
70.42354
70.43308
70.44052
70.46470
70.52044
70.70302
70.71340
70.74580
70.75984
70.77580
70.77988
70.78252
70.79344
70.88290
70.88992
70.89148
70.97170
70.98958
71.01574
71.01754
71.01964
71.03968
71.06374
71.07964
71.16166
71.16340
71.16946
71.20582
71.20876
71.32666
71.89882
72.32800
72.57052
72.63310
72.63982
72.64438
73.11310
73.16242
73.17340
73.47232
73.48378
73.82590
73.85224
73.86418
73.87000
73.89190
73.94278
74.79634
74.80318
75.41644
75.42064
75.78988
75.80956
76.18660
76.35976
76.99270
77.14354
77.23564
77.23906
77.24398
77.44600
77.94718
77.99716
77.99866
78.03220
78.04768
78.40174
78.42010
78.53890
78.57622
79.51930
79.64608
79.65628
79.74244
80.04286
80.04940
80.10508
80.11066
80.11798
80.11972
80.16700
80.18620
80.19658
80.43316
80.45830
80.50690
80.52490
80.53552
80.55286
80.55670
80.59222
80.69362
80.71864
80.76490
80.79670
80.79946
80.81296
80.82064
80.84806
80.85916
80.93272
80.98048
81.02884
81.03280
81.08998
81.17506
81.18652
81.19282
81.22540
81.25570
81.26296
81.26884
81.30898
81.34720
81.34948
81.35770
81.37522
81.38314
81.42712
81.61780
81.64954
81.66136
81.70948
81.71572
81.75244
81.75670
81.77248
81.78874
81.83968
81.88270
81.90304
81.92686
81.98404
81.98878
82.03024
82.03762
82.17382
82.21192
82.21366
82.24936
82.25416
82.34320
82.37734
82.38238
82.39372
82.40206
82.43632
82.53322
82.53634
82.55398
82.60912
82.61074
82.62388
82.66330
82.71586
82.71736
82.73044
82.73908
82.83094
82.85182
82.85992
82.86598
82.86790
82.90960
82.91650
82.92094
83.05606
83.07838
83.08648
83.09470
83.13022
83.13292
83.13508
83.13976
83.14198
83.14510
83.18428
83.20534
83.20732
83.20942
83.21494
83.21860
83.22244
83.36146
83.40778
83.42194
83.46118
83.55316
83.56534
83.64454
83.65570
83.71978
84.46762
84.47686
84.53890
84.98770
84.99370
85.00420
85.01998
85.05040
85.43314
85.43770
85.44106
86.55316
86.57488
86.60002
86.86252
86.88958
87.57244
87.62374
87.66364
88.15162
88.26820
88.37272
88.37836
88.37998
88.91524
88.91806
89.06530
89.98078
89.98312
90.09292
90.11146
91.18594
91.40752
91.41682
91.42624
91.43356
91.48786
91.51792
91.78516
91.81672
91.87498
91.88116
91.93360
91.98820
92.01688
92.04394
92.07130
92.11696
92.12584
92.13952
92.24554
92.29378
92.29564
92.30500
92.36074
92.42344
92.45902
92.47336
92.59054
92.66608
92.80042
92.91850
92.92324
93.08542
93.13186
93.67054
93.79084
93.86734
93.87022
94.46236
94.53358
94.71586
94.73998
94.76884
95.01172
95.09998
95.16442
95.33998
95.66398
95.67064
95.77396
96.30190
96.39346
96.51400
96.67780
97.36936
98.04442
98.37430
99.00802
99.16102
99.18694
99.30040
100.19584
100.45378
100.47010
100.54936
101.15326
101.31436
101.62780
102.26554
102.46438
103.07356
103.10386
103.18648
103.21096
103.25146
103.25368
103.25740
103.36744
103.46626
103.46896
103.48540
103.54810
103.57024
103.57372
103.59028
103.60234
103.60480
103.63780
103.67452
103.67710
103.77082
103.77634
103.78360
103.84456
103.85542
103.88374
103.89544
103.89790
103.91122
103.92004
103.93864
104.01922
104.06692
104.09134
104.18020
104.21680
104.30902
104.33110
104.34304
104.34976
104.36416
104.36722
104.37658
104.39452
104.40088
104.40454
104.42740
104.43118
104.54536
104.59120
104.60416
104.62366
104.63458
104.65942
104.68408
104.75848
104.76442
104.77084
104.80780
104.86390
104.87176
104.89390
104.89552
104.91148
104.92384
105.03664
105.04432
105.06748
105.08092
105.08422
105.09298
105.12472
105.12832
105.13468
105.19762
105.57076
105.59524
105.88708
106.01962
106.10074
106.15504
106.16782
106.63066
106.63840
107.55238
108.37378
108.39040
108.40462
108.42142
108.46594
108.57322
108.58408
108.72340
108.74908
109.14430
109.22470
109.23082
110.07082
110.07418
110.07892
110.15512
110.31130
110.41150
110.77084
110.91406
111.30052
111.35998
111.72460
112.35208
112.73410
113.18398
113.22370
113.31790
113.57194
113.57998
113.97064
113.99512
114.20284
114.21748
114.22624
114.22852
114.88468
114.93064
114.96376
114.97042
115.04356
115.08148
115.09300
115.10032
115.10848
115.27024
115.29256
115.41640
115.41922
115.42084
115.46224
115.46560
115.57924
115.64830
115.69414
115.70572
115.72402
115.75522
115.78162
115.82020
115.84168
115.86868
115.88854
115.94938
115.98448
116.04322
116.05330
116.09254
116.12920
116.28124
116.37946
116.45524
116.46430
116.46730
116.47204
116.50762
116.50996
116.59678
116.63908
116.66854
116.70538
116.71618
116.72428
116.74414
116.75356
116.78392
116.82838
116.83180
116.83570
116.83774
116.94652
116.97616
116.99164
117.02614
117.03382
117.21436
117.25288
117.26104
117.29020
117.29464
117.32836
117.33118
117.33424
117.35182
117.40552
117.44806
117.50218
117.53428
117.54388
117.65548
117.67090
118.25254
118.25560
118.26694
118.87030
119.23126
120.07372
120.77776
120.97660
120.97822
121.00126
121.88776
121.90066
121.97812
122.00320
123.40660
123.72394
123.92884
123.94456
124.23418
124.33654
124.35082
125.12434
125.14084
125.62006
125.72554
125.83174
125.90812
125.93272
126.13414
126.25108
126.25288
126.25498
126.26350
126.34108
126.36244
126.39772
126.47416
126.47788
126.48640
126.49522
126.52972
126.59470
126.60088
126.61840
126.62014
126.62218
126.65494
126.67522
126.72244
126.72970
126.75880
126.79276
126.80488
126.85402
126.92260
127.00096
127.02226
127.13146
127.17520
127.21174
127.28032
127.29334
127.30822
127.35472
127.36198
127.36618
127.50868
127.56148
127.57414
127.62838
127.64608
127.69948
127.78810
127.79098
127.79806
127.97140
127.97704
128.00116
128.00656
128.01232
128.06506
128.07892
128.14324
128.16010
128.16166
128.21230
128.22742
128.26618
128.29216
128.29780
128.34586
129.00604
129.66802
129.73456
129.76750
130.72684
130.79452
131.00626
132.80824
132.81808
132.81970
133.14994
133.16164
133.19944
133.35562
133.57300
133.62196
133.62916
133.63960
134.32702
135.36850
135.37150
136.06546
136.86850
136.90234
136.99180
137.04928
137.05540
137.05858
137.08252
137.09908
137.12758
137.21734
137.26576
137.44906
137.67520
137.82316
138.03532
138.18502
138.19780
138.21220
138.23680
138.30838
138.35674
138.42958
138.47032
138.49708
138.49906
138.59404
138.62338
138.63382
138.68500
138.69118
138.71710
139.07650
139.08268
139.35694
139.35874
139.42354
139.45690
140.82586
140.87542
141.28036
141.36466
141.37264
141.37762
141.48928
141.70726
141.99616
142.87528
142.88266
142.96318
143.18146
143.73538
143.97430
144.68968
145.15396
146.23756
146.25976
146.26474
146.31688
146.74750
146.95066
147.19924
147.74194
147.80740
148.04878
148.15996
148.37974
148.44880
148.56976
148.70458
148.79374
148.95706
148.98730
149.04958
149.18092
149.19034
149.31532
149.32726
149.36584
149.45512
149.48812
149.49952
149.52994
149.63926
149.67868
149.70880
149.75152
149.75386
149.78104
149.78374
149.79052
149.80000
149.93176
149.94226
150.02380
150.07720
150.08806
150.09868
150.10036
150.11176
150.11542
150.11740
150.16798
150.18790
150.19102
150.19372
150.20374
150.25126
150.27100
150.36436
150.40162
150.42364
150.44848
150.45442
150.55384
150.61510
150.62272
150.62752
150.65116
150.66748
150.66934
150.76300
150.76744
150.79780
150.82498
150.86344
150.88852
150.93196
150.93670
150.96046
150.97732
151.01776
151.24204
152.10190
152.36860
153.28498
153.85984
154.33834
154.37494
154.37662
154.71130
154.79314
154.79722
154.79908
154.82836
155.08180
155.15938
155.58826
155.63806
156.49624
156.52672
156.63730
156.88606
157.08376
157.48558
157.59346
157.60564
157.63900
157.66636
157.71310
158.07688
158.07898
158.15302
158.19364
159.41986
159.42532
159.43606
159.44560
159.46672
159.58240
159.60826
160.18990
160.22362
160.22944
160.45438
160.52230
160.54120
160.54348
160.55662
160.56088
160.56988
160.59424
160.81282
160.89424
160.91632
160.94602
160.96876
160.98328
161.18854
161.19604
161.21464
161.22442
161.22952
161.27014
161.34478
161.44912
161.50654
161.57950
161.58508
161.60950
161.63398
161.66650
161.73220
161.75824
161.76316
161.76904
161.89342
161.89642
161.89798
161.90080
161.90260
161.90608
161.91316
161.91730
161.94868
161.95222
162.07042
162.07924
162.16360
162.16804
162.17038
162.20758
162.24370
162.25420
162.25624
162.28234
162.34744
162.37720
162.37930
162.43270
162.45358
162.54604
162.58258
162.62776
162.67714
162.74416
162.79564
162.80050
162.85078
162.85246
162.89158
162.92704
163.02166
163.07632
163.08178
163.13404
163.14394
163.24594
163.28188
163.32100
163.32940
163.36246
163.36750
163.37278
163.49944
163.54522
163.55968
163.59004
163.63468
163.70020
163.73830
163.77436
163.78468
163.86568
163.95832
163.96288
163.97608
163.98916
163.99396
164.09740
165.12772
165.98308
166.52080
166.54186
166.64500
166.80670
166.91710
167.30824
167.34802
168.67804
168.77392
168.86188
169.00126
169.50730
169.51384
169.82188
169.82710
170.75416
170.80084
170.98486
171.15124
171.15448
171.34798
171.36394
171.53524
171.57670
171.58498
171.58660
171.60772
171.62632
171.70462
171.77344
171.86122
171.89290
171.92764
171.94738
172.00036
172.01818
172.07776
172.08574
172.15924
172.20478
172.20838
172.35724
172.36210
172.36822
172.45384
172.47850
172.57798
172.83970
172.84552
172.86232
172.88758
172.89202
172.96804
173.02096
173.16880
173.26816
173.32414
173.34496
173.39488
173.52166
173.68912
173.71210
173.75200
173.75812
173.86462
173.88550
173.92522
174.10768
174.29470
174.84118
174.88582
174.88804
174.89482
174.91786
176.28100
176.49598
176.74618
176.80240
177.39550
177.40558
178.67428
178.76890
178.84168
178.95064
179.37646
179.87746
179.89450
180.54628
180.56542
181.94626
181.96246
182.00104
182.00896
182.03242
182.14672
182.22910
182.35522
182.41936
182.55046
183.16510
183.22288
183.24286
183.24490
183.27064
183.32728
183.43660
183.56956
183.62932
183.63112
183.63280
183.63958
183.64516
183.66178
183.75976
185.20552
185.23588
185.37700
185.39236
185.93560
186.03028
186.14650
186.21538
186.22048
186.74692
187.05964
187.47832
187.85152
188.41210
188.41636
188.88496
188.97316
189.32872
189.33934
189.36064
189.71368
190.12048
190.12330
190.12630
191.11996
191.14882
191.16394
191.59750
191.60884
191.70172
192.35932
192.37756
192.48502
192.68764
192.68908
192.75304
193.53322
193.64650
193.67326
193.69390
193.73332
193.76308
193.76476
193.80610
194.05708
194.11036
194.15932
194.18218
194.37016
194.40934
194.45758
194.50930
194.51482
194.54908
194.55520
194.57728
194.59414
194.62876
194.66860
194.67088
194.67322
194.67700
194.68678
194.72740
194.75854
194.76622
194.83048
194.87326
194.88346
194.89936
194.90158
194.91178
194.96566
195.08272
195.08866
195.13468
195.30532
195.31780
195.35272
195.35914
195.43654
195.45832
195.46642
195.50704
195.52240
195.52414
195.53716
195.57100
195.58084
195.62338
195.63094
195.64420
195.75412
195.76156
195.77464
195.81742
195.83266
195.86428
195.87358
195.93232
195.98242
196.03588
196.03738
196.03990
196.10992
196.11352
196.13122
196.16602
196.21336
196.22038
196.26292
196.27372
196.31590
196.31884
196.32292
196.45456
196.46872
196.50748
196.51108
196.60504
196.61002
196.73578
196.81360
196.85944
196.88998
196.96180
197.01034
197.03026
197.11624
197.15452
197.27092
197.50966
197.76670
197.79946
198.84754
198.86488
198.90052
198.92902
199.20412
199.51744
200.05342
200.10508
200.11336
200.11624
200.72218
200.76040
201.87796
201.90844
202.17904
202.23340
202.50274
202.76488
202.78348
202.79350
203.18398
203.86504
203.91382
203.97418
204.59530
204.76024
204.84610
204.90046
204.90226
204.90706
204.91330
204.91978
204.94828
205.01068
205.01914
205.03360
205.05736
205.09858
205.12228
205.15486
205.17496
205.18450
205.23016
205.26064
205.33804
205.36108
205.36978
205.39090
205.39432
205.41748
205.52476
205.52908
205.53394
205.57438
205.57942
205.67032
205.67236
205.69588
205.71388
205.82470
205.86484
205.88188
205.90564
206.02258
206.02474
206.06068
206.07226
206.07376
206.09806
206.10400
206.10952
206.16490
206.23378
206.24422
206.24614
206.31988
206.34712
206.37688
206.39770
206.40118
206.40424
206.48224
206.51800
206.59984
206.60878
206.70778
206.83804
207.10036
207.32488
207.36538
207.77422
207.88738
209.14612
209.58832
209.82286
212.83840
212.84074
212.95498
212.96788
213.05056
213.08044
213.18226
213.39130
213.44122
213.48412
213.56302
213.69310
213.85090
214.40542
214.66090
214.76758
214.77490
214.93540
215.32006
215.32660
215.43832
215.48884
215.55814
215.59540
215.65096
215.69932
215.71552
215.79676
215.80102
215.83132
215.90242
215.95396
215.95852
215.98216
215.98492
216.09880
216.13792
216.16594
216.21274
216.26776
216.35320
216.42238
216.47908
216.50134
216.50314
216.54100
216.64432
216.67570
216.76216
216.77458
216.89602
216.90082
216.90250
216.95212
216.96604
217.08946
217.18090
217.26208
217.29916
217.32886
217.33186
217.37956
217.40692
217.43278
217.43518
217.43932
217.45894
217.46170
217.53880
217.60594
217.61362
217.61914
217.67044
217.81630
217.86256
217.90120
218.03428
218.04598
218.15500
219.22582
219.27850
219.47842
220.21942
220.35406
220.35628
220.84546
220.97554
221.14876
221.27038
223.06636
223.27582
223.97458
224.19004
224.25964
224.35288
224.59654
224.78458
225.80872
225.89242
226.31788
226.35742
226.50928
226.58554
226.71148
226.75576
226.88770
226.92844
226.95412
226.96342
226.99678
227.03062
227.07814
227.09992
227.17276
227.18026
227.20252
227.22124
227.23924
227.25430
227.25880
227.37382
227.37598
227.42278
227.49496
227.49760
227.51440
227.62564
227.64526
227.66806
227.70472
227.72866
227.73268
227.75668
227.88238
227.93920
227.97976
227.98186
228.00544
228.05374
228.06058
228.08488
228.09508
228.17770
228.19096
228.21154
228.24232
228.29440
228.31654
228.35434
228.35878
228.40624
228.44668
228.53758
229.29046
229.44586
229.54960
229.55134
229.71640
230.24176
230.24902
230.31580
230.52832
230.54662
230.67400
231.07978
232.17982
232.25248
232.36642
232.87582
232.91914
232.93306
233.09518
233.10886
233.31820
233.43934
233.45932
234.06556
234.48604
234.64642
234.75868
234.79060
234.97582
234.97852
234.98314
235.12264
235.50502
235.51270
236.29462
236.65018
236.65174
236.65960
236.66446
236.67274
236.75944
236.86330
236.88244
236.92990
236.96494
237.07918
237.30526
237.34006
237.62530
237.74302
237.74536
237.75172
237.82108
237.86218
237.96634
237.99262
238.30930
238.35472
238.41532
238.41832
239.08282
239.08618
239.09206
239.09548
239.09968
239.10946
239.12230
239.12608
239.92864
239.95582
239.96644
239.96848
239.97280
240.05164
240.37210
240.74026
241.19554
241.78384
241.99462
242.97232
243.57292
243.63724
244.32370
244.33498
244.41574
244.66228
244.66762
244.89244
244.90876
244.92346
245.00956
245.67166
246.43858
246.58516
247.01572
247.01812
247.06168
247.06540
247.06990
247.07914
247.13776
247.14664
247.14928
247.36222
247.43074
247.48198
247.79914
247.82482
247.86358
247.90354
247.91602
248.03080
248.13352
248.13820
248.19136
248.21224
248.24530
248.26876
248.27206
248.27848
248.31340
248.31952
248.45470
248.49586
248.55472
248.62138
248.62714
248.66362
248.67154
248.67376
248.67898
248.71792
248.74558
248.75134
248.76202
248.79622
248.81512
248.83894
248.90470
248.90920
248.93506
248.94220
248.99092
248.99692
249.00190
249.13600
249.14002
249.15664
249.17116
249.18916
249.19846
249.30610
249.30928
249.43246
249.48286
249.48490
249.53818
249.63094
249.63928
249.68500
249.68764
249.82372
249.82738
249.84532
249.89584
249.95122
250.01836
250.05094
250.05622
250.05910
250.09840
250.10176
250.18204
250.19944
250.25950
250.28872
250.32706
250.32868
250.37656
250.37884
250.38346
250.40590
250.51912
250.52146
250.57252
250.62808
251.20630
251.49502
252.04246
252.14116
252.14356
253.21648
253.74670
253.75228
254.10868
254.25286
254.41840
254.79568
255.10450
255.34246
256.62856
256.68826
256.71832
256.72036
256.73830
256.78600
257.03488
257.19034
257.19196
257.19538
257.51932
257.57554
257.75434
257.78482
257.92552
257.98300
258.04510
258.09424
258.13276
258.23356
258.31528
258.36502
258.38518
258.42964
258.55480
258.57808
258.61630
258.61894
258.63982
258.64372
258.67900
258.68146
258.69784
258.70300
258.77434
258.81310
258.82018
258.90496
258.91294
258.91450
258.94732
258.94942
258.95218
259.07368
259.22836
259.23862
259.24672
259.24894
259.27270
259.31170
259.40026
259.44646
259.44946
259.52932
259.54198
259.60228
259.69048
259.75168
259.87264
260.09476
260.16442
260.16634
260.28064
260.28952
260.31844
260.36812
261.33850
261.71914
261.98614
262.09822
262.72798
262.73158
262.73440
263.02426
263.30584
263.57602
263.58088
264.05932
264.15880
264.16216
264.66628
265.02262
265.41586
265.50820
265.51180
266.21140
266.26192
266.29162
266.29384
267.04672
267.41170
267.46168
267.54226
267.54580
267.56446
267.57334
267.98014
268.74982
268.75528
268.88308
268.96582
269.16622
269.24242
269.40634
269.58304
269.61580
269.63914
269.93296
270.02098
270.16138
270.17236
270.17476
270.24940
270.27868
270.32122
270.33436
270.40276
270.40468
270.42556
270.54838
270.55240
270.55606
270.56944
271.75846
271.76476
271.79332
271.88758
272.19430
272.19574
272.39644
272.72440
273.30448
273.31150
273.62500
273.66160
273.70366
273.93580
274.21318
274.33840
274.41886
274.62496
274.68562
275.53894
275.54218
275.55298
275.71462
275.76130
276.51154
276.53086
276.57286
276.57814
276.58168
277.07272
277.93882
278.02672
278.03326
278.05840
278.18710
278.92156
279.28504
279.36574
279.59800
280.22896
280.23292
280.30156
280.47520
280.60372
280.61248
280.67554
280.75924
280.78600
280.79098
280.83592
280.84354
280.85650
280.91434
280.98148
280.99036
281.12812
281.13022
281.13274
281.13706
281.15368
281.19520
281.22280
281.30260
281.32312
281.33188
281.39350
281.40256
281.41354
281.47072
281.49280
281.49472
281.53738
281.54974
281.61328
281.62888
281.63776
281.64250
281.67412
281.72542
281.85442
281.88256
281.89990
281.97592
282.08218
282.10642
282.23014
282.25462
282.29212
282.29836
282.36352
282.44656
282.45616
282.51232
282.55210
282.57850
282.67738
282.71458
282.77584
282.78280
282.83500
282.88882
282.93586
282.97168
283.01830
283.03990
283.04218
283.06846
283.07872
283.36696
283.83562
283.84198
284.13964
284.40976
284.41660
284.51788
284.63548
284.74552
285.70462
285.71410
285.79846
285.81676
286.23118
286.26682
286.29256
286.30672
286.95028
286.95610
287.92126
288.32872
288.33298
288.41848
288.95446
288.95728
289.04986
289.34296
289.44238
289.76842
289.78954
289.83580
289.83730
289.94020
289.94266
290.49220
292.02448
292.40482
292.41958
292.44526
292.45906
292.47718
292.54096
292.56310
292.56700
292.56934
292.58614
292.60546
292.63846
292.73566
292.73800
292.75222
292.75510
292.79242
292.79482
292.86208
292.93534
292.97596
293.01202
293.03632
293.08348
293.13244
293.14582
293.15188
293.15902
293.25508
293.26516
293.26864
293.27152
293.28820
293.33956
293.42620
293.47222
293.47612
293.49892
293.50174
293.50606
293.55520
293.57038
293.58244
293.59030
293.68234
293.74798
293.74996
293.77342
293.78272
293.78650
293.80984
293.83000
293.84398
293.90932
293.91526
293.98216
294.00496
294.00712
294.01390
294.02572
294.03070
294.03304
294.06070
294.08986
294.11404
294.13918
294.20644
294.22876
294.24088
294.24538
294.26026
294.26428
294.33382
294.41104
294.42406
294.45970
294.50278
295.13782
295.15750
295.21480
295.23610
295.23952
296.67148
296.95630
297.97624
298.00198
298.38586
299.56348
299.61238
299.72620
299.92588
300.73624
301.00282
301.29118
301.32280
301.98604
302.30518
303.01660
303.06586
303.37372
303.39946
303.43012
303.70696
303.75370
303.76660
303.80926
303.85462
303.85666
303.86188
303.89260
303.90664
303.93508
303.99964
304.16944
304.26484
304.28650
304.40308
304.40866
304.41130
304.48924
304.59226
304.62580
304.67284
304.68508
304.69306
304.74532
304.78228
304.79260
304.82908
304.89088
304.90258
304.93318
305.09530
305.09746
305.20630
305.24692
305.27608
305.30266
305.35294
305.35786
305.36668
305.37292
305.45146
305.63308
305.63536
305.63770
305.66932
305.77846
305.87044
305.88256
305.95258
305.99728
306.00634
306.10888
306.13780
306.28696
307.01824
308.10928
308.18488
308.20408
309.41914
309.43078
309.43330
310.01380
310.11808
310.85248
311.26240
311.45404
311.45590
312.80272
312.80470
312.81514
313.63888
313.79194
313.79668
314.16634
314.16856
314.42650
314.47744
314.50564
314.51284
314.51620
314.59912
314.67100
314.67850
314.70196
314.75722
314.83318
314.85274
314.88742
314.94784
314.95378
314.96134
314.99524
315.04546
315.07846
315.09868
315.11812
315.12382
315.16804
315.18316
315.19978
315.20800
315.21256
315.24232
315.28270
315.36994
315.37762
315.38464
315.40660
315.44428
315.45088
315.53950
315.62872
315.63202
315.66874
315.70144
315.70420
315.70900
315.72070
315.72568
315.76174
315.86194
315.94468
315.94804
315.98008
316.05298
316.05964
316.08760
316.09222
316.18666
316.22212
316.23208
316.31890
316.35706
316.36168
316.36432
316.37392
316.37554
316.40230
316.43584
316.43890
316.81906
317.69824
318.17872
319.12270
319.23826
319.24948
319.25566
319.78276
319.96630
320.19004
320.24320
321.01852
321.16168
322.14490
322.67326
322.99438
323.39548
323.40610
323.90536
324.43516
324.84214
324.91204
325.27576
325.29190
326.18434
326.23456
326.25502
326.58898
326.62336
326.63902
326.65594
326.86138
326.89126
326.89348
326.90596
326.91472
326.91898
326.93242
326.94376
326.96014
326.97196
327.01192
327.02314
327.03148
327.10714
327.14254
327.15106
327.19804
327.20512
327.20926
327.27502
327.41902
327.42862
327.43738
327.46792
327.56188
327.61036
327.62284
327.69130
327.70534
327.75088
327.81784
327.87532
327.95098
327.95614
327.98956
328.02700
328.03306
328.09360
328.09822
328.10830
328.11394
328.19950
328.28194
328.29310
328.33756
328.34458
328.37506
328.45162
328.47070
328.47802
328.51060
328.51372
328.51804
328.55536
328.57576
328.60108
328.62952
328.63498
328.65892
328.66792
328.79872
328.84204
328.84486
328.85584
328.86016
329.01520
329.06878
329.08162
329.15116
329.17312
329.21440
329.24914
329.25544
329.40064
329.40604
329.44204
329.44714
329.48566
329.49436
329.57806
329.65378
329.67190
330.30244
330.31000
330.69202
330.94948
330.96244
331.06126
331.18294
331.18450
331.32682
332.93938
333.52924
333.94960
333.96388
334.21174
335.21788
335.27248
335.58556
335.91112
336.76306
337.03918
337.35514
337.49266
337.52818
337.55692
337.57882
337.68784
337.70530
337.86190
337.97944
337.98466
338.19934
338.24254
338.27854
338.38360
338.50924
338.68924
338.75902
338.83318
338.91838
339.19534
339.20272
339.20470
339.21382
339.23320
339.24688
339.28948
340.16986
340.24528
340.25350
341.42164
341.99974
342.00586
342.02920
342.04270
342.87886
342.88336
343.17406
343.82368
343.82644
343.85242
344.36218
345.59482
345.65644
346.55002
346.55734
346.58902
346.60300
346.78126
347.28736
347.56354
347.61826
348.28036
348.49828
348.51508
348.52018
348.53620
348.54310
348.54712
348.63820
348.76240
348.85006
348.89830
348.98020
349.03648
349.05964
349.11844
349.18162
349.25194
349.26574
349.27540
349.28152
349.31356
349.36414
349.44478
349.49188
349.52500
349.57600
349.65346
349.70836
349.73332
349.78546
349.80214
349.85182
349.85422
349.86862
349.92544
350.00194
350.03374
350.07190
350.07490
350.09338
350.13424
350.14072
350.26900
350.44138
350.46094
350.52082
350.59510
350.63362
350.64076
350.72800
350.72980
350.86168
350.87170
350.87608
350.87836
351.11068
352.14742
352.78906
352.79938
352.95736
352.95922
353.06932
353.51554
353.86354
354.07246
354.29230
355.62514
355.64368
355.68184
355.71040
355.77694
355.81972
356.02954
356.05648
356.23384
357.27334
358.20976
358.21966
358.25308
358.61050
358.69972
358.81348
358.82098
358.98292
358.98736
358.99306
359.00974
359.20228
359.23342
359.25976
359.26138
359.26348
359.26606
359.29948
359.37268
359.39074
359.43760
359.49358
359.68306
359.71192
359.71972
359.75242
359.75998
359.81338
359.82424
359.84044
359.89402
359.93818
359.94658
359.97772
360.01030
360.01726
360.05446
360.05722
360.10630
360.17644
360.18778
360.21730
360.24730
360.35698
360.36862
360.37936
360.45664
360.46690
360.47818
360.48640
360.49408
360.63826
360.66544
360.67018
360.67306
360.68038
360.69280
360.71116
361.45396
361.70962
361.74016
362.34124
362.48842
362.74804
363.01498
364.20136
364.22422
365.10064
365.17720
365.18620
365.29840
365.80786
366.71854
367.75954
368.72116
369.16894
369.20170
369.27208
369.54496
369.54682
369.59932
369.60088
369.60544
369.63934
369.86746
369.87316
369.90004
369.95290
369.95572
370.03018
370.06000
370.07380
370.10974
370.12378
370.17628
370.28374
370.31314
370.33438
370.38964
370.39180
370.39870
370.40716
370.45384
370.52968
370.57384
370.61896
370.71724
370.72582
370.75024
370.75186
370.76386
370.78732
370.80094
370.83898
370.86982
370.91302
370.92706
370.98952
371.06290
371.06710
371.06926
371.07868
371.12320
371.24494
371.27092
371.30278
371.35774
371.42164
371.47186
371.52640
371.59504
371.63110
371.65510
371.74936
371.76010
371.80558
371.82448
371.84710
371.93608
372.03838
372.04654
372.04996
372.11812
372.16948
372.23194
372.30946
372.31144
372.49642
372.62704
372.62860
374.52148
375.00082
375.03118
375.49894
375.51022
375.54112
375.59080
376.08406
376.42882
376.48402
376.48708
376.62754
377.22112
377.30878
377.78470
377.91208
378.13012
378.37780
379.14952
379.15186
379.15498
379.26766
380.22622
380.94580
380.95228
381.02644
381.06634
381.19780
381.29260
381.32812
381.37786
381.52174
381.60676
381.62650
381.63154
381.67120
382.24810
382.26604
382.33894
382.45558
382.56784
382.61200
382.79668
383.10592
383.18008
383.55952
384.44404
385.27378
385.31050
385.73818
386.00914
387.02962
387.03274
387.05362
387.27598
387.34288
389.07742
389.59348
389.61436
389.72572
389.73238
389.93386
390.03358
390.69814
391.12660
391.28212
391.28530
391.30078
391.45750
391.45906
391.77658
391.97524
392.05396
392.06560
392.18572
392.27704
392.29612
392.31844
392.37472
392.38384
392.39782
392.46496
392.52298
392.52844
392.54500
392.62354
392.62528
392.64472
392.66506
392.69908
392.70190
392.72926
392.73574
392.82634
392.84044
392.84308
392.88622
392.89444
392.90482
392.91184
392.95966
393.04996
393.09634
393.11938
393.23836
393.29044
393.32476
393.34210
393.37234
393.38176
393.43216
393.46264
393.50776
393.53182
393.57040
393.57310
393.64312
393.65302
393.71926
393.87670
393.94084
393.94366
393.94612
393.94768
393.98896
394.02598
394.04530
394.20322
394.27204
394.30270
394.34776
394.42906
394.44622
394.45810
394.50094
394.52716
394.56772
394.64182
394.66312
394.71472
395.61916
395.71876
395.86510
395.90530
395.91634
396.23986
396.25102
396.25708
396.33592
396.54688
396.79966
397.91380
397.91872
397.97638
398.04412
398.89516
399.54580
399.60148
399.61588
399.73846
400.06312
400.27948
400.74712
401.28556
401.44918
401.77012
401.78062
402.06976
402.26668
402.28042
403.92052
404.10448
404.10682
404.10922
404.12374
404.20720
404.23036
404.23270
404.27026
404.29126
404.31448
404.32606
404.32822
404.41594
404.45362
404.51986
404.60482
404.70478
404.70850
404.72992
404.73730
404.74084
404.76214
404.76622
404.78554
404.78740
404.86726
404.87338
404.89822
404.94262
404.94634
404.94808
404.97712
405.08014
405.11944
405.15886
405.16300
405.16894
405.20236
405.24892
405.25420
405.27622
405.27904
405.31630
405.34696
405.44026
405.47656
405.47902
405.58984
405.61102
405.61510
405.67834
405.72670
405.75442
405.76876
405.88414
405.96376
405.98752
406.44646
406.45804
406.56466
406.90414
406.98322
407.70976
407.71588
407.97082
408.50260
408.52870
408.95932
409.07602
409.54894
409.71646
409.72000
410.07094
410.15068
410.84710
410.92462
410.95000
411.02758
411.03568
411.33748
412.09408
412.36978
412.66672
413.13682
413.15200
413.16886
413.28664
413.60500
413.98882
414.81736
415.08826
415.09900
415.22596
415.23832
415.28392
415.30342
415.46686
415.51750
415.87102
415.99768
416.00218
416.01256
416.23816
416.24014
416.26414
416.29936
416.39302
416.40244
416.51404
416.57740
416.59324
416.60200
416.62300
416.70328
416.78788
416.79460
417.21484
417.25828
417.29380
418.17046
418.17898
418.95232
418.97332
419.00188
419.03662
419.04640
419.20342
419.33500
420.45028
420.71896
421.05964
421.24534
421.40824
421.70140
422.18698
422.95846
422.97232
423.07132
423.08716
423.09892
423.26350
423.61498
424.28590
424.55608
424.56322
424.76932
425.29282
425.30350
425.83906
425.87674
425.88556
425.88922
425.89672
425.92000
425.94412
426.10834
426.16900
426.24802
426.25078
426.28684
426.43438
426.48184
426.52390
426.52924
426.56920
426.74524
426.76918
426.77932
426.81136
426.88396
426.94096
427.12606
427.16230
427.27612
427.32664
427.35784
427.43110
427.45498
427.53160
427.57258
427.59790
427.66012
427.67590
427.81114
427.81594
427.82482
427.87516
427.94098
427.95856
427.99174
428.00656
428.02870
428.29060
428.29612
428.31496
428.31766
428.45272
428.74750
429.92860
430.41838
430.59748
431.01772
431.02036
431.15944
431.36416
432.39424
432.42892
432.52426
432.97066
433.29784
433.30180
434.03800
434.26318
434.66188
434.70856
434.94676
434.95426
435.09376
435.24238
435.27202
435.27460
435.88108
435.91234
435.91408
435.94180
435.94684
435.99112
436.27570
436.28590
436.30696
436.35832
436.37068
436.59928
436.61116
436.65418
436.67392
436.69654
436.72096
436.73356
436.76854
436.81306
436.84258
436.85464
436.90252
436.91620
436.92784
437.02072
437.05114
437.09014
437.12158
437.12362
437.17294
437.17810
437.31352
437.33026
437.36434
437.36614
437.40490
437.41792
437.42356
437.52730
437.66032
437.69068
437.71042
437.72218
437.76520
437.80528
437.81158
437.81320
437.84914
437.85532
437.86156
437.87830
437.97352
438.00316
438.02338
438.09460
438.15622
438.30658
438.33736
438.65050
438.67426
438.68704
438.74314
438.77356
438.85378
438.91018
438.92056
438.95728
438.98242
439.03630
439.18942
439.19794
439.23676
439.23964
439.24132
439.37722
439.38286
439.49500
440.87770
440.96890
440.98876
441.31432
441.32278
441.40552
441.72256
441.82102
442.47034
442.73320
443.04268
443.17990
443.76778
444.29896
444.34756
444.45544
444.76828
444.77560
445.29184
445.29790
445.33294
445.38250
445.71166
446.03860
446.16898
446.23324
446.23870
446.24266
446.44216
446.51014
446.52664
446.62546
446.67952
446.73154
446.90242
446.95582
446.95900
446.98270
446.98684
447.06688
447.10564
447.10960
447.16732
447.23686
447.23944
447.31198
447.37810
447.38272
447.38548
447.43210
447.52180
447.55906
447.62524
447.71176
447.80974
447.82054
447.85870
447.86182
447.86548
447.87250
447.89158
447.92224
447.94534
447.99562
448.01584
448.08118
448.08538
448.14640
448.24960
448.52380
448.54228
448.58458
448.59538
448.64914
448.65892
448.67242
448.77676
448.78588
448.85920
449.32486
450.30868
451.35136
451.36582
451.72978
451.89112
452.02096
452.03914
452.04856
452.62960
453.11506
453.13840
453.26572
453.30574
453.93832
454.50724
454.51480
454.51966
454.85494
455.35858
455.41774
456.00910
456.01114
456.02386
456.03184
456.16114
456.39508
456.45580
456.46498
456.54220
456.64102
456.73258
456.74542
456.83236
456.84364
456.89488
456.89680
456.95614
457.09852
457.10374
457.14448
457.21750
457.23112
457.34980
457.36750
457.38826
457.43596
457.44028
457.47082
457.52950
457.56850
457.57012
457.66774
457.68412
457.70860
457.77400
457.78030
457.78720
457.82698
457.83166
457.84648
457.84822
457.87744
457.90108
457.98478
458.02072
458.05552
458.08972
458.09386
458.10226
458.12926
458.20522
458.22508
458.23738
458.28040
458.32690
458.33170
458.33830
458.35804
458.36356
458.46622
458.51284
458.51740
458.87014
458.92054
459.67192
459.72178
460.12120
460.13056
460.27786
460.36114
461.22916
461.26726
461.49856
461.80984
461.84104
461.85082
461.91346
463.67596
463.85296
463.91674
464.44744
464.85280
464.90386
464.93092
465.61642
465.66580
466.13632
466.40314
466.64188
466.64368
466.66696
466.66894
466.67314
466.69870
466.72222
466.73044
467.00992
467.01370
467.01556
467.05240
467.05426
467.08570
467.10178
467.34982
467.45254
467.54032
467.55502
467.63770
467.71984
467.73406
467.74228
467.75542
467.91340
468.04228
468.04978
468.08746
468.08980
468.13300
468.26020
468.26272
468.30964
468.38392
468.39514
468.39766
468.40498
468.44602
468.49042
468.50188
468.57826
468.58264
468.58624
468.59332
468.77062
468.77260
468.80902
468.81358
468.81742
468.87670
468.88648
468.90706
468.99076
468.99304
468.99526
468.99676
469.06660
469.06894
469.07644
469.08232
469.09576
469.23562
469.35676
469.39222
469.41640
469.42324
469.46428
469.47022
469.47832
469.50598
469.51594
469.58272
469.68556
469.71778
469.76338
469.76614
469.77610
469.80964
469.91140
469.92172
469.96558
469.96714
469.97380
470.05582
470.08498
470.10628
470.12848
470.73214
471.23242
471.28246
472.16740
472.71736
472.72150
472.73230
472.74064
472.74298
472.75474
473.72536
474.38218
474.42508
474.46198
474.97564
474.98338
474.98572
474.98926
475.77904
475.78192
475.81810
476.02972
476.03164
476.08246
476.65594
476.82154
477.03442
477.08368
477.20104
477.90796
478.11700
478.13464
478.16458
478.23406
478.24822
478.25404
478.41502
478.54360
478.56652
478.62706
478.70158
478.81810
478.86502
478.86826
478.92148
479.02084
479.03218
479.13694
479.21050
479.45518
479.49082
479.51044
479.51770
479.53516
479.61532
479.62510
479.76274
479.81500
479.82082
479.83180
479.87494
480.03484
480.49792
480.68284
481.08448
481.72396
481.72714
481.87384
482.64922
482.65120
482.65714
482.72416
483.09364
483.68806
483.91192
483.93718
484.01902
484.07854
484.53172
484.63150
484.63966
485.47846
485.59150
485.59630
486.55036
486.80242
486.80830
486.89800
487.07668
487.23820
487.83364
487.84036
487.91584
487.92370
488.06728
488.44126
488.46760
488.49286
488.50000
488.50546
488.50846
488.78482
489.23716
489.24574
489.40006
489.43168
489.48376
489.76732
489.80860
489.81574
489.82906
489.83560
489.85384
490.17796
490.19500
490.22560
490.23388
490.23796
490.25320
490.27462
490.28344
490.49806
490.53178
490.57174
490.57864
490.58116
490.63132
490.63606
490.63768
490.70104
490.70470
490.71748
490.75210
490.75828
490.76596
490.79416
490.87012
490.94236
491.01220
491.06434
491.07940
491.21716
491.23072
491.27188
491.27392
491.31148
491.33530
491.36428
491.36716
491.42854
491.43082
491.43532
491.44024
491.48086
491.49028
491.50066
491.56168
491.56402
491.57074
491.63086
491.71012
491.74474
491.84356
491.88760
491.91400
491.93338
491.93752
491.94808
491.99308
492.09286
492.10816
492.15340
492.18142
492.24760
492.26962
492.28762
492.35536
492.38512
492.38866
492.40876
492.44638
492.57892
492.59218
492.64624
492.65782
492.66922
492.67150
492.75016
492.75166
492.79654
492.84910
492.87778
492.92902
492.93358
492.94462
492.95530
492.95920
493.00546
493.03780
493.04758
493.07584
493.12678
493.15762
494.00902
494.33128
494.37058
494.57824
494.75758
494.77042
494.83924
495.26098
495.43312
495.54274
495.82948
497.44708
497.50912
497.53444
497.54368
498.34690
498.34852
498.46762
498.86866
499.10728
499.49020
499.52746
499.52938
499.59352
499.62130
499.72696
499.73470
499.91134
499.92034
500.09044
500.12338
500.13430
500.13826
500.16178
500.19442
500.24080
500.24512
500.25940
500.33962
500.36644
500.45704
500.49934
500.56492
500.76544
500.81038
500.86108
501.31498
501.38764
501.54544
501.54862
501.56050
501.57676
501.76012
501.76960
501.78268
501.79120
502.27816
502.30762
502.32142
502.34248
502.35400
502.64044
502.75066
502.76044
502.76254
502.80382
503.03038
503.70124
503.82772
503.83894
503.88472
503.94940
504.12766
504.26308
505.57714
505.60312
505.66396
505.67098
505.85482
506.19154
506.32078
506.32726
506.34604
506.35684
506.42302
506.56684
506.79214
506.80030
507.71110
507.71632
508.02574
508.26106
508.54540
508.69882
508.73236
508.73482
508.73992
508.74430
508.74808
508.76884
509.19088
509.53672
509.62000
509.62420
509.64586
510.47092
510.47668
510.52918
510.58432
510.69670
510.76300
511.16566
511.42324
511.45306
511.45870
511.46188
511.48750
511.51660
511.56052
511.59088
511.70296
511.78324
511.78756
511.83436
511.88284
511.88890
512.01316
512.01556
512.01928
512.02138
512.12752
512.18284
512.24668
512.25850
512.32348
512.35732
512.38054
512.38228
512.41528
512.49682
512.56078
512.56636
512.75878
512.76628
512.77006
512.84326
512.92096
512.93182
512.99200
512.99380
513.04714
513.07558
513.11050
513.11362
513.11980
513.12544
513.18316
513.24016
513.26266
513.27184
513.32638
513.39310
513.42232
513.42556
513.42718
513.47332
513.54796
513.58192
513.59962
513.75610
513.77260
513.82366
513.84892
513.85984
513.87664
513.90148
513.91096
513.92266
513.96046
513.96934
514.05346
514.05910
514.10914
514.54354
514.61650
514.88962
514.89196
514.89424
514.98604
515.38270
515.57530
515.86474
515.87176
516.37252
516.38848
516.41932
516.42274
516.44428
516.44866
516.65596
516.68488
517.23928
517.30312
517.31050
517.55584
517.93462
517.93726
517.97734
517.98268
518.09002
518.26600
518.49922
519.63274
519.68668
520.00744
520.21210
520.61968
520.64386
520.64908
521.17720
521.18122
521.19604
521.23756
521.77996
521.83882
521.91808
521.92588
521.94376
521.97586
521.97808
522.01396
522.10624
522.22948
522.24382
522.27310
522.27586
522.28828
522.30712
522.42352
522.47536
522.48238
522.48646
522.51856
522.52540
522.54688
522.59458
522.59812
522.60352
522.61066
522.62296
522.62710
522.63148
522.68344
522.72292
522.74044
522.83344
522.89944
522.94234
522.95302
522.97360
522.97750
523.00924
523.11418
523.16350
523.22404
523.22812
523.30486
523.38070
523.41034
523.41778
523.43314
523.46026
523.46500
523.47364
523.50628
523.51000
523.67044
523.74640
523.75024
523.77094
523.80478
523.88278
523.88662
523.88920
523.89688
523.92826
523.93606
523.94956
523.95736
523.97128
523.97374
523.98070
523.98334
524.34754
524.60956
525.03820
525.77590
525.80950
525.82696
525.98830
525.99958
526.24990
526.62622
526.63054
526.74952
527.01352
527.20420
527.21422
527.33836
527.37742
527.98936
527.99392
528.05404
528.85684
528.92974
528.98782
529.73986
529.77496
529.92700
530.30386
530.34418
530.54926
530.77996
530.78998
530.87818
530.88688
531.52084
531.87202
531.87466
531.88180
532.92730
532.92886
532.93210
533.04154
533.13256
533.15554
533.19220
533.33110
533.34796
533.35498
533.43790
533.44084
533.47696
533.47876
533.52844
533.54116
533.59552
533.63170
533.64958
533.77132
533.83948
533.85172
533.86468
533.88154
533.93020
533.98144
533.99092
534.00838
534.03184
534.04954
534.06220
534.12256
534.18946
534.28186
534.31918
534.32896
534.37702
534.40192
534.47236
534.47746
534.47932
534.48310
534.53902
534.54856
534.62950
534.65350
534.68584
534.71830
534.81088
534.83758
534.84190
534.96532
534.98746
535.00396
535.01200
535.05184
535.05856
535.10140
535.16956
535.19854
535.24798
535.25776
535.32172
535.32664
535.34260
535.36354
535.36540
535.40488
535.47664
535.97692
536.28904
536.78098
536.80162
536.81536
536.89102
537.76966
538.09690
538.15000
538.22848
538.24420
538.28494
538.36624
538.37170
538.92778
538.93042
538.93204
538.95784
539.02270
539.38234
539.81308
539.82874
539.84686
539.87764
539.88520
539.88982
539.90182
540.02656
540.13510
540.16942
540.28990
540.51286
540.58624
540.83866
540.85240
540.90064
540.95158
540.96394
541.58584
541.68280
542.20390
542.21038
542.23288
542.27290
542.97346
542.97964
542.98198
542.98606
543.03946
543.55000
543.70780
543.71218
543.71908
543.73324
543.76594
543.80902
543.83332
543.85156
543.86938
543.87106
544.17442
544.17616
544.18618
544.21222
544.24954
544.26880
544.50676
544.52530
544.53016
544.53478
544.54792
544.56364
544.58128
544.60996
544.61188
544.62544
544.63096
544.64284
544.64512
544.67128
544.70806
544.74478
544.79704
544.87300
544.87576
544.93690
545.02006
545.02384
545.04298
545.04652
545.07652
545.11720
545.20132
545.21542
545.21974
545.23510
545.28928
545.29336
545.30500
545.32462
545.34988
545.37946
545.41246
545.46730
545.47348
545.56216
545.65060
545.66842
545.69836
545.74558
545.82652
545.87452
545.88508
545.95018
545.97424
546.11278
546.12016
546.15742
546.16252
546.19132
546.24850
546.30364
546.33154
546.39616
546.40498
546.44338
546.44908
546.52138
546.57394
546.59128
546.63256
546.63448
546.70918
546.80278
546.80986
546.85678
546.89350
546.94708
546.96766
546.97696
547.08574
547.12936
547.27360
547.63444
547.64038
548.48992
548.51638
548.52490
548.82790
548.89108
549.74452
549.85402
549.97000
549.98512
550.02838
550.24666
550.26586
550.27384
550.40866
550.51858
551.03254
552.11368
552.14884
552.16534
552.16870
552.18148
552.22420
552.35788
552.84760
553.45564
553.52902
553.55932
553.80154
553.81702
553.84300
553.84972
553.85770
553.88182
553.89160
553.90810
553.97008
554.05072
554.08864
554.19406
554.28964
554.43640
554.43802
554.52250
554.54698
554.55028
554.57488
554.58346
554.58754
554.60590
554.83300
554.90344
554.93938
555.01084
555.05332
555.07882
555.15436
555.17332
555.37282
555.43330
555.55216
555.57100
556.06324
556.19596
557.21146
557.52724
557.56510
557.60992
557.94436
558.07276
558.14320
558.17284
559.03012
559.05988
559.06420
559.12750
559.13032
559.17484
559.32286
559.91746
559.93606
559.96870
560.03866
560.34652
560.90800
561.02614
561.03256
561.42082
561.78526
561.78826
561.79378
561.80158
562.09390
562.18210
562.27696
562.28608
562.52200
562.52446
562.85914
562.86580
562.86826
562.89106
562.89406
562.93990
562.98664
563.27824
563.63536
563.68444
563.68876
563.69578
563.82442
564.17560
564.22486
564.25762
564.27394
564.27592
564.31840
564.42934
564.51640
564.74260
564.94432
564.97732
564.98218
565.01320
565.03000
565.30678
565.31680
565.34314
565.39942
565.43446
565.46962
565.47622
565.48420
565.48606
565.54384
565.60846
565.65340
565.66372
565.73182
565.73740
565.75546
565.76440
565.77382
565.86766
565.91560
565.93768
565.96972
565.98664
566.00680
566.01844
566.02222
566.06848
566.06998
566.08528
566.16910
566.18380
566.18908
566.25058
566.26126
566.27350
566.32390
566.36776
566.38432
566.40688
566.42152
566.43580
566.46010
566.50150
566.53240
566.59582
566.60818
566.61256
566.69662
566.73136
566.73538
566.73910
566.77552
566.78290
566.79262
566.91160
566.93236
566.96134
566.96290
567.26278
567.95080
568.01794
568.05856
568.25152
568.25680
568.27864
569.62420
569.64970
569.66890
569.70172
569.73040
569.91538
570.04810
570.29254
570.43192
570.89260
570.90634
570.91660
570.96592
571.25614
571.72576
571.93546
571.94740
572.32600
572.33722
572.35000
572.78962
572.80660
572.88760
572.89438
573.32080
573.32698
573.33178
573.33340
573.77974
573.78586
574.30510
574.32292
574.34434
574.45042
574.55980
574.56592
575.10256
575.14510
575.17270
575.21092
575.23138
575.32366
575.32774
575.36992
575.48734
575.52694
575.60260
575.64040
575.68840
575.73742
575.79952
575.84758
575.94970
575.97874
575.98360
576.03916
576.04318
576.12886
576.30784
576.41668
576.42892
576.44368
576.44566
576.45892
576.46654
576.56512
576.58162
576.80098
576.80326
576.80488
576.83716
576.84748
577.25278
577.49950
577.56676
577.57396
577.76626
577.88968
578.08822
578.10004
578.13784
578.16046
578.68750
578.69704
578.93926
579.41824
579.90112
579.90316
579.92140
580.27570
580.53814
580.71262
580.71418
580.92046
580.99084
581.00188
582.36778
582.37774
582.38812
582.40036
582.42226
582.42730
582.78880
582.83734
583.13476
583.34722
583.37704
583.78114
583.78510
583.89028
584.08876
585.11536
585.12406
585.15400
585.16342
585.16534
585.27118
585.78814
585.99184
586.00708
586.01542
586.02268
586.03954
586.05634
586.09006
586.38316
586.38556
586.39282
586.43074
586.44274
586.49026
586.50832
586.66270
586.74004
586.74748
586.77736
586.84666
586.85596
586.89928
586.91200
586.91698
586.95142
586.97272
586.98778
587.00890
587.08528
587.09620
587.15182
587.17624
587.22424
587.22664
587.28088
587.28976
587.37856
587.39950
587.40280
587.45320
587.45746
587.47984
587.54626
587.57896
587.58196
587.68888
587.77432
587.77624
587.78998
587.87812
587.90716
587.93236
587.96428
587.96614
587.99590
588.08074
588.12322
588.14002
588.15388
588.16864
588.17284
588.18262
588.31408
588.33484
588.35848
588.40378
588.43912
588.45370
588.63370
588.65548
588.67270
588.78376
588.78598
588.79888
588.82174
588.83596
588.83740
588.87736
588.96058
588.97960
588.99436
589.01008
589.02034
589.05550
589.06510
589.07092
589.11070
589.13704
589.13860
589.14580
589.23334
589.28608
589.29472
589.33828
589.34932
589.49614
589.72216
590.17720
590.32270
590.51656
590.52028
590.52832
591.17266
591.17650
591.55780
591.88258
591.96430
591.97726
592.04674
592.07704
592.42174
592.47418
592.48672
592.53022
592.59118
592.92496
593.20438
593.22346
593.92282
594.02488
594.02680
594.23122
594.29266
594.31174
594.36628
594.36784
594.37876
594.38404
594.62398
594.86536
595.06924
595.45126
595.45564
595.46830
595.50562
595.54246
595.54666
596.19280
596.20594
596.21236
596.30146
596.33476
596.34898
596.37880
596.49286
596.54290
596.55142
596.55346
596.67658
596.71888
596.74618
596.82376
596.84152
596.91094
597.02554
597.13258
597.14794
597.17566
597.23206
597.23674
597.23968
597.29842
597.30610
597.32554
597.37000
597.44866
597.47590
597.50008
597.52726
597.53284
597.53956
597.58234
597.58540
597.59134
597.68860
597.71170
597.71986
597.78202
597.82192
597.87232
597.87586
598.00360
598.02364
598.02520
598.06942
598.07902
598.11262
598.24198
598.37926
598.42516
598.44958
598.45756
598.49152
598.51150
598.56796
598.57756
598.65838
598.68922
598.71328
598.71730
598.72180
598.72552
598.73752
598.77322
598.78234
598.80268
598.81828
598.83142
598.85956
598.87684
598.91074
598.93318
599.01802
599.16340
600.03916
600.04612
600.05092
600.07546
600.07834
600.08950
600.12268
600.42304
600.87952
601.24414
601.28056
601.29316
601.48360
601.50538
601.52326
601.53628
601.60990
602.10406
602.50354
602.56648
602.58136
602.69986
602.70496
602.72188
602.95474
602.97388
604.52152
604.54180
604.82686
604.97140
604.99612
605.60176
605.64064
606.14920
606.55930
606.59602
606.67162
606.98704
607.76350
607.86418
607.86658
607.90978
607.93228
608.01490
608.17810
608.18614
608.24008
608.24788
608.28592
608.31334
608.32294
608.35336
608.36428
608.41210
608.43412
608.45722
608.46772
608.49238
608.53720
608.54512
608.61808
608.64514
608.65510
608.65666
608.67310
608.68594
608.69134
608.69776
608.72560
608.77534
608.84782
608.85658
608.86354
608.93374
608.99536
609.05794
609.08098
609.13468
609.15742
609.22600
609.30460
609.31360
609.34996
609.37216
609.42160
609.42370
609.49822
609.49996
609.50392
609.52870
609.61270
609.61678
609.63724
609.63976
609.64138
609.65890
609.68338
609.70834
609.73960
609.74596
609.80344
609.84748
609.86998
609.88078
610.46056
611.18710
611.21434
611.25382
611.36482
611.85568
612.27070
613.03600
613.06498
613.07752
613.57660
613.68058
613.86400
614.09956
615.36424
615.37588
615.46882
615.49792
615.55570
615.60964
615.73468
616.17082
616.20958
616.97314
616.99420
617.01082
617.02840
617.03212
617.04316
617.09860
617.53678
617.65906
617.66554
617.82478
618.15004
618.18328
618.25300
618.25972
618.57466
618.67024
619.33546
619.36006
619.36660
619.40680
619.41220
619.44694
619.55146
619.55452
619.67788
619.82710
619.83556
619.90624
620.03968
620.09536
620.17876
620.34574
620.38384
620.41246
620.69080
620.70196
620.71420
620.73214
620.81962
620.86606
620.88454
620.94166
620.99770
621.04744
621.08662
621.09460
621.09880
621.41992
621.43126
621.46462
621.47512
622.11952
622.17556
622.19908
622.20772
622.21534
622.22878
622.23550
622.70206
622.70722
622.93954
623.05288
623.36962
623.61754
623.68546
624.23884
624.24070
624.25246
624.26374
624.26530
624.28240
624.40024
624.52534
624.80680
624.81922
624.83020
624.84688
624.90598
624.91894
625.04902
625.31986
625.33546
625.40722
625.50826
625.76800
625.77406
625.78330
626.27182
626.29498
626.30038
626.31958
626.38534
626.49988
626.50342
626.52640
627.18094
627.23260
627.23998
627.60088
627.69826
627.71542
627.86116
628.21138
629.06914
629.07448
629.12464
629.70652
630.14380
630.15190
630.19948
630.46804
630.52414
630.53530
630.64240
630.69256
630.73390
630.76324
630.82774
630.84322
630.93232
630.93538
631.03588
631.03774
631.10200
631.10896
631.15264
631.20952
631.21732
631.23388
631.23604
631.26706
631.27906
631.34572
631.38112
631.51252
631.51720
631.52734
631.54732
631.56418
631.67104
631.68508
631.77196
631.78378
631.78528
631.79584
631.81522
631.82272
631.84858
631.85926
631.87270
631.88068
631.90198
631.96288
632.02168
632.02330
632.03098
632.08834
632.10964
632.13574
632.15518
632.16262
632.24404
632.30542
632.31700
632.31916
632.34772
632.35936
632.37670
632.42224
632.44366
632.51290
632.52250
632.53210
632.55934
632.58190
632.59156
633.43702
633.44584
633.76414
633.83932
633.97708
634.08052
634.74154
634.75636
634.81318
634.84072
634.84714
635.33974
635.34820
635.41618
635.80510
636.48706
636.49642
636.94702
636.95110
637.15828
637.43410
637.91182
638.10454
638.14552
638.71378
638.84536
639.66550
639.68938
639.95860
639.99232
640.17118
640.17430
640.64050
640.64458
641.41954
641.43232
641.45902
641.70322
641.87944
642.39154
642.39730
642.39982
642.42496
642.44722
642.47146
642.49510
642.57568
642.79348
642.85192
643.15180
643.17646
643.18600
643.28656
643.35946
643.44484
643.48198
643.50346
643.51288
643.54660
643.60570
643.63930
643.64416
643.67242
643.67698
643.68748
643.69336
643.79170
643.81924
643.83934
643.86430
643.88560
643.91584
643.92208
643.99720
644.03536
644.04106
644.05234
644.17276
644.17960
644.23894
644.30266
644.30830
644.31514
644.32606
644.35582
644.35882
644.36614
644.36878
644.37370
644.46832
644.47048
644.50990
644.54314
644.55682
644.66716
644.71570
644.73112
644.78968
644.79274
644.84806
644.85142
644.86012
644.86294
644.86924
644.88274
644.94064
644.95564
645.00370
645.04402
645.06568
645.06826
645.18994
645.20896
645.31954
645.36118
645.41776
645.43264
645.47008
645.47734
645.51658
645.52090
645.54934
645.56806
645.61312
645.61636
645.74458
645.76120
645.85936
645.87328
645.87916
645.90964
646.59280
646.98532
647.03464
647.04682
647.04940
647.05648
647.06128
647.19280
647.30800
647.31118
647.33020
647.66692
647.68330
647.68822
647.70244
648.31948
648.37084
648.45034
648.63658
648.64294
649.14310
649.23496
649.24534
649.99618
650.01058
650.25268
650.26762
650.30836
650.32792
650.33140
650.33590
650.54050
650.54362
650.54722
651.28090
651.30964
651.40030
651.40258
651.47338
651.48610
651.97558
652.32178
652.32448
652.32862
652.33222
652.34494
652.40884
652.41574
652.63972
652.69138
652.83088
652.83268
653.48884
653.49232
653.51308
653.67274
653.90956
653.91316
653.91832
653.92582
653.95306
653.96824
653.97004
653.97502
654.02254
654.06904
654.17134
654.26428
654.26770
654.28486
654.29188
654.34150
654.37162
654.41608
654.47194
654.48016
654.49888
654.54880
654.56500
654.56908
654.58900
654.60064
654.62002
654.67516
654.76564
654.79270
654.79852
654.85816
654.93280
655.09624
655.12960
655.15684
655.19116
655.20328
655.21252
655.28158
655.30948
655.32568
655.43668
655.48960
655.50262
655.51282
655.55296
655.58872
655.63378
655.66828
655.70248
655.75114
655.81336
655.85092
655.98460
656.03146
656.07250
656.07550
656.10286
656.14324
656.14846
656.15446
656.21938
656.22580
656.31130
656.32342
656.35936
657.32356
657.67060
657.85024
657.95446
657.96328
658.03090
658.92712
659.36776
659.66812
659.72980
659.74306
659.75002
660.27706
660.28042
660.30772
660.53566
660.99430
661.00060
661.00660
661.13800
661.55998
661.89718
661.98934
661.99222
662.31412
662.32996
662.33230
662.59084
662.59888
662.82940
663.00850
663.73198
663.79888
663.83278
663.90706
663.93922
663.98374
664.04626
664.09198
664.12168
664.17694
664.20520
664.20844
664.31008
664.33816
664.33978
664.43890
664.47226
664.47940
664.54270
664.56304
664.56598
664.66312
664.67350
664.72246
664.75900
664.81210
664.81696
664.89796
664.98592
665.00278
665.06050
665.10322
665.12182
665.14480
665.15290
665.16262
665.23738
665.29300
665.42704
665.43982
665.46826
665.63356
665.72008
665.75956
665.95132
666.39034
667.00762
667.01254
667.07902
667.08148
667.38796
667.40302
667.40914
667.84384
669.05440
669.08068
669.10498
669.51376
669.84022
669.89254
669.90052
670.52074
670.52830
670.56082
670.58440
671.28100
671.29120
671.29360
671.30074
671.61274
671.64724
672.47668
672.51952
672.69622
672.70480
672.71890
673.25032
673.31884
673.49902
673.54822
673.59634
673.60534
673.60954
673.66300
673.79656
673.80100
673.80568
674.08222
674.20654
674.26222
674.30086
674.30260
674.89906
674.92270
674.97874
674.98444
675.08500
675.26806
675.26968
675.27214
675.48970
675.50158
675.55864
675.57028
675.57874
675.60844
675.63874
675.65434
675.67174
675.68470
675.71608
675.97132
675.97384
675.98200
676.05028
676.08040
676.28674
676.31932
676.36690
676.37224
676.37596
676.43086
676.46062
676.51060
676.54444
676.54900
676.55152
676.56544
676.57036
676.61086
676.66858
676.67044
676.67518
676.81564
676.81996
676.83622
676.84288
676.86334
676.96708
676.98274
677.00926
677.03614
677.06998
677.10538
677.16520
677.17138
677.21884
677.22718
677.24668
677.27566
677.38900
677.45782
677.53396
677.54134
677.55394
677.68690
677.70994
677.72806
677.81416
677.84560
677.85082
677.85412
677.86048
677.90188
677.90704
677.90986
677.95864
677.99530
678.02710
678.03070
678.04198
678.04612
678.08566
678.12448
678.18364
678.19318
678.21670
678.44194
678.56440
678.63130
678.66148
678.68266
678.72832
678.73552
678.74248
678.75406
678.76612
678.84712
678.85024
678.88798
678.93082
678.97576
679.05064
679.05898
679.10428
679.23436
679.72054
679.76596
680.04082
680.12416
680.65414
680.66608
680.68120
680.68840
680.75806
680.83870
680.85724
681.61678
681.63730
681.63916
681.65380
681.65986
681.83350
681.92308
682.00804
682.31320
682.37392
683.96818
684.35182
684.41116
684.47068
684.65644
684.87022
684.87208
685.03300
685.10362
685.29064
685.47202
685.56010
685.56778
685.77526
686.37172
686.37514
686.49682
686.51110
686.52196
686.56852
686.57338
686.78992
687.09502
687.19606
687.26506
687.56848
687.57112
687.58768
687.65260
687.67396
687.68200
687.71200
687.84100
687.85552
687.90190
687.92950
688.08208
688.10506
688.10926
688.23184
688.25842
688.29352
688.36060
688.37356
688.37584
688.40164
688.44646
688.45228
688.52752
688.52962
688.56646
688.63192
688.65598
688.66984
688.67638
688.75930
688.77862
688.85944
688.88128
688.91164
688.92580
688.94050
689.00266
689.03818
689.04766
689.11324
689.11594
689.20552
689.21590
689.22088
689.23036
689.25688
689.37856
689.39956
689.41534
689.41816
689.57092
689.57254
689.57554
689.65762
689.78566
689.81242
689.82754
689.90788
689.98162
689.99506
690.04996
690.05146
690.12868
690.15472
690.15790
690.16186
690.23302
690.25270
692.15326
692.21944
692.93734
693.62290
693.65008
694.19296
695.01466
695.02012
695.05672
695.07292
695.38924
695.47594
695.50228
695.55664
695.62480
696.10480
697.03774
697.06252
697.06648
697.08220
697.14976
697.27132
697.72156
698.47972
698.59306
698.65408
698.75926
698.78410
698.81236
698.83054
698.94946
698.99734
699.08620
699.09454
699.13696
699.14398
699.15034
699.19942
699.26620
699.27364
699.28084
699.29326
699.31192
699.36682
699.39310
699.40984
699.41728
699.50158
699.56368
699.58816
699.59320
699.60664
699.62614
699.76000
699.76246
699.77164
699.77644
699.78022
699.84460
699.86218
699.90292
699.91630
699.91930
699.94000
699.98548
699.99556
700.01218
700.01926
700.05328
700.05646
700.12630
700.13278
700.15240
700.15444
700.25356
700.27414
700.27984
700.42342
700.45786
700.48276
700.48924
700.57180
700.58710
700.67422
700.72600
700.78714
700.80628
700.82758
700.84060
701.39176
702.13420
702.22810
702.23908
702.40666
702.50062
702.77866
702.79318
702.88030
702.91498
702.92848
703.42876
703.44112
703.44700
704.12284
704.29180
704.32906
704.63848
705.01276
705.05392
705.07090
705.53398
705.95176
706.02910
706.03228
707.14546
707.17210
707.17390
707.19088
707.26336
707.26984
707.70706
707.99500
708.28210
708.46210
708.54016
708.97954
708.99820
709.00744
709.01212
709.01422
709.05394
709.05928
709.26868
709.29934
709.36846
709.49524
709.51654
709.60156
709.66438
709.78762
709.82230
709.87774
710.05234
710.29000
710.29840
710.45284
710.45902
710.49388
710.64526
710.65294
710.66788
710.68444
710.70658
710.71000
711.03766
711.45346
711.50140
711.54880
711.57418
711.92782
711.95722
711.96520
712.10692
712.42804
712.44046
712.46272
712.83442
712.87870
712.88692
714.33478
714.34726
714.36646
714.75448
714.82186
714.84676
715.19134
715.44286
715.47400
715.49854
715.67056
716.03434
716.13730
716.29534
716.50762
716.97694
717.19852
717.45274
717.45754
717.46486
717.54694
718.17082
718.40980
718.41262
718.47364
718.47790
718.58404
718.86940
719.06710
719.07136
719.09884
719.12638
719.13544
719.33152
719.33962
719.36746
719.42848
719.43904
719.51164
720.06394
720.06574
720.36706
720.40288
720.41074
720.44566
720.45358
720.75916
720.76942
720.77446
720.78028
720.82240
720.83368
720.84226
720.84754
720.85966
720.92392
721.07032
721.12624
721.14736
721.19254
721.23604
721.28236
721.28680
721.39618
721.43506
721.44244
721.48762
721.52362
721.58578
721.66600
721.69006
721.87942
721.89184
721.90954
721.98304
721.99528
722.04502
722.07322
722.12932
722.23750
722.26954
722.32042
722.34820
722.36548
722.41624
722.42260
722.42650
722.43454
722.46538
722.50468
722.58946
722.61142
722.61916
722.68846
722.77564
722.78200
722.82586
722.84662
722.85448
722.90074
722.90896
722.91532
723.05500
723.06520
723.06700
723.09910
723.19954
723.21160
723.21538
723.24988
723.25624
723.31492
723.32488
723.40078
723.40822
723.47278
723.75472
724.10932
724.82488
724.84594
724.85446
724.94098
725.11390
725.39164
725.87956
725.88544
725.89258
726.03430
726.25918
727.07794
727.08406
727.09450
727.11160
727.21072
727.45144
727.45456
727.46272
727.72432
727.73302
727.74142
727.78804
727.80784
728.67910
728.75686
728.77126
728.78758
728.79838
728.80546
729.09928
729.11230
729.12952
729.61630
730.03558
730.12450
730.63420
730.66900
730.69150
730.74940
730.76038
731.01358
731.02066
731.03002
731.03500
731.03920
731.06008
731.07976
731.40778
731.42440
731.42848
731.44504
731.45014
731.48368
731.48728
731.53552
731.74156
731.76064
731.87398
731.92048
731.95828
731.96128
732.00700
732.02974
732.03268
732.06418
732.08926
732.19492
732.23992
732.25900
732.26908
732.56344
732.57454
732.65392
732.68608
732.76426
732.79942
732.82378
732.89680
732.90670
732.90940
732.91330
732.95134
733.02472
733.06324
733.11952
733.14508
733.14694
733.17316
733.24498
733.24930
733.30096
733.31686
733.33504
733.34938
733.38430
733.42522
733.45984
733.47076
733.48522
733.54648
733.58044
733.58512
733.63522
733.64896
733.65322
733.67782
733.77664
733.80136
733.81528
733.83232
733.87078
733.87324
733.94626
733.99846
734.00020
734.01418
734.02090
734.04952
734.09638
734.10028
734.12134
734.13274
734.31862
734.32948
734.35138
734.37634
734.38696
734.45950
734.48224
735.71332
735.81982
735.85990
736.25320
737.09962
737.13040
737.21062
737.35720
737.37244
737.59966
737.91808
738.05614
738.54370
738.54598
738.54772
739.58494
739.59352
739.63354
739.67356
739.71664
739.88866
740.27170
740.82586
741.05266
741.38542
741.41224
741.82210
741.85570
742.32814
742.37200
742.38784
742.40914
742.45684
742.45936
742.63066
742.66492
742.69318
742.69708
742.74304
742.75060
742.75900
742.76752
742.88044
742.95640
742.96576
742.99480
742.99642
742.99966
743.01112
743.02240
743.06038
743.07490
743.09272
743.09752
743.20474
743.22010
743.23228
743.24578
743.32426
743.37352
743.40940
743.42650
743.43070
743.44690
743.45206
743.50576
743.51206
743.63824
743.64292
743.64562
743.68192
743.72458
743.74606
743.78776
743.80948
743.84056
743.86684
743.87116
743.88178
743.90650
743.91100
743.98222
743.99050
744.10108
744.19534
744.20812
744.22264
744.23806
744.36400
744.41254
744.43684
744.44506
744.44734
745.11568
745.19140
745.68520
745.95448
746.05360
746.46136
746.67826
747.09808
747.16804
747.43252
747.64918
747.87946
747.97060
748.13404
748.13800
748.19080
748.40908
748.42012
748.60522
749.14018
749.18722
749.20456
749.24428
750.29626
750.96238
751.16944
751.24768
751.35544
752.27716
752.31646
752.31886
752.38570
752.46412
752.47912
752.48122
752.49106
752.49670
752.56036
752.56936
752.61226
752.62366
752.64316
752.66716
752.69296
752.72014
752.73040
752.74738
752.84842
752.89546
752.95594
752.97250
753.03016
753.11110
753.11662
753.14752
753.36220
753.36640
753.38902
753.43072
753.65770
753.76174
753.80944
753.86692
753.91720
753.98626
753.99634
754.01374
754.07170
754.09846
754.16992
754.20940
754.41760
754.74970
754.76044
755.34082
755.47264
755.67550
755.84986
755.92594
756.28294
756.28912
756.66148
756.66622
756.67372
756.78160
756.82270
757.04962
757.25572
757.60942
758.43748
758.46262
758.46814
758.47126
758.52388
759.12196
759.14596
759.15856
759.17002
759.45766
759.45952
759.48934
759.49342
759.50320
759.51226
760.12126
760.48198
760.69534
760.70686
760.73986
760.82086
760.83754
760.83988
760.85548
760.87678
760.92694
761.24392
761.35744
761.37070
761.37394
762.07582
762.15700
762.16282
762.17836
762.22456
762.41842
762.42466
762.45160
762.63268
762.63442
763.07452
763.08064
763.28032
763.48768
763.95490
763.97782
763.98394
764.01112
764.18896
764.20144
764.21992
764.27044
764.31478
764.32774
764.34892
764.35090
764.39998
764.40820
764.41768
764.44090
764.47390
764.47666
764.52124
764.54632
764.54836
764.61202
764.61508
764.63920
764.66356
764.71078
764.72494
764.78398
764.79760
764.79994
764.87110
764.90908
764.91208
764.93146
765.00454
765.00688
765.04054
765.06184
765.12814
765.18658
765.29146
765.34522
765.39130
765.43078
765.46918
765.47188
765.54082
765.54598
765.60244
765.72802
765.79414
765.82660
765.83092
765.83350
765.85330
765.87520
765.88330
765.91852
765.96010
765.97096
765.98236
765.98416
766.00540
766.04062
766.04212
766.13530
766.17892
766.19020
766.20538
766.23142
766.24882
766.25788
766.32406
766.33180
766.33768
766.37416
766.38964
766.47940
766.53700
766.71580
767.01688
767.36158
767.41852
767.45668
767.46322
767.83366
767.84698
768.39790
768.41158
768.44404
769.32820
769.38214
769.38628
769.44064
769.53796
769.66072
769.85434
769.86070
769.92616
770.01964
770.30704
770.31406
770.34550
770.35276
770.38480
770.39716
770.47564
771.36286
771.41104
771.41740
771.46738
771.82312
772.04680
772.05652
772.32544
773.06206
773.10640
773.15068
773.24512
773.70538
774.03292
774.16126
774.18844
774.19960
774.78844
774.79444
774.79870
774.88702
775.12114
775.33930
775.58512
775.62964
775.66762
775.69594
775.69828
775.70398
775.98712
775.99768
776.02498
776.04976
776.06434
776.08222
776.12182
776.31568
776.33872
776.35696
776.39266
776.42764
776.48026
776.52490
776.56444
776.57008
776.57632
776.58592
776.60296
776.60482
776.61004
776.61388
776.71300
776.79742
776.84998
776.87620
776.99284
777.02206
777.04558
777.08860
777.11680
777.15526
777.18634
777.20350
777.29902
777.31330
777.31492
777.31924
777.35812
777.37288
777.37630
777.38608
777.39736
777.46996
777.48562
777.51910
777.54868
777.57628
777.60598
777.68632
777.69226
777.74962
777.91348
777.93256
777.96592
777.96814
778.04158
778.05490
778.07128
778.08316
778.08550
778.09336
778.14148
778.18930
778.19194
778.20106
778.21030
778.24636
778.25308
778.25488
778.25722
778.26532
778.29322
778.30492
778.30912
778.39264
778.44784
778.50424
778.51900
778.55914
778.56286
778.65514
778.69966
778.72378
778.74808
778.75060
778.76140
778.76542
778.81480
778.84756
778.88470
778.90318
778.94320
779.09260
779.29588
779.67460
780.59482
780.62818
780.65410
780.65590
780.75088
780.98782
781.07104
781.32670
782.38624
782.39302
782.42602
782.42824
782.44234
782.45530
782.93206
783.61858
783.67714
783.79240
783.84808
783.91498
783.99124
784.85596
784.85758
784.86928
784.90240
784.90834
784.91614
785.20756
785.21764
785.26066
785.26414
785.26642
785.77702
786.07090
786.09478
786.16630
786.24400
786.30190
786.32428
786.33226
786.43030
786.44866
786.47548
786.51598
786.58198
786.58858
786.60460
786.62206
786.63214
786.64630
786.68722
786.70192
786.70756
786.74194
786.76624
786.81280
786.91456
786.91720
786.96400
786.97204
786.97402
786.98812
786.99754
787.01572
787.02598
787.04494
787.07080
787.07524
787.10686
787.13068
787.13824
787.14454
787.15114
787.20778
787.25788
787.26460
787.27210
787.30972
787.40188
787.51738
787.54900
787.59424
787.59748
787.63720
787.66426
787.66864
787.67590
787.68772
787.74250
787.75402
787.79956
787.83886
787.84978
787.85182
787.92508
787.93336
787.94758
787.95658
787.97764
787.99228
788.04598
788.06146
788.08828
788.09458
788.10166
788.11126
788.12092
788.12410
788.63524
788.64364
788.64814
788.71822
788.83528
789.34042
789.36532
789.37966
789.41650
789.69088
789.69646
789.94726
789.99070
790.20712
790.62718
790.62970
790.63408
790.72306
790.87300
791.22286
791.24980
791.26798
791.68084
791.69926
791.76790
791.84596
791.92042
792.41110
792.85048
793.38250
793.48222
793.64272
793.66156
794.14810
794.15458
794.15644
794.57392
794.58778
794.69974
794.87362
794.88502
795.06916
795.09724
795.57160
795.58624
795.59110
795.59266
796.06108
796.89808
796.98064
796.99360
797.06728
797.07472
797.33560
797.45788
797.62276
797.72788
797.74426
797.78092
798.09754
798.11236
798.11806
798.35392
798.35956
798.37510
798.39010
798.39550
798.39760
798.44476
798.46882
798.47038
798.48142
798.51916
798.55222
798.55372
798.58084
798.58726
798.64336
798.64678
798.72736
798.73696
798.73864
798.79744
798.85720
798.87052
798.88480
798.93046
798.94204
798.94462
798.94948
799.03696
799.03918
799.05910
799.07548
799.09480
799.12168
799.15750
799.15990
799.21168
799.24168
799.28500
799.40518
799.41280
799.42954
799.43608
799.47820
799.51324
799.54474
799.54780
799.56946
799.58212
799.60744
799.60972
799.61128
799.66426
799.67524
799.72564
799.73716
799.77676
799.79596
799.80994
799.88338
799.90798
799.91020
799.94428
799.96906
800.01514
800.08714
800.09902
800.10508
800.13832
800.14390
800.20246
800.26132
800.30836
800.33524
800.34472
800.36920
800.50252
800.62408
800.66128
800.67358
800.70418
800.72614
800.78944
800.82862
800.83048
800.83558
800.88544
800.88808
800.93782
800.94130
800.95186
801.00082
801.12340
801.26128
801.95872
801.99670
802.22080
802.44058
802.53802
802.54708
802.85272
802.86082
802.86394
803.05630
803.31880
803.73046
804.14308
804.15028
804.20932
805.30408
805.83100
806.13388
806.41582
806.49034
806.59960
806.76910
806.79190
807.09496
807.12100
807.16510
807.91114
807.96658
808.09492
808.21816
808.47880
808.51090
808.73734
808.97692
809.44282
809.62612
809.67448
809.71744
809.73220
809.74564
809.76604
809.78662
809.88082
809.91100
809.98840
810.02386
810.05680
810.12082
810.15778
810.17794
810.19432
810.19696
810.20242
810.23734
810.25096
810.26470
810.31900
810.32320
810.49060
810.50866
810.52516
810.54172
810.56086
810.63142
810.74614
810.75130
810.76234
810.89524
810.91912
810.93166
811.05850
811.06174
811.08442
811.09768
811.11892
811.12342
811.16884
811.24834
811.25992
811.27504
811.29514
811.30216
811.31500
811.37746
811.52782
811.53310
811.59478
811.60690
811.63906
811.82542
811.94740
812.04190
812.29504
812.30200
812.31784
813.37816
813.76732
813.89836
813.90226
814.20676
814.52650
815.03728
815.33818
815.34076
815.37526
815.52196
815.58094
815.58370
815.70892
815.88982
815.91700
816.49456
816.52696
816.54442
816.62512
816.63814
816.64612
817.06498
817.07164
817.08058
817.08712
817.48096
818.40412
818.46688
818.47438
818.49124
818.49598
818.56186
818.68126
818.76826
818.77840
818.80390
819.19798
819.20488
819.21424
819.23272
819.39688
819.74098
819.79792
819.81604
819.86914
820.19008
820.46458
820.47910
820.48198
820.49374
820.53688
821.18830
821.25040
821.26432
821.29534
821.41156
821.51110
821.55250
821.57164
821.61574
821.66380
821.69068
821.79748
821.80408
821.81290
821.82022
821.92444
821.99800
822.01096
822.05866
822.06790
822.10408
822.10594
822.11164
822.17128
822.18376
822.19708
822.19918
822.24904
822.32338
822.32878
822.36040
822.37762
822.54028
822.56884
822.66718
822.67468
822.82780
822.91078
822.94726
822.95116
823.00198
823.15996
823.25356
823.29634
823.34452
823.37662
823.40506
823.43362
823.52824
823.53100
823.54774
823.58374
823.58716
823.66186
823.67128
823.73014
823.74910
823.80808
823.87048
824.41480
824.71378
824.72500
824.78500
825.20932
825.28102
825.28510
825.88864
825.89494
826.00906
826.20082
826.49008
826.52464
826.54276
826.55344
826.57540
826.74916
826.85950
826.87522
826.88740
826.90018
826.90936
827.05438
827.06440
827.13106
827.71876
827.76346
827.76958
828.10480
828.27364
828.32902
828.33454
828.34132
828.34924
829.84492
829.97506
830.28580
830.56162
830.67106
831.22834
831.25408
831.25702
831.26122
831.28714
831.35806
831.66496
831.73612
831.81124
832.03816
832.29958
832.60738
832.61638
832.63096
832.79458
832.80412
832.88830
833.03620
833.23888
833.25058
833.29270
833.32900
833.35726
833.38444
833.38642
833.38888
833.41792
833.44528
833.49460
833.51056
833.56240
833.56660
833.57662
833.58016
833.59132
833.60218
833.62894
833.72356
833.78290
833.89516
833.90572
833.91016
833.95030
834.03568
834.14266
834.15892
834.17134
834.20278
834.21358
834.21652
834.27484
834.27700
834.32488
834.36184
834.38212
834.39970
834.42856
834.43534
834.46870
834.47542
834.49546
834.50146
834.51208
834.52882
834.57142
834.59164
834.68122
834.68458
834.68950
834.70798
834.72364
834.76276
834.85816
834.86236
834.87940
834.89320
834.92170
834.92578
834.94774
836.34970
836.35474
836.37454
836.91004
836.97418
836.98636
837.37822
837.45730
837.60136
838.04542
838.34662
838.35010
838.36966
838.38580
838.38838
838.39696
839.40460
839.66686
840.38440
840.39556
840.45226
840.66538
840.67456
840.79246
840.79762
841.07962
841.14646
841.16218
841.17724
841.18870
841.23754
841.50982
841.51606
841.52212
841.93978
842.18224
842.21908
842.22178
842.22472
842.22850
842.28304
842.29198
842.57554
842.57926
842.58820
842.59942
842.76292
843.02536
843.05380
843.13114
843.81010
843.83260
843.83728
843.83896
843.85978
843.94420
843.95398
843.96028
843.97648
844.00288
844.13284
844.33282
844.35280
844.40242
844.53370
844.54906
844.55818
844.56304
844.69168
844.72222
844.77970
844.80550
844.91302
845.03632
845.08906
845.10928
845.12764
845.13244
845.13670
845.13976
845.14318
845.15290
845.19184
845.22214
845.28550
845.29666
845.35120
845.36512
845.37742
845.47258
845.51920
845.52460
845.53036
845.64778
845.74930
846.07474
846.62692
846.70006
846.77308
847.03204
847.03642
847.20052
847.23712
847.25638
847.27150
847.27924
847.30228
847.33504
847.34878
847.44514
847.54498
847.64038
847.84912
848.60404
848.66092
848.68042
848.68228
848.68708
848.71348
848.97952
848.98732
849.31594
849.34420
849.37108
849.69502
849.92104
850.00300
850.20622
850.21006
850.21312
850.34380
850.34938
850.46098
850.46602
850.47016
850.53778
850.98580
851.38102
851.40190
851.45008
851.60848
851.61112
852.17764
852.18322
852.26176
852.74326
852.75148
852.84070
852.84376
853.07296
853.69378
853.74298
853.75438
854.02750
854.03158
854.03476
854.20810
854.46286
854.71420
854.72668
854.76112
854.82820
855.13912
855.16594
855.28732
855.40744
855.56776
855.59122
855.73156
855.82492
855.83554
855.99202
855.99640
856.04092
856.04524
856.17736
856.18150
856.20520
856.24474
856.32688
856.33654
856.35010
856.41370
856.44556
856.48912
856.49314
856.52170
856.53640
856.53790
856.54666
856.55494
856.59826
856.61998
856.63090
856.66348
856.70716
856.74592
856.78864
856.80028
856.87426
856.89274
856.92892
856.94848
856.95760
857.00260
857.03464
857.04718
857.13796
857.18428
857.26126
857.27176
857.31766
857.45338
857.46424
857.47528
857.48020
857.49172
857.54122
857.57134
857.57554
857.58202
857.61340
857.65912
857.70142
857.70934
858.07264
858.93274
859.36156
859.44052
859.58374
859.62538
859.62808
860.39938
860.40976
860.44750
860.61844
860.66824
860.95558
861.45190
861.47470
861.47824
861.85474
861.89644
861.90610
861.93658
861.97924
862.51240
862.62868
862.93810
863.20972
863.22106
863.76250
863.76976
863.88820
863.93788
863.95234
864.39574
864.40036
864.53548
864.58300
865.02292
865.43266
865.44520
865.82476
865.84126
865.84672
865.96918
865.97314
865.99414
866.00014
866.01580
866.03140
866.05030
866.05780
866.06980
866.08120
866.14852
866.16310
866.19754
866.25460
866.26078
866.26744
866.29432
866.30470
866.32738
866.32942
866.34886
866.37514
866.39578
866.45842
866.49970
866.51080
866.52844
866.62756
866.65078
866.65510
866.66752
866.67190
866.67478
866.77174
866.77402
866.85304
866.86612
866.90776
866.91004
866.93122
866.94010
866.96554
866.97526
867.00256
867.11998
867.12562
867.27088
867.27988
867.33112
867.35752
867.37330
867.37804
867.40900
867.41644
867.41980
867.49858
867.53320
867.56374
867.58786
867.59428
867.59626
867.65062
867.68296
867.69220
867.70846
867.74878
867.77062
867.80290
867.84862
867.92338
867.93688
867.95842
867.96520
868.01074
868.01308
868.03414
868.05334
868.15546
868.18996
868.19170
868.19650
868.19800
868.21606
868.22260
868.30900
868.31458
868.31944
868.32658
868.33036
868.36744
869.24668
869.27176
869.28748
869.31886
869.33182
869.52022
870.27610
870.38290
870.38548
870.38704
870.38884
870.40126
870.92830
870.93658
871.28368
871.74406
872.47138
872.60788
872.71066
872.78374
872.80432
872.84980
873.15160
873.16420
873.79462
873.81424
873.82498
873.83536
873.84586
874.05514
874.19452
874.22662
874.23130
874.24834
874.24996
874.31548
874.68052
874.85686
875.43940
875.88526
875.89096
876.12682
876.23134
876.23434
876.25732
876.26044
876.26194
876.73432
876.75376
876.90496
876.96682
877.35568
877.38334
877.41520
877.45132
877.47688
877.76536
877.77826
877.83610
877.85638
878.03638
878.08612
878.09632
878.17672
878.23174
878.29864
878.35126
878.37088
878.39434
878.55874
878.66416
878.69290
878.75824
878.79172
878.79706
878.82148
878.84416
878.85712
878.86690
878.97376
879.07714
879.15604
879.23344
879.24358
879.28288
879.29008
879.34012
879.37852
879.41518
879.52264
879.53644
879.57346
879.60550
879.64876
879.67744
879.69352
879.69526
879.73486
879.74368
879.74860
879.75274
879.76510
879.85150
879.89812
879.93190
879.93346
879.98302
879.99982
880.04404
880.17424
880.18240
880.18864
880.24468
880.27726
880.28872
880.29394
880.29586
880.32520
880.34602
880.36288
880.38898
880.39318
880.48954
880.52170
880.52686
880.66516
880.68214
880.70092
880.72540
880.72936
880.76344
880.82884
880.84270
880.86898
880.88494
880.88848
880.89010
881.33362