1.00834
1.03870
1.62886
1.63792
2.89012
3.58354
4.04530
4.11334
4.93768
5.09632
5.19910
5.24950
5.26486
7.51528
7.57960
8.58574
8.77324
9.13204
9.31150
10.30354
11.53474
11.62540
12.10840
12.11944
12.14422
12.14758
12.19078
12.28516
12.30910
12.33568
12.36610
13.00780
13.76524
13.85362
13.87384
13.91488
14.27140
15.08650
15.09466
15.63832
15.67054
15.73822
16.40836
16.43530
16.44736
16.45006
16.46326
16.65352
16.67254
16.96342
17.09974
17.12134
17.14066
17.17210
17.23648
17.34676
18.09886
18.11746
18.12448
18.13084
18.72844
18.77014
19.64428
20.39662
20.39830
21.43966
22.39552
23.63776
23.65072
23.66206
23.67202
24.13480
24.18466
25.31932
25.32778
25.94614
26.02510
26.54092
26.67982
26.73544
26.87950
26.95882
26.97508
27.03580
27.89656
30.08500
30.11770
30.86800
30.88900
30.90418
31.55140
32.01202
32.41234
32.93482
32.98522
33.38344
33.76024
33.77350
34.46194
34.46542
34.47094
35.76580
35.77396
35.77618
35.79526
35.81026
37.41484
37.43620
37.43806
37.47868
37.51876
37.60876
37.63708
37.77214
37.78282
37.78642
37.80160
37.96948
37.97944
37.98490
38.02060
38.03110
38.25442
38.27164
38.46580
38.75626
38.94136
38.96002
38.96806
38.98468
39.04156
41.07124
41.65588
42.02548
42.03112
43.67536
43.69258
44.74114
46.61854
46.92886
47.85616
48.23770
48.32998
48.34552
48.40024
50.76856
50.94562
51.05044
51.75274
52.04908
52.05292
52.09912
52.15894
52.18414
53.09752
53.35510
53.83534
54.62950
54.66838
55.15348
55.25728
55.63318
55.65106
56.29090
56.36764
56.61724
58.05568
58.49908
58.79224
58.82614
58.88068
58.98526
59.57368
59.79292
59.80600
59.81272
59.82064
59.83594
59.84290
59.85094
59.86420
59.88406
59.89270
60.09112
60.25912
60.30868
60.48334
60.52702
60.95476
60.97900
61.21702
63.30310
63.31558
63.84010
64.08520
64.09660
64.42108
64.90756
64.93888
65.23972
65.31574
65.73604
65.74858
67.43776
67.46746
68.12560
68.13478
68.14372
69.13666
69.43978
69.44608
69.45496
69.45946
69.48394
69.49780
69.51742
69.52672
69.64936
69.66544
69.68182
69.68716
69.76282
70.40194
70.66552
70.69330
72.35158
72.71098
72.75730
73.49578
73.50748
73.52272
73.59790
75.12964
75.74104
75.75052
75.76084
75.85672
76.53250
76.57288
76.57456
77.29696
77.32462
77.36182
78.26200
78.33352
78.98140
78.98722
80.04028
80.06566
80.73760
80.75686
80.80702
80.81122
80.83768
80.91334
81.10552
81.26800
81.27736
81.28240
81.28978
81.30544
81.31186
81.34666
81.35494
81.37852
81.56686
81.57868
81.58294
81.59632
81.78466
81.82060
81.88726
82.04962
82.06870
82.24756
82.25650
82.26568
82.27162
82.57474
82.78312
84.83524
85.52146
85.58314
85.59292
85.63438
86.76874
86.77876
87.12676
88.41034
88.45138
89.31562
89.34328
90.10570
90.40822
90.47068
91.15222
91.16110
91.91638
91.92208
91.92688
91.98196
91.99126
91.99996
92.01574
92.08720
92.11408
92.15608
92.22388
92.26594
93.14746
93.83818
95.47834
96.05458
96.12928
96.13270
96.63850
96.69190
98.26876
98.31160
98.65072
100.59748
100.61914
100.66120
102.65134
102.68902
102.83866
102.87802
102.89680
104.76346
104.78074
104.79250
105.44194
105.53104
105.96766
106.71424
108.17032
108.35080
108.52522
108.88042
110.15620
110.18110
110.76418
110.78218
110.81302
110.84578
111.32662
111.35572
112.27372
112.29388
112.32634
112.33936
113.46028
113.48020
113.49916
113.80600
113.82214
114.00142
114.01690
114.05242
114.05716
114.06550
114.18922
114.20176
114.20758
114.22222
114.26764
114.28918
114.30244
114.32656
114.49516
114.50356
114.51562
114.73480
114.75934
114.78988
114.81922
114.98230
115.00642
115.04680
115.15684
115.30120
115.33360
115.47694
115.50010
115.51606
116.00554
116.01088
116.48800
116.55772
117.33616
121.16380
121.17448
121.17718
121.19680
121.22998
121.25620
121.28656
121.95652
122.31220
122.90398
123.63490
124.06096
124.32328
124.36378
124.37326
124.37812
124.38886
124.61962
124.63678
124.64386
124.66174
124.68430
124.89280
124.94668
125.06518
125.07394
125.08006
125.09710
125.11120
125.36464
125.39170
125.77546
127.47622
128.08450
128.30608
128.32024
128.69932
128.71972
128.78860
129.12550
129.14320
130.44142
130.44976
131.66470
132.98704
133.93096
133.96072
134.00488
134.14366
134.58826
134.63392
136.35634
136.38952
137.37142
137.37322
137.39926
137.41732
138.15928
139.49920
140.00470
140.01748
140.95408
140.96980
141.42268
142.13224
142.72666
144.30340
144.71962
144.73228
144.88456
144.89290
144.90520
144.93952
144.99526
145.07776
145.11214
145.22500
145.35976
145.38634
145.75408
145.78522
146.08222
147.32614
148.23166
149.23654
149.60644
150.39478
151.13320
151.14250
151.17448
151.69516
152.46136
153.14308
153.17578
153.44554
154.52032
154.54456
155.30446
155.97070
155.98534
155.98876
155.99074
156.01978
156.05470
156.10474
156.33094
156.38164
156.39076
156.43210
156.74170
156.76426
157.00288
157.02046
157.07272
157.10332
157.44292
157.47610
158.80300
158.83252
163.42870
163.71394
163.78858
164.15944
164.89912
165.02308
165.47542
165.51922
166.09306
166.44568
166.45708
166.46326
166.46884
166.47724
166.65730
166.66474
166.68880
166.70296
166.71520
166.84216
166.94554
166.95844
166.96624
166.98568
167.14162
167.14768
167.15380
167.43238
167.63404
167.64976
167.69542
167.72122
167.94946
167.97646
168.16354
168.21628
169.25440
169.27114
169.32262
169.90072
170.24020
170.24932
170.25400
171.36172
171.39526
173.00236
173.00446
173.01238
173.89984
173.90284
173.95228
174.71680
175.11850
175.20310
176.69908
177.11722
177.12310
177.18682
177.31942
177.33184
177.43288
177.44266
177.44482
177.46786
178.32058
178.74616
180.56164
181.15120
181.16440
182.37706
183.33610
183.67954
185.31814
185.34958
185.39050
186.03202
187.33096
187.90888
188.36380
188.38006
188.46520
188.53702
188.75986
188.80108
189.12490
189.15112
189.15334
189.44212
189.46540
189.66628
189.71272
189.83680
189.85624
190.06822
190.97872
191.53480
191.55676
192.49924
193.95070
193.96546
193.99276
194.03620
195.21466
195.28270
195.63760
196.74910
197.29822
198.16588
198.61654
198.63994
198.64294
198.69802
198.95122
198.96286
199.15624
199.17448
199.20628
199.21576
199.23208
199.36744
199.38982
199.47136
199.63810
199.64536
199.68808
199.90786
199.94368
199.96048
200.14444
200.15302
200.16406
200.17102
200.45296
200.67832
200.68948
202.18906
203.74084
204.06472
204.06646
204.77764
205.01146
206.26942
207.39082
207.41014
207.44866
208.26280
208.89340
208.98400
209.01214
210.60886
210.67264
211.86658
212.89018
212.91034
212.92480
213.88186
213.88540
213.91468
214.87780
214.89292
215.37034
215.70994
215.77882
216.30166
217.03660
218.42524
218.44240
218.98084
219.00730
220.48288
220.53178
220.58620
220.77142
220.80970
220.83652
221.00944
221.02306
221.04358
221.05918
221.08186
221.30350
221.31142
221.32996
221.35558
221.50528
221.51992
221.53948
221.62366
221.76838
221.79418
221.81152
221.98966
222.00286
222.01756
222.06208
222.31408
222.33280
222.49840
222.52384
222.53278
224.06554
224.53558
225.29176
226.75996
227.49808
227.50894
228.02392
228.91414
229.35322
229.37728
229.38820
229.40152
230.03986
230.55226
230.64220
230.68330
232.18336
233.04784
233.72890
233.83240
234.17176
234.18574
234.92824
235.51420
235.55560
236.67910
237.25870
238.18498
238.97398
239.52226
240.74788
240.75046
240.76324
240.77326
240.77776
240.78706
240.79186
240.81286
240.82582
240.89362
240.90934
240.96952
241.00408
241.04194
241.04974
241.06102
241.11358
241.22752
241.96480
242.38690
244.36450
244.72768
245.15008
246.22780
247.11148
248.30452
248.72680
249.43600
249.43780
250.05958
250.08880
250.12336
250.28398
250.29160
250.37818
251.18146
251.56558
251.58802
251.59348
251.60284
251.95348
252.00802
252.32830
252.37096
252.56314
252.58222
252.59812
252.65854
252.85906
253.00306
253.01074
253.05304
254.38318
254.40556
254.64052
256.17448
256.53958
257.13808
257.15038
259.25248
259.27780
260.19028
260.83558
260.87608
261.87424
261.91264
262.80628
262.81510
262.99078
263.00530
263.04904
263.11636
263.11960
266.51956
266.53504
267.20650
268.35976
269.40694
270.02854
270.03406
270.94324
270.97690
273.27712
273.28408
273.29284
273.34906
274.53292
275.18290
275.47984
275.87326
276.39076
276.42040
276.43192
276.71662
276.84490
277.17904
277.50016
277.91206
277.92250
278.41576
279.26800
279.27784
279.35638
279.52282
279.94624
281.39884
281.86318
281.88412
281.93248
283.37938
283.98118
284.01298
284.03050
284.07826
284.33920
284.39794
284.41858
284.43148
284.66704
284.68342
284.68582
284.72110
284.72464
284.72836
284.74834
284.79118
284.98342
284.99740
285.04228
285.08068
285.26356
285.43774
285.47188
286.62766
288.03010
288.08200
288.43816
289.71886
289.98922
290.48572
290.94004
291.65350
291.96874
292.44748
292.52176
293.27650
293.28220
293.91922
294.20638
294.68392
294.84286
294.88396
295.01842
295.04416
295.23652
295.23820
295.27942
295.30642
295.33186
295.53508
295.54726
295.56148
295.73278
295.75318
295.75516
295.77262
296.02030
296.06302
296.23984
296.26216
296.53960
296.58718
296.74258
296.75074
296.80342
297.23068
298.77484
299.82070
300.21970
300.64906
301.04428
301.91914
302.42626
302.42818
302.48374
303.49426
303.55570
304.20232
304.28188
304.96018
305.31430
306.56326
306.59056
306.93712
306.98026
307.57492
307.60582
307.82764
307.97890
307.98706
308.00110
308.00740
308.01892
308.06692
308.35738
308.69056
308.90638
309.09304
310.33126
311.09902
311.50636
311.86954
311.92942
312.61204
313.09432
313.70272
313.71268
313.74268
314.07748
314.08372
314.08576
314.09470
314.16856
314.20036
315.34522
315.77656
316.52020
317.17144
317.88772
317.90326
317.94826
317.96764
318.40756
318.41152
318.47812
318.62806
318.72574
318.74350
318.76210
318.93592
318.94852
318.97156
318.99514
319.03864
319.12870
319.17490
319.22260
319.26106
319.48768
319.72768
319.91272
319.91956
319.92412
319.99474
320.24836
320.41222
320.43286
320.44126
320.46346
320.48146
323.96242
324.66604
324.69784
325.50370
325.54522
326.71582
327.39970
328.30618
328.56166
328.98922
329.02042
330.33190
331.82464
331.83574
331.89916
332.36326
333.49918
333.93352
333.94258
333.98350
334.52602
335.11420
335.19418
335.78254
337.06438
337.11052
337.34848
337.73278
338.61556
338.99890
339.02038
339.62608
339.63154
339.64282
339.79522
339.80026
339.84430
339.99106
339.99664
340.11328
340.43392
341.00650
341.05258
343.19416
344.22220
345.04924
345.45400
345.96754
345.97042
346.62952
346.64830
346.67284
346.90414
347.42230
347.42524
347.55508
348.88684
348.90754
348.90928
349.65424
349.69108
351.11956
351.12484
351.14488
351.17632
351.20314
351.72802
351.76048
352.06912
352.08520
352.09150
352.26394
352.27576
352.31458
352.33150
352.35298
352.37410
352.47754
352.55506
352.57300
352.76050
352.81102
353.07412
353.24398
353.27770
353.31058
353.44342
353.55994
353.74630
353.78020
355.51084
357.47578
357.48520
358.12720
359.00338
359.01652
359.04622
359.11576
359.58292
359.65516
361.97590
363.04960
363.23092
363.27664
363.29566
363.31024
363.42652
363.44806
363.47188
363.54910
363.60238
363.70774
366.39190
366.79102
367.00336
368.04724
368.30974
368.62996
368.64958
370.25872
370.29226
370.65538
370.69024
371.19778
372.56584
372.59608
372.66166
373.11610
373.74334
374.68336
374.70622
374.73172
375.11416
375.36568
375.43504
375.45508
375.68926
375.70516
375.73870
375.98566
376.12264
376.13968
376.15516
376.38094
376.47016
376.81654
377.06518
377.50648
378.82174
379.28038
380.28868
380.29240
381.18808
381.79594
381.86290
381.92590
382.88506
383.80210
385.71496
385.74442
387.43360
387.47578
388.11676
388.83298
389.95090
390.86788
390.89128
391.30882
392.19610
393.52468
393.53626
394.56790
394.59442
396.40720
397.44454
397.48234
397.49254
397.66846
397.68010
397.76242
397.78294
397.95442
399.08668
400.94758
402.21334
403.56286
404.91364
405.55942
405.57184
406.65046
406.65670
407.66326
408.21100
409.14430
409.15726
409.20712
411.45016
411.71986
412.12756
412.88404
412.91350
413.89084
413.97790
414.34786
415.52368
416.54494
417.04216
418.44460
418.95958
419.36656
419.36950
419.38912
419.42416
419.46106
419.78812
419.81740
419.83918
420.12304
420.13918
420.16630
420.36796
420.41104
420.49468
420.83278
422.21956
422.49868
422.53582
422.54506
423.43930
423.87448
425.27152
425.48536
426.24496
426.25474
426.27712
426.28132
426.66400
427.70764
428.08594
428.52082
428.53504
429.98404
430.09384
430.13392
430.17820
430.19668
430.22458
430.46896
430.50688
430.64350
430.67782
430.71994
430.74730
430.82980
430.85302
430.93864
430.96072
430.97110
431.13532
431.43700
431.62558
431.64250
431.93590
431.94376
431.95246
431.96476
431.97772
432.15046
432.90718
433.90690
434.30440
435.86746
435.88198
435.88462
436.21540
438.53122
439.53052
439.55866
440.32564
440.41906
440.44876
440.46628
440.50588
442.78726
443.90122
443.91706
443.93626
443.97058
444.67642
446.46676
446.95000
447.52252
448.70452
449.30296
449.33236
450.03856
450.09784
451.18648
451.19842
451.23700
451.47136
451.53754
452.14540
452.38564
452.39266
452.39734
454.37932
454.38436
454.72420
455.10202
455.12944
455.14654
455.51908
455.96716
457.56490
458.27104
458.92996
459.30400
459.70822
459.73888
459.74074
460.30756
460.32310
460.91956
461.51746
461.53246
462.20434
462.59296
462.61558
462.78400
462.80194
462.84916
462.85216
462.87130
462.88066
462.98422
463.08964
463.09402
463.10890
463.13338
463.27306
463.28182
463.29382
463.56154
463.62862
463.78438
463.83088
463.84786
463.94926
463.99654
464.08888
464.31832
464.67370
465.12166
467.81152
468.48454
468.82498
469.26946
469.28266
469.82332
470.52280
471.64990
471.73408
472.38484
472.47658
472.89958
472.93090
473.16868
473.22472
473.24806
473.45206
473.45806
473.46418
473.46892
473.49748
473.55766
473.73922
473.75746
473.89546
473.90248
473.91268
473.92036
473.93200
476.22508
476.78044
477.64894
477.67654
477.97924
479.30368
480.13024
480.62950
481.00018
481.31356
481.81090
482.35858
482.47240
483.99982
484.46650
484.75786
484.96258
485.00446
485.02990
485.04316
485.25130
485.26348
485.27674
485.46790
485.54050
485.74408
485.93764
485.95462
486.01996
486.27802
486.42814
486.44332
486.46588
486.47806
487.87840
487.95754
489.39370
490.09036
490.13644
490.74142
491.50540
492.13630
492.35674
493.13866
493.14814
493.51510
493.53814
493.87048
494.49664
494.90404
494.93536
494.96530
494.99980
496.11220
496.13104
499.18942
500.61742
500.72356
501.50308
501.56230
501.57346
502.01260
502.21894
502.79230
504.22546
504.83068
504.95380
505.38406
505.39102
505.39726
505.96492
506.00578
506.80924
506.81110
506.86426
506.92996
507.24412
507.25786
507.55972
507.57418
507.59218
507.82552
507.84844
508.09588
508.12222
508.28050
508.32226
508.55314
508.61044
508.96720
509.20534
509.71612
509.94886
509.97412
511.05082
511.05982
511.16938
511.63576
511.65766
512.59444
512.64340
513.05404
513.47200
516.08512
516.64372
516.97852
517.70368
517.71886
517.73650
517.78912
520.39102
520.42924
521.16226
521.76472
521.87830
522.66598
522.68506
523.07290
523.80196
523.89724
523.91356
523.92424
523.95412
524.52142
525.67294
525.69550
525.70576
526.05220
526.78162
526.79350
527.40592
527.42788
527.99548
528.38290
528.40696
528.94642
529.01104
529.11946
529.13926
529.38508
529.43164
529.66516
529.69378
529.93600
529.94368
529.94896
530.07856
530.22778
530.38528
530.39692
530.43094
531.06136
532.31200
532.92526
534.03394
534.76540
535.21390
535.23604
536.47498
536.48896
536.49610
539.21032
539.32624
539.33014
539.36560
539.50222
539.55016
539.68168
539.80678
540.55084
542.81554
544.42024
544.47148
545.23648
545.96656
545.96878
546.03586
546.94120
547.22692
548.58244
549.40156
549.40624
549.44206
549.45766
549.46540
549.48232
549.49150
549.49444
549.74848
549.76618
549.94444
549.96412
550.00756
550.03276
550.12846
550.15924
550.45936
550.94230
553.51786
553.55014
553.58452
554.43202
554.87446
555.74452
555.76762
555.92788
555.96316
556.94326
556.97776
557.00380
557.06122
557.57926
559.19386
560.24206
560.76874
560.81956
563.26918
564.34684
564.64984
564.88198
565.22956
565.25980
565.59940
565.62676
566.43424
566.43670
566.46088
566.52976
566.61814
566.62762
567.33700
568.02112
568.18942
569.06518
569.08420
570.14578
570.72712
570.77752
571.06288
571.28422
572.30140
575.53672
576.41200
576.69016
577.23226
577.67794
578.29648
578.91166
578.98834
579.35086
579.40354
580.09960
580.13554
580.76290
581.58598
581.63092
584.23702
584.26126
585.15850
585.17758
585.26386
585.75034
586.29934
586.42996
586.89172
586.89862
586.92148
586.92376
587.80882
587.88328
588.23146
588.26170
588.48010
589.14076
589.82140
590.67472
590.78050
591.81178
591.83794
591.86344
592.27012
592.46716
592.55794
592.79224
592.80412
592.92046
593.26432
593.54926
594.18814
594.63904
594.99598
595.32892
597.15682
598.15618
599.03386
599.58838
599.59528
600.30544
600.34576
600.35194
600.98656
601.01194
602.78098
602.78608
602.82268
603.16690
603.26986
603.29680
603.31510
603.33034
603.34360
603.38500
603.44584
603.46468
603.58090
603.76708
604.06954
604.27552
604.33516
604.57090
604.75066
604.77820
604.80304
607.78846
608.76112
609.30442
610.17430
610.22032
610.29148
610.86286
611.75716
611.77786
611.84590
612.44464
612.46030
612.50200
612.53164
612.89758
612.95764
612.96364
612.97678
613.05016
613.39912
613.40848
613.96702
613.99714
617.69812
617.74462
618.03652
618.09598
620.80294
621.17974
621.61570
621.74902
623.38810
623.67148
623.77246
623.84824
623.91676
624.14206
624.15844
624.16336
624.62884
624.64432
624.84058
624.88150
624.92758
625.93894
627.79990
628.27900
628.36630
629.06974
629.07178
629.13448
631.10134
632.21602
632.74846
633.53908
634.25098
634.61734
634.72642
634.73164
634.74388
636.24892
637.61158
637.67398
637.74250
638.28118
638.29492
640.65004
640.72360
640.72918
642.31264
642.34474
644.09218
644.09428
644.92150
645.73534
645.79414
646.72834
646.79068
646.79998
647.05858
648.02416
650.08240
650.96362
650.96992
651.30832
651.66862
651.67876
651.76300
653.48680
653.83948
654.68134
654.71908
654.77332
655.21966
655.23436
655.25332
655.28338
655.28602
655.31710
657.28684
658.37728
658.65472
659.08318
659.09386
659.10856
659.34238
659.34694
659.35072
659.38750
659.76640
660.31852
660.45982
660.46828
661.04008
661.04560
661.11028
662.79112
664.61812
665.55880
665.69146
667.02232
667.04482
667.22440
667.84456
668.56762
669.00940
669.96100
669.97138
669.97528
670.01530
670.12846
671.30506
671.36548
672.52648
673.49200
673.53628
674.81278
675.20548
677.15164
677.17804
677.21482
677.86090
677.93362
678.62566
678.63718
679.66576
679.74562
680.53000
680.63164
681.24496
681.82504
682.10230
682.20688
682.40230
682.40542
682.59406
683.20552
685.06654
685.08940
685.80448
687.46486
687.63784
687.65860
688.77688
690.05950
690.07972
690.76204
690.91888
691.94950
691.99540
692.84254
692.84860
692.85460
692.88916
692.94250
693.11860
696.49444
697.00366
697.02178
697.03294
697.88746
698.57368
699.10114
699.79438
701.86216
701.88748
702.28996
702.34456
703.73524
703.76584
703.88338
703.91464
703.93258
704.20114
704.23822
704.25742
704.27326
704.29138
704.98780
705.00682
705.48052
705.48682
705.49318
705.51580
705.52540
705.69322
706.81240
707.51560
708.53188
710.71438
711.92728
712.95334
712.96132
713.50684
713.99032
714.60328
715.69066
717.74824
718.11748
720.96160
720.97936
720.98824
721.00654
721.01914
721.07632
721.89082
722.50402
723.22672
723.91126
724.31488
725.09344
725.61598
725.63152
726.51706
726.57286
726.79834
726.83926
726.87616
731.01904
731.13454
731.13934
731.37382
731.40652
731.92564
732.66058
732.67852
732.70762
732.73462
732.73732
733.76104
733.76350
733.81012
734.96830
735.00274
736.06324
736.68568
736.75774
736.80592
737.13550
737.14792
737.15530
737.48332
737.51296
737.57038
737.64844
737.74834
738.15226
738.64846
739.12822
739.14808
739.22356
739.56436
740.19850
742.39258
743.62366
744.54076
745.33222
746.10766
746.23378
747.30544
747.31324
747.37072
747.38512
747.52978
748.53004
750.70024
751.30120
751.35292
753.71926
753.79954
754.74628
757.06276
757.08202
757.18954
757.82620
757.85326
758.23672
758.26570
758.33212
758.36494
758.37592
758.85694
758.87974
758.89456
759.65746
759.89194
759.93718
760.33234
760.38364
760.39672
761.30692
761.85130
764.88580
764.93248
766.35106
766.44838
766.46038
766.79668
766.80862
767.88268
768.00046
768.54292
769.18576
769.34410
769.40164
769.69186
769.72204
769.73242
770.06800
770.08312
770.11498
770.12224
770.17900
770.33458
770.74870
771.41122
771.88798
771.94072
773.38894
776.51524
776.59264
777.27766
777.95782
779.39458
779.40310
780.49492
782.19838
784.05856
784.06330
784.83268
784.86022
784.94308
786.66250
786.76030
786.87028
787.13506
787.49884
788.28922
788.36116
788.45176
789.92392
790.04056
790.77466
791.73190
791.90848
791.93638
791.95714
791.96350
792.00088
792.27346
792.36910
792.38974
792.40234
792.95620
793.36156
793.62274
794.06128
795.01834
795.05536
797.19280
798.21496
798.23464
798.26254
798.26422
800.59534
800.64154
802.15012
802.22764
802.47910
803.06788
803.09560
804.36856
804.46504
804.85396
805.53196
806.61124
807.66706
807.72400
807.80308
809.21164
809.89600
809.94586
809.95192
810.02752
811.10398
812.28766
812.34808
812.42704
813.10066
814.32760
814.50748
814.51684
814.52572
814.56466
814.59706
814.81366
814.83202
814.85794
815.02372
815.50018
817.03006
817.13236
817.63918
818.73574
819.98578
820.19944
820.46980
821.08756
821.11294
822.68500
823.25890
823.92400
824.42110
824.93386
824.93596
824.94286
824.95090
824.99494
825.04852
825.07036
829.30870
829.91146
830.29996
832.41928
833.24548
833.31370
833.91304
834.01084
834.46414
834.94906
836.33296
836.52418
836.92786
837.01684
837.04984
837.06154
837.07888
837.16906
837.32410
837.35410
837.99550
838.02814
839.42026
839.75404
840.33436
840.60196
840.65626
842.32690
842.37244
842.71162
842.72668
844.17718
844.87894
845.72176
846.59410
847.48030
847.51186
847.53736
847.58206
848.48680
849.17224
849.19744
850.24966
851.53012
854.38726
854.44072
855.18862
855.26926
855.32032
855.35884
856.02982
856.04764
857.21338
857.22136
857.41924
860.30500
860.34574
860.44564
861.82198
862.71706
862.76842
863.21992
863.23114
863.77024
863.78974
863.81158
863.82832
863.86474
864.48034
864.52516
864.56164
865.46410
866.55490
866.60818
866.64544
868.54858
868.60192
870.12406
871.30864
871.32238
871.33762