0.02476
0.28810
0.95494
1.12642
1.14118
1.48846
1.55440
1.56910
1.57468
1.59766
1.78846
2.19412
2.24122
2.38840
2.45494
2.55526
2.77480
3.21454
3.25510
3.84766
3.97168
4.01902
4.02970
4.10536
4.24138
4.39528
4.43518
4.57198
4.74796
4.82482
4.96216
5.11612
5.26174
5.67214
5.95858
6.21322
6.33514
6.51070
6.65554
7.03564
7.83148
7.98898
8.02126
8.03020
8.04676
8.05426
8.19856
8.63098
8.63956
8.64220
8.67550
8.82238
8.96566
9.00868
9.07594
9.14716
9.15616
9.16552
9.57550
9.65590
10.54618
10.70932
10.78960
10.90918
10.91992
10.93210
11.01298
11.05222
11.59936
11.60614
11.61100
11.63254
11.74714
12.18232
12.79276
12.83998
12.92044
13.06888
13.10674
13.19788
13.32598
13.49788
13.90714
14.12626
14.24974
14.25994
14.27710
14.61322
14.62774
14.65984
14.77702
14.79922
14.99986
15.25420
15.55096
16.07092
16.22392
16.47688
16.48462
16.49560
16.49992
17.05738
17.32408
17.34346
17.41528
17.52424
17.71042
17.85760
17.97418
18.80776
18.88300
18.95890
19.39408
20.05528
20.59822
20.76508
20.78896
20.87512
21.06160
21.07402
21.08176
21.10414
21.26104
21.47512
21.54166
21.77518
22.32832
22.37530
22.44148
22.44850
22.45252
23.06182
23.17210
23.17588
23.68600
24.37222
25.12588
25.17154
25.20676
25.25908
25.31590
25.52596
25.57420
25.80676
25.82608
26.05954
26.63680
26.86948
26.90248
26.94580
26.95330
26.99314
27.30346
27.43198
27.55096
27.96028
27.96694
27.97030
28.24690
28.40704
28.51966
28.87684
28.91044
28.99996
29.00428
29.34352
29.53342
29.61010
29.87716
30.27760
30.44914
30.72076
31.29718
31.62106
31.64416
31.70710
31.71118
31.83514
31.92154
31.95460
32.27770
32.28802
32.58448
32.61736
32.90836
32.97052
33.22774
33.59470
33.63838
33.68086
33.68452
33.72778
33.89464
33.97072
34.06138
34.10812
34.13422
34.14700
34.15504
34.29478
34.36138
34.36414
34.83730
34.88092
34.92082
34.92400
35.01430
35.02834
35.12842
35.21458
35.24812
35.28598
35.31442
35.43772
35.52850
35.88622
35.94772
35.95846
36.16792
36.18172
36.22864
36.52402
36.53146
37.29520
37.29796
37.33864
37.34542
37.34878
37.38166
37.40398
37.51210
37.71214
37.85494
38.08792
38.14090
38.17882
38.52166
38.60788
38.64562
38.69902
38.70184
38.71282
38.74558
38.93200
39.18946
39.23194
39.23560
39.43216
39.45028
40.28956
40.49890
40.73224
41.13874
41.14348
41.16178
41.17210
41.17654
41.20420
41.21602
41.42362
41.52946
41.64292
41.69632
41.74348
41.96020
42.22960
42.26284
42.27688
42.31588
42.49660
42.52996
42.56314
42.94366
43.20148
43.32976
43.40674
43.48300
43.49362
43.50604
43.51606
43.94992
44.01136
44.01610
44.06326
44.07376
44.10670
44.24974
44.41630
44.72122
45.08296
45.12700
45.36070
45.75124
45.98914
46.00360
46.19446
46.21354
46.24714
46.43704
46.63312
46.68034
46.78042
46.83796
46.83970
47.36698
47.50540
47.61388
47.94088
48.02794
48.04996
48.37162
48.83830
48.99742
49.01044
49.37446
49.39738
49.40050
49.40398
49.67776
49.69240
49.69720
49.73092
49.88416
49.98736
50.01682
50.36416
50.40748
50.42584
50.44096
50.47354
50.57470
50.69086
50.87470
50.89762
52.07488
52.55110
53.42506
53.54182
53.62816
53.70088
53.74330
54.01048
54.01780
54.06772
54.30466
54.31066
54.42862
54.51514
54.82552
55.55506
55.59214
55.81540
55.82446
55.83934
56.09572
56.81242
57.14068
57.41830
57.69892
57.90238
57.93220
58.08508
58.09936
58.14646
58.26610
58.29628
58.29946
58.31836
58.33234
58.34188
58.59892
58.75936
58.76602
59.03260
59.39020
59.46940
60.01498
60.17656
60.46168
60.71974
60.85996
61.08730
61.14958
61.41322
61.50010
61.81660
61.92118
61.95934
62.84566
62.93620
63.06034
63.10288
63.13654
63.16408
63.17980
63.34726
63.35086
63.38044
63.61696
63.93676
64.01692
64.05028
64.10464
64.12732
64.19440
64.20322
64.20964
64.21408
64.27492
64.71706
64.92742
65.00368
65.00824
65.43724
65.73712
65.84854
65.87050
65.87464
65.90440
66.07048
66.07696
66.08116
66.37666
66.45394
66.57712
66.83440
66.97726
67.01074
67.02070
67.02454
67.23460
67.41088
67.43002
67.56832
67.70482
67.71070
67.72084
67.74904
67.95532
67.97734
68.09248
68.12122
68.25442
68.26840
68.29252
68.35390
68.42632
68.43166
68.47216
68.80744
69.08800
69.15490
69.45946
69.46558
69.72142
69.92338
70.41880
70.45474
70.49338
70.67800
70.72882
71.14186
71.17564
71.17918
71.28892
71.29960
71.84800
72.03874
72.23878
72.40558
72.49624
72.78616
72.79636
72.83908
72.87232
73.07218
73.27246
73.30582
73.33930
74.03578
74.03914
74.62918
74.70988
75.41668
75.41998
75.42778
75.83992
76.14640
76.15636
76.48480
76.49158
76.82332
76.82806
76.97044
77.55664
77.92378
77.95708
78.21442
78.55756
78.62848
78.68038
78.69040
78.70738
78.71422
78.72358
78.74080
78.74422
79.11130
79.14034
79.37770
79.38490
79.39552
79.56868
79.60450
79.61050
79.63444
79.86814
79.93426
80.04076
80.08768
80.22622
80.44456
80.55922
80.66392
80.70730
80.71204
80.71438
81.42154
81.90778
82.82410
82.82860
82.85788
82.90486
82.91824
82.94146
83.45200
83.86138
84.00520
84.18130
84.19612
84.23212
84.27184
84.43828
84.50518
84.59176
84.59806
84.62944
84.63382
84.64126
84.64876
84.69550
84.72472
84.73846
84.80524
84.90514
84.95230
85.14910
85.19554
85.20526
85.28152
85.46308
86.02498
86.15428
86.18254
86.66488
87.05536
87.06844
87.13576
87.16474
87.18238
87.67900
87.69310
87.69574
87.71170
87.72196
87.81208
88.16500
88.20838
88.27990
89.02228
89.15542
89.36602
89.47114
89.50558
89.51434
89.53900
89.54212
89.67766
89.79340
89.90866
89.94202
89.95294
89.99974
90.10594
90.33904
90.37228
90.53908
91.03930
91.23910
91.40596
91.60564
91.68196
91.69162
91.72510
91.72882
91.97332
91.97506
92.01592
92.12878
92.13442
92.13892
92.23906
92.27248
92.33020
92.34952
92.63914
92.67256
92.67832
93.41626
93.66970
94.52986
94.72234
94.73608
94.75624
94.85590
94.89844
94.98604
95.24674
95.29204
95.32252
95.45614
95.49988
95.53258
95.74216
96.09856
96.13306
96.14686
96.40882
96.51358
96.80566
96.85294
97.23898
97.31950
97.32664
97.40560
97.71958
97.91002
98.34538
98.34934
98.35906
98.42524
98.60566
98.61592
99.06292
99.08890
99.40678
99.41470
99.45838
99.48886
99.81580
99.86008
99.90004
99.91750
99.93160
100.15582
100.28890
100.32238
100.47880
100.65484
100.80262
100.80436
100.83094
100.85428
100.98556
100.98910
101.03266
101.22232
101.30848
101.34184
101.58934
101.65108
101.66584
101.68870
102.02218
102.62830
102.65524
103.30546
103.39150
103.39642
104.00824
104.01160
104.02000
104.05534
105.52960
105.68848
105.77452
105.82186
106.25926
106.29820
106.31260
106.32778
106.33090
106.42234
106.43236
106.49836
106.53112
106.65526
106.77952
106.78852
106.86448
107.01208
107.02192
107.05486
107.89498
108.19882
108.53836
108.79588
109.03828
109.24468
109.24870
109.26292
109.29592
109.34248
109.43818
109.47166
109.98874
109.99630
110.06824
110.44870
110.60152
110.62150
110.96410
111.35506
111.56896
111.58354
111.58822
111.99832
112.02148
112.18816
112.20778
112.31656
112.32148
112.32490
112.54558
112.57426
114.03364
114.03586
114.13804
114.45742
114.53920
114.54784
114.81412
115.42402
115.43668
115.44238
115.45234
115.62394
115.74034
115.79092
115.80460
116.44822
116.45350
116.45782
116.62960
116.64808
116.66248
117.09838
117.10450
117.11248
117.11998
117.42100
117.53476
117.75454
117.81130
118.00222
118.02130
118.06480
118.10746
118.46500
118.47472
118.49686
118.50106
118.50358
118.50754
118.75726
118.81786
119.17426
119.53168
119.97112
120.01432
120.08518
120.10390
120.23806
120.28552
120.36682
120.49054
120.49546
120.52840
120.63760
120.74830
120.88048
121.23790
121.43362
121.58140
121.68664
121.68988
121.71460
121.79140
122.35408
122.82094
122.86366
123.10702
123.50074
123.53422
123.62098
123.62758
123.99370
124.19794
124.74028
124.90708
125.03722
125.67064
125.82370
125.87074
125.98072
125.98426
126.12352
126.55036
126.55744
126.58084
126.58708
126.59026
126.60538
126.60790
126.61336
127.14682
127.15678
127.16422
127.19122
127.62322
127.62520
127.63966
127.64644
127.82482
128.76706
128.92288
129.10636
129.16762
129.24328
129.73060
130.07014
130.11184
130.11718
130.13644
130.39834
130.41670
130.62658
130.67434
130.91254
131.14624
131.74648
131.78944
132.41962
132.44542
132.45634
132.46066
132.64690
132.66916
132.67084
132.79060
132.81952
132.86950
132.88024
133.28626
133.47622
133.48186
133.53292
133.62952
133.87204
133.88620
133.93336
133.96198
133.96534
133.97686
134.01940
134.10928
134.47222
135.34510
135.36238
135.38584
135.90262
136.02214
136.03606
136.14970
136.40254
136.43578
136.58296
136.59346
136.72228
137.23234
137.27848
137.28556
137.29318
137.36908
137.55580
138.13306
138.13552
138.65206
138.71860
138.96256
138.96580
139.11874
139.40968
139.50490
139.66240
139.67644
139.70464
139.83784
139.99534
140.02498
140.02882
140.14888
140.43496
140.46844
140.72122
140.73484
140.83504
141.09244
141.89686
142.02826
142.04194
142.18756
142.35118
142.36372
142.36906
142.55422
143.01802
143.38432
143.43148
143.45110
143.78314
143.81788
143.84194
143.94640
143.98000
143.98432
144.09412
144.59458
144.89458
145.07404
145.07806
145.49056
145.63840
145.84408
145.86694
145.88740
145.92388
146.10052
146.91958
147.55750
147.60430
147.62596
147.63028
147.71674
148.08298
148.21666
148.24090
148.25878
148.26358
148.27426
148.28344
148.47310
149.07382
149.09932
149.57500
149.60836
149.64724
149.67520
149.67892
150.61756
150.72376
150.80968
151.37458
151.39006
151.45666
151.48240
151.51852
151.67188
152.15548
152.69152
152.79130
152.97286
153.09238
153.11494
153.12964
153.49192
154.33120
155.03560
156.00784
156.02962
156.03772
156.04156
156.08428
156.56104
156.60502
156.67972
157.28968
157.82380
157.88476
157.89064
158.00986
158.03824
158.04202
158.10472
158.87740
159.34366
159.39214
159.71992
160.09330
160.22080
160.89322
161.17552
162.02236
162.08884
162.73210
162.73570
162.75172
163.80526
165.10186
165.82546
166.02124
166.03972
166.05922
166.50148
166.55422
167.00764
167.47042
168.52786
169.36846
169.37482
169.51822
169.52314
169.59394
169.80088
170.50936
170.53744
170.54380
170.57728
171.19060
172.98748
173.00080
173.00344
173.03986
173.22118
173.57386
173.69314
173.99332
174.10258
174.12994
174.14596
174.16606
174.46120
174.46918
174.47212
174.48910
174.49636
174.67936
175.26466
178.81672
179.22562
179.29276
179.32642
179.47846
179.61232
179.80570
180.48886
180.54622
180.55450
180.85606
181.13242
182.16634
182.18194
182.19952
182.89546
183.12088
183.12436
183.12850
183.35680
183.35926
183.36316
183.63940
184.26940
184.28746
184.73524
184.81126
185.91616
186.20842
186.34168
186.42772
186.84184
186.86140
187.07506
188.10466
188.29918
188.36560
189.82738
189.97768
190.17112
190.18780
190.19098
190.97428
190.99690
191.43838
191.45032
191.45788
191.91718
192.06550
192.06790
192.49876
192.60784
192.74542
193.16548
193.22452
194.10520
194.10994
194.98666
194.99086
195.60550
195.61024
195.62074
195.64936
196.12450
196.42042
197.65042
197.72704
197.74120
198.31798
199.27156
199.31818
200.04088
200.04382
200.07100
200.10124
200.54674
200.56168
200.56714
200.82418
201.42466
202.41532
202.95298
203.11108
203.18368
203.38702
204.00112
204.01036
204.42718
204.82690
204.86038
205.46134
205.47928
205.48240
205.56028
205.66042
205.74670
206.84770
207.53374
208.11598
208.23490
208.45330
209.10598
209.35114
209.54500
210.17428
210.20788
210.21526
210.25030
210.90766
211.64674
211.65754
211.67920
212.88070
212.88292
212.88778
213.29098
213.73354
213.79126
214.01488
214.03762
214.04878
214.24414
215.12080
215.55520
215.55892
215.57326
215.62150
216.13642
216.29104
216.54088
216.69376
216.82708
216.86002
217.78444
217.81822
217.99414
218.31406
218.65774
218.66164
218.66752
218.73784
218.74780
218.77126
219.01510
219.22432
220.72474
221.92618
221.93050
222.61618
222.63136
222.69046
222.95020
223.05646
223.48924
223.78282
223.79728
223.82146
225.17950
225.18610
225.18976
225.61474
225.96694
226.08682
226.12972
226.30564
226.82068
226.82998
226.92028
227.90704
227.99710
228.02092
228.04306
228.08680
228.61732
228.65098
228.95050
229.60822
229.63312
229.66492
229.72654
229.90402
229.96042
229.97962
230.73736
231.03250
231.25192
231.40030
231.45628
231.50980
232.11010
234.03610
234.04000
234.05962
234.06460
234.14968
234.25078
234.42028
234.51616
234.54034
234.54844
234.57010
234.58300
234.59056
234.66478
234.87028
235.12684
235.60750
235.61260
235.65172
235.75066
236.03692
236.30746
236.33740
236.41690
236.42788
236.51464
236.51722
236.89048
236.94238
237.25720
237.29968
237.59482
237.60958
237.74812
238.05742
238.23790
238.24318
238.26754
238.34356
238.35712
238.56772
238.58668
239.59732
240.34510
240.44092
240.66958
240.91186
241.67422
241.76386
241.80748
242.23192
242.56060
242.61340
242.70400
242.71516
242.73454
242.74324
243.21394
243.21790
243.59104
243.69412
243.86176
244.33390
244.35778
244.49122
244.66114
244.75804
244.97728
245.14408
245.17318
245.19118
245.32450
245.34388
245.39122
245.47132
245.50786
245.87764
245.94034
246.73132
246.82186
246.82552
247.30828
247.44148
247.53154
248.31688
248.59924
248.60374
248.79436
248.86498
248.91850
248.96596
249.00832
249.11878
249.16156
249.19438
249.23416
249.24472
249.25108
249.37582
249.58498
249.94828
249.99826
250.03726
250.06726
250.28266
250.59214
250.65112
250.79158
250.80622
250.93882
251.04424
251.05174
251.28166
251.32522
251.43436
251.57800
251.62510
251.72548
251.74936
251.81614
251.86762
251.87806
251.89210
252.03550
252.07798
252.23278
252.24958
252.26494
252.72184
253.21906
253.22794
253.28284
253.31788
253.33204
253.36516
253.45576
253.54162
253.69168
253.72540
253.79464
254.10862
254.14210
254.14450
254.19460
254.24170
254.84170
254.92798
254.97508
255.05170
255.32794
256.05850
256.14862
256.15204
256.19182
256.55578
256.76764
257.01778
257.02432
257.02840
257.20558
257.20738
257.22526
257.44486
257.45854
257.52490
257.82544
258.03880
258.05884
258.08722
258.10612
258.33580
258.42550
258.81148
258.82558
259.06930
259.20868
259.39246
259.55152
259.56910
259.69210
259.79872
259.84222
260.14258
260.29228
260.30470
260.60896
261.11836
261.17572
261.18970
261.28516
261.29896
261.44266
261.47164
261.47524
261.48592
261.48958
262.11844
262.12864
262.17610
262.21954
262.47586
262.58602
262.86226
262.92910
263.15920
263.18590
263.19556
263.50198
264.77890
264.85924
264.88804
265.11640
265.32622
265.47874
265.59262
266.03218
266.09290
266.97568
267.14536
267.15580
267.19516
267.29908
267.30316
267.40918
267.70972
267.97582
268.67596
268.85644
268.99546
269.19532
269.23888
269.25304
269.26930
269.30896
269.35954
269.36206
269.39236
269.79268
269.93986
270.02548
270.49240
270.53512
270.56836
270.58318
270.58660
270.68344
270.79246
271.03528
271.04326
271.06540
271.06906
271.20646
271.46986
271.47862
271.48318
271.49674
271.59268
271.80244
271.89286
271.91680
271.92610
271.93618
272.15944
272.16370
272.17006
272.24998
272.27914
272.59270
272.64238
272.93794
272.97862
272.98012
273.11356
273.11920
273.18064
273.19000
273.22270
273.41308
273.47314
273.50950
273.52342
273.64270
273.70930
273.71830
273.72886
273.73804
273.74230
274.10662
274.15582
274.16698
274.18162
274.19536
274.43902
274.44250
275.37886
275.38594
275.92570
275.93956
276.45910
276.69256
276.92566
277.21210
277.42576
277.51180
277.86982
277.97938
278.17474
278.21194
278.21710
278.22892
278.24554
278.68894
278.70262
278.76208
279.15646
279.18514
279.45316
279.50008
279.54262
279.67588
279.72616
279.78502
279.90940
280.14256
280.34260
280.37590
280.44256
280.55656
280.77304
280.77598
280.80910
280.98988
281.11948
281.23504
281.24554
281.37256
281.41972
281.51974
281.72866
281.90614
281.93542
282.24502
282.24916
282.52576
282.70192
282.75922
282.90202
283.44232
283.47478
283.48882
284.20318
284.24620
284.25016
284.39320
284.39950
284.40310
284.52610
284.61586
285.31864
285.32596
285.42190
285.51208
286.10914
286.17610
286.20928
286.49536
286.51870
286.62358
286.65934
286.74262
286.81546
286.90930
287.22922
287.25304
287.29558
287.32900
287.39560
287.42914
287.47138
287.48626
287.76250
288.01582
288.79270
288.87880
289.17868
289.50940
289.62610
289.69282
289.87906
289.99294
290.02600
290.48392
290.50828
290.52622
290.54578
290.65030
291.27958
291.28420
291.30970
291.49288
291.71248
291.72298
291.75214
291.80962
291.81724
291.90520
291.90970
291.92344
291.93076
292.00978
292.06012
292.09000
292.10944
292.13560
292.40950
292.67620
292.69018
292.69522
292.69942
292.70668
292.71010
292.71862
292.73674
292.92946
292.94290
292.95688
292.95958
292.97938
292.99006
293.00944
293.29960
293.43670
293.48674
293.50558
293.51248
293.64322
293.75338
293.95336
294.12928
294.20956
294.24280
294.80068
294.81250
294.81886
294.85888
294.86260
295.37416
295.44046
295.87906
295.88422
295.99282
295.99762
296.21266
296.37646
296.40262
296.98384
297.53230
297.54202
297.68968
297.72646
297.79930
297.88588
297.89332
298.38340
298.38640
298.67626
298.93318
299.61604
300.02950
300.05332
300.81580
300.81928
300.86296
301.10566
301.12060
301.30576
301.32010
301.45978
301.52650
301.65964
301.80976
301.82236
301.82926
302.12680
302.14348
302.22634
302.39284
302.40316
302.40760
302.55970
302.85964
303.41758
303.47926
303.50914
303.57634
303.58522
303.58888
303.60370
303.64312
303.75082
303.77920
303.82306
304.16620
304.45204
304.46608
304.48906
304.52644
304.66258
304.67626
304.80976
305.00356
305.00974
305.18422
305.36662
305.60944
305.62042
305.64850
305.67652
305.86666
305.88088
306.16270
306.27622
306.30976
306.33406
306.35320
306.60688
306.89260
307.19284
307.22956
307.32634
307.35970
307.49290
307.55344
307.59286
308.27908
308.28298
308.43664
308.46922
308.48332
308.67010
308.77906
308.87920
308.89714
308.91244
308.92588
309.08674
309.18424
309.21268
309.35998
309.66340
309.86614
310.02346
310.29964
310.30684
310.30978
310.38568
310.49056
310.49458
310.51396
310.53382
311.00962
311.11000
311.17198
311.18554
311.24290
311.58562
311.60974
311.62354
311.62918
312.47626
312.68290
313.01980
313.03300
313.49278
313.76896
313.83526
313.85956
313.96906
314.02612
314.32624
314.36986
314.40232
314.45962
314.47900
314.55964
314.61292
314.75968
314.84578
314.88226
314.91220
315.01744
315.47008
315.60952
315.74638
315.75340
315.79312
315.93676
316.15684
316.70944
316.84258
316.85320
317.14264
317.66236
317.70034
317.70928
317.82916
317.85202
318.06220
318.10936
318.42970
318.50200
318.68242
318.69220
318.74932
318.82570
319.09234
319.16554
319.41586
319.55926
319.74532
319.93048
319.99240
320.21848
320.59246
320.70298
320.71690
320.74546
321.27544
321.27862
321.68134
321.98914
322.03648
322.09900
322.35148
322.69540
323.25244
323.59516
323.87566
323.98210
324.06190
324.13456
324.13786
324.42550
324.49198
324.79198
324.83500
324.91162
325.23868
325.70554
326.00146
326.32540
326.34076
326.34832
326.35468
326.37538
326.43586
326.51182
326.70250
327.03070
327.26518
327.58012
327.58468
327.58864
327.73162
328.08574
328.44202
328.59484
328.74172
328.78486
328.94218
328.99498
329.10874
329.36326
329.36626
329.42836
329.54200
330.22804
330.35230
330.39460
330.41932
330.42790
330.75868
330.89452
330.94462
330.99172
331.07824
331.12546
331.37830
331.59196
331.84978
331.90876
331.91524
332.11144
332.37544
332.54074
332.87518
333.35530
333.35884
333.39850
333.44968
333.46804
333.47200
333.48346
333.48508
333.97528
334.94182
334.95646
335.26162
335.46112
335.47156
335.66164
335.67166
335.96134
335.97202
335.99068
336.01504
336.01864
336.31510
336.35800
336.75844
336.79438
336.97780
337.15816
337.21600
337.23430
337.27792
337.49176
337.74922
338.00710
338.31448
338.32564
338.65840
338.67406
339.05830
339.14158
339.46474
339.60880
340.06096
340.06474
340.12756
340.31848
340.34734
340.36576
340.40806
340.45078
340.59898
341.11852
341.44120
341.73394
341.87440
341.99134
342.02452
342.67750
342.92014
343.01824
343.09114
343.23484
343.32430
343.95766
344.01538
344.05414
344.07718
344.11684
344.18218
344.34088
344.61700
344.62720
344.80780
344.95456
345.02164
345.26074
345.53194
345.64084
346.00750
346.02730
346.05124
346.05592
346.28056
346.30768
346.34062
346.82416
346.88860
346.89940
346.94704
347.26468
347.55130
347.58424
347.82406
347.98078
348.00010
348.25732
349.31068
349.74070
349.82464
350.04382
350.14480
350.15254
350.57302
350.58070
350.58592
350.85046
350.85418
351.10738
351.14458
351.15094
351.46768
351.47398
351.66496
351.79348
351.79720
351.81172
352.01494
352.16056
352.16776
352.20748
352.37404
352.41382
352.41766
352.45372
352.46026
352.47112
352.62364
352.70410
352.82386
352.82698
353.23642
353.25994
353.41756
353.50384
353.51002
353.55724
353.64358
353.69068
353.74336
353.79034
353.83342
353.85730
353.93350
354.15730
354.24820
354.29086
354.79348
354.89038
354.98428
355.23340
355.24822
355.31494
355.61500
355.85728
355.87678
355.89106
356.48782
356.87404
357.11662
357.21754
357.23608
357.24064
357.25984
357.36034
357.40750
357.79846
357.80752
357.81358
357.83434
357.84046
357.90736
357.92710
357.95104
358.06018
358.46038
358.50730
358.60432
358.60744
358.75078
358.75708
358.95118
359.48392
359.48902
359.81398
359.85724
359.99092
360.17710
360.18064
360.22384
360.34738
360.43804
360.73798
360.82414
361.35766
362.34406
362.57074
362.58202
362.63578
362.64070
362.65012
362.67436
362.70562
362.86384
363.14092
363.14392
363.18394
363.20746
363.48382
363.49762
363.69400
363.69760
364.38400
364.44112
364.49902
364.75168
364.79398
364.94110
365.05096
365.12740
365.13808
365.35186
365.49916
365.52778
365.74138
365.86594
365.97148
366.20536
366.22804
366.85216
367.48540
367.53856
367.81114
367.82518
367.85830
368.05876
368.09176
368.48686
368.58262
368.84500
368.89204
368.90668
368.95480
369.05878
369.18748
369.63214
369.70198
370.73224
370.87564
371.63236
371.63944
371.66056
371.67616
371.78050
371.81896
371.82598
371.85934
371.98258
372.00622
372.06220
372.20926
372.23254
372.62326
372.66232
372.69898
372.70924
372.87622
372.96226
373.10518
373.17634
373.34302
373.38670
373.76272
373.92898
373.95244
373.95628
374.35360
374.82040
375.01024
375.02944
375.04042
375.52036
375.66022
375.70714
375.81700
375.86050
375.92086
376.02712
376.62718
376.80412
377.06074
377.46076
377.79448
377.90470
377.93362
377.93782
377.94442
377.98042
378.29464
378.42808
379.18120
379.26148
379.77820
380.17822
380.25874
380.26822
380.27836
380.28448
380.29240
380.29498
380.39494
380.74966
380.79262
380.80516
380.80726
381.26470
381.27892
381.28174
381.36862
381.53560
381.71230
381.75478
381.82174
381.88660
381.91210
382.39306
382.43674
382.60852
382.77934
383.07934
383.19892
383.21314
383.27956
383.32210
383.57056
383.70958
383.74642
383.89930
383.92312
384.51304
384.59932
384.66322
384.69928
384.70594
384.70966
384.75328
385.03264
385.08004
385.52992
385.73944
385.78654
385.84366
385.91980
385.92400
385.99672
386.11024
386.23972
386.27404
386.43328
386.78038
386.78326
386.78752
386.80024
386.99716
387.01162
387.01564
387.03058
387.09724
387.14002
387.14452
387.63070
387.70408
387.73378
387.74002
387.80194
387.97372
388.11706
388.13104
388.18390
388.23088
388.48756
388.57426
389.54194
389.61796
389.63170
389.92720
389.94178
391.12978
391.18450
391.21456
391.22950
391.27186
391.27552
391.36144
391.44862
391.54864
391.59154
391.61554
391.82908
392.16586
392.18506
392.26294
392.29150
392.30596
392.34916
392.69248
392.70214
392.73004
392.88280
393.05866
393.07372
393.09214
393.10276
393.13588
393.24928
393.45892
393.74974
393.86968
395.24668
395.73664
395.78374
396.17068
396.17296
396.19054
396.38416
396.61096
396.61264
396.87652
396.88378
396.93388
397.13398
397.46746
397.60090
397.81504
397.98658
398.07700
398.54398
398.58724
398.59108
398.60554
398.62090
398.62972
398.80120
399.01786
399.02554
399.16804
399.79702
400.13500
400.27870
400.29886
400.45462
400.62142
400.71214
400.82152
401.06872
401.14528
401.50822
402.24682
402.37918
402.72772
402.74212
403.00852
403.19530
403.22842
403.25248
403.32868
403.45282
403.88620
404.33920
404.38162
404.43934
404.44390
404.73946
404.83000
404.84866
405.03640
405.24562
405.61606
405.64420
405.65326
405.66034
405.66316
405.87274
405.90988
405.95596
405.95980
406.00318
406.34986
406.82686
406.87024
407.29714
407.43706
407.70412
407.95672
408.25558
408.27058
408.28480
408.71332
409.15702
409.20424
409.88656
409.91512
409.96882
409.97110
410.00482
410.36824
411.28786
411.32398
411.32590
411.46258
411.73102
411.88828
411.94516
411.94954
411.98212
412.24180
412.28830
412.88842
412.93132
413.00218
413.00518
413.30818
413.38864
413.77444
413.81302
413.96122
414.17524
414.24202
414.24652
414.26530
414.28636
414.34048
414.35098
414.43282
414.64672
414.65572
414.68002
414.86614
415.16236
415.19866
415.20568
415.21624
415.24228
415.46248
416.18176
416.18992
416.19622
416.19952
416.49250
416.51962
416.84728
416.96308
416.98276
416.98696
417.01972
417.17338
417.20626
417.50638
417.94006
417.98278
418.23988
418.27324
418.44046
418.64038
418.72666
418.74028
418.81666
418.85002
419.48434
419.62666
419.69350
419.77426
419.77876
420.02392
420.03724
420.16684
420.18772
420.18964
420.21346
420.69496
421.03750
421.06654
421.33480
421.34212
421.49092
421.60762
421.72456
421.82446
422.14402
422.15824
422.18104
422.45818
422.57158
422.58238
422.59408
422.60092
422.60788
422.64154
422.89168
422.90182
422.94898
423.29176
423.56890
423.88714
424.02502
424.05862
424.61566
424.72528
424.75870
425.12188
425.12554
425.31640
425.71678
425.92114
425.93242
425.97898
426.08002
426.12268
426.68524
427.24264
427.54276
427.57612
427.58974
428.00326
428.20084
428.39602
428.43376
428.52952
428.71558
428.72368
429.04378
429.07372
429.10108
429.21058
429.26308
429.34012
429.38722
429.57742
429.75304
430.30306
430.53208
430.58026
430.61674
431.16418
431.50336
431.53192
431.88970
431.89420
431.90836
431.91862
431.93626
432.10798
432.19408
432.34204
432.36094
432.43684
432.66088
432.81400
433.18078
433.20808
433.23760
433.24756
433.25524
433.26634
433.69486
434.68150
434.72842
434.85304
435.04834
435.07852
435.09220
435.12802
435.16216
435.38182
435.92566
436.47580
436.82194
437.26534
437.79382
437.79766
438.38422
438.49384
438.64606
438.89920
439.29526
439.33708
439.39978
439.40308
439.82878
439.97986
440.17570
440.19388
440.42842
440.47564
440.50294
440.75368
441.13030
441.19708
441.39706
441.44740
441.48688
441.82030
441.93046
442.35448
442.46380
442.50682
442.64092
442.65952
442.66300
442.84402
442.85512
442.85926
442.87402
442.87666
442.88338
442.91698
442.92364
443.03080
443.08354
443.56450
443.68852
443.98378
444.01750
444.23122
444.24160
444.41734
444.48892
444.55792
444.71770
444.98122
445.03780
445.04188
445.21426
445.22860
445.25710
445.26466
445.27516
445.30420
445.32688
445.47520
445.50850
445.54774
445.74676
445.81474
446.16184
446.69098
446.80096
446.81506
446.90104
446.94820
447.01504
447.20122
447.20464
447.47218
447.63460
447.64912
448.23478
448.50160
448.50538
448.55848
448.57300
448.58212
448.64866
448.77322
448.95142
449.03536
449.09908
450.35572
450.97540
451.37368
451.38910
451.44556
451.44928
451.49608
451.53268
451.55710
451.56610
451.59928
451.66132
451.66912
451.73272
451.86592
451.96594
452.13280
452.19976
452.22394
452.28556
452.37562
452.39446
452.46622
452.50552
452.50972
452.63290
452.65222
452.83288
453.52954
453.83368
453.83566
454.01032
454.48210
454.48486
454.88314
454.90018
455.20690
455.33608
455.44054
455.66560
455.66950
455.91694
456.03646
456.52324
456.55018
456.64120
456.72004
457.00708
457.22878
457.59388
458.11960
458.12302
458.39596
458.43400
458.44294
458.47654
458.56708
459.47152
459.57700
459.60508
459.62410
459.66736
459.88678
459.90064
461.20732
461.25070
461.91736
462.18412
462.18880
462.19366
462.20998
462.21760
462.33664
462.38416
462.68944
462.71758
462.73150
462.73684
462.96142
462.96304
462.98422
463.00384
463.05112
463.18420
463.27084
463.46086
463.66018
463.87066
463.92814
464.00386
464.10856
464.95720
465.50302
465.51046
465.70102
465.90112
466.03468
466.19224
466.37668
466.38508
466.39228
466.52542
466.52806
466.74472
467.12512
467.19238
467.21506
467.22568
467.27812
467.28382
467.74492
467.76394
467.76760
467.77408
468.76174
468.76540
468.77902
468.79372
468.95134
469.11790
469.16056
469.18156
469.19332
469.35094
469.37992
469.43536
469.46074
470.21404
470.21794
470.30446
470.58778
470.84848
470.90572
471.13798
471.60466
471.61084
471.61324
472.12438
472.31524
472.32106
472.34242
472.63492
472.78828
472.89256
472.95466
473.11528
473.13052
473.16076
473.19280
473.22526
474.20182
474.27778
474.95476
474.98410
475.01530
475.04200
475.34164
475.57144
475.57930
475.61842
475.89904
475.94176
475.96108
475.98202
475.98520
476.19280
476.19484
476.25190
476.26234
476.28142
476.43802
476.51860
476.86204
476.99584
477.21892
477.35254
477.74296
477.75820
477.78562
478.38262
478.62586
478.62910
479.53570
479.54596
479.55454
479.59474
480.35992
480.49600
480.51292
480.70246
481.02172
481.45534
481.70536
481.88878
481.96132
481.96954
482.05258
482.36914
482.45260
482.58586
482.71906
482.88616
482.96470
482.96920
483.38584
483.44362
483.87214
483.91930
483.94336
484.13458
484.16182
484.71574
485.02972
485.22970
485.48854
485.54956
485.63602
486.09532
486.60262
486.65248
486.67858
486.87394
487.34278
487.44214
487.45582
487.46044
487.50292
487.58890
487.75612
488.03212
488.03644
488.45722
488.70544
488.91922
489.39904
489.77224
490.39624
490.41046
490.43902
490.48600
490.54378
490.58116
490.65406
490.75858
491.00116
491.01634
491.49262
491.74576
491.97196
492.00598
492.02200
492.02530
492.06922
492.41230
492.76930
493.40254
493.56928
493.59370
493.81900
493.95562
494.59528
494.59834
494.60500
494.62360
494.65624
494.66584
494.73862
494.94244
494.96182
494.96602
495.15268
495.28132
495.32860
495.45268
495.59008
495.65236
495.69526
495.77218
495.90538
495.94798
495.95140
496.17184
496.29106
496.39636
496.41490
496.82962
496.95322
497.31172
497.31442
497.31670
497.31928
497.33842
497.35240
497.70250
497.87998
497.96908
498.00652
498.01252
498.26878
498.30256
498.34948
498.66904
498.69802
499.05556
499.18870
499.19254
499.29790
499.35544
499.65550
499.88902
499.90540
499.95256
500.08870
500.15560
500.81878
500.85544
500.88886
500.89966
500.92858
501.51922
501.80530
501.88576
501.90538
501.91912
502.09564
502.10512
502.10908
502.11280
502.11952
502.42864
502.82920
502.85890
503.04508
503.04880
503.30566
503.51662
503.56306
503.75524
503.80186
503.81638
503.90242
503.98864
504.03574
504.84940
505.32226
505.87936
506.56636
506.57602
506.60488
506.62702
506.64544
506.65588
506.99476
507.01930
507.02602
507.41926
507.44632
507.54622
507.54802
507.55264
507.59542
507.66208
508.08574
508.15276
508.17220
508.21918
508.31950
508.35574
508.40518
508.60582
508.75282
508.87216
509.11936
509.15938
509.16802
509.20558
509.41042
509.50552
510.03616
510.06334
510.63610
511.13608
511.39240
511.47226
511.68892
511.72270
511.80262
511.94662
511.95130
511.96936
512.26930
513.12226
513.13666
513.27262
513.31936
513.35272
513.75274
514.18582
514.28608
514.39558
514.45282
514.53916
514.81912
515.37274
515.38642
515.52970
515.54392
516.21214
516.25342
516.26362
516.26740
516.26932
516.90280
517.20298
517.50316
517.88920
517.97938
517.99072
518.12266
518.16556
518.16976
518.20330
518.46628
518.48914
518.86978
518.96980
518.99608
519.04684
519.05998
519.06292
519.11326
519.48628
519.49288
519.73312
519.73666
519.74008
519.88654
520.28620
520.65292
520.94710
520.97236
521.10568
521.13022
521.23000
521.42056
521.43010
521.64010
521.83000
521.90578
522.54922
522.56062
522.70600
522.73906
522.77896
523.10278
523.13632
523.40704
523.40902
523.86958
523.93630
524.51260
524.52292
524.93620
524.94580
524.95564
524.99398
525.02242
525.18016
525.22294
525.51964
525.63622
525.80992
526.33906
526.41958
526.44418
526.44730
526.50958
526.55290
526.63954
526.86280
526.86688
527.10604
527.31994
527.45314
528.13918
528.16306
528.17674
528.28204
528.30352
528.38296
528.55006
528.76972
529.47724
529.73020
529.76980
529.80346
529.93678
529.97266
530.06974
530.26504
530.28928
530.32258
530.32720
530.49394
530.53024
530.78020
530.79442
530.86534
530.87008
531.48934
531.99964
533.18650
533.19700
533.21320
533.32954
533.35360
533.38642
533.41984
533.43022
533.43382
533.47756
533.53960
533.57278
533.68666
533.75812
533.83942
533.86378
533.97292
534.08662
534.16384
534.32020
534.56548
534.57310
534.59734
534.62722
534.63670
534.93016
534.93646
534.94000
534.97000
535.13038
535.27006
535.40176
535.40656
535.59730
535.62304
535.62670
536.09416
536.13646
536.13964
536.14660
536.16556
536.35618
536.43310
536.61364
536.72272
536.99338
537.01264
537.04702
537.18928
537.35608
537.37264
537.38368
537.41338
537.41662
538.08958
538.58650
538.68652
538.72978
538.73380
538.76266
538.91980
539.13940
539.14300
539.15314
539.18680
539.36248
539.37310
539.42002
539.42752
539.50606
539.54326
539.57266
539.57650
539.60638
539.62312
539.63026
539.76304
539.79724
539.80588
539.80990
539.91088
539.94262
540.01984
540.30622
540.34420
540.51982
540.55954
540.67672
540.74950
540.75946
540.77374
540.78034
541.00318
541.24054
541.47958
541.55320
542.02924
542.10298
542.40310
542.63626
542.78926
542.82268
542.83618
542.89396
542.98006
543.17524
543.19426
543.20908
543.21328
543.23254
543.25192
543.48958
543.53638
543.70960
544.19374
544.31302
544.32868
544.33936
544.47610
544.51984
544.59634
544.71928
544.84270
545.14270
545.31964
545.36302
545.46700
545.53918
545.93920
546.10588
546.11482
546.35320
546.39628
546.54976
546.57868
546.71638
546.91294
547.03546
547.18888
547.22596
547.23220
547.71190
548.21266
548.33626
548.65546
548.72668
548.99224
548.99608
548.99986
549.00856
549.64312
549.70840
549.75226
549.84220
550.11874
550.50514
550.55254
550.99570
551.04262
551.38528
551.42908
551.44294
551.45344
551.51506
551.57776
551.76832
551.80144
551.81512
551.83504
551.87116
551.88178
552.24400
552.36832
552.66820
552.68476
552.74422
552.75436
552.78796
552.80194
552.82084
552.86344
552.86818
552.88792
552.90154
553.21096
553.51120
553.55416
553.94806
553.99408
554.10730
554.11174
554.14432
554.15122
554.17450
555.16042
555.32788
555.33112
555.33730
555.68446
555.71314
555.82828
556.20982
556.21468
556.23412
556.51456
556.53340
556.56772
556.70056
556.87672
557.13394
557.46718
557.47054
557.49250
557.50048
557.55034
557.55334
557.56288
557.56738
557.66716
558.19144
558.53998
558.54388
558.55762
558.57334
558.61702
559.03606
559.08340
559.40656
559.43608
559.47664
559.61680
559.66390
559.76944
560.05012
560.34976
560.46004
560.54968
560.90728
560.93290
560.93626
560.97574
561.27550
561.29530
561.34732
561.36604
561.39070
561.53284
561.69868
561.96898
561.97564
562.03888
562.19464
562.27654
562.29496
562.77568
563.13844
563.16124
563.17600
563.46268
564.23500
564.33892
564.38218
564.43246
564.44458
564.64882
564.68212
564.97900
564.98254
565.01836
565.19254
565.48222
565.52554
565.55956
565.59238
565.84882
566.05516
566.11768
566.20612
566.21326
566.22736
566.23954
566.43220
566.91220
566.95588
567.23188
567.79042
567.79498
567.79846
567.82834
567.84214
567.87166
568.37806
569.61466
569.65744
569.68900
569.69374
569.70460
569.70856
569.72416
569.76748
569.91484
569.95852
569.96464
570.21022
570.23140
570.23890
571.19788
571.67380
572.16484
572.23378
572.35468
572.44150
572.44546
572.48416
572.68408
572.77486
572.86444
572.91322
573.08866
573.11710
573.12208
573.13150
573.24076
573.63382
573.67450
573.67660
574.10044
574.11202
574.22398
574.63372
575.24158
575.49448
575.53378
575.62480
575.65780
576.13396
576.39118
576.56734
576.61378
576.63076
576.63754
576.70018
576.71602
577.57834
577.91152
577.95124
577.99750
578.04478
578.10712
578.28448
578.66440
578.75044
578.92474
578.94484
578.98402
579.05062
579.06460
579.27358
579.30400
579.55726
579.68398
580.22206
580.23214
580.23928
580.25062
580.63378
580.65058
580.70086
581.03716
581.04784
581.54542
581.54758
581.55070
581.55814
582.08440
582.13804
582.34816
582.37780
582.38482
582.61462
583.02424
583.03924
583.04974
583.09162
583.66780
583.94830
583.96414
583.96870
583.99816
584.22196
584.22916
584.34532
584.45986
585.13156
585.16522
585.42286
585.46534
585.52720
585.65548
585.78454
585.99196
586.01794
586.19866
586.38148
586.64206
586.66738
586.96252
587.21794
587.22496
587.23444
587.33194
587.69536
588.27208
588.30796
588.38872
588.66562
588.80200
588.82942
588.86296
588.87226
589.02502
589.46872
590.91262
591.10252
591.45856
591.46864
591.47632
591.60706
591.65236
591.70228
591.73816
591.75982
592.04656
592.36618
592.45636
592.46620
592.48570
592.52878
592.63282
592.99000
593.01916
593.04664
593.08306
593.21902
593.43322
593.72914
594.01960
594.06202
594.41650
594.45298
594.48616
594.64360
594.87724
595.13782
595.15954
595.16350
595.16650
595.47736
595.51696
595.51990
595.67368
595.67710
595.85956
596.07376
596.22640
596.55358
596.70046
596.70226
596.80726
596.87392
597.22684
597.45052
597.50086
598.06462
598.06750
598.09396
598.35082
598.48420
598.49488
598.52368
598.56148
599.14786
599.20408
599.43742
599.55268
599.58178
599.63764
599.71810
599.80900
599.99164
600.66382
601.01104
601.01848
601.02508
601.36864
601.38286
601.38664
601.40176
601.41526
601.41826
601.45870
601.59184
601.77796
602.18266
602.29294
602.40214
602.41246
602.70262
602.72158
602.72644
602.73046
602.76886
602.89312
603.13564
603.75532
604.52698
604.63786
604.66930
604.67974
604.70266
604.95280
604.95898
605.02246
605.44282
605.54374
605.56072
605.70568
605.73640
605.77624
605.86060
606.18664
606.21544
606.21988
607.10080
607.14730
607.15348
607.38694
607.58626
607.59610
607.63966
607.78702
608.04016
608.08702
608.59762
608.62054
608.74474
608.74630
608.76304
608.89048
608.96434
609.04042
609.07348
609.09748
609.39790
609.54496
609.82726
609.84652
609.84910
609.86494
609.86848
610.19044
610.20460
610.42366
610.47406
610.77124
611.51860
611.59090
611.94736
611.99770
612.13828
612.44296
612.57928
612.59104
612.69118
613.26340
613.41898
613.58230
613.69156
614.04946
614.19172
614.33008
614.53168
614.88910
614.96356
614.96548
615.00604
615.01276
615.33658
615.37894
615.52288
615.53200
615.69250
615.88654
615.91618
615.92230
616.08940
616.66048
616.67302
616.75306
616.98616
616.99090
617.26564
617.45626
617.97610
618.14638
618.21982
618.42010
618.44746
618.45676
618.62380
618.93388
619.06732
619.17676
619.20058
619.20658
619.28302
619.64980
619.66768
620.27668
620.60752
620.62396
620.63146
620.63602
620.76370
620.84062
620.99746
621.19336
621.22684
621.27400
621.38350
621.43390
621.50734
621.55102
621.55468
621.70780
621.84070
622.14088
622.30768
622.36546
622.41772
622.59856
622.67452
622.68526
622.68916
622.73662
623.09428
623.14132
623.68144
623.93812
624.16120
624.48172
624.87796
624.88204
624.88552
625.07800
625.31140
625.32526
625.43242
625.43764
625.43950
625.45810
625.69204
626.00578
626.05906
626.22586
626.40568
626.42206
626.42560
626.85892
626.97856
627.00202
627.12604
627.15148
627.17320
627.25942
627.30640
627.34618
627.41650
627.52606
627.64576
627.95938
628.00342
628.06936
628.08652
628.27930
628.40344
628.44580
628.50976
629.01754
629.46136
629.76994
629.83312
629.90254
630.17986
630.19084
630.30424
630.33736
631.07614
631.09126
631.38502
631.69708
631.70176
631.91524
631.92466
632.27740
632.32060
632.41102
632.46880
632.82802
632.85424
633.08878
633.36454
633.43594
633.63088
633.79798
633.84496
633.85534
633.91114
634.14508
634.18774
635.68528
635.69548
635.72158
635.72776
635.90470
636.00898
636.01246
636.30514
636.46264
636.48556
636.51526
636.56224
636.60928
636.96538
636.97384
636.98074
636.99592
637.00630
637.00930
637.03876
637.08208
637.29598
637.31494
637.59610
637.61524
637.91956
637.96732
638.19670
638.38732
638.49676
638.62984
638.90704
639.10096
639.59386
639.59680
640.08028
640.58824
640.59460
640.62190
641.24128
641.27062
641.55040
641.58424
641.59000
641.64754
641.88604
641.95108
641.96674
642.34780
642.43126
642.46756
643.17490
643.33120
643.33756
643.34830
643.44526
643.66780
643.72558
643.74838
643.92544
644.02864
644.05786
644.06794
644.13490
644.22574
644.58202
644.71576
644.84866
645.01558
645.05830
645.36880
645.64012
645.74920
646.23142
646.24030
646.44190
646.48258
646.63264
646.80232
646.81318
647.83588
647.91790
648.25756
648.43336
648.87598
648.90040
649.13368
649.17628
649.21984
649.50058
649.82002
649.96732
650.33434
650.55766
650.59192
650.84428
650.92042
650.95402
651.03466
651.16810
651.20410
651.23446
651.46468
651.57844
651.95152
652.14556
652.15906
652.16062
652.28782
652.37866
652.59832
652.86502
652.87174
652.93198
652.93630
653.17144
653.17936
653.18806
653.37916
653.93218
653.96860
654.45232
654.69004
654.81916
654.96622
654.98260
655.16962
655.30948
655.82026
655.82422
656.10586
656.12014
656.15344
656.19592
656.23930
656.43994
656.44432
656.46688
656.70622
656.99734
657.15376
657.51154
657.58732
657.60658
657.73996
658.09768
658.13740
658.22074
658.34032
658.39798
658.46476
658.58512
658.59682
658.60426
658.60738
658.66168
658.85434
658.97386
658.99840
659.06056
659.06428
659.13064
659.23156
659.34088
659.47384
659.52418
659.94124
660.10480
660.19084
660.19498
660.21268
660.22168
660.77170
660.77512
660.83854
660.87166
660.92956
661.16596
661.22878
661.35820
661.37638
661.58236
661.97236
662.03914
662.04676
662.05822
662.23930
662.25850
662.32522
662.32918
663.08314
663.09718
663.17290
663.37288
663.43972
663.53992
663.76300
664.07326
664.33096
664.44016
664.87012
665.43172
666.11404
666.16816
666.19072
666.48454
666.49108
666.51820
666.52792
666.58972
667.27606
667.65448
667.71892
667.75840
667.79470
667.85812
668.14846
668.16904
668.34448
668.37268
668.81638
668.83474
668.86330
669.05884
669.25852
669.27292
669.33484
669.48334
669.50134
669.60568
669.89224
670.39270
670.46968
670.49404
670.51204
670.57888
670.72624
670.87486
670.91620
671.19886
671.20348
671.21734
671.28946
671.47906
671.60968
671.64628
672.07972
672.15124
672.49384
672.70702
673.16056
673.21066
673.25152
673.27696
673.32370
673.32676
674.13376
674.16730
674.21074
674.34646
674.36716
674.47726
674.50660
674.52430
674.72026
674.97778
675.01072
675.85402
676.58848
676.61824
676.62208
676.64464
676.65544
676.66462
676.71184
676.93084
676.98418
677.09800
677.16964
677.46478
677.55514
677.99866
678.01252
678.69844
678.96508
679.02292
679.36546
679.53874
679.69516
679.70314
679.71556
680.06284
680.27338
680.34934
680.35144
680.35402
680.53738
680.74372
680.97352
680.97718
681.02992
681.06328
681.42994
681.45442
681.73048
681.74950
682.03822
682.19746
682.23034
682.26358
682.41670
682.58380
682.59082
682.61698
682.69876
682.70656
682.71682
682.73050
682.85044
683.08354
683.14540
683.15056
683.17438
683.25532
683.27374
683.28502
683.32084
683.43070
684.16732
684.17020
684.18892
684.48142
684.48910
685.29526
685.30498
685.35244
685.88176
686.01514
686.02930
686.17234
686.18950
686.39890
686.84890
686.94532
686.94886
686.95528
687.28234
687.39178
688.18732
688.47760
688.49230
688.56496
688.70254
688.70968
688.71748
688.80718
689.04058
689.14558
689.14978
689.40748
689.55100
689.88316
689.94748
690.43330
690.66982
691.11982
691.12360
691.42366
691.56706
691.61398
691.65070
691.68970
691.73380
691.85998
691.86712
691.95712
691.96318
692.41006
692.73412
692.80462
692.83414
692.94358
693.22084
693.42058
693.43900
694.03570
694.16788
694.36324
694.37746
694.42168
694.47562
694.51174
694.70770
695.14108
695.17306
695.58802
695.91214
695.94166
695.95060
696.05194
696.13510
696.14584
696.23224
696.50866
696.57796
696.59296
697.08550
697.34314
697.58536
697.67176
697.87180
698.11024
698.19544
698.37184
699.20542
699.50032
699.50242
699.75562
700.07266
700.13020
700.43038
700.49704
700.93948
700.96990
701.02654
701.07010
701.17978
701.18326
701.19730
701.27008
701.40328
701.85076
701.87314
701.90044
702.07960
702.16006
702.36418
702.50344
702.55648
702.62188
702.63244
702.87070
702.88684
703.19326
703.81396
703.85692
704.15824
704.17408
704.32852
705.00088
705.04432
705.31996
705.32440
706.38814
706.53544
706.79752
706.98748
707.00164
707.14132
707.37442
707.58856
707.60818
707.99482
708.04150
708.05512
708.06928
708.17464
708.23134
708.47500
708.85108
708.87994
708.96520
709.02214
709.30840
709.48912
709.49950
709.56628
710.30590
710.53792
710.55628
710.57200
710.63920
711.17260
711.47266
711.51550
711.52708
711.60604
711.83938
711.95326
711.96826
712.25374
712.40650
712.42654
712.43974
712.52602
713.04028
713.20708
714.21730
714.43132
714.50974
714.51418
714.72664
715.57114
715.61410
715.61770
715.71490
716.37412
716.41024
716.41396
716.42434
716.46796
716.48176
716.50456
716.74372
716.85748
717.59098
717.68344
717.68740
717.78226
718.26838
718.61212
718.87342
718.87738
719.14204
719.24116
719.48848
719.49160
719.52460
719.59792
719.64136
719.68408
719.94154
720.07462
720.08794
720.26836
720.27490
720.29422
720.54154
720.54586
720.57760
720.58900
720.61762
720.62464
720.62758
720.83236
720.84634
720.86116
720.96106
721.14160
721.30372
721.31806
721.33684
721.34680
721.36102
721.46614
722.09464
722.21890
722.64856
723.03454
723.16210
723.36142
723.36646
723.39934
723.47830
723.59086
723.99658
724.24510
724.34908
724.35898
724.36702
724.43482
724.60156
724.64476
724.66342
724.67452
724.78786
724.87438
724.88212
724.98316
725.00254
725.01184
725.24218
725.25898
725.34868
725.39248
725.48740
725.50162
725.75122
725.77858
725.79238
725.82580
725.90284
725.97556
726.15010
726.17836
726.26962
726.35908
726.37942
726.38314
726.66034
726.88948
727.38526
727.47586
727.64206
727.66630
727.94260
727.97590
728.05192
728.09524
728.56186
728.66716
728.67598
728.71966
728.83372
729.04258
729.19108
729.22924
729.66238
729.85324
730.17646
730.44010
730.47298
730.83538
730.83976
730.87900
731.13982
731.56906
731.71258
731.72644
731.84008
731.86900
731.92660
731.96242
731.97376
732.14596
732.22666
732.23716
732.25546
732.25978
732.49366
732.63310
732.66928
733.05094
733.07026
733.11274
733.17952
733.32700
733.45120
733.51282
733.54210
733.66624
733.67746
733.68442
733.70014
733.81300
734.02732
734.31802
734.47102
734.95300
734.97994
735.02812
735.04288
735.07714
735.16054
735.41074
735.48658
735.81034
735.84376
736.00312
736.01062
736.01806
736.03660
736.07290
736.08622
736.58722
736.60402
736.61140
736.67734
736.84426
736.88776
737.09404
737.16382
737.18698
737.35438
737.60176
737.67778
737.76106
737.97424
738.15502
738.19738
738.38026
738.61798
738.62152
738.64120
738.86104
738.97504
739.06444
739.07440
739.11130
739.40380
739.44166
739.46110
739.50358
740.10412
740.19454
741.13366
741.16162
741.69076
741.72220
742.07710
742.11478
742.24828
742.48768
742.50544
742.59160
742.60234
743.00176
743.01640
743.02438
743.46508
744.12142
744.24562
744.34534
744.46486
744.67294
744.70762
744.72184
744.72898
745.10782
745.14556
745.15924
745.45264
745.47916
745.63684
746.02294
746.57956
746.60524
746.91928
747.39604
747.46276
747.55294
747.92914
748.15282
748.17328
748.18174
748.19284
748.22950
748.25950
748.44910
748.65550
749.42998
749.47324
749.58268
749.92612
750.43624
750.52696
750.55552
750.59098
750.92698
751.07074
751.58392
751.59334
751.99912
752.43262
752.96326
753.13744
753.14296
753.15592
753.16312
753.16612
753.29644
753.34660
753.35722
753.47266
753.51580
753.54286
754.34320
754.34656
754.35310
754.36732
754.37188
754.37356
754.44922
754.45282
754.74346
754.74664
754.77268
754.81606
754.85374
755.03002
755.18236
755.28748
755.88256
755.90644
756.01630
756.65590
756.92686
756.94030
757.04626
757.33744
757.34008
757.71310
757.73152
757.77514
757.80406
757.87948
758.01286
758.21758
758.67994
758.94898
759.31330
759.39010
759.66292
759.68260
759.70012
759.71926
759.89020
760.12990
760.19614
760.34902
760.41928
760.56304
761.06278
761.42056
761.50660
761.80018
761.81020
762.01690
762.08728
762.70282
762.70642
762.70978
762.71614
763.04632
763.11280
763.67614
764.58634
764.60872
764.69968
764.92966
765.15664
765.27988
765.30028
765.50836
766.16320
766.26322
766.56346
766.61590
766.63000
766.70710
766.86310
766.86664
766.91032
767.44936
767.59654
767.80600
767.98288
768.04420
768.17410
769.24660
769.37890
769.39978
769.57744
769.59328
769.60372
769.60720
769.62274
770.21338
770.28388
770.38024
770.47984
770.48944
770.88040
771.42886
771.73366
771.73798
771.86650
772.09984
772.38046
772.48564
772.70764
772.73338
772.73968
772.74418
772.75060
772.75768
772.89700
773.04364
773.04700
773.28946
773.32660
773.32906
773.33314
773.33656
773.34388
773.34700
773.35768
774.56422
774.68824
774.71686
774.81682
774.95494
775.35004
775.36102
775.45018
775.45516
775.55524
775.61734
776.17474
776.59774
776.60836
776.62348
776.94766
777.26560
777.31402
777.91492
778.04788
778.24786
778.31920
778.51444
778.68124
778.74820
778.83418
778.86484
779.04814
779.15812
779.16226
779.17264
779.24830
779.30116
779.39200
779.41480
779.69206
779.76034
780.03184
780.26518
780.30562
780.33472
780.73162
780.74878
780.80134
780.90796
781.53208
782.03212
782.07484
782.26996
782.28184
783.36592
783.39562
783.44320
783.44662
783.66604
784.04824
784.19644
784.57666
784.59520
784.60588
784.60912
784.77652
784.79164
785.05252
785.15242
785.59258
785.77672
785.78302
785.78602
786.14530
786.14992
786.15646
786.16396
786.18340
786.19306
786.61048
786.65902
786.91684
786.95722
786.98800
786.98992
787.01380
787.01818
787.05010
787.12612
787.28338
787.35040
787.42654
787.43080
787.44112
787.45894
787.58362
787.62628
788.33074
788.57758
789.14422
789.15112
789.17014
789.20338
789.35092
789.36580
789.47032
789.65746
789.92380
789.92980
789.94300
790.06726
790.10272
790.14364
790.50076
790.54342
790.62034
790.63426
791.00350
791.05408
791.16760
791.39398
791.63452
791.67112
791.67826
791.68192
791.71096
791.76766
791.96788
792.14476
792.34492
792.44200
792.46144
792.64492
793.07830
793.29904
793.42078
793.45108
793.77844
794.12752
794.14180
794.44156
795.08488
795.45172
795.71842
795.72784
795.74278
795.74722
795.80476
795.81118
795.81508
795.90460
796.01842
796.05832
796.06234
796.09522
796.14922
796.57624
796.59844
796.65226
796.67158
796.87162
796.97194
797.01520
797.05822
797.16748
797.17156
797.35192
797.36278
797.40964
797.43430
797.43862
797.80516
797.81128
797.81572
797.81932
797.83024
797.83540
797.84530
798.54892
798.60208
798.73528
798.84574
799.92796
799.95880
799.96576
799.97914
800.05228
800.13208
800.81320
800.83348
801.00904
801.26596
801.28600
801.40252
801.64654
801.65146
802.20922
802.22374
802.26196
802.73872
802.75270
803.16292
803.60638
803.65318
803.83924
803.97232
804.22516
804.41986
804.45586
804.84994
805.23610
805.25044
805.32634
805.40284
805.68346
805.69312
806.16994
806.32246
806.36968
806.62288
807.92014
807.92782
808.02994
808.22020
808.36756
808.37680
808.38664
808.40896
808.75672
809.02504
809.02954
809.07298
809.08690
809.09614
809.13340
809.18704
809.35378
809.39626
809.58682
809.80024
809.82070
810.05362
810.08704
810.37708
810.42970
810.45142
810.48730
810.74470
810.84040
810.85504
810.87322
810.87772
810.96718
811.22050
811.98862
812.18014
812.18404
812.71798
812.75110
812.81434
812.90848
813.40396
813.51754
813.52054
813.52348
813.52834
813.55690
813.60406
813.61462
813.63736
813.64780
813.95680
814.00402
814.07080
814.10392
814.11424
814.26178
814.54978
814.56328
814.73746
814.74406
814.94284
815.52982
816.02092
816.40690
816.41056
816.85420
817.07362
817.37368
817.52092
817.72432
817.95448
817.99672
818.94040
819.03742
819.13114
819.14692
819.34258
819.35002
819.58072
819.63028
819.63754
819.64522
819.83746
820.48480
820.49098
820.50016
820.53046
820.54810
820.59040
820.64032
820.73434
820.89538
820.91374
820.91764
821.10466
821.42392
822.12394
822.45754
822.66340
822.87058
822.96832
822.99040
822.99778
823.25446
823.54966
823.56370
823.74064
823.74814
823.85002
824.21212
824.28430
824.29072
824.48878
825.37426
825.51826
825.70888
825.79960
825.81784
825.82402
825.82780
826.24576
826.26688
826.27012
826.32826
826.35610
826.55128
826.93792
827.21482
827.32426
827.35786
827.40490
827.47132
827.85712
827.90506
828.01498
828.45448
828.93034
828.94198
829.04056
829.35466
829.44454
829.48798
829.74094
829.87420
829.95532
829.95886
830.04082
830.17414
830.54080
830.60764
830.61700
830.62150
830.65744
830.66440
830.83186
830.94112
831.02422
831.02770
831.03490
831.19852
831.39832
831.52798
831.71824
832.31404
832.44232
832.45792
832.72912
832.79074
833.07178
833.15746
833.17150
833.58082
834.03076
834.19066
834.33502
834.78802
834.83074
834.88054
835.48816
835.96450
835.98340
835.98784
836.26510
836.37400
836.45452
836.47900
836.54074
836.97898
837.09364
837.16078
837.16492
837.16810
837.24454
837.26602
837.27364
837.98068
838.20460
838.33786
839.20468
839.28106
839.59072
839.65762
839.69068
840.08164
840.16204
840.16870
841.04452
841.34092
841.49716
841.62112
841.64980
841.65442
841.67638
841.73098
841.92514
842.00692
842.18308
842.22616
842.25778
842.55442
843.06490
843.10738
843.39034
843.63766
843.73078
843.79012
844.30414
844.37074
844.82350
844.87090
844.99030
845.22436
845.22832
845.55724
845.89108
846.11770
846.12952
846.15220
846.15394
846.15712
846.16756
846.18724
846.38770
846.39034
846.41014
846.43714
846.55396
846.98128
847.00684
847.05448
847.28716
847.29796
847.30390
847.39654
847.61176
847.77838
847.82368
847.85698
847.97338
848.04040
848.11432
848.27350
848.28772
848.32378
848.33086
848.59720
848.63086
848.68420
848.69734
848.83114
849.12718
849.43120
849.92710
849.94618
849.97054
849.97450
850.14682
850.15288
850.15516
850.16116
850.16722
850.22278
850.27030
850.34770
850.45660
850.48696
850.58998
850.87804
850.88998
850.89358
850.98994
851.10406
851.19016
851.25646
851.28064
851.94352
851.94736
851.95822
851.98714
852.06310
852.38704
852.68680
852.83170
852.84358
853.05346
853.16380
853.53040
853.55632
853.62670
853.78348
853.85332
853.86370
854.14600
854.19334
854.47420
854.97010
854.97310
855.09406
855.11260
855.18682
855.25354
855.26950
855.38032
856.01362
856.07998
856.12276
856.13020
856.40332
856.49386
856.59412
857.11366
857.52376
857.66632
857.68900
857.72896
857.79562
857.85304
857.89570
857.95300
858.11980
858.13900
858.21100
858.21580
858.25522
858.33892
858.37234
858.61954
858.65302
858.71944
858.78634
858.82894
858.90598
858.97738
859.18624
859.33918
859.49248
859.57270
859.81630
860.06938
860.07736
860.13604
860.46316
860.69380
860.71198
860.72248
860.76970
860.80546
860.85544
860.93608
861.03622
861.26938
861.29392
861.31636
861.32722
861.35608
861.36304
861.39244
861.40276
861.40582
861.65560
861.93610
862.06042
862.31320
862.74622
862.91944
863.05264
863.11498
863.13340
863.22202
863.50000
863.83894
864.44356
864.50530
864.98674
864.99022
865.04032
865.31566
865.31956
865.44970
865.61206
865.70578
865.74976
866.10280
866.21674
866.86882
866.88352
867.10252
867.21946
867.23944
867.24640
867.25918
867.51286
867.68476
867.68890
867.72208
867.78892
867.90556
867.91288
867.95590
868.08904
868.13266
868.26940
868.52224
868.78180
868.78600
868.81198
869.41324
869.41936
869.44252
869.48590
869.81956
869.82838
870.17224
870.18598
870.20542
870.21490
870.33880
870.38590
870.81910
870.87226
871.24282
871.28656
871.30540
871.30936
871.44742
871.54360
871.96324
872.03608
872.03872
872.40262
872.50270
872.65552
872.70256
872.74462
872.89618
873.27964
873.32968
873.40264
873.61816
873.63292
873.64540
873.66040
873.66478
873.90256
873.91324
873.92230
873.93616
874.34638
874.77628
874.77940
874.78888
874.79542
875.07958
875.41918
875.55544
875.69518
875.85250
876.14830
876.17704
876.45286
876.54640
876.61228
876.72370
876.73870
876.75334
876.83884
877.02964
877.31002
877.31692
877.32196
877.43896
877.52962
877.70602
877.73494
877.78606
877.96930
878.03896
878.27560
878.27902
878.46928
878.51944
878.74534
878.77924
878.81224
878.86924
879.25270
879.28372
879.49270
879.53590
879.75556
879.78898
879.86878
879.87208
879.92704
879.96490
880.05550
880.42906
880.46614
880.64380
880.67986
881.55244
881.66614
881.68906
881.74660
881.85238
881.91922
882.21478
882.28588
882.51898
882.58588
882.95266
882.95506
882.96664
882.97948
883.02586