0.21778
1.32892
1.41844
3.34354
3.37438
3.37984
3.42316
3.53140
3.56956
3.69388
3.76024
3.90124
3.94174
3.98908
4.12582
4.14358
4.22494
4.48936
4.73404
4.96330
5.35984
5.63398
5.68408
5.68732
5.97916
6.48412
6.49294
7.03516
7.21684
8.61436
9.43288
9.45082
10.00528
10.25230
10.25878
10.34212
12.12508
12.24124
12.32488
12.44626
13.81066
14.13808
14.50846
15.02194
15.05764
15.06058
15.18166
15.22414
15.25456
15.31168
15.33172
15.46078
15.49552
15.61534
15.81484
15.81646
15.88012
15.95002
16.03810
16.04980
16.19074
16.32652
16.66360
16.90498
16.97656
17.07010
17.21788
17.29354
17.30380
17.41456
17.54368
18.18556
18.18772
18.24808
18.27958
20.50372
20.62342
20.72350
23.27326
23.48692
24.09286
25.11538
25.36270
25.37260
25.47004
25.75300
25.81912
25.83940
26.16364
26.58034
26.61346
26.99716
27.22588
27.29698
27.45934
28.78690
29.03278
29.06332
29.16334
29.41312
31.34224
34.10266
35.25268
36.30586
36.37216
36.52954
36.89170
36.93184
36.98242
37.06462
37.08130
37.08640
37.28638
37.50844
37.64908
37.65814
37.91878
37.94848
37.99600
38.00314
38.77498
38.95804
39.35548
40.51486
41.63392
44.09572
44.42422
46.53454
46.85716
47.02624
47.05504
47.05990
47.21122
47.64562
47.79304
47.82460
47.90506
48.70846
48.73828
49.06060
49.18126
49.33810
49.91068
50.90506
51.28666
53.78842
53.94124
55.40794
56.39782
56.61262
57.32434
57.94576
58.03192
58.85140
59.00506
59.41702
59.91568
60.12964
60.15826
60.94498
61.29166
61.89154
62.22478
62.24932
62.33176
62.73394
63.30796
63.34492
63.72154
64.60528
66.26260
67.84546
68.97436
69.16420
69.17140
69.57892
69.71254
69.72184
69.74860
69.75484
69.81952
69.95626
70.00348
70.00846
70.02166
70.08160
70.08796
70.47148
70.54834
70.63840
70.94590
70.94788
70.95982
71.01106
71.02870
71.10478
71.29444
73.48048
74.75470
75.80584
75.81520
76.19110
76.43056
77.13400
77.88790
77.95156
78.35602
78.67786
79.05784
79.88500
79.88794
80.04736
80.49574
80.51392
80.55490
80.71222
80.81668
81.03442
81.12004
81.22912
81.31252
81.47914
81.51526
81.53476
81.65182
81.82900
81.83524
81.96526
81.97504
82.19116
82.21528
82.27138
82.33084
82.47160
82.51252
82.62826
82.69780
83.02906
83.03098
83.08834
83.13826
83.54230
83.57926
84.39250
85.05520
87.57520
87.67846
89.06290
89.66314
89.71114
90.88462
91.37980
91.40344
92.50864
92.78614
94.66276
95.27266
96.26338
96.26794
96.69568
97.28044
97.45282
99.85876
101.64976
101.77552
101.80330
102.25270
102.25588
102.46618
103.04410
103.04836
103.15600
103.39216
103.47232
103.78204
103.86016
103.88914
104.54830
104.58724
104.58958
104.74198
104.87920
107.38036
108.39226
108.46804
109.23958
109.73788
110.12584
113.58184
114.10150
114.29554
114.35890
114.62032
114.68500
114.76552
114.89074
115.02718
115.04668
115.16962
115.19056
115.38046
115.45612
115.48684
115.49704
115.61344
115.81834
115.85620
115.89670
116.10964
116.13952
116.27290
116.72596
116.98948
117.07600
117.34996
117.48040
117.48322
117.57286
118.33012
118.34266
118.96390
120.05146
121.34992
125.60398
125.60650
125.72716
125.82640
126.16384
126.16684
126.68980
127.00912
127.30642
127.42342
127.50676
127.73254
127.81396
127.83094
127.85680
128.09464
128.13976
128.20312
128.29546
129.48376
129.55660
129.79606
131.08090
132.35308
132.81040
133.63126
134.14030
134.24680
134.44084
135.40066
137.01484
137.20540
137.38156
137.67844
138.18352
138.57424
138.68164
138.68920
139.82452
139.83058
140.05756
140.11990
140.69236
143.18308
143.18578
144.01306
145.52668
145.59550
145.66918
146.33200
146.94250
147.23212
147.67636
148.38940
148.89574
148.91866
149.00026
149.06968
149.32150
149.32318
149.47408
149.77642
149.93362
149.99080
150.24952
150.29566
150.55042
150.56092
150.63670
150.66250
150.77020
150.94006
150.94936
150.98410
151.02352
151.80688
153.85768
154.39396
155.08516
156.10468
160.22182
160.46158
161.49046
161.56948
161.63578
161.66140
161.75530
162.04798
162.11164
162.11638
162.57856
162.62614
162.66196
162.66592
162.80872
163.08010
163.08610
163.44226
163.44970
163.62388
163.82440
163.82836
164.73634
165.07900
165.16252
165.71248
166.15948
166.25596
166.71280
167.18668
167.32192
167.35522
168.71446
169.77472
169.82500
169.83262
171.17356
171.34384
171.52378
171.58870
171.87652
172.00600
172.02058
172.12708
172.23430
172.26634
172.77040
172.82728
173.02528
173.32972
173.46322
173.76964
173.82016
173.92060
174.46636
174.82972
174.85420
176.23840
177.42514
177.45442
177.72100
177.72742
179.13340
180.00154
181.14508
181.93966
182.36032
182.48224
182.53384
183.22738
183.25666
185.16466
185.23750
187.72372
189.40552
190.04458
190.10536
193.68658
193.70860
194.41510
194.55118
194.63902
194.77438
194.85760
194.94568
195.43492
195.47260
195.62746
195.63934
195.75850
195.76528
195.77668
196.02568
196.46566
196.56244
196.68220
196.72282
196.81858
197.16070
198.90904
200.10196
200.11828
200.13958
200.14894
202.23544
202.48846
203.27308
203.27782
204.54748
204.55252
205.12972
205.18270
205.24912
205.26598
205.35298
205.65226
205.66174
205.68268
205.78228
205.87966
205.95670
206.43772
206.51626
209.57380
209.64808
210.15694
211.49050
212.95294
214.65748
214.66426
215.62306
215.82424
216.09040
216.35974
216.36658
216.48130
216.83374
216.97204
216.99382
217.00780
217.26706
217.29700
217.36066
217.54372
217.80508
218.03776
218.18716
219.72442
220.21072
220.27918
220.75744
220.97140
224.19586
226.39168
226.48174
226.68172
226.89028
226.93000
226.98754
227.07532
227.10184
227.18416
227.36260
227.51242
227.65990
227.94430
227.95366
228.06742
228.15574
229.26466
231.03670
232.19548
232.37950
233.32018
234.78718
234.79426
235.24144
235.39804
235.45990
236.89342
236.90992
236.96962
237.11752
237.12946
237.16006
237.60352
238.28440
240.37510
242.36104
242.94484
243.57520
243.59164
243.69646
244.33054
244.89868
245.39164
245.76142
246.69202
247.46884
247.50094
247.73848
247.74196
247.78126
248.81764
248.96008
248.97040
248.99974
249.10822
249.12940
249.13420
249.13840
249.14818
249.22774
249.29818
249.54622
249.87964
249.94156
250.04944
250.10482
250.18048
250.19164
250.20994
250.29160
250.54570
250.55392
250.89616
251.16748
252.93730
253.81018
254.93134
255.25366
257.52880
257.74798
257.77522
257.93080
257.97760
257.99944
258.04336
258.27772
258.32020
258.41740
258.56062
259.25056
259.54852
259.72900
259.91092
259.91590
260.09164
262.31080
262.90348
263.64148
265.50076
266.21296
267.74128
268.75810
269.29852
269.49772
269.95012
269.96242
270.16486
270.21076
270.30622
270.38668
270.58234
270.72022
271.91716
273.34882
273.35788
273.69898
275.56972
275.61700
275.62186
276.11998
276.94144
276.94408
277.94044
278.15062
280.21114
280.31356
280.85830
280.90396
281.19934
281.26288
281.36716
281.42020
281.42494
281.43076
281.53162
281.54164
281.75050
282.02056
282.08404
282.41128
282.45340
282.48412
282.58270
283.13296
283.15822
286.29808
286.67770
287.91316
289.85446
290.69170
291.95518
292.02670
292.62958
293.01772
293.12758
293.15020
293.37058
293.47066
293.49490
293.80408
294.23284
294.30376
295.21768
296.50096
297.21760
297.99202
299.61772
300.56782
300.70828
301.53442
301.97020
302.31064
302.46400
303.07522
303.45406
303.72082
303.74068
303.84160
303.86884
303.94936
303.95488
304.09186
304.17160
304.61764
304.67458
304.77052
304.94578
305.06122
305.18074
305.35090
305.43442
305.52820
305.72974
306.22666
306.28228
306.50824
308.14480
309.47782
309.50386
310.12060
311.27410
311.65330
311.77636
312.84424
314.70052
314.81068
314.87464
314.91880
315.06268
315.08242
315.10792
315.23464
315.74122
315.75802
315.78676
315.91030
315.95068
315.98218
316.00048
316.00774
316.06642
316.07044
318.01720
319.12450
319.25350
319.28818
320.17450
322.57432
322.62004
323.05156
323.05780
326.16676
326.17618
326.26954
326.30680
326.95762
326.97712
327.19114
327.28648
327.70036
327.71044
327.73990
327.82324
327.87262
327.95308
328.04392
328.04662
328.52134
328.55950
328.97710
328.98046
329.25202
329.26720
329.35756
329.68630
330.05002
330.30706
331.41970
333.28162
334.20520
335.59426
335.71720
337.41088
337.58428
338.06014
338.21770
338.46118
338.79634
338.80372
339.20116
340.84186
342.69502
342.71062
343.84978
344.09140
347.44918
348.22174
348.58594
348.64510
348.71278
348.89314
348.90250
349.16926
349.22848
349.36258
349.48924
349.54336
349.56196
349.64818
349.76914
350.22652
350.57230
351.90610
352.02322
352.07746
352.86076
353.12758
355.53880
355.74514
355.82380
355.96300
358.93870
359.08864
359.17948
359.39866
359.67472
359.83402
359.97952
360.09082
360.26086
362.49238
364.75966
365.71432
366.70720
368.58718
369.13066
369.13528
369.17452
369.18868
369.21526
369.55108
369.61258
370.20058
370.35406
370.50556
370.78234
370.89262
371.11570
371.11738
371.43238
371.47378
371.53876
371.96326
371.99182
372.29818
372.31354
372.31828
372.32224
372.39946
372.50200
372.52552
373.31248
373.39054
373.64632
374.73082
374.80654
375.51586
377.77630
378.38428
380.56042
380.60776
380.93938
381.28024
381.42442
381.72022
381.72784
381.74464
381.82528
382.63840
382.64296
382.96870
384.85258
384.96934
387.05566
388.54960
389.64304
390.76000
391.11622
391.34020
391.68340
392.07010
392.28280
392.44066
392.64724
392.75548
392.96380
393.11404
393.12538
393.12718
393.13522
393.33022
393.37618
393.45052
393.85468
393.99772
394.02304
394.65022
395.72152
396.18838
397.10806
397.97902
399.72682
400.28176
401.44360
401.55754
403.91380
403.99534
404.30872
404.59516
404.87578
404.97538
404.99236
405.38188
405.39880
405.52546
405.59212
405.59422
405.74566
405.88192
405.89896
405.96526
405.97546
406.42882
406.97926
408.50860
408.57754
408.79906
408.81424
412.41550
412.61128
412.65586
413.13922
413.14180
415.29922
415.40398
415.55548
416.18134
416.48146
417.05140
418.98454
419.13904
419.19790
419.39146
422.01460
422.25496
422.86756
423.60490
423.86716
425.32144
425.93818
425.94238
426.07906
426.13060
426.26668
426.28078
426.40822
426.41044
426.43018
426.52636
426.60742
426.82108
426.89758
426.94762
426.96058
427.11340
427.69972
427.78018
427.79050
428.13760
428.29450
428.36074
431.35672
433.56298
434.86390
435.27826
435.96964
435.98212
436.32892
436.33360
436.34668
436.66378
436.73050
436.94896
436.97662
436.97896
437.32000
437.53660
437.86858
438.00892
438.26368
438.28624
438.34300
438.45562
438.70978
438.78904
439.03192
439.03882
439.04068
439.04296
439.04824
440.87212
440.87590
440.97856
441.31666
441.40726
441.42088
441.83116
442.55878
443.18542
443.80198
445.35172
446.43784
446.47732
446.76550
446.86426
446.98474
447.02782
447.16438
447.39538
447.63334
447.79564
448.21828
448.30456
448.31482
448.64728
448.82272
449.14396
449.33482
452.05276
453.08464
453.87526
454.48396
454.49320
455.42764
456.22258
456.49582
456.83548
456.85348
456.90820
457.33924
457.37620
457.52656
457.57288
457.67338
457.79296
458.02354
458.06560
458.20780
458.20942
458.22736
458.39302
458.42368
459.82912
461.15668
463.64182
463.67968
463.69504
463.82800
466.35556
466.69156
467.02336
467.08756
467.10502
467.44888
467.46124
467.53486
467.60560
467.63500
467.64166
468.24532
468.26542
468.31540
468.48196
468.49750
468.62740
468.72142
468.73084
468.74128
468.79138
469.09156
469.41268
469.47424
469.64500
469.77406
469.78816
469.79098
469.80334
469.81510
469.91368
470.73472
471.58444
474.45106
474.97918
476.07346
476.67952
476.82634
478.12684
478.28668
478.71406
478.74640
478.77016
479.32612
479.43106
484.61644
484.81666
484.82092
484.97728
486.79966
487.08046
487.49230
487.76860
489.77134
490.18126
490.80046
491.06638
491.07010
491.20654
491.39284
491.46220
491.70628
491.83696
491.93932
492.28930
492.32842
492.41386
492.45898
492.57538
492.63598
492.75340
492.89236
493.16038
493.26646
494.13316
494.30608
494.75458
494.92216
495.94162
496.83592
496.84660
497.24626
499.58002
499.58446
500.14786
500.63116
500.75536
500.94520
501.71284
501.96634
502.26550
502.29514
502.89892
503.70532
503.88940
503.96302
504.06286
504.40510
508.70926
509.19928
511.90594
511.93726
512.13106
512.23870
512.30362
512.59786
513.11806
513.57964
513.58858
513.82216
513.96268
514.07944
514.09306
516.36256
518.26444
522.21742
522.34336
522.40210
522.45208
522.59638
522.60712
522.70540
522.89758
522.91480
523.14532
523.36564
523.52944
523.59634
523.59880
524.24626
526.72534
527.01886
528.93460
529.93012
531.54472
532.90798
533.39632
533.44294
533.50630
533.50972
533.58214
533.77288
533.92756
533.93254
534.03994
534.10780
534.34732
534.55942
534.59272
534.98074
535.31728
535.45510
535.45720
535.45978
536.92714
537.57700
540.51682
542.18722
542.22040
542.98840
544.23256
544.30894
544.58566
544.63552
544.64032
544.88590
544.94236
545.30242
545.48716
545.75620
545.90422
546.07354
546.15244
546.15940
546.24550
546.25660
546.65884
546.68242
546.80026
546.84538
552.11986
553.52380
554.01850
554.53570
554.55784
554.73892
554.82838
555.41452
555.54388
555.57844
556.47850
557.39542
558.15586
558.35476
559.31590
559.91296
560.90362
560.90998
562.09018
562.52698
562.91002
563.67796
563.82106
564.22648
564.51022
564.51898
564.95332
565.42840
565.97392
566.01070
566.17324
566.42314
566.65024
566.75044
566.82628
566.99020
569.63104
569.91862
571.65772
571.76188
571.76776
572.34682
573.36982
575.45536
575.53204
575.80126
575.80636
576.64546
577.82620
577.89916
580.41916
580.54300
581.42698
581.68066
582.36520
582.37600
582.38344
583.04818
583.06768
585.36130
586.02538
586.06162
586.07296
586.70878
586.75888
586.77514
586.94644
587.17804
587.21794
587.42584
587.63542
588.19246
588.53506
588.58708
588.76906
588.85492
589.00834
589.01356
589.17616
589.22164
589.47232
589.47604
591.55594
594.67036
594.67312
596.48776
596.79946
596.83756
596.85430
597.04684
597.50470
597.88600
597.94204
597.95140
598.08622
598.37098
598.43572
598.56232
598.90870
602.54752
607.00636
607.56550
607.64374
608.20078
608.29174
608.50402
608.81422
608.86102
609.07246
609.16762
609.34816
609.50884
609.87574
612.27220
613.93030
615.61378
615.72790
616.61182
618.18664
619.00312
619.38580
619.92226
620.10124
620.47066
620.88748
621.02086
621.48478
621.78082
621.87418
622.42342
623.68750
625.04122
626.39824
627.22312
627.25000
627.32314
627.67312
628.69264
629.33098
630.84502
630.89806
631.04638
631.17232
631.26376
631.88626
632.01784
632.03824
632.32888
632.38486
632.60932
633.42328
638.86090
639.66070
639.99478
640.64206
642.60460
642.82858
642.84214
642.84802
643.18780
643.58440
643.87876
644.02600
644.10898
644.20768
644.31856
644.32162
644.76916
644.80180
644.89228
645.30796
645.33316
645.56164
645.62176
646.00138
647.68582
648.63190
650.56354
654.46114
654.52720
654.62404
654.62710
654.77428
654.92512
654.94114
655.01086
655.14376
656.01130
656.27740
657.32122
657.66592
659.65954
662.60290
663.87028
664.45186
664.47490
664.69912
667.00078
669.89074
670.58758
670.76302
673.24618
674.28490
674.29150
674.36104
675.97978
676.03150
676.33006
676.37800
676.44064
676.63438
676.67902
676.69642
676.97536
677.01508
677.05384
677.18002
677.21500
677.50090
677.54584
677.71204
677.76826
677.79976
677.84848
677.93896
678.39586
678.40138
678.73000
679.09246
679.69618
684.47578
687.72490
687.82780
687.86938
688.08046
688.17736
688.35796
688.67308
688.71262
689.05366
689.26306
689.28856
689.77516
690.05350
690.11008
691.44082
692.16124
692.82874
693.64198
695.02186
697.28554
698.83516
699.33790
699.61642
699.63742
699.85474
700.33474
700.73764
700.85158
702.26218
704.15146
707.17048
707.23726
707.26516
709.06354
709.12504
709.81762
710.38558
710.70334
711.48988
711.50332
711.51238
712.50316
714.71656
714.73348
715.16746
716.28526
717.42982
717.81544
719.50630
721.45108
721.67578
721.86832
721.92106
721.99948
722.18440
722.59762
722.69818
722.77864
722.82364
722.89786
725.90332
727.79716
729.56560
729.62050
729.73720
730.67920
731.09884
731.72314
731.77006
732.09088
732.16522
732.66382
732.75916
732.94798
733.30474
733.43392
733.45804
733.50748
734.05468
734.22430
734.34850
734.47522
735.67126
735.81052
738.60508
740.41072
740.44720
741.41560
742.39138
742.97992
743.00800
743.11510
743.56060
743.91340
744.18472
744.19804
747.25372
748.35718
748.49584
749.25010
749.38714
751.16344
751.16680
751.18360
752.47540
753.03856
753.46606
753.76336
753.89020
754.74760
754.76926
757.99816
758.52676
760.09342
761.84764
762.15898
764.58940
764.59900
764.94724
764.99998
765.03238
765.12034
765.48184
765.69700
766.04692
766.17274
766.55290
766.60462
766.71838
769.36276
769.50178
770.03230
771.59842
771.79144
772.09636
773.06446
773.70016
774.20518
776.31118
776.36362
776.51092
776.68540
777.12442
777.43774
777.51496
777.52450
777.70462
777.70894
777.92086
778.38610
778.61914
778.64224
778.74460
778.94812
781.37488
781.38700
782.36098
782.36302
784.87162
785.37280
786.12028
786.31738
786.66808
786.80350
786.84394
786.93004
786.93946
787.47136
787.69888
787.71100
787.79086
788.09692
788.09860
789.36040
789.93004
790.74424
791.65600
793.43722
793.48930
797.62738
797.71498
798.36316
798.84388
799.02724
799.07308
799.96048
800.02720
800.08522
800.16244
800.19742
800.32996
800.42404
800.65606
800.68948
802.04368
802.80310
804.81052
806.40820
806.80018
807.09046
809.99392
810.04834
810.50188
810.50680
811.33390
814.37974
814.54708
816.46522
817.33942
819.86734
820.47754
821.15356
821.27722
821.28976
821.41360
821.47216
821.53000
821.61970
821.62144
821.70916
821.78644
821.98660
822.04402
822.68002
822.76078
822.86824
823.11508
823.32454
823.38658
823.43206
826.50238
826.56622
828.06514
828.34312
829.19608
829.21402
829.84702
830.68942
830.70028
831.20050
833.41156
833.42032
833.72080
833.99896
834.50368
834.54934
834.66604
834.89914
836.95690
838.09048
840.36340
840.54538
840.56968
842.58514
844.02100
844.18846
844.19716
844.58050
845.05480
845.06098
845.16838
845.21926
847.02454
847.26964
847.63888
848.70520
850.50580
852.41332
852.84688
853.10086
853.28776
854.83048
855.73684
856.09012
856.25926
856.36420
856.40200
857.08258
857.09752
857.41606
857.56900
857.62756
857.66206
859.40476
860.42020
863.17774
864.75412
865.34962
865.49536
865.81948
866.04358
866.13070
866.28310
866.33788
866.52586
866.60260
866.80948
867.15334
867.22582
867.50326
867.76588
868.06516
869.27332
874.02490
874.05778
876.95842
877.36156
878.26450
878.28508
878.61382
878.79472
878.80144
879.13702
879.15370
879.47800
879.48748
879.57796
880.40236
880.86478
880.91878
880.94158
881.30212
881.33122