0.10180
0.22390
0.35734
0.47386
0.57394
0.67390
0.80722
0.87364
2.38168
2.39710
2.94064
3.09064
3.14080
3.68794
3.99058
4.05718
4.14040
4.35442
4.37380
4.47838
4.49056
4.75984
4.79056
6.47296
6.77044
7.07044
8.05996
9.03184
10.03840
10.21702
11.13808
11.17066
11.39074
12.83104
12.86386
13.71376
13.72396
14.13052
14.77912
15.30736
15.71866
16.75858
17.07418
19.06204
19.46368
19.82122
20.13316
21.42400
21.46120
21.94738
21.95644
23.25730
24.70126
25.22368
25.25488
25.33060
27.81886
28.57420
29.35018
29.60512
31.95496
32.99872
33.17218
34.33204
35.27170
35.54482
35.55736
37.14850
37.41190
37.53088
38.11006
38.27134
38.76112
39.34822
39.75286
39.89056
40.85104
40.96072
43.59922
44.03110
44.84356
45.81616
45.89254
46.09960
46.76968
47.02972
47.48236
49.43164
49.55626
49.85638
50.40610
51.15604
51.17920
52.24420
53.72230
53.80960
54.01240
54.73636
54.77860
56.30260
56.79670
57.08350
57.70528
57.96316
57.98914
58.24192
59.70574
60.75514
61.56916
61.77832
61.83568
62.10502
62.73592
63.93832
64.47766
67.06222
67.26208
67.75786
67.96720
68.12128
68.14126
69.17734
71.02222
71.11708
71.21398
71.40526
71.49988
71.50654
71.53084
71.63704
71.72302
71.81140
72.20368
72.58690
72.65362
72.81634
74.05960
74.09728
74.51086
76.69000
76.83328
77.06938
80.25850
80.60956
81.46828
82.09114
82.41802
82.66798
83.61508
83.74834
84.07654
84.16774
84.55390
84.81658
85.88290
86.77012
87.71998
89.10010
89.14294
89.15026
89.34286
90.65728
92.09908
92.17222
92.27506
92.84548
94.01962
94.56892
97.89802
99.94972
100.22818
101.50366
101.94094
102.29020
103.43032
103.78288
103.99690
104.68402
105.42754
105.44662
105.58006
105.62308
105.92734
106.08370
106.22236
106.53004
107.67976
107.94628
108.82960
109.02946
109.09528
110.19598
110.67946
111.17908
111.20374
111.61666
112.72870
113.56498
113.86996
114.99550
115.19458
115.59844
116.14054
116.67856
116.77846
117.52108
118.22848
118.62574
119.39242
120.04876
120.84454
121.35904
121.84438
122.50468
123.01102
123.46072
124.50754
125.23624
125.71324
126.69376
126.79372
127.32694
128.03620
128.19076
128.51020
128.60440
129.25768
130.29772
130.42660
130.74346
131.50270
133.02040
133.34050
133.37632
133.39972
133.77652
134.45386
135.19330
135.59314
136.01644
136.22782
137.24308
137.77390
138.25972
138.35278
138.86752
139.76752
140.34718
141.52666
142.81270
143.00146
143.01346
143.24980
145.42720
145.49392
145.66510
146.14414
147.24412
147.55204
147.95356
149.54728
149.79190
152.05900
152.64262
153.38938
154.56460
156.25252
157.10392
158.54962
159.55948
160.86346
160.87726
161.33548
162.19084
162.24712
162.31996
164.24404
164.28076
164.34502
164.52202
166.91476
167.13532
168.72160
168.79276
168.83620
169.26862
169.41286
169.42018
169.43542
169.77238
170.00542
170.70298
170.84026
171.17710
171.41320
171.49168
171.70582
172.68568
172.71634
172.73296
174.25330
175.10938
177.06730
177.43414
177.66784
178.44094
178.62664
179.14120
179.17276
179.17552
180.73492
181.36852
181.66612
182.25058
182.40838
182.76616
182.85190
183.45862
185.35222
185.75242
185.75902
186.28624
187.03324
187.28326
187.72630
188.34244
190.16734
190.55842
190.73260
191.69320
191.83126
192.38686
192.42508
192.65122
192.93418
193.10992
193.46668
193.62670
193.66654
194.02966
195.51028
197.62738
198.83536
199.27114
200.48548
200.48800
200.74972
201.22144
201.42064
201.51880
201.66382
201.68818
201.73816
201.82138
202.21108
203.40484
203.98840
204.08842
205.20514
205.41202
207.10564
207.22870
207.86074
208.10572
208.33558
208.41274
208.57246
209.27260
209.41372
209.47240
209.63038
209.75596
210.09904
210.71092
211.80274
211.81042
214.15672
214.23994
215.07118
215.50696
215.83780
215.94046
216.06376
216.22126
218.22538
218.47174
218.94484
221.68918
221.78914
222.52528
222.84154
223.46698
223.53226
224.07604
224.85694
224.99320
225.30712
225.58312
226.11790
226.98052
227.53078
227.80084
228.08728
228.43036
228.70228
229.10230
229.23742
229.49470
229.58062
230.74408
230.91220
231.01834
231.94546
232.43992
232.57030
234.12598
234.56338
236.12068
236.19010
236.31388
237.33508
237.37234
237.43108
237.63880
237.90076
238.47364
238.54834
240.43918
240.50830
240.77830
240.88600
240.91606
241.50460
242.43328
242.43604
242.81698
243.03358
243.58390
243.71464
243.96718
245.85754
246.29878
246.46408
248.28586
248.46886
248.60926
248.87218
248.88844
248.95234
249.31540
250.57732
251.94286
253.03432
253.27006
253.77820
254.20780
255.38752
255.49828
255.87106
256.03768
257.00836
257.90470
258.80548
258.93844
260.25526
260.87602
262.00570
262.11910
262.38910
264.20032
264.47944
265.11040
267.19450
267.33790
267.36778
267.53044
267.74074
268.32424
268.43068
268.52404
268.55494
268.66732
268.94098
269.63878
269.98504
270.02122
270.04126
270.48256
270.55540
270.57394
270.90802
271.91236
272.92918
273.14206
274.72318
275.12338
275.22334
275.80960
276.49930
276.90976
277.25968
277.48276
277.71760
279.14356
279.46390
279.81934
280.95052
281.00068
281.44858
281.52760
281.73436
281.79172
282.22774
284.42500
285.24292
285.37270
286.17622
286.18348
286.25236
286.31236
286.92550
287.77702
288.44620
288.72700
291.23044
291.30736
291.98068
293.48074
295.04560
295.41490
295.68838
295.71700
296.53840
297.34156
297.59878
298.25566
298.34902
299.13250
299.15704
300.19930
300.84970
301.34944
301.57282
301.99966
302.13316
303.77974
304.28656
304.46014
304.51336
304.52638
304.54630
304.58986
304.93348
305.26690
306.75040
307.75432
308.43406
311.96440
312.88462
313.18138
313.56826
314.15176
314.30170
314.40172
315.75376
315.78166
315.81844
316.69324
316.72810
317.11870
317.16238
317.43544
317.74348
318.05242
318.51316
319.16920
319.19866
319.39252
319.52860
321.29404
321.50686
321.78922
322.01716
322.15966
322.31746
322.33960
322.80334
323.13688
323.32696
323.50378
323.70364
324.00376
324.05356
324.27700
324.38470
325.11808
325.52080
325.52482
326.46868
326.50450
326.94232
327.28180
327.87148
328.49260
328.86580
329.13496
330.98902
331.93144
331.93582
331.94902
332.60020
332.80612
333.22462
333.42292
333.59038
333.72556
333.93970
334.48984
334.98994
335.08630
335.11606
335.62624
336.41482
336.41998
336.51484
336.54946
336.57928
336.59986
338.74102
339.48862
339.70186
340.09108
340.22896
341.48032
343.34248
343.60924
344.67628
345.17644
345.61984
345.65992
346.20298
347.09110
347.58502
347.65798
350.46160
350.51938
351.00292
351.37486
351.72622
352.10572
352.18522
352.46734
352.66156
353.09602
353.17576
353.81278
353.83402
353.86930
354.41164
354.62722
355.46356
355.96378
356.92192
357.38872
357.58102
358.64428
358.97134
358.99078
359.01496
359.26576
359.57932
359.61520
360.63244
361.53292
361.60576
361.67764
362.98348
363.31696
363.35644
363.38362
364.10722
364.24186
364.58416
365.86546
366.04900
366.75952
366.79924
368.08204
368.09866
368.55448
368.61910
369.25282
369.42460
370.30324
371.06758
371.32414
371.41042
371.46142
371.81788
371.95372
373.02088
373.76884
374.51890
375.82192
376.02214
376.32220
376.50562
377.86234
377.98930
378.68956
379.03966
379.31248
379.35280
379.47682
379.73980
379.81018
380.24014
380.28292
380.41744
380.44012
380.58310
380.59012
380.64022
381.40708
381.51346
381.54058
381.56350
382.18798
382.27396
382.36504
382.38472
382.39078
382.71538
382.86538
383.60776
383.75788
383.81290
384.80542
384.85828
384.90826
385.07500
385.67506
385.97260
386.24200
386.87548
387.00904
387.29218
387.65920
387.92332
389.02630
389.73322
389.83330
390.02692
390.37600
390.92434
390.93346
390.99370
391.09384
391.47730
391.97740
392.07766
392.44414
392.54434
392.91472
394.23448
394.54516
394.79512
395.64280
395.75092
396.89608
397.15744
397.26022
397.55362
397.71040
398.68024
398.81356
399.43834
399.52792
400.06426
400.21426
400.54774
400.74010
401.04706
401.85634
402.02134
402.09586
402.42838
402.96550
403.95844
404.71630
405.24730
405.32176
406.59700
406.70836
406.95712
406.97506
406.99054
407.44726
407.51758
407.81770
407.85112
408.72478
409.93540
409.99822
410.32768
410.57668
410.68582
411.80788
412.00918
412.35730
412.95340
412.97986
413.03674
413.39332
413.53696
413.88184
414.30406
414.42988
414.58744
414.93766
415.27468
415.29556
415.91248
416.18824
416.82184
417.28876
417.42856
417.73900
418.14826
419.01256
419.25640
419.46958
419.87338
420.14656
420.24916
420.59290
420.60604
420.83680
420.93052
420.97366
421.41382
421.54840
421.60732
421.87420
422.31172
422.35762
422.67022
422.93782
423.55822
423.83896
424.07404
424.40860
424.45234
424.60858
424.65862
424.73206
425.01142
425.01664
425.07454
425.44234
426.62602
427.14178
428.24326
428.64328
428.89348
429.94378
430.07722
430.14394
431.54890
431.74450
432.10870
433.17562
433.51240
433.65298
433.69516
434.01856
434.49592
434.70976
435.16240
435.29572
435.50878
436.01794
436.22938
436.36906
436.71292
438.51364
438.96382
439.14184
439.81402
440.08084
440.12068
440.93104
440.99650
441.03760
441.06454
441.64906
441.77116
441.83932
442.28170
442.78840
443.40238
443.49892
443.83888
444.83272
445.35586
446.03302
447.04276
448.10458
448.34056
448.55044
448.57384
448.91722
448.98394
449.28394
450.00088
450.13060
450.84394
451.06792
451.11784
451.65142
451.91806
452.76814
452.78482
453.00160
453.09808
453.53242
453.66850
454.29166
454.74940
455.22658
455.23210
455.51872
455.59846
456.13456
456.18298
456.63316
456.71908
456.97258
457.13578
457.14898
458.31928
458.69260
458.70892
459.06688
459.16342
459.30922
459.55276
459.73360
460.61968
460.66966
460.68256
460.79404
461.23978
462.20956
462.30328
462.60322
462.75328
462.80320
462.86638
463.21996
463.53676
463.78396
464.30350
464.53678
465.07018
465.33694
465.81148
466.00360
466.62040
466.95748
467.00386
467.97058
468.43606
468.59668
468.80770
468.93382
469.02388
469.07080
470.44384
470.63128
470.79526
471.00406
471.01708
471.10402
471.23764
471.35410
471.51064
472.06816
473.02072
473.16400
473.80696
474.30166
474.60430
474.64390
474.71092
475.17100
475.92760
475.97740
476.77102
477.13768
477.28426
478.35172
478.63048
478.83772
478.88776
478.98784
479.38786
480.16756
480.17032
480.32626
480.73786
481.32118
481.90462
482.25460
482.74708
482.82790
483.77116
484.01374
484.07752
484.30606
484.72138
484.87102
485.62768
485.87812
486.60208
487.22152
487.32136
487.38808
488.11534
488.96116
489.33826
489.38818
489.70210
489.80476
489.93820
490.04464
490.20490
491.20258
491.21440
491.69878
492.28558
492.51130
492.57172
492.57526
493.48816
493.55236
493.57168
493.60840
493.72162
494.24182
494.32168
494.67160
494.73562
494.97166
495.00496
495.07162
495.53836
495.83830
495.93820
495.94456
496.07170
496.10122
496.24492
497.13556
498.03832
498.13840
498.61924
498.85486
498.94600
499.24108
499.31542
499.45492
499.96414
500.00488
500.03830
500.96272
501.28564
501.41140
501.46276
501.48478
501.62806
501.66892
501.80500
501.87598
502.01158
502.68568
502.82164
502.92826
503.25502
503.27176
503.57176
503.73562
503.83822
504.17170
504.44278
504.58816
504.60238
505.07860
505.37812
506.10226
506.18818
508.83838
509.13838
509.64610
509.66926
510.07174
510.08836
510.23812
511.01440
511.12174
511.15486
511.31122
511.82158
512.02768
512.05666
512.18548
512.22796
512.83828
513.07150
513.18544
513.43810
513.47914
514.30204
514.76542
516.13780
516.53776
516.70432
517.75414
517.90396
518.00392
518.30404
518.65600
518.66176
518.82064
518.90374
519.17716
519.67684
520.12018
520.15078
520.22014
520.92652
521.50036
521.70676
521.78362
521.85622
522.05296
522.13594
522.26968
522.58006
522.99226
523.15906
523.28590
523.61890
524.10220
524.22796
524.28814
524.38588
524.45854
525.20182
525.60178
526.51804
526.68346
527.23174
527.56780
527.94850
527.96758
528.11752
528.75064
528.84040
529.48354
529.56442
530.54122
530.57746
530.60008
530.62816
530.77720
530.88724
530.89996
530.91796
532.09972
532.91608
533.23924
533.29666
533.51590
533.84572
534.01576
534.61720
534.84634
534.89170
535.43224
535.49872
537.25486
537.48166
538.12150
538.46374
538.61476
538.66480
538.79812
538.97104
539.41492
539.44816
539.61466
539.73136
539.81464
540.12754
540.82846
541.56436
541.99444
542.07094
542.10820
542.64808
542.78080
542.98078
543.53074
543.58858
543.71794
543.76042
543.82366
544.26142
544.34728
544.46116
545.70340
545.93044
545.95318
545.96116
546.12436
546.14080
546.24700
546.76114
547.20358
547.39696
547.57012
547.98994
548.03338
548.06344
548.07016
548.71342
549.05314
549.17650
549.31342
549.92116
549.99940
550.77988
551.46046
551.54644
552.04636
552.33916
553.14022
553.50250
553.53736
553.56286
554.06284
554.24374
555.23272
555.41026
556.23592
556.69606
557.74594
557.86252
557.96896
558.08590
558.17662
558.31306
558.74578
558.76258
558.96256
559.81864
559.87924
561.04468
561.37150
562.48696
564.66244
565.10470
565.36930
565.43986
566.74594
566.77912
567.21640
569.01256
569.27908
569.39572
571.67512
571.69552
571.74556
572.20972
572.72524
572.90968
573.21232
573.33232
573.52636
573.90862
574.44178
574.98532
575.86846
576.20938
576.56200
576.57604
576.63514
576.88516
577.09264
577.49518
577.87846
578.19406
578.21182
578.90908
578.94496
579.01168
579.04510
579.05890
579.53482
580.09492
580.40266
581.36164
581.39464
581.41804
582.46108
582.60340
582.82528
583.64434
583.79452
584.54428
584.64772
584.87758
584.99170
585.22732
585.82738
586.67728
586.71058
586.87360
587.31052
587.31682
587.80024
587.83480
588.62314
588.92704
589.19782
589.41028
589.42432
589.51024
589.62412
589.74748
589.96696
590.00122
590.01688
590.37412
590.47666
590.50888
590.85982
590.86612
590.92648
591.04318
591.25978
591.29062
591.35254
591.62638
592.03786
592.04032
592.12360
592.25962
592.32616
592.47622
593.07604
593.10706
593.20672
593.91556
594.39256
594.69874
594.89224
595.47196
595.54210
595.84120
596.03950
596.24194
596.83198
597.02512
597.70810
597.72220
598.53100
598.77454
599.02456
599.14750
599.17198
599.38396
599.57434
599.77432
599.98198
599.98822
600.26428
600.29074
600.52402
601.35778
601.44052
601.61212
601.67122
601.74028
602.36458
602.41444
602.85658
602.91436
603.17038
603.18346
603.21292
603.45628
604.53682
604.57414
604.59718
604.67278
604.89982
605.62882
606.99478
607.00516
607.13848
607.66774
607.67350
607.78816
607.81876
608.07916
608.08804
608.28796
608.40466
608.68798
610.33732
610.52044
610.97830
611.07016
611.58400
611.85358
612.05482
612.25342
612.31990
612.71992
612.97756
613.20310
613.24054
613.39264
613.65958
614.25268
614.48596
614.56402
614.63590
614.85922
615.13582
615.56020
615.60226
615.86650
616.18552
616.21618
616.53526
616.54312
616.55206
617.75440
617.88214
617.95930
618.11824
619.03984
619.50106
620.04190
620.93374
622.37278
622.64272
622.71640
623.08294
623.32288
623.83528
623.83924
623.97976
624.23242
624.23650
624.29926
624.59914
624.67210
624.84640
624.96892
625.19536
625.21270
625.66534
625.98184
626.27278
626.28166
626.59552
627.19528
627.20194
627.39514
627.54784
627.81178
628.13104
628.24648
628.45390
628.51144
629.51812
631.36306
631.37704
631.54642
632.61274
633.57004
634.21222
634.54288
634.95838
635.39380
635.55214
635.61178
636.09394
636.47560
636.54472
636.72394
636.93736
637.92532
638.09440
638.22178
638.22790
638.31124
638.36104
638.40508
638.50078
638.99152
639.48412
640.16746
640.17736
640.20958
640.31062
640.44388
640.54402
640.84384
640.90684
640.92712
641.22718
641.26312
641.37340
642.61438
642.71014
642.73456
642.77686
643.21006
643.84066
644.26654
644.36374
644.43052
645.00730
645.15376
645.15958
645.57364
645.60682
645.80956
647.10934
647.63206
647.79250
648.40894
648.52570
648.67570
648.87568
649.89988
649.99558
650.18938
650.32282
650.42542
650.65870
651.04390
651.10588
651.14188
651.54802
651.57262
652.53916
652.90840
653.28904
653.29168
653.53150
654.20182
654.31504
654.70810
654.80812
655.22482
655.52482
655.55218
655.56202
655.56736
655.58260
655.60198
656.02660
656.07466
656.37808
656.52844
656.78230
656.79796
656.91076
657.02458
657.34126
657.54130
657.83230
658.22458
658.54126
658.57834
658.68100
658.74130
658.85782
658.94128
659.17198
659.17462
659.22454
659.39116
659.92804
660.03520
660.17452
660.18232
660.19096
660.24100
660.48544
660.60028
660.67456
660.91126
661.13110
661.62448
661.72450
662.31550
662.45770
662.65774
663.02446
663.23728
663.32194
663.47446
663.52450
663.97438
665.15344
665.22400
665.42068
665.98726
666.13558
666.31546
666.32440
666.41434
666.48862
667.25506
668.27152
668.52160
668.94088
668.95738
668.99860
670.08058
670.10716
670.57138
670.61374
670.62406
671.97388
672.08794
672.72388
672.86500
672.92380
673.58158
673.63156
673.69816
673.80448
673.87384
673.94038
673.96114
674.00722
674.38780
675.41740
675.68038
675.84016
675.89038
676.09360
676.34806
676.59028
676.74688
677.54026
677.58040
677.58760
677.60440
677.69026
677.72350
678.05086
678.25684
678.51736
678.64684
679.47340
679.73992
680.00074
680.30668
680.93752
682.08994
682.38886
682.75408
682.83982
683.48986
683.78986
683.84764
683.90662
684.18988
684.40390
685.25392
685.25656
685.28998
685.76968
685.88728
686.13976
686.20372
686.22304
686.40394
686.75374
686.85376
686.92036
687.58966
687.94756
688.92310
690.63970
690.68710
690.93970
691.16056
691.18972
691.32046
691.46614
691.59604
691.72300
691.85626
692.83954
693.16978
693.33970
694.21036
694.38958
694.46266
694.58344
695.30080
695.30380
695.76550
696.04744
696.09382
696.33964
696.57310
697.12300
697.15636
697.16272
697.35640
697.43704
697.90036
697.95700
697.96936
697.98970
698.10622
698.30638
698.47312
698.50372
698.59906
698.67292
699.13954
699.17302
699.27034
699.33688
699.57298
699.77296
699.95362
699.97312
699.98938
700.00636
700.02298
700.03966
700.04596
700.05076
700.08724
700.32310
700.38970
700.59112
700.73074
700.82308
700.92310
700.98976
700.99618
701.00992
701.23978
701.32306
701.63962
701.80630
701.87314
701.93980
702.00388
702.03952
702.30622
702.46756
702.80614
703.44610
703.63252
703.63966
703.97302
703.98958
704.74636
704.87056
704.95630
705.14872
705.76402
706.77292
706.88950
706.93594
706.96300
707.07040
707.27032
707.90638
708.42028
708.62290
708.82036
709.05898
709.08712
709.20358
709.32298
709.83964
710.00386
710.02948
710.10376
710.31538
710.63962
710.97316
711.23956
711.30376
711.65644
712.21750
712.25620
712.35370
712.45636
712.70368
713.02306
713.20618
713.23990
713.50636
713.83426
713.83714
714.38584
715.15630
716.53972
716.55052
716.57314
717.11002
717.62308
717.67306
717.68980
718.72330
718.94758
719.05384
719.17324
719.93974
720.80956
721.00654
722.20408
722.84368
722.97676
723.12316
723.27316
723.34768
723.64894
723.85648
723.92314
724.26304
724.33990
724.53724
724.62058
725.25664
725.60656
725.67322
725.70658
726.40666
726.65632
726.66724
726.72316
726.75658
726.82234
727.18990
727.31710
727.32952
727.40662
727.48990
727.78984
728.44396
729.17074
729.21304
729.26326
729.47326
729.92668
729.92992
730.73668
730.87720
730.95676
731.25412
731.50408
731.50684
731.55418
732.24364
732.27754
732.57784
732.68764
732.71626
732.75610
732.89014
733.05322
733.25698
733.30690
733.54024
733.87090
733.97368
736.12162
737.20156
737.31700
737.32156
738.09760
738.58852
739.07464
739.30186
739.32466
739.67470
739.97488
740.04148
740.11888
740.51230
740.81254
741.44188
742.59904
742.84870
743.04928
743.39536
743.43634
743.96530
743.97352
743.97982
744.05926
744.94648
744.97900
745.20958
745.33246
745.42372
745.42630
745.49302
745.65982
745.79686
746.46484
746.47396
746.64352
746.99092
747.00394
747.05992
747.08980
747.16012
747.17314
747.22726
747.26008
747.29356
748.64134
749.54134
750.05290
750.18388
750.41758
750.43522
751.12522
751.32772
751.42456
751.42768
752.79190
752.91142
752.94466
753.39466
753.42826
753.61162
754.09228
754.09468
754.11802
754.22800
754.24486
754.29490
754.35130
754.37812
754.46152
754.52812
754.56166
754.62826
754.63894
754.67188
754.70422
754.94500
755.09494
755.23954
755.34508
755.36164
755.45902
755.57836
755.59510
755.74516
755.82838
755.99494
756.11164
756.29512
756.84520
756.90898
756.99532
757.00306
757.01194
757.06180
757.09528
757.31188
757.32862
757.39534
757.49710
757.60318
757.70944
757.71208
757.79536
757.81210
757.94536
757.97878
758.01214
758.09536
758.14540
758.27878
758.31220
758.52886
758.61214
758.67886
758.77888
758.85610
758.87878
758.91208
758.96212
759.07888
759.26224
759.32878
759.49558
759.67882
759.76228
759.76846
759.82882
759.87160
759.97006
760.06228
760.22014
760.24558
760.42900
760.46230
760.57900
760.61236
760.74562
760.77130
760.80634
760.90216
760.91236
760.97014
761.17906
761.32912
761.37910
761.41228
761.56234
761.59294
761.64958
761.77906
761.79580
762.27946
762.39574
762.62908
762.93562
763.22932
763.42924
763.57930
763.62928
763.80232
763.86250
763.87924
764.10988
764.47936
764.52202
764.59600
764.74594
764.77942
764.94610
764.99362
765.09622
765.19594
765.56008
765.62950
765.67948
765.76936
765.86956
765.92944
766.01008
766.09624
766.14628
766.21192
766.49614
766.76296
767.11294
767.31292
767.40418
767.59636
767.61958
767.66308
767.96308
768.06316
768.46318
768.47986
768.59644
768.62626
768.69664
768.71314
768.76324
768.82990
768.84052
768.89992
768.97984
769.02994
769.04656
769.07716
769.09660
769.16314
769.22992
769.49662
769.64668
769.81336
769.90696
770.06332
770.06980
770.61340
770.78014
770.83012
770.97742
770.98012
771.01348
771.07006
771.25606
771.31360
771.36352
771.38014
771.46360
771.59446
771.63010
771.87766
772.16356
772.92448
772.94728
773.12410
773.25364
773.28058
773.34724
773.89738
774.16126
774.18064
774.23080
774.42046
774.49132
774.63082
774.66034
774.86140
774.91402
774.93082
774.99748
775.11046
775.13098
775.14754
775.18084
775.39750
775.45090
775.59760
775.61428
775.99492
776.08102
776.31160
776.59774
776.75422
776.86174
777.21448
777.56182
777.59776
777.61090
778.07854
778.11208
778.23472
778.28128
778.56208
778.64800
778.69798
778.76476
778.86472
779.21470
779.32138
779.61478
779.79226
779.82856
780.23494
780.32158
780.53182
780.76516
780.97912
781.01518
781.06522
781.08196
781.13860
781.39870
781.51540
781.66534
781.96540
782.08222
782.17204
782.26552
782.46544
782.57950
782.61550
782.72956
782.99626
783.06562
783.18898
783.36574
783.56572
783.60298
783.66304
783.76570
783.79636
783.99652
784.07992
784.13260
784.19656
784.29934
784.53262
784.58266
784.74670
784.81600
784.91332
785.18020
785.18284
785.21620
785.33284
785.43952
785.79964
785.83288
786.09970
786.18304
786.38308
786.49984
786.79984
786.84388
786.99970
787.50646
787.60006
787.73338
787.88350
788.13358
788.31694
788.36428
788.38432
788.65030
788.83366
788.95030
788.95672
788.99428
789.31444
789.64072
789.75058
789.81466
789.95056
789.97252
790.01734
790.10836
790.41466
790.56478
790.91746
790.98142
791.00092
791.21488
791.25088
791.35876
791.40100
791.41756
791.78434
792.20116
792.43450
792.54424
792.66778
792.83452
793.05124
793.24114
793.36798
793.41784
793.46788
793.51186
793.71796
793.79098
794.40142
794.68492
794.81818
795.29890
795.36832
795.54160
795.72472
795.75178
795.86836
796.28254
796.30174
796.42792
796.57264
796.75174
796.78522
797.16868
797.21866
797.30596
797.68540
797.90212
798.13546
798.24958
798.47242
798.73564
798.90232
798.94222
798.94972
798.96634
798.96892
799.13566
799.20238
799.30240
799.85230
800.04358
800.20252
800.58592
800.65924
800.90266
801.00262
801.05266
801.08602
801.29242
801.35266
801.38608
801.43606
801.50260
801.53602
801.70276
801.85282
801.95284
802.06954
802.16722
802.55296
802.66726
802.95304
802.98628
803.00038
803.01982
803.18380
803.26084
803.53390
803.61628
803.68396
803.91982
803.95324
804.15316
804.15604
804.26998
804.40330
804.50332
804.60328
804.67000
805.02022
805.37002
805.46026
805.52026
805.57012
805.72024
805.85350
805.92022
805.97794
806.12020
806.22028
806.38672
806.42026
806.72026
806.82694
806.89084
807.02974
807.12802
807.17038
807.25648
807.47422
807.77998
807.82048
807.83440
807.95086
808.02976
808.27708
808.47052
808.52056
808.88722
808.93720
808.94386
808.99384
809.02396
809.08726
809.30392
809.33734
809.36056
809.37064
809.42062
809.43724
809.48734
809.58730
809.61172
809.61808
809.72074
809.78026
809.91808
810.06808
810.08734
810.20398
810.31060
810.36724
810.57070
810.63742
810.75406
810.78742
810.83740
810.98740
811.13746
811.20418
811.25416
811.27078
811.30162
811.43752
811.63756
811.94692
812.33764
812.46058
812.57086
812.75440
812.83768
812.85436
813.00436
813.20440
813.54148
813.59824
813.67108
813.82114
813.87112
814.27108
814.43236
814.52758
814.60456
814.68790
814.72108
814.73788
814.82116
814.88788
815.18788
815.20462
815.25460
815.37130
815.48788
815.57128
815.70472
815.73550
815.77138
815.90464
815.97136
815.99188
816.05464
816.07138
816.23800
816.32800
816.53548
816.57136
816.63802
816.77140
816.85198
817.27144
817.30480
817.35460
817.42150
817.72162
817.75480
817.92160
817.97152
818.18836
818.37154
818.40478
818.47150
818.54200
818.77156
818.78824
818.83816
818.96200
819.33820
819.65500
820.02178
820.03852
820.48834
820.55518
820.65160
821.22862
821.56936
821.80522
821.82208
821.88142
822.27196
822.50530
822.56182
822.61936
822.68872
822.73870
823.08868
823.36324
823.56940
823.57570
823.60546
823.63888
823.65538
823.77196
824.00542
824.12860
824.15542
824.16208
824.33578
824.45548
824.60548
824.73892
825.05548
825.32236
825.32884
825.42226
825.50572
825.77242
825.85570
825.92242
826.08532
826.17910
826.55572
826.59958
826.77238
826.88914
826.90576
826.97248
827.20570
827.22232
827.27242
827.32906
827.41978
827.68918
827.85586
827.93920
827.97262
828.27262
828.37252
828.62254
828.63658
828.65602
828.67264
828.73942
828.78928
828.83926
829.13938
829.17274
829.23940
829.45354
829.60582
829.70608
829.72282
829.89610
829.98952
830.12272
830.91016
831.03964
831.66016
832.24000
832.27948
832.28956
832.35634
832.42030
832.43974
832.68976
832.72312
833.43736
833.57332
833.72326
833.82334
833.97334
834.27346
834.35668
834.44002
834.60670
834.85678
834.90676
834.94900
835.00678
835.04926
835.11448
835.14004
835.20676
835.22350
835.30684
835.55680
835.70692
835.85698
835.91338
835.92112
835.92346
835.95358
836.09026
836.15698
836.55700
836.59024
837.52108
837.77380
837.90724
837.92398
837.97132
837.97396
838.17394
838.20370
838.32394
838.72396
838.77430
838.92400
838.97410
839.26768
839.28814
839.49076
839.52400
839.56828
839.65744
839.67418
839.68186
839.77414
840.06688
840.35632
840.97438
841.19092
841.42450
841.48852
841.57444
841.59112
841.82464
841.87450
842.02462
842.35792
842.69914
842.84146
842.89150
842.92480
842.97862
843.14134
843.39154
843.56500
843.68878
843.77146
843.94162
843.95836
844.35844
844.62514
845.05858
845.22526
845.26270
845.30854
845.39206
845.42278
845.49208
846.14230
846.30880
846.40882
846.77560
846.89224
847.00888
847.25902
847.36540
847.45366
847.60906
847.62562
847.65904
847.75912
847.88242
847.91680
848.00908
848.16574
848.22586
848.35918
848.37580
848.46700
848.52604
848.55928
848.94274
848.95930
849.29266
849.32602
849.57598
849.72358
849.80950
849.87622
850.14280
850.18282
850.25596
850.60960
850.64302
850.72624
850.87624
850.89700
850.97632
851.34286
851.35978
851.47654
851.52646
851.62648
851.65732
851.81974
851.83432
852.64330
852.87688
853.28314
853.34350
853.42672
853.44352
853.64344
853.71658
854.00008
854.13808
854.39860
854.49370
854.54350
854.63734
854.91040
854.99368
855.34366
855.37714
855.44356
855.91036
855.96040
855.99364
856.01692
856.10788
856.31044
856.45144
856.56034
856.61704
856.92718
856.97476
856.99384
857.76064
858.12472
858.27736
858.34396
858.57736
858.64816
858.96064
859.02742
859.09810
859.12738
859.14808
859.17484
859.22398
859.29406
859.71988
860.11084
860.21086
860.43394
860.57752
860.66086
860.67754
861.17518
861.17782
861.21244
861.27796
861.28534
861.49762
861.97774
862.04188
862.12774
862.22782
862.27786
862.36108
862.73416
862.75522
862.76464
863.34454
863.51122
863.61124
863.62774
863.69182
863.97802
864.13456
864.14470
864.29476
864.40840
864.43756
864.47800
864.54460
864.69472
864.77800
864.99478
865.06546
865.10128
865.25890
865.72462
865.75186
865.95892
866.07070
866.14498
866.27572
866.29498
866.51164
866.71144
866.83360
867.01180
867.11176
867.26836
867.31168
867.45292
867.50908
867.72844
867.99526
868.04518
868.47844
868.61188
868.89520
868.99516
869.06194
869.22862
869.30308
869.31214
869.46196
869.61196
869.61964
869.91196
870.17860
870.52870
870.56854
870.64522
871.06186
871.22872
871.34272
871.51192
871.52860
871.62868
871.82866
871.87870
872.09542
872.12872
872.19532
872.22868
872.29540
872.33530
872.50948
872.69176
872.70970
872.87878
872.99542
873.06208
873.12868
873.17602
873.37882
873.54538
873.57880
873.66214
873.87886
873.94276
874.12276
874.12870
874.16218
874.70170
874.79554
874.99534
875.08930
875.09956
875.19424
875.39536
875.43658
875.44534
875.53810
875.56204
875.71204
876.14536
876.17878
876.46204
876.51844
876.54310
876.54538
876.60970
876.69292
876.70210
876.77878
876.81214
876.92512