0.15778
0.26746
0.52114
0.53734
0.69274
0.75406
0.76360
0.81310
0.96052
1.55746
1.57492
1.63006
1.71982
1.75066
1.83016
2.09668
2.28352
2.49196
2.49712
2.50456
2.52442
2.69380
2.74024
3.10438
3.11332
3.22090
3.28810
3.31324
3.31876
3.37624
3.50308
3.56338
3.60940
3.62494
3.63160
3.63364
3.65572
3.74656
3.79660
3.86038
3.89866
4.06660
4.09108
4.09708
4.16992
4.28362
4.28908
4.30132
4.34182
4.40410
4.66948
4.73080
4.74028
4.81024
4.84576
5.10766
5.11030
5.13322
5.15302
5.30056
5.30746
5.51260
5.61016
5.88622
6.09328
6.09670
6.10036
6.10384
6.10744
6.18292
6.19000
6.21958
6.51160
6.62734
7.01002
7.50028
7.51318
7.70290
7.73920
7.76308
7.81318
8.01250
8.30020
8.36320
8.37982
8.41300
8.41666
8.50246
8.65018
8.67664
8.68072
8.72968
8.80900
9.60220
9.61762
9.71230
9.79228
9.81364
9.89644
10.32022
10.49992
10.53298
10.54018
10.65340
10.79560
11.07604
11.12872
11.21692
11.28658
11.49562
11.50324
11.53978
11.56294
12.32638
12.54976
12.60964
12.61966
12.70204
12.85330
12.85990
12.87742
12.88678
12.90958
12.95242
12.99964
13.06906
13.28302
13.38256
13.48294
13.69990
13.71682
13.75318
13.81990
13.83928
13.89964
13.93102
13.93984
14.11756
14.13292
14.14564
14.41216
14.51968
14.56564
14.64286
14.68534
14.74936
14.77138
14.78290
14.88064
14.97856
15.01624
15.10168
15.11986
15.14710
15.19312
15.35638
15.50680
15.57886
15.61210
15.65896
15.72754
15.81844
15.87622
16.03276
16.12294
16.12600
16.12990
16.26208
16.74010
16.76176
16.82236
16.84540
16.85956
16.86868
16.88998
16.91188
16.92112
16.95184
16.98610
17.04298
17.16592
17.40904
17.70862
17.85898
18.11260
18.24526
18.41932
18.45946
18.52108
19.19104
19.54168
19.73950
19.78210
19.82974
19.85662
19.85926
19.86826
19.87486
20.55448
20.82322
20.89510
21.06922
21.19510
21.23152
21.34192
21.38494
21.46126
21.48160
21.54106
21.58408
21.59686
22.05556
22.06810
22.33834
22.95646
22.97308
23.00224
23.14888
23.27572
23.29582
23.33554
23.45608
23.68540
23.86894
23.97544
24.01882
24.02848
24.07774
24.12976
24.57178
24.89254
25.02544
25.05790
25.07692
25.26880
25.31518
25.32202
25.32772
25.33750
25.36414
25.39210
25.39522
25.40134
25.48720
25.51144
25.52962
25.61542
25.76026
26.04436
26.17276
26.26264
26.27464
26.27752
26.36872
26.38456
26.48908
26.63194
26.66098
26.84854
27.18406
27.20536
27.52768
27.58876
27.62482
27.84580
28.17940
28.18186
28.42474
28.56196
28.57162
28.59136
28.60366
29.19394
29.33170
29.35372
29.38060
29.41516
29.44390
29.45176
29.66494
29.81842
30.31492
30.35824
30.37252
30.41296
30.43834
30.45526
30.62410
30.79582
30.80536
30.83842
30.85078
31.24048
31.27102
31.46110
31.48816
31.78138
32.01814
32.12500
32.13118
32.44198
32.48404
32.91076
32.99548
33.02860
33.03826
33.05122
33.06826
33.10450
33.13384
33.42418
33.63160
34.07752
34.40452
34.46374
34.68094
34.76386
34.80640
34.83082
34.84192
35.06416
35.29786
35.51410
35.57320
35.73442
35.87326
35.87836
35.88586
35.95858
36.16660
36.31390
36.46378
37.48366
37.52026
38.20660
38.38714
38.39668
38.43646
38.63962
38.64244
39.02212
39.06412
39.07126
39.08686
39.10132
39.38344
39.45400
39.46588
39.48724
39.49096
39.92272
40.02286
40.03936
40.26640
40.49908
40.52668
40.74874
40.90636
40.91254
41.29864
41.46214
41.62912
41.77546
41.88640
42.53578
42.53908
42.55294
42.61240
42.90052
43.01518
43.08832
43.10878
43.11190
43.18576
43.37236
43.64830
43.80082
44.30836
44.32888
44.35540
44.35846
44.39170
44.40208
44.43496
44.46934
44.54548
44.67724
45.12682
45.39508
45.43126
45.52852
45.56536
45.68824
45.76738
45.78412
45.81130
45.93844
46.02682
46.04914
46.09864
46.25944
46.33204
46.51498
46.68148
46.74514
46.75534
46.82812
46.90480
46.97110
47.05744
47.23168
47.31466
47.33092
47.50474
47.50678
47.55766
47.60194
47.63110
47.74738
47.77930
47.78920
47.80252
47.84854
47.85208
47.91874
47.95504
48.05974
48.07456
48.22174
48.27112
48.30514
48.52888
48.57478
48.64780
49.08190
49.20496
49.52554
49.55404
49.60834
49.63054
49.71400
49.77844
49.82116
49.84510
50.16736
50.27434
50.30494
50.31274
50.33200
50.41852
50.42182
50.48554
50.65726
50.66416
50.67664
50.72224
51.19108
51.30436
51.37834
51.47830
51.67474
52.12834
52.20742
52.21426
52.34854
52.76518
52.85482
52.92406
52.94818
52.95472
52.95934
52.98568
52.98742
53.02852
53.05042
53.60224
53.62348
53.63854
53.67832
53.82208
53.82484
53.89630
53.89888
54.66868
54.67420
55.01752
55.02862
55.05412
55.34512
55.57342
55.58206
56.03134
56.27878
56.29486
56.40118
56.50840
56.51866
56.72974
56.74552
56.92210
56.94148
57.01198
57.22228
57.38764
57.46864
57.58198
57.72520
58.21216
58.23538
58.39924
58.43242
58.46962
58.72684
59.14954
59.49910
59.51974
59.58178
59.92486
60.39346
60.43276
60.52534
60.66940
60.67270
60.87178
61.08622
61.09870
61.10446
61.12564
61.13134
61.16872
61.17868
61.19950
61.39234
61.42930
61.61278
61.64956
61.71784
61.94878
61.95232
62.00596
62.03536
62.29936
62.34238
62.45254
62.68834
63.02248
63.27316
63.43276
63.46252
63.57322
63.63346
63.66826
63.70288
63.70900
63.82756
63.84640
64.20802
64.48708
64.49308
64.54900
64.78996
64.88458
64.90900
65.05372
65.13994
65.20642
65.27326
65.28340
65.42992
65.87782
66.03730
66.05032
66.05758
66.18922
66.23278
66.27004
66.44692
66.45388
66.64690
66.69706
66.84316
66.87610
66.93724
67.06624
67.09324
67.10614
67.21618
67.38040
67.42342
67.43950
67.63318
67.66762
67.68982
67.69990
68.00404
68.13424
68.26732
68.60710
68.90422
68.91382
68.93314
69.01414
69.03316
69.05740
69.06616
69.16768
69.34858
69.42394
69.44674
69.44974
69.59728
69.76534
69.83020
69.83650
69.84244
69.85756
69.86698
70.03150
70.27114
70.51804
70.53472
70.64080
70.73362
70.80430
70.86472
70.90456
71.03404
71.43832
71.52136
71.53492
71.91832
72.06874
72.14812
72.16120
72.75838
72.76762
72.81124
73.07038
73.09150
73.11520
73.22440
73.43836
73.54852
73.76344
74.11516
74.26150
74.27230
74.28148
74.29606
74.37244
74.45746
74.52940
74.61532
74.63920
74.68198
74.84446
75.23956
75.27196
75.28258
75.96898
76.15258
76.17706
76.23532
76.31260
76.75690
76.78060
76.87570
76.96162
77.26180
77.27128
77.32600
77.80660
77.80972
78.34750
78.45298
78.53266
78.57880
78.60520
78.80608
79.05664
79.06330
79.09036
79.24966
79.35670
79.69264
79.71340
79.75006
79.81900
79.85332
80.03572
80.05000
80.29036
80.30968
80.44582
80.69980
80.74276
80.90086
80.91298
80.91652
80.92018
81.02578
81.10900
81.11896
81.20908
81.22684
81.26908
81.38590
81.47026
81.48298
81.67348
81.69322
82.01272
82.25014
82.25284
82.44808
82.53748
82.84072
82.96480
83.03638
83.21698
83.35732
83.38000
83.68606
83.71372
83.82784
83.83660
84.01702
84.02842
84.06730
84.08752
84.18022
84.43096
84.77092
84.79006
85.40758
85.43398
85.46392
85.48684
85.50334
85.51216
85.59148
86.16700
86.18422
86.20816
86.22928
86.25694
86.26762
86.35414
86.61478
86.73442
86.93080
87.04174
87.04840
87.07762
87.10774
87.19150
87.29470
87.37696
87.73036
87.75436
87.75760
87.78484
87.86842
87.90160
87.93538
87.95614
87.98488
88.03408
88.15444
88.21432
88.80862
88.84522
88.91842
88.96162
88.97110
89.53864
89.61460
89.63260
90.03376
90.05572
90.10756
90.15544
90.20536
90.20896
90.45526
90.46882
90.50560
90.53350
90.57052
90.66196
90.69274
90.77854
90.89530
90.90112
91.05538
91.14862
91.21498
91.45234
91.52872
91.74868
91.78558
92.01646
92.06224
92.18842
92.19964
92.28568
92.39260
92.60968
92.73934
92.86450
92.92024
93.04876
93.20782
93.41254
93.68602
93.78880
93.80824
93.87280
94.14598
94.63252
94.92304
94.96612
95.03602
95.26630
95.42932
95.52334
95.60338
95.71072
95.72314
96.25942
96.26242
96.30196
96.31180
96.43660
96.65422
97.19626
97.27336
97.30120
97.31014
97.45336
97.45672
97.58230
97.79974
98.12938
98.13292
98.14348
98.42266
98.96998
99.00124
99.02566
99.09916
99.31918
99.35332
99.80356
99.98410
100.00570
100.71646
100.75006
100.80520
101.24680
101.27746
101.36284
101.63986
101.65678
101.81392
101.82058
101.89234
101.95432
102.11398
102.18364
102.20320
102.22516
102.23950
102.41692
102.52978
102.64354
102.82432
102.97798
103.01176
103.21096
103.38748
103.39408
103.50784
103.53718
103.70386
103.71838
103.72786
103.74028
104.13778
104.50678
104.73352
104.89702
105.10408
105.48772
105.88858
105.90274
106.27498
106.72186
106.90234
106.94830
106.95064
106.97500
107.24260
107.81860
107.85130
107.86474
107.88238
107.89822
108.04780
108.05086
108.59356
108.59842
108.61492
109.00300
109.01476
109.10824
109.20886
109.29154
109.47016
109.47256
109.51816
109.58506
109.80322
110.23852
110.34592
110.42584
111.19258
111.26824
111.31576
111.59260
111.63544
111.73942
111.82522
111.93592
111.97936
112.17544
112.23574
112.24330
112.30612
112.53262
112.60960
112.68574
112.89640
112.94680
113.01946
113.06896
113.32048
113.42728
113.46784
113.59324
113.62654
113.69764
113.70652
113.72566
113.73316
113.73934
113.76610
113.85970
113.99338
114.22570
114.49990
114.53356
114.61012
114.61918
114.64630
114.65236
114.67642
114.74224
115.02316
115.15240
115.34614
115.43482
115.47118
115.64278
115.92706
116.25550
116.34970
116.40280
116.41438
116.48806
116.58280
116.62648
116.83120
116.85928
116.87638
117.06064
117.16252
117.71374
117.74410
117.76084
117.79414
117.89422
118.00684
118.02040
118.05748
118.06018
118.38712
118.50976
118.55830
118.73116
118.84060
119.07064
119.46016
119.60128
119.63812
120.09430
120.13708
120.16162
120.27484
120.45172
120.46162
120.48880
120.50434
120.74494
120.79222
120.83206
121.11184
121.32862
121.34698
121.36816
121.44868
121.48774
121.51840
121.67518
121.67872
121.74196
121.93780
121.94416
122.18662
122.76844
122.80198
122.94574
122.98528
122.99566
123.00502
123.01930
123.03256
123.05512
123.21844
123.28810
123.33280
123.51934
123.79858
124.01530
124.02262
124.04260
124.09228
124.14154
124.31290
124.65250
124.79908
125.03572
125.48374
125.51656
125.54320
125.55004
125.62654
125.65726
125.72218
125.89324
126.01276
126.27934
126.46702
126.49684
126.66526
126.83662
127.42306
128.12344
128.26408
128.28634
128.33458
128.76706
128.88010
129.03100
129.07942
129.17758
129.44188
129.62416
130.00720
130.03510
130.09048
130.23748
130.31104
130.84138
130.85092
130.87486
130.89058
130.90150
130.94818
130.95436
130.96666
131.09824
131.32792
131.51158
131.77906
131.84470
131.84782
131.97136
132.09388
132.15502
132.51904
132.53518
132.56122
132.60232
132.68566
132.76264
132.76888
132.77482
132.79798
132.87748
133.44886
133.46902
133.48546
133.48978
133.65310
133.71814
133.74232
133.75432
133.83406
133.87480
134.06590
134.38174
134.38588
134.42536
134.50816
134.57248
134.57680
134.58484
134.65624
134.75296
134.81932
134.88436
134.90884
135.00484
135.08464
135.11218
135.14236
135.18280
135.18904
135.30616
135.54370
135.58642
135.73462
136.22308
136.48348
136.86340
137.72788
137.75062
137.77000
137.78032
137.80624
137.81710
137.85628
138.07060
138.27292
138.47248
138.57346
138.71734
138.99040
139.42678
139.48024
139.48960
139.62442
140.30680
140.38360
140.38828
140.39062
140.39704
140.60122
140.88994
140.98786
141.03124
141.04066
141.10132
141.11218
141.14134
141.14800
141.63118
142.00156
142.02016
142.12696
142.13062
142.15162
142.19134
142.26796
142.27792
142.49164
142.52488
142.83178
143.17822
143.49442
143.58880
143.63488
143.74474
143.75464
143.76124
143.80654
143.93464
144.36118
144.50182
144.66922
144.72202
145.04866
145.06528
145.09210
145.28248
145.46248
145.55272
145.99696
146.04286
146.08252
146.08630
146.34580
146.56630
146.81824
146.94586
147.22882
147.31570
147.32908
147.50980
147.73702
147.81676
147.85558
147.89350
148.03570
148.05736
148.60366
148.61488
148.71034
148.76668
148.83664
148.90648
148.91038
148.91308
148.93330
148.99048
149.03758
149.22214
149.32702
149.32978
149.57836
149.73058
149.73430
150.69706
150.93196
151.37404
151.50760
151.53190
151.53826
151.56994
151.57726
151.94746
152.22040
152.22778
152.24698
152.52070
152.53486
152.59066
152.63470
152.87476
153.17164
153.31876
153.32524
153.37840
153.41944
153.42958
153.46852
153.50884
153.55144
153.93172
153.96190
154.03534
154.37890
154.56190
154.98562
155.00056
155.02858
155.03518
155.05486
155.08120
155.08666
155.23054
155.26216
155.43814
155.44474
155.58910
155.59486
155.78200
155.78836
155.82130
155.99584
156.29896
156.45694
156.51550
156.60268
156.60898
156.63604
156.82372
156.82624
156.84250
156.93604
156.94588
156.98890
157.24606
157.25248
157.26754
157.28620
157.54600
157.55530
157.58608
157.62214
157.81282
157.88566
157.96024
158.14426
158.22310
158.25316
158.30326
158.34322
158.51224
158.53300
158.65180
159.13300
159.25888
159.28936
159.67270
159.73678
159.85630
160.12018
160.56484
160.71664
160.72384
161.59090
161.61100
161.70376
162.00382
162.40594
162.42778
162.45112
162.47554
162.51832
162.54082
162.60394
162.61384
162.79426
162.95050
163.20772
163.28518
163.33378
163.70446
164.12458
164.16730
164.17510
164.18128
164.20462
164.24746
164.25022
164.34160
164.45836
164.80432
164.91712
165.16210
165.32494
165.69874
165.72502
165.77818
165.92884
166.05130
166.20124
166.20772
166.46752
166.50112
167.20900
167.42206
167.42704
167.43856
167.44204
167.50876
167.51776
167.60800
167.84026
168.00808
168.95152
168.97486
169.01728
169.05946
169.06306
169.06876
169.08394
169.08928
169.30582
169.40926
169.77316
169.78924
169.83148
170.41330
170.65222
170.79946
170.97100
171.10612
171.10888
171.11518
171.13264
171.13582
171.15544
171.19882
171.62074
171.65704
171.73984
171.77644
171.77806
172.08268
172.13848
172.15432
172.15708
172.39930
172.45984
172.76290
172.76944
173.16190
173.16724
173.17000
173.66980
173.74018
174.16966
174.26386
174.46978
174.58666
174.96028
175.04284
175.08526
175.13710
175.48084
175.52962
175.62370
176.13100
176.16202
176.46118
176.70760
176.83402
176.96098
177.03730
177.05770
177.15088
177.15382
177.53692
177.55228
177.65860
177.67768
177.71134
177.79426
178.11742
178.23184
178.28314
178.28770
178.30138
178.31428
178.31800
178.38178
178.47082
178.48234
178.53118
178.65124
178.95148
179.24158
179.27494
180.11830
180.32104
180.66340
180.84904
180.91558
181.21840
181.33990
181.45168
181.63258
181.81246
181.87156
181.90456
182.07028
182.20840
182.41246
182.50876
182.76256
182.78194
182.88844
183.00502
183.10924
183.32326
183.46192
183.46528
183.56230
183.71266
184.22578
184.24936
184.50700
184.53640
184.63510
184.66282
184.94974
185.14984
185.25412
185.28868
185.38612
185.93938
185.96488
186.09652
186.24640
186.29530
186.77986
186.88624
186.92650
187.29550
187.36312
187.48918
187.51666
188.39998
188.41258
188.44810
188.52322
188.55610
188.70016
188.73556
188.74336
188.79010
188.84662
189.11356
189.15586
189.19984
189.21844
189.48958
189.60460
189.65296
189.71854
189.76360
189.88936
190.06036
190.13938
190.14322
190.19452
190.48648
190.71370
190.72714
190.96330
191.34388
191.34718
191.38048
191.41384
191.42002
191.66350
191.84386
191.88694
191.99710
192.02044
192.28744
192.59434
192.63058
192.68680
192.74350
193.05634
193.21294
193.46128
193.51042
193.51402
193.52248
193.57726
193.59664
193.72738
194.29396
194.33074
194.89774
194.91994
194.94688
194.95354
195.50410
196.06426
196.14772
196.28968
196.68094
196.70512
196.80730
196.97542
197.02738
197.08096
197.44048
197.57530
197.67310
197.68120
198.07756
198.11446
198.12088
198.16150
198.22084
198.54022
198.54976
198.71098
198.72106
198.83122
198.98482
199.03120
199.06084
199.29790
199.32466
199.67134
199.73752
199.80328
199.87840
199.90726
200.21548
200.38438
200.61106
200.81710
200.82568
201.02800
201.03100
201.03424
201.06850
201.07996
201.29482
201.38842
201.41332
201.82858
201.89986
201.91474
202.02028
202.35760
202.48564
202.70914
202.76488
202.88152
203.37796
203.48800
203.50480
203.60734
204.07612
204.16666
204.18124
204.47464
204.49570
204.50758
204.98362
205.11232
205.12426
205.20460
205.23172
205.41166
205.45492
205.56898
205.68520
205.88398
205.98184
206.01520
206.06422
206.09518
206.10742
206.12860
206.39854
206.44828
206.52412
206.60524
206.69512
206.73196
206.78182
206.93194
207.01204
207.04174
207.12166
207.29620
207.29866
207.31420
207.38512
207.41578
207.62452
207.78328
207.81532
207.82924
207.95488
207.96424
208.00756
208.08208
208.09870
208.10800
208.14514
208.15750
208.18570
208.19110
208.21534
208.22428
208.33822
208.40494
208.44874
208.48210
208.50808
208.52038
208.56538
208.59874
208.62604
208.66390
208.69096
208.70494
208.76302
208.79110
208.88218
208.88572
208.90186
208.90540
208.97194
209.00506
209.02150
209.20516
209.35798
209.43220
209.46916
209.61556
209.62198
209.64892
209.76556
209.77528
209.84890
210.13228
210.44284
210.54904
210.70516
210.71230
210.78244
210.86836
210.91750
211.51576
211.54522
211.61572
211.74952
211.80268
211.81198
212.37904
212.44582
212.75554
212.76592
212.80096
212.84146
212.87668
212.89606
212.90824
212.92942
212.98654
213.19834
213.21598
213.29194
213.32878
213.63628
213.75274
213.78070
213.79168
213.84796
213.94204
214.03276
214.06618
214.11958
214.18624
214.21618
214.23280
214.53286
214.54954
214.56658
214.58242
214.60300
214.62592
214.63288
214.68292
214.82932
214.98910
215.01910
215.28640
215.31016
215.31628
215.36308
215.43298
215.45326
215.47978
215.66968
215.70862
215.78650
215.79976
215.81644
215.85886
215.89360
215.89678
215.90572
215.91640
215.92000
215.92258
215.93308
215.93932
215.96032
215.98816
216.11644
216.15946
216.16324
216.23650
216.29650
216.41650
216.49984
216.62536
216.71656
216.72532
216.74212
216.76378
216.79990
216.82096
216.82588
216.82996
216.83668
216.83824
216.91582
216.92614
216.93328
216.94984
217.03330
217.03822
217.05652
217.07278
217.13686
217.16170
217.20352
217.21150
217.23832
217.25614
217.26664
217.26940
217.29550
217.31668
217.32280
217.32562
217.34212
217.37026
217.38508
217.38826
217.40338
217.43338
217.45894
217.55506
217.58956
217.60342
217.62556
217.84684
218.29690
218.33350
218.35906
218.37034
218.39242
218.41684
218.42578
218.43970
218.44696
218.45014
218.50366
218.50918
218.51686
218.53354
218.53720
218.54236
218.54698
218.55370
218.56684
218.57194
218.57614
218.59696
218.61682
218.62264
218.66170
218.68720
218.71690
218.72044
218.75026
218.75368
218.80024
218.80522
218.81578
218.82046
218.83726
218.85316
218.85526
218.86156
218.86690
218.86858
218.87194
218.89150
218.89504
218.90524
218.90932
218.91406
218.93710
218.95024
218.95528
218.96164
218.97196
218.98360
218.98978
219.01696
219.06370
219.10024
219.10654
219.10990
219.13366
219.13978
219.17608
219.20914
219.22324
219.22588
219.24256
219.25030
219.27064
219.35032
219.40372
219.43372
219.48010
219.51424
219.52330
219.52588
219.61198
219.63370
219.64258
219.68374
219.70042
219.70666
219.73378
219.74020
219.77326
219.82048
219.82588
219.96706
219.97072
219.98224
219.98746
220.00390
220.00546
220.00942
220.03378
220.10806
220.12378
220.12606
220.13716
220.16884
220.18726
220.23382
220.25932
220.27216
220.29520
220.30048
220.35394
220.38382
220.38742
220.42072
220.48252
220.48738
220.51114
220.51360
220.51714
220.52062
220.52224
220.52608
220.53394
220.56418
220.56598
220.58890
220.65952
220.67092
220.80934
220.83070
220.92820
220.93072
220.95700
220.99288
221.06344
221.07628
221.08714
221.10406
221.13736
221.15284
221.20684
221.29738
221.33110
221.35072
221.36728
221.39284
221.42896
221.43406
221.50564
221.54284
221.54746
221.61742
221.62084
221.66740
221.69296
221.70070
221.72302
221.73412
221.73820
221.74300
221.75962
221.79292
221.80072
221.80954
221.82106
221.94334
221.95984
221.96422
222.15502
222.16756
222.24304
222.27370
222.30088
222.31756
222.32698
222.34762
222.35092
222.44764
222.51052
222.58030
222.71434
222.73342
222.92386
222.93682
222.95746
222.97018
223.03414
223.04044
223.04332
223.07908
223.08316
223.18108
223.29382
223.30024
223.38784
223.40104
223.42654
223.54054
223.55104
223.55722
223.59076
223.88092
224.27704
224.32768
224.35510
224.66980
224.75482
224.81434
224.85730
225.03466
225.10132
225.10486
225.14758
225.16024
225.16198
225.18460
225.21022
225.21262
225.27082
225.43474
225.45484
225.48472
225.56746
225.63814
225.65746
225.71812
225.75142
225.76024
225.79816
225.94090
225.96238
225.96688
226.01494
226.02130
226.05148
226.08484
226.11814
226.16032
226.59376
226.73410
226.98844
227.03176
227.06836
227.47012
227.56522
227.58184
227.58796
227.60182
227.64130
227.66866
227.70550
227.78518
227.80084
227.83198
227.94472
227.95384
228.02506
228.06532
228.09748
228.18952
228.23854
228.25786
228.26536
228.28522
228.35830
228.44422
228.49876
232.38982
232.49434
232.51234
232.55206
232.67170
232.72246
232.93978
233.20612
233.33044
233.42872
233.72596
233.88202
233.91250
233.97370
233.99548
233.99980
234.19612
234.24928
234.35980
234.40864
234.74296
234.95980
235.02838
235.42570
236.17990
236.66974
236.67964
236.69116
236.71384
236.74036
236.74654
236.78668
236.80804
236.82964
237.41086
237.47080
237.91696
238.11334
238.18036
238.37680
238.41016
238.77724
239.43034
239.51860
239.66386
239.67790
240.16990
240.17848
240.18874
240.23146
240.23530
240.62272
240.78184
240.83008
241.57372
241.76458
241.80478
242.06848
242.46910
242.51230
242.60212
242.90518
243.15538
243.46264
243.47368
243.48862
243.49840
244.09594
244.31428
244.32910
244.38964
244.61548
244.66912
244.72474
244.96312
245.10550
245.22520
245.34304
245.55742
245.97352
246.00586
246.73462
247.01638
247.08346
247.18366
247.20652
247.53034
247.56388
247.57318
247.59736
247.76608
247.78420
247.82086
247.84036
248.02672
248.32072
248.51380
248.54998
248.63368
248.65684
248.66104
248.81356
249.11728
249.34114
249.49066
249.72448
250.17940
250.24480
250.25116
250.27156
250.27516
251.02444
251.10292
251.37508
251.74924
251.77762
251.82538
252.41980
252.69628
406.80094
406.81108
407.81824
407.91634
408.00766
408.04204
408.05356
408.15514
408.49786
408.76816
409.09828
409.11454
409.15174
409.24234
409.27102
409.47496
409.79812
409.89910
409.96192
410.04190
410.46508
410.47438
410.49922
410.51104
410.52100
410.60608
410.91220
411.02872
411.10498
411.27100
411.28210
411.29218
411.37180
411.54286
411.74836
411.76504
411.76990
411.81616
411.99940
412.04878
412.24906
412.34848
412.42180
412.45030
412.71928
412.72588
412.75600
412.77802
412.83280
412.93162
412.95154
412.96672
413.39998
413.41246
413.45632
413.46250
413.47678
413.48560
413.55256
413.84470
413.90806
413.94508
413.95216
414.54574
414.58864
415.05988
415.07308
415.61464
415.62244
415.63702
415.65826
415.67290
416.56798
416.69014
416.92966
416.96302
416.97676
417.00634
417.18286
417.33304
417.36658
417.97660
418.02100
418.04698
418.19428
418.27696
418.62010
418.65658
419.29066
419.64646
419.66866
420.02008
420.28372
420.37282
420.48340
420.58978
420.74728
420.81412
421.31344
421.60000
421.74466
421.75426
421.75786
421.77100
422.02792
422.33056
422.34526
422.39452
423.20032
423.20362
423.21850
423.23404
423.27322
423.27742
423.29116
423.32098
423.39412
423.76408
423.76708
424.01830
424.19608
424.20208
424.21162
424.21762
424.27540
424.29424
424.30696
424.33090
424.44778
424.46488
424.62460
424.65076
424.76494
424.80268
424.85248
424.95832
424.96804
425.01100
425.02612
425.04748
425.05954
425.08756
425.43094
425.57164
425.59582
425.69704
425.77426
425.79490
425.80906
425.81380
425.95462
426.01924
426.14152
426.17458
426.20080
426.20818
426.23086
426.31732
426.32560
426.37486
426.49768
426.53710
426.61162
426.61828
426.62560
426.70816
426.87370
426.90034
426.96880
427.09768
427.12474
427.13116
427.18114
427.21444
427.23094
427.23430
427.24744
427.29070
427.37680
427.43170
427.43356
427.47478
427.48714
427.49476
427.51702
427.54768
427.55380
427.59712
427.61146
427.63090
427.87480
427.95976
428.07484
428.07766
428.11828
428.14144
428.16004
428.19154
428.24764
428.34040
428.37472
428.40700
428.41228
428.41876
428.44150
428.63842
428.76448
428.77030
428.88376
429.29812
429.35794
429.74788
429.82144
430.01344
430.22482
430.44766
430.45816
430.47100
430.64146
430.73398
430.80850
430.83706
430.89064
430.90714
430.98088
431.00074
431.09758
431.18086
431.21698
431.29144
431.32834
431.35816
431.39146
431.40148
431.43778
431.45974
431.62198
431.64142
431.66434
431.71420
431.74756
431.83354
431.86078
431.88544
431.91940
431.92546
431.93548
432.16432
432.28804
432.40024
432.40282
432.45022
432.47386
432.70018
432.77410
433.30798
433.40176
433.44796
433.48438
433.60792
433.64398
433.68106
433.99060
434.06404
434.10394
434.20798
434.28778
434.35774
434.36854
434.37454
434.51746
434.70784
434.86678
434.92462
434.96134
434.96794
435.08392
435.30796
435.34750
435.42382
435.87448
435.94288
435.94732
435.96016
435.96712
436.02352
436.07632
436.21768
436.28074
436.28416
436.33384
436.44424
436.51174
436.66738
436.74004
436.78102
436.81732
436.89118
436.90378
437.00440
437.10622
437.44864
437.46406
437.53486
437.64028
437.72296
437.73406
437.96356
438.22450
438.34462
438.73198
438.75424
439.01398
439.14106
439.20058
439.20802
439.21618
439.22572
439.25392
439.29700
439.39822
439.41220
439.44106
439.45378
439.48378
439.63042
439.80760
439.83328
439.85758
440.21158
440.63632
440.69104
440.75152
440.84404
440.84980
440.98486
441.13762
441.21388
441.29104
441.30028
441.44098
441.48040
441.49978
441.68326
441.82432
441.90670
441.93076
442.00798
442.12426
442.16452
442.17394
442.32052
442.37824
442.42426
442.43062
442.45756
442.48246
442.65766
442.67578
442.80196
442.81036
442.82980
443.64370
443.66368
443.68288
443.93728
444.33352
444.39418
444.41080
444.41698
444.42184
444.43084
444.47746
444.48082
444.75022
444.77464
444.78988
444.79546
444.83302
444.87598
444.89410
445.11670
445.12444
445.14946
445.28044
445.43056
445.44172
445.64092
445.95340
446.00926
446.03038
446.12440
446.13208
446.18962
446.23210
446.26846
446.42524
446.44120
446.44702
446.67040
446.88820
446.89246
446.90428
446.97742
447.06382
447.07018
447.28366
447.33412
447.51664
447.72796
447.89032
447.96100
448.00042
448.01194
448.02520
448.08364
448.59112
448.64314
448.68628
448.79242
448.79446
448.80046
448.82752
448.83418
448.85092
448.86226
448.93390
449.15776
449.20114
449.39116
449.50474
449.57764
449.58382
449.58706
449.59198
449.71816
449.90686
450.13516
450.14116
450.18748
450.23050
450.53422
450.60706
450.66538
450.75394
450.78766
450.95950
451.13074
451.40962
451.45792
451.48510
451.52356
451.53004
451.55962
451.65784
452.28268
452.44288
452.61400
452.73022
453.12352
453.19024
453.45964
453.58786
453.61834
453.63760
453.95812
453.98482
454.04770
454.05418
454.17298
454.20448
454.50436
454.57462
454.68748
454.72456
454.77370
455.11348
455.22466
455.24872
455.29180
455.36470
455.37466
455.39740
455.79772
455.81572
455.83114
456.13096
456.19138
456.33592
456.39772
456.62122
456.92116
456.92476
456.98116
456.99046
457.04140
457.05724
457.17838
457.21162
457.41778
457.49152
457.49434
457.51282
457.65364
457.66186
457.66492
457.67104
457.67548
457.69726
457.73248
457.74154
457.74790
457.76458
457.78192
457.84696
458.02762
458.04070
458.06074
458.07886
458.44690
458.66458
458.72050
458.72860
458.94832
458.95804
459.02668
459.10852
459.36226
459.39394
459.47812
459.58372
459.78010
459.91744
459.96982
460.06486
460.15846
460.43812
460.65814
461.00842
461.17156
461.18200
461.21944
461.67202
461.70118
461.72518
461.75860
461.87182
461.90794
461.91430
462.27850
462.32530
462.39454
462.45454
462.60808
463.07914
463.44130
463.55140
463.64548
463.65484
463.69210
463.69828
464.14558
464.21836
464.38432
464.47066
464.48224
464.63290
464.70886
464.93884
465.16234
465.22762
465.24880
465.25618
465.28150
465.29620
465.49882
465.84244
465.89524
466.09600
466.15828
466.34800
466.45570
466.48546
466.61836
466.84102
466.86190
466.90528
466.90822
467.08636
467.09878
467.12902
467.20546
467.21536
467.30848
467.41546
467.76112
467.79670
467.85184
467.89264
468.53530
468.85600
468.89992
469.01596
469.07980
469.14850
469.15822
469.30228
469.49308
469.65952
469.74940
469.76986
469.80874
470.08558
470.29654
470.60968
470.98012
471.21622
471.22288
471.22552
471.25282
471.28954
471.47980
471.55888
471.58954
471.65980
471.82288
471.84682
471.97306
471.99994
472.05124
472.20904
472.23286
472.35268
472.58266
472.80202
472.82512
472.83328
472.90246
472.91950
473.09080
473.30470
473.35984
473.38264
473.40988
473.69074
473.71948
473.72278
473.77312
473.83108
474.02542
474.16948
474.46006
474.49984
474.73306
474.78316
474.78682
474.80650
474.83602
474.84688
475.34002
475.41970
475.62100
475.75678
475.76524
475.76716
475.77772
475.89100
476.07598
476.43646
476.53576
476.54074
476.62714
476.66392
476.73676
476.74366
476.80672
476.82670
476.84092
476.87710
476.88646
476.89018
476.99392
477.09238
477.09910
477.14272
477.61330
477.67378
477.67726
478.13386
478.15534
478.24384
478.32352
478.40074
478.42378
478.54348
478.54558
478.59574
478.86706
479.26708
479.27968
479.29408
479.33302
479.34304
479.68768
479.72452
479.82772
479.95966
480.08314
480.14416
480.24718
480.49006
480.49432
480.87928
481.07164
481.09702
481.26730
481.49728
481.63858
482.12014
482.14408
482.15362
482.29750
482.44108
482.54782
482.71030
483.26086
483.31126
483.55600
483.58414
483.60532
483.61792
483.62800
483.85030
484.06432
484.07056
484.36144
484.75402
485.02750
485.35768
485.48008
485.50810
485.52706
485.54710
486.30826
486.34414
486.37132
486.44896
486.45100
486.46018
486.46564
486.54856
486.55864
487.00942
487.20190
487.24192
487.28446
487.29442
487.31230
487.32742
487.34920
487.42870
487.45876
487.50886
487.78834
488.06566
488.10226
488.38510
488.69686
488.74594
488.75866
488.88220
488.89936
488.91616
489.10804
489.27910
490.17364
490.27198
490.59610
490.60912
490.63330
490.65244
490.66930
491.01910
491.08876
491.46052
491.54668
491.73088
491.81950
491.84644
491.89528
492.15952
492.47740
492.52978
492.56908
492.61294
492.74974
492.80572
492.82390
492.91228
492.91942
493.13944
493.17640
493.22848
493.26232
493.29580
493.60258
493.77280
494.19298
494.24284
494.29150
494.32216
494.46262
494.61274
494.74120
494.77738
494.79334
494.91280
495.00790
495.11254
495.20836
495.22948
495.37000
496.05670
496.09138
496.12318
496.15054
496.15828
496.18048
496.22020
496.31944
496.33726
496.77538
496.78468
496.96570
497.02048
497.02738
497.75062
497.76442
497.89426
498.19402
498.50122
498.56782
498.57508
498.61066
498.80704
498.82504
499.26688
499.29064
499.30054
499.56100
499.78144
500.38126
500.41624
500.45866
500.46124
500.59006
500.59660
500.62378
501.02536
501.03160
501.13786
501.20428
501.28132
501.31300
501.33820
501.34078
501.36856
501.44806
501.51790
501.86068
502.04806
502.05490
502.11004
502.13476
502.36204
502.47754
502.50466
502.50748
502.86070
502.88182
502.96150
503.11804
503.12608
503.29846
503.31112
503.37178
503.57116
503.70448
504.30538
504.31534
504.55822
504.56542
504.70138
505.35436
505.36540
505.82854
505.85938
505.94506
506.34430
507.10864
507.69730
507.79540
507.83236
507.88768
508.12516
508.69846
508.71460
508.73872
508.78864
508.85158
508.93132
508.94350
509.08846
509.58796
509.59678
509.67238
509.69812
509.76232
510.30472
510.33904
510.41248
511.15942
511.17802
511.19392
511.22932
511.30558
511.74856
512.23138
512.26804
512.55664
512.62756
512.63614
512.63926
512.90590
513.05038
513.06184
513.08032
513.11344
513.23326
513.45034
513.81268
513.88000
514.75600
514.78342
515.13028
515.16670
515.17306
515.20840
515.22136
515.24026
515.38030
515.42368
515.47270
516.06724
516.08296
516.09994
516.16450
516.40402
516.48694
516.56662
516.60076
516.60640
516.89404
516.91060
517.31764
517.35382
517.50814
517.52170
517.76506
517.81072
518.05276
518.07700
518.39050
518.41120
518.46970
518.51188
518.59756
518.85490
519.03466
519.19786
519.28072
519.28444
519.28672
519.31198
519.32080
519.64774
519.68116
519.87784
519.88648
520.11814
520.13260
520.18144
520.18468
520.90750
520.96150
520.97788
521.12830
521.21116
521.31940
521.38594
521.39824
521.41186
521.72890
521.73820
521.81116
522.34198
522.38122
522.38434
522.40534
522.43444
522.44248
522.45508
522.48550
522.69088
522.77386
523.02850
523.35508
523.36162
523.40122
523.50832
523.79950
523.85554
523.89802
524.27176
524.45536
524.48968
524.54236
524.75572
524.87212
524.91604
525.07426
525.28564
525.30838
525.33196
525.63190
525.80956
525.83584
526.26868
526.29574
526.37302
526.38928
526.91866
527.17240
527.61838
527.92378
528.27616
528.63706
528.67690
529.00030
529.02946
529.03306
529.04764
529.56766
529.61740
529.68250
529.76992
529.82134
529.85536
529.86274
529.90252
529.92076
530.19370
530.33662
530.82538
531.18334
531.30340
531.31900
531.32548
531.37636
531.41950
531.59998
531.65272
531.87790
532.02952
532.19032
532.20088
532.20694
532.74880
532.94428
532.96894
532.97254
533.21326
533.36434
533.37052
533.54338
533.65270
533.80258
533.85712
534.55012
534.74332
534.85288
534.89626
535.00642
535.01500
535.04308
535.15288
535.15672
535.37698
535.40014
536.13724
536.18266
536.93068
536.93458
536.93698
536.93884
536.94346
537.17560
537.83692
537.86674
537.90496
537.91744
537.93148
537.93574
537.94792
537.96028
538.68892
538.69570
538.71046
538.76296
539.01322
539.45752
539.49262
539.52130
539.94556
540.11908
540.37984
541.02976
541.12822
541.15198
541.20790
541.25008
541.42192
541.98436
541.99816
542.58652
542.61364
542.65906
543.43462
543.49966
544.06630
544.14304
544.23052
544.84684
544.85032
545.03692
545.24236
545.60038
545.60878
545.71294
545.74648
545.80546
546.02620
546.08338
546.08776
546.18322
546.29020
546.40048
546.63328
546.64192
546.70000
546.71830
546.81670
546.81946
546.82336
546.82630
546.83248
546.90520
547.01644
547.10542
547.60942
547.63816
547.88938
548.01400
548.09650
548.70502
548.71066
548.71996
549.56428
549.57676
549.64978
549.70840
549.73552
549.80086
549.84688
549.92614
550.11910
550.17166
550.26964
550.41292
550.63666
550.65628
550.67020
550.67614
550.75648
551.21956
551.25652
551.31646
551.32060
551.63512
551.64274
551.65240
551.65462
551.65690
551.65882
551.66188
551.66608
551.67082
551.67916
551.70940
551.85670
551.87158
551.96632
551.97352
552.19966
552.50290
552.50938
552.57916
552.58606
552.63028
552.83056
553.29568
553.33924
553.38190
553.67914
553.74958
554.62288
554.73928
554.89510
554.98960
555.06976
555.25930
555.48970
555.72262
555.74434
556.19710
556.20406
556.24924
556.29820
556.50940
556.64860
556.84948
556.87552
556.98472
557.14936
557.19040
557.19934
557.46610
557.46910
557.70460
557.85250
558.22234
558.25648
558.28306
558.31948
558.46594
558.48544
558.74932
558.79270
558.83584
558.91954
559.27252
559.28002
559.53988
559.68646
559.70818
559.71358
559.72384
559.99924
560.31970
560.33386
560.36656
560.49916
560.63974
560.80264
561.05260
561.05914
561.40264
561.44518
561.45184
561.55570
561.56182
561.57376
561.74524
562.05826
562.14412
562.19512
562.22968
562.23520
562.28212
562.28518
562.31584
562.31848
562.68928
562.91584
563.12476
563.15158
563.16148
563.23972
563.24416
563.35216
563.37532
563.93584
563.97268
563.98228
564.05158
564.20242
564.27580
564.31894
564.66574
564.83386
565.01170
565.30540
565.31806
565.34218
565.61236
565.87606
565.90552
565.94872
566.01916
566.36206
566.81914
566.85262
566.91850
566.94736
567.51226
567.66856
567.67666
567.69838
568.17292
568.58962
568.59202
568.80664
568.82254
568.95712
569.20204
569.22814
569.25214
569.29162
569.46580
569.59156
569.76916
570.00850
570.04240
570.15916
570.50188
570.94222
571.01308
571.32232
571.40872
571.44532
571.46320
571.56142
571.57594
571.60588
571.62850
571.82482
571.92910
571.93534
572.31232
572.35858
572.60266
572.65840
572.71912
572.83636
572.98288
573.02548
573.30274
573.41848
573.63886
573.66868
573.96604
573.96934
573.97546
574.09540
574.18120
574.18324
574.18690
574.19698
574.20874
574.21960
574.28518
574.65190
574.65952
574.82722
574.95568
574.96564
574.99228
575.00452
575.55616
575.58922
575.74054
575.77606
575.83990
575.86618
575.87560
575.91862
575.98522
576.62842
576.79054
576.79378
576.79618
576.81226
576.83800
576.90166
576.91360
577.18606
577.48636
577.64176
577.64836
577.65844
577.67062
577.71928
578.16574
578.26192
578.60110
578.81590
579.39934
579.47200
579.90652
579.95026
579.96268
580.01650
580.05316
580.06528
580.27216
580.28338
580.30900
580.32358
580.35970
580.40632
580.44304
580.50862
580.53160
580.74616
580.84756
580.95376
581.26642
581.33092
581.44402
581.46988
581.65882
581.99002
582.10342
582.32710
582.35992
582.66382
582.71284
582.71560
583.00354
583.14790
583.19680
583.76050
583.76692
583.88326
584.33368
584.47702
585.09082
585.17650
585.44044
585.50068
585.50710
586.18372
586.26952
586.38694
586.47064
587.08450
587.09680
587.22244
587.26480
587.43748
587.58400
587.81344
587.83030
587.95072
588.11374
588.34420
588.41374
588.44140
588.45646
588.48472
588.90076
588.90358
588.94102
589.02076
589.28092
589.30804
589.67344
590.26762
590.46418
590.53786
590.75170
590.76424
590.78836
591.16786
591.40162
591.46510
591.48778
591.55438
591.69484
591.88810
592.00798
592.06888
592.14436
592.34440
592.36918
592.37524
592.43092
592.60480
593.02474
593.18092
593.31268
593.34898
593.52370
593.52724
593.59432
593.60344
593.61022
593.63740
593.64946
593.66524
593.71114
594.04174
594.08500
594.72508
594.82672
594.84136
594.86956
595.07140
595.34788
595.52026
595.56820
595.87114
595.89910
595.96216
595.96558
595.97014
595.97788
596.07106
596.24182
596.40454
596.55730
596.76466
596.79382
596.87212
597.14836
597.22216
597.28312
597.30208
597.36112
597.43780
597.51610
598.03108
598.28212
598.33042
598.47898
598.97410
599.36020
599.38672
599.40640
599.42212
599.74600
599.83228
599.83822
599.91550
599.98924
599.99440
600.01630
600.02452
600.03148
600.15130
600.21796
600.43234
600.85240
601.75606
601.76902
601.80202
601.83304
601.85980
601.92592
601.95280
601.95880
601.96528
601.98928
603.00958
603.16576
603.18976
603.28270
603.30262
603.30982
604.28866
604.35418
604.47334
604.56316
605.01580
605.04706
605.62240
605.64682
605.72008
605.87962
605.95348
606.14014
606.35116
606.63688
606.78418
606.80086
607.08688
607.64914
607.65718
607.68688
607.68832
607.73704
607.74376
607.77388
607.82740
607.83664
608.27116
608.37340
609.49480
609.58108
609.65380
609.73366
609.96742
610.02556
610.03048
610.03750
610.03990
610.08994
610.32394
610.33750
610.65718
610.71064
610.72036
610.76884
610.97422
611.10634
611.25388
611.65396
611.95768
611.97844
612.13234
612.22438
612.30700
612.40516
612.61012
612.67768
612.72766
612.77824
612.82108
612.82816
612.86740
612.90772
613.01860
613.39804
613.44778
613.46152
613.53064
613.54798
613.56340
613.77826
613.82344
613.84528
614.07808
614.26246
614.26504
614.33896
614.44870
614.48230
614.58034
614.60734
614.71492
614.72494
614.75824
614.77132
615.02152
615.05164
615.23530
615.29782
615.35824
615.39184
615.48430
615.55054
615.61924
615.69172
615.77506
615.79354
615.89170
616.01134
616.34458
616.45234
616.77418
616.96486
616.99792
617.33824
617.37448
618.23854
618.30862
618.65758
618.68452
618.71056
618.75148
618.80518
618.88798
619.43242
619.81924
620.28442
620.35528
620.49544
620.86090
620.91022
620.95900
621.00610
621.02236
621.03238
621.16096
621.19156
621.63970
622.01902
622.03084
622.03492
622.03906
622.12540
622.43818
622.52752
622.76890
622.88890
622.90432
622.95346
623.16124
623.23516
623.35588
623.37898
623.71894
623.73094
623.80780
623.90926
623.92996
623.94298
624.15052
624.29254
624.50644
624.62266
624.62926
624.66562
624.70606
624.71764
624.94762
625.30972
625.39192
625.48036
625.54318
625.65238
625.86646
625.95898
626.15200
626.24290
626.66602
626.82292
627.18196
627.28216
628.13290
628.14322
628.21342
628.21912
628.31146
628.75924
628.99732
629.08990
629.27632
629.28886
629.30080
629.38000
629.75998
629.91958
630.07006
630.18292
630.32692
630.45586
630.72580
630.92080
630.98326
631.31014
631.34770
631.36342
631.39726
631.43242
631.55296
631.64758
631.66240
631.77622
631.79788
631.81720
631.84090
631.89742
632.49658
632.49994
632.62582
632.62894
632.64016
632.71744
632.82700
632.91328
632.93650
632.97646
633.50086
633.53764
633.54358
633.62368
634.51828
634.52362
634.57324
634.62340
634.72366
634.75720
635.05726
635.24980
635.26660
635.49286
635.68840
635.74708
635.80744
635.95288
635.97940
636.02506
636.53770
636.72418
636.76732
636.81646
636.96010
637.00858
637.01782
637.04674
637.11004
637.39414
637.45960
637.46638
637.78732
638.04676
638.23654
638.28742
638.64466
638.69644
638.69800
638.71780
638.75386
639.10414
639.36694
639.38914
639.51106
639.60826
639.62872
639.64390
639.66778
639.76342
639.90076
640.27780
640.39150
640.40146
640.40632
640.42810
640.86196
641.02084
641.44858
641.47864
641.49820
642.10534
642.24172
642.49558
642.50482
642.75556
642.75880
642.77188
642.91582
642.93070
642.97042
643.06546
643.15162
643.26544
643.75552
643.76386
643.80760
643.84420
644.09176
644.34544
645.07204
645.76384
645.76708
645.92110
646.40002
646.57918
647.16880
647.22406
647.25496
647.26294
647.36728
647.37958
647.64076
647.92768
647.97994
647.99026
648.10306
648.17674
648.34120
648.48274
648.59236
648.59824
648.81316
648.93922
649.05214
649.06774
649.31278
649.32394
649.35262
649.60396
649.64008
649.72006
649.75672
649.86976
650.58400
650.59684
650.62936
651.16840
651.35572
651.45394
651.76924
652.14046
652.15876
652.30186
652.31470
652.35190
652.35760
652.51414
652.70764
652.75876
652.82086
653.05930
653.06506
653.21512
653.70202
653.75812
653.87422
654.02764
654.08842
654.30910
654.57850
654.65068
654.96562
655.37512
655.52254
655.61452
655.90282
655.93252
656.44690
656.58124
656.59228
656.73280
657.08182
657.33880
657.41962
657.64810
657.83230
657.94894
658.15300
658.16002
658.26118
658.27630
658.41292
658.46314
658.76320
658.83358
658.89220
658.94146
658.99660
659.09422
659.09962
659.16598
659.33356
659.49256
659.55628
659.68918
659.74426
659.75002
659.96410
660.35020
660.65308
660.85018
660.88378
660.93292
661.42276
661.43548
661.46878
661.56364
661.95028
661.98040
662.05018
662.06602
662.23738
662.49496
662.52958
662.54176
662.55706
662.58418
662.62696
662.63686
662.68726
662.80732
662.82334
663.33760
663.35092
663.38056
663.90094
664.04470
664.09528
664.11772
664.29340
664.73068
664.92922
664.96708
665.06788
665.63140
665.64790
665.69422
665.71138
665.75140
665.75482
665.83120
665.84338
666.61060
666.63148
667.34470
667.53784
667.56844
667.59124
667.60822
667.69792
667.76752
667.88428
667.99144
668.02144
668.02816
668.19592
668.52034
668.56192
669.57202
669.61138
669.87838
669.93454
670.13560
670.15900
670.16548
670.17232
670.25554
670.25848
670.30150
670.56478
670.59496
670.60132
670.66894
670.70236
670.76326
670.79242
670.90120
671.03914
671.08582
671.24770
671.31520
671.45854
671.54170
671.57866
671.78500
671.90170
672.05530
672.06886
672.08482
672.40252
672.78214
672.83002
672.91306
673.54504
674.09098
674.09572
674.22304
674.25604
674.30896
674.71582
674.72548
674.73754
674.76190
674.98882
675.03946
675.08032
675.20878
675.22774
675.24208
675.39532
675.65596
676.10182
676.12354
676.17712
676.84546
676.85440
676.87246
676.96234
677.01670
677.09260
677.18896
677.51932
677.89924
677.99698
678.00682
678.04114
678.47488
678.53620
678.56914
678.72304
678.92218
679.26526
679.35118
679.84138
679.90546
680.26642
680.41450
680.42944
680.53594
680.69230
680.78488
680.87962
680.89522
681.05134
681.08182
681.08476
681.20134
681.25090
681.35224
681.62182
681.83584
681.99514
682.05610
682.14256
682.24894
682.51540
682.82494
683.11888
683.50132
683.78176
683.80786
683.86642
683.94622
684.05854
684.35326
684.49204
684.50494
685.10170
685.14100
685.24216
685.62238
685.62472
685.64512
685.64884
685.73212
685.81180
685.81804
685.92778
685.96882
685.99882
686.68510
686.85634
686.98558
687.06178
687.28558
687.58204
687.63448
688.02184
688.27216
688.28452
688.63492
688.69192
689.16286
689.18554
689.24884
689.78578
690.02098
690.08554
690.22984
690.26596
690.36496
690.39004
690.53884
690.89176
690.95872
691.00756
691.15228
691.23154
691.77988
691.82278
691.88566
692.78206
693.12532
693.16816
693.23188
693.37876
693.41206
693.46174
694.47586
694.77106
694.79194
694.83454
694.93936
695.00602
695.06170
695.13166
695.25664
695.32534
695.40562
695.42482
695.86312
695.86984
695.90620
695.94274
695.95246
695.96200
696.04186
696.06838
696.21574
696.23548
696.28606
696.42838
696.51916
696.55624
697.04926
697.14118
697.16566
697.23976
697.26964
697.31578
697.85542
698.21584
698.25580
698.81320
698.86588
699.16594
699.35632
699.48274
699.54934
699.57574
699.61360
700.04020
700.06672
700.08004
700.08280
700.09516
701.03578
701.08636
701.73994
701.78236
701.79556
701.82322
702.44704
702.45670
702.60964
702.65284
702.70816
702.72622
702.91690
703.09000
703.18228
703.19554
703.21900
703.25932
703.37590
703.66618
703.90876
703.97002
704.00944
704.02648
704.06842
704.23300
704.23480
704.24560
704.25262
704.25994
704.32618
704.35312
704.39998
704.63236
704.68594
704.69608
705.01210
705.14548
705.18244
705.38584
705.50518
705.59644
705.61594
705.64678
705.64954
705.66916
705.98590
706.29568
706.77010
706.78588
706.99336
707.03998
707.07052
707.12572
707.52982
707.55022
707.60644
707.61070
707.65264
707.71444
708.21964
708.61960
708.64852
708.65746
708.66436
708.69478
708.69766
708.73048
708.81676
709.03078
709.07392
709.34038
709.67422
709.75012
710.10334
710.13664
710.28346
710.29984
710.30344
710.96704
711.09004
711.16024
711.21514
711.23398
711.29380
711.31690
711.34684
712.10068
712.10950
712.17736
712.28752
712.72036
712.75990
712.88188
712.88782
713.14840
713.19136
713.48770
713.53414
713.53756
713.62030
713.73088
713.88442
714.10456
714.12106
714.31048
714.39364
714.39850
714.45772
714.47116
714.47800
714.74890
714.82162
714.85798
715.06090
715.09738
715.18030
715.42750
715.45804
715.55392
715.59112
715.59988
715.94878
715.97956
716.15050
716.19394
716.27026
716.29816
717.04474
717.06466
717.08818
717.16606
717.17110
717.30850
717.38818
717.69472
717.81130
717.94384
717.95890
718.41814
718.43620
718.85878
718.90858
719.06752
719.23864
719.38072
719.59492
719.76052
720.28654
720.61144
720.82564
720.87220
720.94474
721.15264
721.17304
721.62586
721.66852
721.67296
721.67536
721.78900
721.92238
722.07664
722.11900
722.13688
722.25466
722.68300
723.05596
723.13564
723.14848
723.49828
723.50974
723.52804
723.89866
723.92698
724.00036
724.00606
724.04974
724.06690
724.41898
724.67956
724.95616
725.33584
725.60554
725.62306
725.88346
725.90254
726.00958
726.30640
726.31306
726.32860
726.34912
726.37210
726.50638
727.11286
727.17340
727.23508
727.24960
727.25308
728.12974
728.24260
728.24578
728.27314
728.28910
728.73286
728.87980
728.93230
729.14314
729.58834
729.61492
729.64378
729.64678
729.81574
729.84646
730.69984
730.73332
730.75222
731.87668
732.12712
732.33334
732.44728
732.49252
732.70372
733.06234
733.07092
733.09978
733.12558
733.54606
733.96282
734.80156
734.84194
734.86048
734.89072
734.90956
734.91124
734.94106
735.19432
735.20692
735.48520
735.87088
736.05496
736.07800
736.10170
736.10770
736.11412
736.15642
736.21726
736.25716
736.45630
736.78774
736.81426
736.86694
736.88542
736.88830
737.15008
737.29930
737.33446
737.50066
737.61430
737.80126
738.08266
738.09436
738.10402
738.22420
738.32140
738.97492
739.02994
739.29658
739.53370
739.58782
739.60474
739.62496
739.66762
739.68832
739.69090
740.20870
740.25484
740.38366
740.52514
740.52850
740.76778
740.79484
740.87512
741.48316
741.53572
741.55102
741.56818
742.00270
742.03858
742.39930
742.58458
742.59568
742.60462
742.64224
742.95412
742.96090
742.97644
742.98502
743.28226
743.42956
743.51218
743.53942
743.55508
743.78398
743.79178
744.07240
744.28684
744.37240
744.49270
744.71860
744.75856
744.76132
744.77674
744.79168
744.97876
745.17898
745.36546
745.57108
745.64314
745.70218
745.70890
746.28856
746.39860
746.64616
746.80894
746.84338
746.86300
746.86924
746.91628
747.19318
747.20338
747.20638
747.34246
747.34528
747.36538
747.56656
747.57046
747.60040
747.80404
748.23580
748.24270
748.64344
748.66348
748.67110
748.71670
748.73212
748.83328
749.00248
749.25298
749.81986
749.85658
750.31732
750.32740
750.36034
750.36610
750.46672
750.51340
750.52960
750.56842
750.64720
750.79720
750.84916
750.95974
750.97744
750.98074
751.01452
751.05718
751.10662
751.11580
751.22890
751.28272
751.37644
751.40014
751.51972
752.17042
752.19820
752.84776
752.89804
752.95078
752.98390
753.54346
753.55114
753.56086
753.58060
753.65038
753.66172
753.94384
754.02664
754.30768
754.32064
754.57426
755.07088
755.14468
755.29114
756.05734
756.13738
756.38188
756.40126
756.43144
756.72478
756.78376
756.95776
757.04068
757.41136
757.65430
757.67470
757.75810
757.86796
758.02438
758.06128
758.09746
758.31172
758.31808
758.39146
758.78392
759.05404
759.30436
759.34438
759.35962
759.37438
759.37816
759.39688
759.41158
759.59848
759.67762
759.97492
760.03480
760.06498
760.07056
760.14676
760.18978
760.23826
760.29784
760.51156
760.99870
761.81542
761.81974
761.88472
762.02554
762.08242
762.21502
762.32506
762.33526
762.44854
762.51526
762.74548
762.75820
763.00600
763.08496
763.08802
763.10182
763.24438
763.28740
763.29448
763.45492
763.49926
763.53520
763.63714
763.81492
763.83526
763.92148
763.93048
764.36884
764.37556
764.38426
764.45836
764.46544
764.46988
764.50138
764.97922
765.00892
765.05872
765.07150
765.17494
765.31576
765.61192
765.63520
765.73204
765.95920
765.99628
766.02322
766.20916
766.21246
766.27522
766.37836
766.64560
766.86604
767.01844
767.07520
767.15206
767.20900
767.27320
767.29162
767.35222
767.49034
767.70196
767.73862
767.97514
768.18070
768.31582
768.35482
768.59014
768.69208
768.80506
768.82510
769.08448
769.22602
769.28212
769.28566
769.31698
769.36864
769.58974
769.59238
769.97842
769.98982
770.19934
770.21932
770.25586
770.49286
770.70712
770.74960
770.80888
770.81278
771.13642
771.64252
771.68188
771.70972
771.84334
772.31950
772.35688
773.10928
773.17948
773.30050
773.37292
773.40322
773.59954
773.72230
773.86270
773.95678
773.99548
774.02278
774.05314
774.34684
774.38674
774.41992
774.53368
774.54430
774.54694
774.56992
774.62308
774.68680
774.69598
775.00318
775.01566
775.02094
775.03978
775.07632
775.25350
775.40980
775.53754
775.59328
775.93366
775.93978
775.95292
776.01004
776.01688
776.72356
776.75518
776.77504
776.92678
777.22318
777.26932
777.45388
777.60088
777.61330
777.61582
777.62866
777.66976
777.67438
777.69856
778.03630
778.18294
778.43998
778.48270
778.75384
778.95382
779.00398
779.15386
779.49046
779.52826
779.63476
779.81398
780.25390
780.41368
780.62746
780.69088
780.83656
781.35724
781.46098
781.64464
781.98136
781.98802
782.09782
782.28160
782.43778
782.59450
782.66398
782.90128
782.94820
783.01696
783.09136
783.09730
783.27418
783.60190
783.74584
783.96706
783.98080
783.98908
784.07596
784.18168
784.43872
784.44778
784.46050
784.70242
785.20420
785.36542
785.39554
785.49520
785.54758
785.71870
785.83828
785.84134
786.09532
786.31936
786.37558
786.44146
786.51202
786.91942
786.97180
787.01176
787.03882
787.32490
787.34278
787.39156
787.50994
787.76866
787.89172
788.62588
788.86210
788.93260
788.98270
789.38566
789.80608
789.88588
790.15576
790.29952
790.71388
791.42308
791.42938
791.54590
791.76646
791.96650
791.99914
792.00598
792.03634
792.04408
792.11650
792.33676
792.83962
793.04716
793.07836
793.11598
793.15972
793.57990
793.61968
793.72522
793.75174
793.78234
793.91098
794.22328
794.72596
794.75026
795.29626
795.49156
795.51070
795.79864
796.03300
796.28326
796.80058
796.90708
797.55076
797.57650
797.66158
797.73430
797.83624
797.99752
798.21136
798.33250
798.52066
798.95740
799.03414
799.05760
799.07812
799.09030
799.10086
799.10656
799.11892
799.16404
799.40086
799.67074
799.93534
799.95232
799.99528
800.09374
800.56516
800.60134
800.68798
800.72122
800.73088
800.84980
800.92096
801.30106
801.40768
801.56974
801.57346
801.65980
801.69004
801.74488
801.88084
802.01716
802.14388
802.23166
802.28104
802.32430
802.41382
802.42876
802.50766
802.93090
803.24542
803.46952
803.53768
803.55118
803.58886
804.02686
804.04072
804.40432
804.86056
804.97072
805.18198
805.83460
805.91074
805.94092
806.17750
806.19352
806.20240
806.48458
806.58850
806.76088
806.89768
806.90674
807.16810
807.17410
807.27724
807.42136
807.62698
807.68464
807.72172
807.78376
808.10758
808.36462
808.42744
808.49398
808.75108
808.81084
808.81414
808.85044
808.85788
809.02738
809.07094
809.35474
809.51686
809.72812
809.74090
809.78434
810.04756
810.24604
810.30760
810.38098
810.42418
810.42724
810.98104
811.02430
811.11034
811.39438
811.48102
811.58476
811.91812
812.05096
812.26468
812.26804
812.30476
812.30818
812.32324
812.34712
812.35504
812.57494
812.58124
812.72164
813.21832
813.27952
813.33082
813.42682
813.57430
813.71062
813.75142
813.81802
813.83368
813.89776
813.98080
814.46806
814.54114
814.54786
814.62448
814.84792
814.99792
815.18470
815.23408
815.35696
816.14788
816.37738
816.41884
816.44116
816.46954
816.49144
816.94816
817.00138
817.14718
817.19752
817.20070
817.75798
817.80772
817.83466
817.84348
817.84804
817.86232
817.95358
817.95532
817.95736
818.40130
818.40790
818.47114
818.75764
818.89402
818.90056
818.92858
819.27874
819.62158
819.66460
819.73084
819.73474
819.77422
819.78100
819.80734
819.83854
820.00138
820.47934
820.48456
820.56820
820.62850
820.80058
821.28460
821.30644
821.32210
821.35126
821.48062
821.49616
821.55814
821.58178
821.85772
821.88472
821.91826
822.00400
822.05062
822.13996
822.23752
822.30118
822.35998
822.65098
822.76216
822.77932
822.80146
822.98452
822.99088
822.99724
823.16188
823.40194
823.60444
823.63432
823.64080
823.66780
823.74742
823.99678
824.01070
824.68444
825.07426
825.14758
825.22108
825.25762
825.30034
825.32668
825.53422
825.61744
826.38592
826.44058
826.92070
827.27374
827.27962
827.36128
827.36314
827.38696
827.46400
828.16024
828.19906
828.65860
828.79366
828.94384
829.03348
829.03786
829.34722
829.43728
829.54360
829.64200
829.64476
829.65772
829.68868
829.77106
830.03758
830.10730
830.34478
830.42374
830.50960
830.61628
830.75050
830.76658
830.83690
831.02374
831.13996
831.15232
831.18298
831.18712
831.23272
831.27784
831.36778
831.43036
831.44686
831.78700
831.90550
831.97348
832.04446
832.48870
832.54642
832.58968
832.71682
832.96090
833.26936
833.29048
833.30980
833.58226
833.67964
833.71336
833.77720
833.78338
833.83246
833.91334
833.95492
834.16702
834.21034
834.48538
834.49660
834.65428
834.68314
834.68956
834.73342
834.83680
834.93346
835.01308
835.04998
835.28230
835.39870
835.41058
835.46260
835.46572
835.58230
835.76812
835.91308
836.01970
836.07220
836.16670
836.19712
836.25664
836.25898
836.29630
836.42272
836.50636
836.54410
836.61994
836.70634
837.27970
837.28960
837.29356
837.30028
837.47260
837.91624
837.92944
838.12240
838.12786
838.15774
838.22344
838.26562
838.90894
838.94890
838.95946
839.21620
839.39326
839.48884
840.00850
840.46666
840.52972
840.53278
841.10272
841.23556
841.29562
841.29892
841.39930
841.86244
841.87540
841.95478
842.02480
842.05864
842.43898
842.50240
842.50558
842.51770
842.78854
843.16504
843.52900
843.53542
843.61162
843.87826
844.04326
844.56496
844.69648
844.71214
844.71496
845.25076
845.34916
845.63674
845.71870
845.72890
845.74882
845.85106
846.02902
846.11506
846.28744
846.36568
846.57130
846.58618
846.60814
846.74560
847.14538
847.25824
847.29934
847.31224
847.55716
847.56730
847.60978
847.73866
847.95982
848.00458
848.06800
848.20438
848.25256
848.34532
848.89630
848.90566
848.91604
848.94322
849.01486
849.03190
849.06460
849.23914
849.25264
849.26512
849.59818
849.69508
849.83602
849.87130
849.93232
850.14022
850.20202
850.43812
850.44124
850.95442
850.98862
851.24584
851.36944
851.37868
851.43928
851.55562
852.05848
852.18424
852.22444
852.24484
852.32470
852.77638
852.80248
852.84526
853.15528
853.30456
853.33024
853.75528
853.88404
853.88758
854.05894
854.36884
854.41924
854.52670
854.59132
854.61280
854.61892
854.64124
855.25078
855.41578
855.71614
855.72310
855.94948
855.98938
856.00138
856.22638
856.26748
856.37902
856.40962
856.67536
856.71616
856.95700
856.95982
856.99192
857.20810
857.21224
857.22352
857.31580
857.46802
857.75182
857.80840
858.00214
858.66064
858.66598
858.93274
858.98896
859.08202
859.13284
859.54612
859.58308
860.02324
860.04202
860.30584
860.73412
860.73994
861.12712
861.20620
861.24256
861.24928
861.35962
861.37768
861.39070
861.39616
861.48226
861.52564
861.53998
861.54604
861.55618
861.58306
861.89254
862.11088
862.13284
862.15624
862.18630
862.44688
862.65958
862.75006
862.83970
863.31700
863.33242
863.35030
863.39326
863.42992
863.47960
863.78554
863.87404
864.00694
864.03688
864.23704
864.93376
864.95614
865.02328
865.18792
865.29346
865.35604
865.53190
865.58056
865.59346
865.82308
865.93066
865.93624
866.01070
866.01670
866.19988
866.52412
866.60086
866.75728
866.90740
867.13786
867.55414
867.79018
867.84388
867.98284
868.13032
868.16992
868.34542
868.49416
869.67148
869.68516
869.81830
870.04810
870.08422
870.12130
870.13636
870.16096
870.16996
870.18346
870.21292
870.21706
870.67516
870.91858
870.96262
870.98494
871.25848
871.58560
871.72552
871.78528
871.92838
872.15590
872.35582
872.40604
872.72842
872.98546
873.25828
873.44224
873.45676
873.47572
873.51574
873.68740
873.87154
873.88594
873.89536
874.50268
874.56352
874.57864
874.59928
874.70200
874.75924
874.94944
874.97350
874.98640
875.18578
875.18854
875.26990
875.28100
875.34964
875.77918
875.80606
876.04630
876.10786
876.19948
876.20380
876.84298
876.88540
876.91678
876.92332
876.94912
877.02364
877.02958
877.13680
877.17658
877.18048
877.62340
877.66660
877.73980
877.75300
878.12662
878.12980
878.13778
878.19058
878.38702
878.83414
878.88352
879.00616
879.06706
879.55702
879.59698
879.75400
880.10344
880.35460
880.36744