0.10294
0.11290
0.13924
0.18310
0.66046
1.23592
1.35382
2.16982
2.24584
2.31916
2.50246
2.58556
2.61922
2.71966
2.72668
2.77042
2.99998
3.03334
3.27964
3.29602
3.43588
3.79984
3.88630
3.98590
3.99310
4.10686
4.22818
4.37938
4.41454
4.52938
4.99306
5.29246
5.34304
5.90158
6.35866
6.57922
6.94582
6.95410
6.99586
7.01938
7.23886
7.24594
7.26250
7.49608
7.50982
7.51642
7.69912
7.80970
7.89580
8.06620
8.12386
8.23888
8.62906
8.63080
8.80228
8.88886
9.07642
9.16168
10.06918
10.34242
10.41574
10.41898
10.50544
10.51258
10.51924
10.66942
10.83274
10.85554
10.86394
10.87822
10.89274
11.04142
11.09002
11.31934
11.32834
12.06946
12.09310
12.17026
12.44326
12.47152
12.61888
12.62938
12.68512
13.23580
13.68586
13.83874
14.08618
14.15236
14.32180
14.41552
14.48578
14.50246
14.53570
14.57950
14.58610
14.61142
14.63854
14.64412
14.66620
14.69350
14.72230
14.73598
14.75236
14.76238
14.77678
14.78110
14.86672
14.90218
14.93116
15.03196
15.15280
15.19576
15.27370
15.31402
15.33868
15.35986
15.38188
15.38878
15.40498
15.43210
15.47938
15.70222
15.90916
15.96880
16.13752
16.17586
16.20196
16.24288
16.25440
16.27648
16.28266
16.33108
16.33828
16.35226
16.40206
16.98088
17.45866
17.46874
17.61178
17.99536
18.06868
18.16828
18.46870
19.00426
19.20520
19.32592
19.36840
19.37572
19.41184
19.41838
19.50154
20.33470
20.49904
20.58502
20.95120
20.96524
20.99902
21.19510
21.27052
21.72088
21.83926
21.89380
22.30120
22.47100
22.55788
22.60498
22.64200
22.84978
22.91392
22.99342
23.25808
23.40076
23.56432
23.63674
23.75092
23.81740
23.85820
24.40474
24.46780
24.79414
24.83854
24.90952
24.91720
24.93100
25.19584
25.23160
25.56046
25.57432
25.75060
25.77736
25.88356
26.01706
26.04712
26.05366
26.06998
26.11684
26.15692
26.39074
26.42440
26.43316
26.48788
26.51080
26.86702
26.92438
26.97412
27.16156
27.31900
27.36670
27.77626
27.86776
27.96190
28.04818
28.16758
28.64026
28.75006
28.83292
28.87648
28.94032
29.36314
29.82610
29.92096
29.99290
30.00580
30.06298
30.09946
30.16312
30.23284
30.63400
30.75808
30.95632
31.10650
31.43566
31.44658
31.79932
32.31562
32.59216
32.60632
32.65612
32.75176
32.81524
32.81902
32.90644
32.99086
33.58210
33.67426
33.76516
33.78214
33.96544
34.16530
34.17274
34.17898
34.24198
34.48204
34.56532
34.79596
34.82950
34.84606
34.94440
35.23888
35.26750
35.26936
35.27206
35.27422
35.60272
35.60938
35.64172
35.84536
36.27460
36.48142
36.48898
36.53896
36.71038
36.92086
37.02712
37.05514
37.16830
37.37524
37.45564
37.54510
37.54816
37.59832
37.61152
37.66162
37.68142
37.71790
37.81132
37.83562
37.95568
38.05102
38.11000
38.36194
38.39146
38.44132
38.45248
38.46238
38.54794
38.58406
38.59060
38.62840
38.74138
38.84782
38.95114
39.13426
39.19144
39.21880
39.26752
39.35068
39.43540
39.84796
40.02142
40.02346
40.97182
41.34520
41.35780
41.37172
41.55778
41.85400
41.94478
42.40936
42.71716
42.97456
43.01704
43.01914
43.27408
43.28968
43.30930
43.34698
43.51792
43.58068
43.73062
43.85206
43.88086
44.20918
44.22778
44.36644
44.44714
44.69524
44.81368
45.09034
45.82030
45.86062
45.89698
45.93328
46.10440
46.25422
46.51336
46.54114
46.54684
46.87714
47.19700
47.55592
47.99194
48.16978
48.22054
48.25660
48.26488
48.32044
48.39982
48.41284
48.47650
48.57322
48.60688
48.62080
48.71362
48.74686
48.76342
48.77056
48.90364
49.01326
49.03756
49.84636
49.90852
49.92076
49.92706
50.08726
50.68000
50.79652
51.01312
51.03628
51.12946
51.57322
51.63748
51.81580
52.01638
52.03030
52.07320
52.10290
52.10866
52.11334
52.51018
52.66024
52.89646
53.10880
53.12692
53.12950
53.13712
53.49652
53.61598
54.01294
54.15874
54.16108
54.19660
54.25576
54.28888
54.31036
54.31714
54.34630
54.50998
54.81106
54.82330
54.82528
55.06318
55.31620
55.38982
55.40578
55.46968
55.55398
55.74904
55.77538
55.83286
55.84006
56.31334
56.33254
56.39242
56.50384
56.67508
57.19210
57.22600
57.27082
57.55000
57.55714
57.61342
57.77764
58.26340
58.50676
58.56328
58.58752
58.91968
58.92748
58.97620
59.62108
59.85052
60.11656
60.17038
60.22354
60.23650
60.40954
60.43366
60.46672
60.49654
60.60280
60.68014
60.72334
60.74404
60.82102
60.83020
60.84418
60.88972
61.03774
61.07398
61.19524
61.22338
61.29688
61.30414
61.58050
61.59358
61.70908
61.84684
61.85956
62.33062
62.55736
62.63314
62.63806
62.65390
63.24706
63.34720
63.65926
64.09024
64.12606
64.22410
65.05474
65.10478
65.18380
65.20486
65.25952
65.68450
65.69104
65.71846
65.76820
65.83372
65.85004
65.86372
65.87614
65.99764
66.19294
66.22774
66.24856
66.25774
66.26428
66.61456
66.62182
66.97642
67.01434
67.07182
67.07836
67.24108
67.45036
67.85788
67.87204
68.31502
68.49322
68.50708
68.52100
68.55718
68.94196
68.99884
69.00844
69.10840
69.29146
69.37234
69.54430
69.85864
69.87886
70.02244
70.02544
70.33144
70.44940
70.60594
70.73644
70.80106
70.85770
70.88476
70.91122
70.98916
70.99198
71.01502
71.12188
71.12884
71.14948
71.22280
71.28106
71.45134
71.51782
71.63824
71.78170
71.90506
72.01492
72.04660
72.07426
72.08860
72.17428
72.20296
72.33934
72.35146
72.57430
72.74608
72.84856
72.98200
73.18204
73.57558
73.80514
74.50420
74.56066
74.61532
74.63476
74.80660
75.14884
75.53506
75.54106
75.55666
75.64282
75.71302
75.79906
75.86560
75.90646
76.17802
76.31296
76.32502
76.33528
76.61602
76.62292
76.62994
76.64290
76.68046
76.68502
76.84186
76.89922
77.48590
77.70688
77.81572
77.95678
78.28300
78.37546
78.37966
78.62680
78.99352
79.07980
80.01628
80.17390
80.18020
80.22820
80.44708
80.70256
80.73292
80.76652
80.86006
81.02440
81.35332
81.50308
81.78952
81.86848
82.08934
82.11064
82.12084
82.57924
82.66048
82.96726
83.03368
83.21056
83.32504
83.35084
83.35480
83.42440
83.54056
83.56252
83.66848
83.68408
83.70568
84.02008
84.13438
84.14140
84.17050
84.23404
84.28654
84.52648
84.54676
84.69460
84.70810
84.80092
84.92032
84.94744
84.96496
84.97114
85.03420
85.23688
85.29184
85.66780
85.70122
85.74184
86.07802
86.12092
86.25088
86.53522
86.88736
87.11158
87.79528
87.84232
88.04242
88.09252
88.40194
88.60198
88.76512
88.80160
88.80922
88.81204
89.09572
89.12626
89.66380
89.66566
89.69464
89.99572
90.05242
90.36802
90.38878
90.40354
90.41164
90.57376
90.57934
91.00264
91.07680
91.52710
91.56004
91.59628
91.61710
91.64632
91.65964
91.98310
92.09590
92.10334
92.12254
92.54056
92.55778
92.83342
93.47080
93.52882
93.53308
93.55672
93.96394
94.10890
94.12006
94.16098
94.24132
94.28452
94.29712
94.32046
94.33492
94.34032
94.37056
94.47952
94.49098
94.50484
94.58680
94.60786
94.63738
94.65178
94.92784
94.97170
95.01604
95.15356
95.31448
95.35720
95.48260
95.48578
95.67832
95.86408
95.92834
95.97094
96.03718
96.07156
96.08764
96.11434
96.22372
97.12834
97.13806
97.87414
97.88182
97.99558
98.12902
98.27428
98.27656
98.48518
98.74570
98.89498
98.90230
98.91700
98.94592
98.94760
98.97142
99.08824
99.41722
99.43252
99.44572
99.72952
100.13872
100.28182
100.40398
100.63240
100.78228
100.83184
100.98868
101.13874
101.23924
101.24656
101.29960
101.38174
101.44672
101.46778
102.96574
102.98590
103.06306
103.57066
103.57324
103.61416
103.64998
103.86400
103.88332
104.10034
104.51434
104.55682
104.61424
104.65936
104.67622
104.68102
104.73724
104.84242
104.89378
105.06136
105.16714
105.19366
105.36556
105.61432
105.61732
105.65764
105.68092
105.68746
105.71482
105.72676
105.94048
105.97672
106.01482
106.17844
106.35718
106.65094
108.02158
108.92494
109.10212
109.28260
109.36126
109.40212
109.93588
109.96912
109.97368
109.99222
110.17576
110.23018
110.23264
110.58514
111.18304
111.21232
111.76978
111.77644
111.91894
112.07062
112.42006
112.42276
112.60042
113.17690
113.58766
113.80030
113.81344
113.82850
113.84068
113.89102
113.90152
114.08020
114.13714
114.17740
114.33664
114.35062
114.70804
115.39798
115.40218
115.40686
115.42084
115.52314
116.24566
116.29504
116.43100
116.48578
116.61208
116.75254
116.78158
116.83090
116.99812
117.09520
117.10918
117.23806
117.29890
117.38902
117.42220
117.42574
117.45460
117.53878
117.54586
117.60892
117.61714
117.63172
117.70300
117.85966
117.99580
118.21012
118.21246
118.25230
118.31908
118.39990
118.56244
118.60348
118.66954
118.72678
118.90336
118.99558
119.14918
119.39002
119.73982
119.76274
120.03988
120.05074
120.26302
120.33274
120.34666
120.39898
120.42706
120.66976
120.70414
120.71170
120.83782
121.27810
121.32670
121.42720
121.44034
121.44760
121.47022
121.74082
121.89070
122.14090
122.18488
122.21110
122.39392
122.83432
122.96392
122.97184
122.97748
123.28390
123.61444
124.12246
124.17508
124.30060
124.30714
124.30966
124.80892
124.85122
124.91236
124.91776
125.42884
125.53204
125.58544
126.23248
126.25918
126.68902
126.70222
126.73138
126.83248
126.97234
127.20988
127.56274
127.66258
127.83280
127.85272
128.13940
128.60302
128.64094
128.68306
128.70994
129.16972
129.42592
129.43384
129.66712
130.16986
130.46020
131.02786
131.07778
131.29846
131.41114
131.48548
131.72824
131.75122
132.53596
132.94216
132.99226
133.01548
133.62124
133.73236
133.74256
133.79956
133.84522
133.86700
133.91554
134.15908
134.32132
134.50144
134.50330
134.67376
134.97196
134.99548
135.41254
135.43282
135.43846
135.44578
135.45244
135.49594
135.50272
135.69610
135.73864
135.75256
135.78886
136.20274
136.24612
136.55308
137.13208
137.24944
137.79664
138.05632
138.09010
138.14698
138.46270
138.64396
138.81292
139.23352
139.29004
139.46146
139.55656
139.76164
139.76980
139.77382
140.02072
140.05528
140.23432
140.30026
140.34070
140.46166
140.68414
140.75560
141.12880
141.20704
141.22114
141.23548
141.27880
141.66628
141.82252
142.47922
142.77646
142.87936
143.36566
143.37928
143.47174
143.87746
144.07966
144.16600
144.18916
144.22984
145.33246
146.03968
146.13964
146.25898
147.29050
147.32740
147.34006
147.36430
147.67654
147.69040
148.06858
148.07116
148.08340
148.16734
148.23130
148.30684
148.34014
148.55446
148.98430
148.99078
149.04076
149.85964
149.99794
150.02860
150.24118
150.39178
150.42586
150.43432
150.55174
150.57442
150.75802
151.06582
151.17940
151.19458
151.24210
151.25848
151.91554
152.37268
152.84428
152.87224
152.90602
152.97256
153.34270
153.35146
153.55240
153.65260
153.70252
153.89572
153.94528
153.96496
154.00942
154.64620
154.79590
154.80928
154.81696
155.93260
156.28936
156.38602
156.39382
156.41752
156.49666
156.50560
157.09816
157.11058
157.11988
157.12870
157.14826
157.17724
157.43458
157.57738
157.58176
157.60738
157.91374
157.93486
158.06122
158.09704
158.14756
158.24938
158.60458
158.73538
158.78440
158.82112
159.35620
159.37078
159.43738
159.57064
159.71884
160.53586
160.67878
160.76458
160.78588
160.78900
160.81498
161.10946
161.14996
161.22232
161.29870
161.40322
161.45146
161.49514
161.51236
161.54974
161.73622
161.74294
161.75926
161.82274
161.85994
161.90842
161.93650
161.97274
162.02254
162.14890
162.16690
162.18688
162.20782
162.32926
162.34258
162.43246
162.65344
162.67300
162.68188
162.88876
162.94606
163.02352
163.03606
163.08700
163.44004
163.60396
163.72966
164.26084
164.29702
164.55148
164.61106
164.96068
164.97676
165.02584
165.16870
165.80518
165.92608
165.94102
165.97450
166.15402
166.27822
167.21932
167.27884
167.50558
167.94832
168.04834
168.09838
168.10612
168.40330
168.43294
168.46312
168.74230
168.78478
168.87586
169.16602
169.34926
169.40320
169.41280
169.50832
169.54306
169.54924
169.58878
169.60642
169.60858
169.64314
170.26588
170.32348
170.44978
170.71900
170.80942
170.81596
170.85076
170.86384
170.92930
171.09964
171.16678
171.33316
171.64360
171.82984
171.86698
171.87436
171.88084
171.88810
171.90976
171.94522
172.07632
172.09366
172.21714
172.26706
172.27450
172.37740
172.54060
172.54582
172.63096
172.99708
173.14600
173.36716
173.55370
173.60992
173.80822
173.85364
173.86792
174.21790
174.41488
174.41794
174.44458
174.46126
174.53242
174.67552
175.27582
175.45384
175.48516
175.50412
176.16868
176.46874
176.48830
176.95522
177.15598
177.18580
177.19594
177.28294
177.34312
177.84334
178.17694
178.53616
178.54912
178.86340
178.94422
179.08024
179.59468
179.66392
179.83228
179.95102
180.32818
180.35152
180.38740
180.57814
180.68086
181.43050
181.53790
181.94524
182.53870
182.73886
182.79490
182.87482
182.98228
183.02602
183.03220
183.10888
183.28864
183.33268
183.37282
183.43222
183.47488
183.48904
183.51772
183.53884
183.62512
183.67546
183.68170
183.82528
183.82990
184.06234
184.52542
184.58218
184.58944
184.61656
184.64842
184.78966
184.83364
184.83982
185.15692
185.66440
185.68282
185.69086
185.98366
186.33142
186.36706
186.45760
186.53308
186.80734
186.93406
187.04830
187.37248
187.38184
187.39204
187.45048
188.21944
188.50822
188.65888
188.90896
189.20122
189.90934
190.01986
190.09582
190.12900
190.27378
190.30192
190.31698
190.31956
190.36990
190.41694
191.16028
191.36794
191.58178
191.58712
191.72440
191.90116
192.37492
192.38356
192.38548
192.40426
192.44806
192.45106
192.48448
192.48772
192.66082
192.76774
192.78178
192.85348
193.06126
193.11838
193.41880
193.68880
193.70152
193.71628
193.96924
194.09908
194.11906
194.19064
194.21182
194.25280
194.41150
194.51854
194.52538
194.86486
194.92882
194.99794
195.01474
195.06964
195.15970
195.20854
195.44554
195.82654
195.91792
196.07194
196.26316
196.29898
196.44664
196.50574
196.51354
196.52734
196.58746
196.81336
196.82992
196.87084
196.92076
197.02360
197.47714
197.62828
197.71636
198.38842
198.42184
198.57340
198.92458
198.96442
199.04392
199.20160
199.33168
199.93750
200.12536
200.21530
200.55940
200.87494
201.19630
201.20308
201.24610
201.27604
201.39574
201.68278
202.13374
202.37398
202.43302
202.88338
202.92622
202.93372
202.94056
202.95448
203.52700
203.79064
203.82022
203.82730
203.83546
203.98408
204.10414
204.38446
204.59824
205.37614
205.42780
205.54288
205.55500
205.75828
205.77232
205.85662
205.93588
205.96294
205.96444
206.05864
206.11930
206.12188
206.15986
206.22958
206.24314
206.34346
206.34958
206.40664
206.61460
206.64064
206.65576
206.69356
206.75578
206.78494
206.81962
206.91976
206.97070
207.05770
207.06748
207.30298
207.51520
207.65776
207.75742
207.86704
208.18708
208.23706
208.56430
208.57972
208.93096
208.98790
209.34508
209.97472
209.97778
210.23812
211.07224
211.28938
211.90600
212.10622
212.63344
212.68978
213.01912
213.09016
213.54034
213.56980
213.70690
214.72690
215.29138
215.33500
215.34130
215.35816
215.53660
215.58520
215.89162
216.05842
216.07360
216.10816
216.22954
216.26500
216.30172
216.33538
216.44854
216.78760
216.80878
217.00456
217.22896
217.24564
217.30252
217.34566
217.42588
217.48654
217.51636
217.53646
217.58008
217.66690
217.67296
217.68574
217.70902
217.85986
217.87966
217.89982
217.93810
218.20030
218.29570
218.34910
218.49004
218.63908
218.67406
218.95354
218.96038
218.97388
219.08854
219.20362
219.44020
219.45400
219.46786
219.54658
219.75406
219.76030
219.81028
220.30330
220.81396
220.81762
220.83814
220.85224
221.34766
221.36170
221.44630
221.48506
221.81170
221.86180
222.21208
222.61996
222.66976
223.94272
223.96354
224.21332
224.55688
224.64214
224.84704
224.85028
225.02812
225.36370
225.91408
226.33846
226.54456
226.75102
227.01028
227.01634
227.02210
227.03890
227.06740
227.68948
228.02284
228.03976
228.22492
228.23362
228.24856
228.27316
228.37072
228.38248
228.70942
228.74596
228.78334
228.78718
228.84574
229.05286
229.21840
229.26136
229.54612
229.59052
229.71016
229.81948
231.22690
231.31132
231.43456
231.48484
231.61192
231.87232
231.88192
231.94870
231.96316
232.37788
232.78570
232.79212
232.80628
233.21362
233.35060
233.63644
234.03652
234.09904
234.14998
234.18658
234.67612
234.70636
234.94444
235.03750
235.83802
236.04064
236.30080
237.05818
237.35302
237.42976
238.46650
238.48072
238.48312
238.72378
238.79932
238.92340
238.98364
240.07732
240.09082
240.53824
240.60178
240.76738
240.91852
241.15534
241.27828
241.28464
241.29178
241.39954
241.48300
241.54234
241.56922
241.63348
241.65160
241.66948
241.95592
242.40526
242.41240
242.41978
242.81398
243.03592
243.54382
244.29412
244.45456
244.45840
244.53058
244.69744
245.04508
245.06884
245.10892
245.94526
246.29578
246.34576
246.60898
246.62326
246.62476
246.64630
246.65908
246.70978
246.73156
246.79144
247.16596
247.23730
247.69426
247.73770
247.74658
247.90438
247.94680
248.18320
248.79784
249.28126
249.43180
249.79822
249.94828
250.22596
250.48168
250.64896
251.53966
251.57584
251.65222
251.68672
251.75032
251.77270
251.79976
252.15760
252.23320
252.31360
252.32098
252.34396
252.40030
252.41380
252.42112
252.44272
252.48364
252.48628
252.63694
252.70690
252.78370
252.85522
252.99142
253.00798
253.09420
253.10092
253.10758
253.31758
253.40044
254.65924
254.66842
254.67496
255.18976
255.53830
255.57922
255.58846
256.61980
257.10358
257.62324
257.79760
257.81146
257.82862
257.85430
257.86372
257.90398
258.20476
258.24052
258.59830
258.61690
258.76234
258.87880
258.99880
259.15912
259.27468
259.82662
259.84978
259.94896
260.56984
260.87320
261.38056
261.51424
261.53548
261.60736
262.00708
262.74364
262.82710
262.98646
263.15800
263.24740
263.68222
264.25858
264.34516
264.55864
264.64600
264.74206
265.50940
266.11780
266.21440
266.64658
266.76910
266.86762
267.15388
267.16804
267.45406
267.61468
268.52176
268.54768
268.62640
268.86274
269.57896
269.59864
270.14548
270.14878
270.15034
270.52162
270.57904
271.32310
271.35076
271.35922
271.37986
271.41604
271.53700
271.70854
271.77982
271.83286
272.12068
272.28016
272.39686
272.49856
272.59432
272.85004
272.90788
272.92702
272.94400
273.15484
273.53116
273.58120
273.60706
273.71758
274.00042
274.56016
274.60312
274.78552
275.02540
275.36134
275.37460
275.41180
275.68216
276.53266
276.86764
277.44058
277.94776
279.31438
279.39448
279.41146
279.52792
279.70084
279.87058
280.48690
280.51840
280.56112
280.57552
280.78462
280.89472
281.70184
281.91646
281.98222
282.00214
282.45970
282.64498
282.70744
282.75256
282.80254
282.80890
282.94582
283.46620
283.76044
283.89670
284.23180
284.23642
284.24548
284.26360
284.27656
284.32570
284.36074
284.40334
284.51782
284.57026
284.67988
284.74702
284.79700
284.85640
284.90338
285.05386
285.39748
285.61138
285.68740
286.41166
287.16256
287.18866
287.36242
287.56228
288.21208
288.23122
288.25576
288.61276
288.80686
289.37752
289.47244
289.50754
289.70884
289.72270
289.74868
289.77742
289.80610
289.90630
289.96972
290.18506
290.31394
290.65960
290.66392
290.69032
290.69860
290.77336
290.78062
291.01390
291.21412
291.30664
291.34930
291.51694
291.61624
291.91444
292.02748
292.06426
292.36018
292.36672
292.37374
292.40278
292.56748
293.11786
293.12422
293.21428
293.21776
294.00340
294.02560
294.03208
294.08260
294.12508
294.17452
294.31150
294.51082
294.51250
295.04908
295.11844
295.33570
295.34560
295.48552
295.58284
295.71910
295.75486
295.97686
296.30542
296.37106
296.40616
296.41912
296.83990
296.89258
297.21964
297.68392
297.69208
297.76714
298.04332
298.53412
298.60078
298.66414
300.05158
300.44440
300.83704
300.84430
300.85090
300.86632
301.68094
301.75228
301.82218
301.82614
302.31190
302.44522
302.64862
302.65918
302.70274
302.91712
302.93182
302.99596
303.02590
303.58510
303.83866
303.84052
303.84628
303.84868
303.86272
304.12576
305.28286
305.45434
305.65438
305.66080
306.29098
306.30010
306.37648
306.44854
306.46414
306.47770
306.49282
306.50008
306.50776
306.55054
306.64234
306.76408
306.87148
306.90664
307.08328
307.09480
307.17178
307.21576
307.25872
307.52860
307.74304
307.81486
307.81660
307.92208
307.95046
308.36464
308.81530
309.30904
309.63694
309.64342
309.65176
310.15906
310.25950
310.79182
310.81924
310.91566
310.92352
311.05966
311.49940
311.50390
311.53258
311.71156
312.03958
312.36664
312.83200
312.88396
312.90448
312.94096
312.95368
312.99724
313.01746
313.07446
313.76998
313.96072
314.12650
314.14144
314.27740
314.44168
314.99170
315.02788
315.06118
315.15856
315.23470
315.29800
315.53464
315.72094
315.91126
316.52122
316.68502
316.77130
316.91386
316.95190
317.07916
317.19262
317.24236
317.49580
317.51422
317.78536
317.81500
317.82940
317.84458
317.86624
318.13876
318.14596
318.43612
318.47104
318.70276
318.96718
318.98146
318.99496
319.38796
319.41544
319.79662
319.96006
320.00296
320.02294
320.75326
320.91982
321.08314
321.10348
321.11098
321.11728
321.26086
321.50350
321.84640
321.85996
321.86374
321.93220
321.99736
322.01158
322.13212
322.26142
322.43974
322.68982
323.17042
324.45460
325.12870
325.39204
325.40176
325.45240
325.47202
325.48486
325.49062
325.78504
325.97890
326.00008
326.03806
326.07448
326.12110
326.16550
326.18560
326.26390
326.49856
326.53006
327.47494
327.52894
327.56554
327.62896
327.82486
327.97918
327.99250
328.25536
328.28086
328.31614
328.47946
328.78858
328.90072
329.29612
329.73898
329.76250
330.61594
330.63880
330.68296
331.17532
331.18264
331.69912
332.50546
332.55538
332.55748
332.59198
332.64142
332.75566
333.10588
333.44974
333.64162
334.09948
334.27588
334.27804
334.45876
334.51510
334.70668
334.85608
335.27320
335.28652
335.30020
335.30650
335.31544
335.33608
335.35654
335.43016
335.65648
335.69992
335.89258
336.05668
336.07084
336.07324
336.45928
336.47704
337.22344
337.26292
337.31836
337.41394
338.02624
338.15962
338.17342
338.28064
338.32366
338.33050
338.34694
338.35390
338.35954
338.36662
338.38054
338.47360
338.51674
338.53708
338.56672
338.58052
338.63074
338.65948
338.69284
338.69752
338.75908
338.76874
338.81674
338.98246
339.02344
339.23248
339.24658
339.28756
339.51634
339.65368
339.79072
339.88540
339.98356
340.08274
340.12348
340.14754
340.20964
340.21600
340.24738
340.36216
341.15002
341.21398
341.22748
341.26324
341.29024
341.29744
341.33356
341.47780
341.48296
341.64730
342.19738
342.51604
342.80692
342.87070
342.87958
342.91582
343.02052
343.03432
343.94482
343.95214
343.95442
343.99936
344.06422
344.23342
344.54320
344.82214
345.09946
345.11434
345.41434
345.49336
345.70054
345.93094
346.14304
346.17670
346.26682
346.72336
346.73770
346.78738
346.87738
346.88542
346.92322
347.21692
347.23108
347.32372
347.41432
347.52382
347.53312
347.62360
348.15226
348.29302
348.44758
348.45226
348.52882
348.54454
348.56722
348.60682
348.80362
348.83338
349.07350
349.15402
349.28998
349.45462
349.85308
349.86094
350.05504
350.05696
350.15404
350.22616
350.32486
350.33242
350.74750
350.79016
350.99752
351.00424
351.00676
351.04744
351.29752
351.39268
351.47818
351.48352
351.49270
351.50620
351.51412
351.69442
351.70366
351.98356
352.18510
352.21408
352.37746
352.61350
353.83042
353.86642
354.13366
354.33040
354.48040
354.63046
354.83506
354.89956
355.14250
355.21636
355.36354
355.41652
355.58014
355.59364
355.60888
355.62274
355.69948
355.71616
355.83034
356.45080
356.51344
356.64676
356.68912
356.73940
356.86282
357.97882
357.99658
359.02948
359.05570
359.11768
359.28694
359.58934
359.84188
359.89606
359.98264
359.98954
359.99134
360.13192
360.21448
360.43210
360.71254
360.84112
360.95506
361.12900
361.47160
361.57852
361.76824
362.63182
363.16486
363.50056
363.50794
363.65692
364.07110
364.15126
364.17406
364.21492
365.02060
365.03014
365.03782
365.04934
365.08744
365.65402
365.69644
365.97340
365.99470
366.03118
366.40390
366.47458
366.71752
366.73378
367.06762
367.25368
367.81084
367.98028
368.00350
368.29666
368.37418
368.50966
369.12010
369.66952
369.82396
369.82696
370.05550
370.12054
370.27096
370.33594
370.41304
370.53592
370.67056
370.99126
371.01160
371.03332
371.05678
371.07826
371.29168
371.43556
371.58568
371.58844
371.62246
371.69290
371.71558
371.76916
371.77126
371.78554
371.80648
371.86426
371.88562
372.09274
372.12304
372.38026
372.39346
372.53830
372.78796
372.88510
373.15162
373.17208
373.18564
373.20160
373.21486
373.25902
373.55140
374.15140
374.30128
374.37460
374.40148
374.81758
375.15382
375.17482
375.35818
375.53122
375.56812
375.57460
375.69676
375.79822
375.80236
375.80536
375.92446
375.93130
376.41052
376.46068
376.67452
376.74706
376.75354
377.56636
377.67820
378.19018
378.36856
378.68272
378.73246
379.29934
379.44856
379.56538
379.67560
380.05672
380.08360
380.09242
380.15608
380.19196
380.79184
380.88424
380.89048
381.27208
381.33430
381.37474
381.62200
381.67216
382.45798
382.47304
382.49998
382.60036
383.04418
383.26648
383.26840
383.30014
383.56024
383.81596
384.26584
384.77692
384.95974
385.39540
385.82842
385.85260
386.58238
386.71126
386.88796
386.92120
386.92552
387.00364
387.09730
387.57718
387.79018
387.93658
388.04662
388.07698
388.08340
388.09768
388.14358
389.11696
389.12338
389.15596
389.26366
389.67910
389.69968
389.83594
390.77788
390.79132
390.87280
390.89152
390.90862
391.03006
391.28146
391.31548
392.11474
392.16502
392.28160
392.97430
393.02974
393.31558
393.39994
394.05586
394.11292
394.17556
394.33906
394.53250
394.60900
394.82512
394.95112
394.96594
395.00338
395.01574
395.27482
395.28154
395.30350
395.30506
395.31898
395.32480
395.35528
395.60506
395.64760
395.65192
395.67592
395.96206
396.02872
396.03916
396.04714
396.09820
396.50434
396.58054
396.59056
397.73710
397.93330
397.95382
397.95628
398.47738
398.54044
398.93446
399.51442
399.52198
399.53614
399.57814
400.23514
400.64554
400.70902
400.95886
401.03206
401.10796
401.15164
401.92384
402.11398
402.51724
402.52480
402.62710
402.82426
402.86032
402.94084
403.36018
403.39654
403.40344
403.43920
403.51894
403.52542
403.79584
404.08258
404.27620
404.36104
404.42344
404.42512
404.43970
404.90530
404.95606
404.97562
404.97766
405.08188
405.10786
405.13486
405.18190
405.18910
405.19582
405.20272
405.23590
405.29818
405.43282
405.66130
405.93874
406.11922
406.30516
406.34800
406.37782
406.50478
406.71400
406.80760
406.90630
407.17060
407.59978
407.96386
408.26422
408.30634
408.35692
409.00612
409.48792
409.57228
409.58662
409.70578
409.88776
409.99858
410.00110
410.20048
410.25034
411.01084
411.16378
411.18046
411.19438
411.21070
411.22312
411.29434
411.71800
411.76072
411.83752
411.89380
412.02994
412.15288
412.50352
412.69348
412.84072
412.94656
413.14306
413.52496
413.55436
413.81200
413.98318
414.13288
414.18940
414.26164
414.91858
414.94912
415.34134
415.36834
415.97686
416.39062
416.76454
416.84806
417.17074
417.30682
417.84232
418.31362
418.44838
418.49236
418.52338
418.53592
419.03590
419.12218
419.15836
419.18584
419.19538
419.32972
419.51554
420.09598
421.19530
421.23118
421.23724
421.24654
421.28110
421.29028
421.38142
421.46746
421.49068
421.54006
421.61740
421.79626
421.83724
422.15374
422.23342
422.49664
422.72632
422.75332
423.02620
423.03814
423.51202
423.70294
423.92638
424.66228
424.72612
424.86544
424.90594
424.96966
425.05516
425.57572
425.95090
425.97094
426.24166
426.32068
426.46450
427.05052
427.05712
427.10032
427.14280
427.49416
427.68610
427.80682
427.83472
427.94344
428.09332
428.20732
428.25214
428.35888
428.55898
428.63026
428.66608
428.67346
428.67964
428.68726
428.72374
428.73910
428.87338
429.36676
429.42310
429.52480
429.57292
430.02262
430.53154
430.71112
430.73896
430.93828
431.00776
431.10208
431.13142
431.82442
431.98348
432.31822
432.85450
432.86758
433.24660
433.44016
433.59640
433.63246
433.68964
433.71988
433.74784
434.55508
434.61238
434.62012
434.67004
434.67718
434.75350
435.24106
435.34966
435.35602
435.37876
435.38644
435.39964
435.84256
435.97852
436.07830
436.14808
436.53826
437.02156
437.03056
437.20720
437.25052
437.25796
437.29558
437.44426
437.82982
437.86492
437.87260
437.90806
438.28024
438.36478
438.36688
438.67324
438.73096
438.81568
438.84442
438.85966
438.93694
438.94324
439.27828
439.52416
439.53838
439.56676
439.82386
440.05966
440.25946
440.27284
440.45266
440.53324
440.57560
440.75890
440.83948
440.86648
440.97514
441.07516
441.18466
441.25630
441.42556
441.48286
441.77524
441.84916
442.19122
442.23214
442.56850
442.59112
442.69090
442.71826
443.24134
443.34844
443.36818
443.39080
443.57734
443.73316
444.70006
444.73546
444.85054
444.85942
445.21372
445.23040
445.24732
445.25686
445.52866
446.04298
446.06524
446.72284
446.89000
447.01516
447.22618
447.24322
447.77428
447.96544
448.09558
448.16680
448.18780
448.20166
448.23172
448.25128
448.29730
448.31206
448.88140
448.95844
448.99762
449.42434
449.45404
449.46838
449.58148
449.60446
449.68138
449.68660
449.86114
449.93752
450.04714
450.07786
450.09712
450.10360
450.13240
450.13972
450.28966
450.29878
450.30310
450.38278
450.38956
450.40288
450.46090
450.92662
451.16056
451.26826
451.42954
451.45510
451.46896
451.57708
451.71958
451.92826
452.17642
452.81962
452.96206
453.27916
453.47590
453.97126
454.17820
454.20544
454.21330
454.23472
454.25596
454.45768
454.50100
454.90822
454.98802
454.99432
455.25028
455.33458
455.34598
455.38114
455.42824
455.43364
455.60032
455.99758
456.00622
456.10780
456.52144
456.52372
456.82564
456.85978
457.16686
457.31614
457.66612
458.31586
459.41188
459.63112
459.77458
459.80698
460.02742
460.29166
460.34110
460.50382
460.56388
460.69738
460.72612
460.74676
460.77784
461.04820
461.39674
461.54908
461.66302
461.97034
462.16168
462.22024
462.26260
462.37036
462.61990
462.65650
462.87916
463.11502
463.19836
463.47262
463.58596
463.59244
463.78924
464.14186
464.30524
464.71408
465.13510
465.23008
465.24424
465.63760
466.03024
466.03858
466.34386
466.36750
466.39330
466.41322
466.44640
466.51012
466.81006
466.84000
466.84624
466.86010
466.94596
467.01454
467.02930
467.25970
467.32348
467.35936
467.42584
467.46004
467.53948
467.65924
467.95276
468.25588
468.87526
469.13962
469.28248
469.32520
469.76800
470.10766
470.36776
470.59084
470.63404
470.64820
470.68330
470.70496
470.73436
470.74816
470.81176
470.84134
470.92618
471.00490
471.02980
471.12106
471.12760
471.19084
471.20632
471.22774
471.29320
471.29782
471.32350
471.42376
471.49144
471.49300
471.49942
471.57064
471.80656
471.81094
471.96304
472.00666
472.01248
472.02616
472.08946
472.10314
472.15654
472.25644
472.27276
472.37818
472.38322
472.38976
472.60600
472.61344
472.63678
472.67908
472.94200
473.02978
473.42962
473.50804
473.52250
473.57884
473.83858
474.24562
474.74524
475.53796
475.67794
475.68094
476.14438
476.48698
476.53696
476.56096
476.60914
476.77024
476.90350
476.91346
476.95324
477.15310
477.42280
477.43012
478.56184
478.63984
479.13280
480.29188
480.34912
480.62740
480.85042
480.91990
480.94930
481.26280
481.31962
481.37086
481.43290
481.60006
481.61932
481.62586
481.73710
481.96210
481.97632
481.98592
481.99930
482.15038
482.15686
482.18572
482.29996
482.85526
482.86546
482.99236
483.06550
483.14194
483.36490
483.52762
483.55810
483.56482
483.80110
483.80812
483.83782
483.95812
484.10080
484.50004
484.52788
484.58794
484.71784
485.13022
485.55052
485.56312
485.58040
485.59708
485.61160
485.69644
485.94604
486.04912
486.21724
486.22324
486.23224
486.29578
486.79576
487.09546
487.14562
487.17622
487.71160
487.74742
487.76914
487.90474
488.08288
488.23336
488.26852
488.31862
488.56132
488.81842
489.28450
489.30418
489.37732
490.37464
490.37902
490.39258
490.40014
490.41370
490.55644
490.57618
490.83484
490.88614
491.21386
491.22868
491.24956
491.58574
491.58766
491.60104
491.80546
491.81872
491.82118
491.89894
492.00100
492.21106
492.28120
492.52444
492.55168
492.80044
492.80776
492.86440
492.94984
493.00090
493.04410
493.06552
493.26772
493.27132
493.30792
493.60756
494.03704
494.07358
495.23950
495.74620
495.76570
495.79594
495.80260
496.30516
496.31236
496.71916
496.77634
497.10448
497.21200
497.53762
497.57392
497.58400
498.26794
498.28990
498.32092
498.41902
499.00018
499.07746
499.17736
499.19914
499.55740
499.59940
499.71292
500.18572
500.23582
500.33530
500.46604
500.52160
500.54986
500.71462
500.72152
500.91394
500.97898
501.69376
501.73492
501.75130
501.81550
501.90124
502.51672
502.63072
502.68112
502.82998
502.88026
502.88410
503.20804
503.21704
503.58358
503.60002
503.63632
503.64766
503.71690
504.01624
504.07390
504.35122
504.35962
504.60196
504.65956
504.83254
505.77556
506.20108
506.60266
507.26848
507.39730
507.45508
508.22116
508.45606
508.50610
508.53298
508.55446
508.58032
508.61332
508.71328
509.01310
509.12968
509.47966
509.53534
509.77948
509.87032
509.92318
509.94388
509.94994
510.08698
510.12910
510.17212
510.44260
510.45058
510.91216
510.91462
510.93616
511.02886
511.11616
511.14268
511.37854
511.45900
511.48132
511.54210
511.55074
511.55926
511.84498
511.98832
512.10832
512.14618
512.19472
512.20852
512.69434
513.08926
513.34750
513.70408
513.82456
513.91174
514.11046
514.11772
514.23736
514.53964
514.54594
514.56028
514.70344
514.72384
514.90342
514.99324
515.10346
515.29084
515.29708
515.68354
515.69734
516.00292
516.09808
516.10438
516.11968
516.37600
516.67600
517.02580
517.12576
517.19212
517.40524
517.87822
518.04154
518.16388
518.19904
519.02200
519.09406
519.15784
519.34876
519.39154
519.46552
519.62092
519.65812
519.69358
519.70042
519.74428
519.76246
519.76504
519.77170
519.82864
519.96520
520.56496
520.59814
520.89340
521.12098
521.15050
521.16472
521.31460
521.43736
521.45848
521.62360
521.67346
521.85076
521.86624
521.88772
521.92360
522.31696
522.50362
522.53734
522.65332
522.73306
523.44682
523.51804
523.52602
523.66036
523.67566
523.68994
523.74700
524.13292
524.22484
524.22676
524.23972
524.24950
524.38456
524.44954
524.47990
524.49646
524.66398
524.77648
525.08236
525.64636
525.65596
525.69634
525.75520
525.83410
526.39150
526.94800
527.11516
527.57164
527.67166
527.79832
527.83408
527.86522
528.12538
528.14092
528.98818
529.02124
529.43776
529.60840
529.88158
529.93744
530.43064
530.59006
530.61562
530.71504
530.72272
531.27316
532.00318
532.03288
532.04584
532.08958
532.09606
532.10362
532.41970
532.45366
532.58278
532.76062
532.79650
533.34676
533.49250
533.49550
533.51038
533.51638
533.54650
533.56714
534.43108
534.67648
534.81196
535.09216
535.16404
535.16914
535.23964
535.25590
535.31254
535.67584
535.70476
535.72792
535.77634
535.96828
536.02780
536.06062
536.07124
536.17144
536.17876
536.30464
536.31832
536.37598
536.47114
536.57116
536.58538
536.59180
536.63542
536.64226
536.66830
536.76196
536.88502
537.25210
537.40126
537.42850
537.45478
537.48508
537.57808
537.67120
537.97096
538.10866
538.24990
538.40170
538.65844
538.70830
538.85092
538.95838
538.96138
538.99168
539.34472
539.40100
540.51718
540.61696
540.63118
540.63790
540.65818
540.77356
540.90964
541.26688
541.61692
541.62700
542.51932
542.53342
542.64058
542.68330
543.21880
543.37690
543.42652
543.66898
544.17622
544.24024
544.34950
544.74178
544.92622
545.14912
545.31970
545.34958
545.38522
545.44906
545.54902
545.59900
545.60644
545.78476
545.80630
545.85664
545.94892
545.99836
546.15772
546.37192
546.42028
546.43486
546.49954
546.51406
546.91282
546.93250
547.11520
547.21510
547.22908
547.23490
547.24252
547.24864
547.51510
547.60270
547.62940
547.78732
548.05858
548.29162
548.45848
548.83888
549.20836
549.26110
549.28894
549.63160
549.68872
549.98080
550.00066
550.33120
550.38094
550.93114
551.03104
551.13112
551.15176
551.16160
551.27770
551.43082
551.92594
551.94112
551.94772
551.95540
551.96104
551.99062
552.12046
552.12586
552.33376
552.39724
552.48970
552.59740
552.69742
552.84100
552.92590
552.95428
553.01956
553.19704
553.40740
553.44712
553.52110
553.53430
553.61356
553.72090
553.85668
553.95706
553.99060
554.11804
554.64952
554.66374
555.10666
555.31324
555.32032
555.38650
555.39388
555.50674
555.66016
555.67318
555.68470
555.68710
555.73678
555.74320
555.75652
555.79888
556.09900
556.27684
556.27984
556.29256
556.29886
556.49992
556.55812
556.60654
556.62292
556.63714
556.72048
556.73668
556.80004
556.81702
556.82314
556.82998
556.98700
557.02318
557.03656
557.15638
557.21398
557.25652
557.37310
557.47492
557.68828
557.91508
558.01528
558.07918
558.12022
558.22012
558.27952
558.65266
559.03840
559.17424
559.18168
559.86706
559.94974
560.74534
561.04582
561.22522
561.30202
561.31840
561.65464
561.91930
562.16176
562.19782
562.21972
562.24726
562.26970
562.30534
562.36204
562.70548
562.86202
562.91206
563.31934
563.52850
563.57842
563.58094
563.66914
563.67820
563.98570
564.03598
564.08854
564.17848
564.52090
564.82876
564.90220
564.93544
565.04170
565.04944
565.08070
565.08526
565.09024
565.09240
565.10926
565.16458
565.37812
565.46428
565.57150
565.64476
566.17330
566.23060
566.26738
566.33734
566.43808
566.45926
566.49472
566.63554
566.67286
566.74420
566.94454
567.09460
567.40216
567.82312
567.86350
568.54570
568.71328
568.75366
568.80334
569.10436
569.20342
569.29462
569.44642
569.45422
569.46754
570.05332
570.52516
570.61720
570.86074
571.11826
571.12720
571.28464
572.13448
572.33458
573.08608
573.10750
574.24324
574.60048
574.70044
574.87930
574.89358
574.93066
575.05042
575.12188
575.14300
575.21278
575.21662
575.28628
575.65978
575.66704
575.92924
575.97898
576.19396
576.22480
576.29386
576.68584
576.73084
576.75958
576.76678
576.80968
576.87322
577.15282
577.16668
577.17262
577.34524
577.48618
577.56952
577.63756
577.66666
577.68238
577.70944
577.76650
577.79506
577.80922
577.85248
577.97350
578.00164
578.22316
578.28304
578.41006
578.41630
578.43214
578.68936
578.70244
578.82532
579.06160
579.11890
579.12532
579.35920
579.44674
580.03240
580.03858
580.07548
580.09858
580.23262
580.52644
580.64842
581.01880
581.02768
581.04232
581.04478
581.39920
581.44204
581.46286
581.77804
582.02746
582.67768
582.67936
582.68548
582.69148
583.16536
583.19920
583.83754
583.86586
583.93546
584.16454
584.60194
584.75800
585.22240
585.90184
586.03228
586.42480
586.81654
586.84546
586.93240
587.06110
587.26846
587.27368
587.31124
587.66842
587.81812
587.82514
587.89426
588.03232
588.04180
588.22474
588.61876
588.66124
588.75340
588.82486
588.94858
588.95632
588.99190
589.08490
589.41886
589.74172
590.04886
590.07058
590.09014
590.10550
590.14138
590.21236
590.24164
590.79904
590.89888
591.53494
591.55540
591.55792
591.56062
591.62752
591.68524
591.71356
591.79144
592.60324
592.62892
592.66540
592.72762
593.01550
593.49142
593.60158
593.81542
594.11566
594.13726
594.14338
594.15802
594.16552
594.20806
594.61726
594.65824
595.17124
595.18762
595.20772
595.36066
595.66522
595.80154
596.22430
597.00142
597.01030
597.03160
597.06160
597.06544
597.06850
597.31108
597.67462
597.84856
597.85312
597.91024
597.92494
598.03174
598.33078
598.34686
598.36780
598.67566
598.97704
599.00458
599.14876
599.19154
599.62720
599.65546
599.69092
599.80774
599.87686
600.20740
600.22696
600.32434
600.34846
600.64354
600.70798
600.71770
600.73516
600.74116
600.83140
600.84406
600.90742
601.04194
601.06414
601.13314
601.13476
601.15690
601.31494
601.42750
601.44826
601.70098
601.85092
601.89226
601.93486
601.96414
601.97830
601.98634
602.05012
602.12254
602.13646
602.19220
602.26480
602.46334
602.51440
602.53666
602.55130
602.56456
602.57380
602.71024
603.43066
603.93640
604.03600
604.78648
604.79494
604.83166
604.87396
605.23132
605.35246
605.44402
605.84800
606.04810
606.08164
606.08386
606.09646
606.92674
607.02424
607.03096
607.10998
607.39684
607.48300
607.74094
607.75420
607.82770
607.91860
608.39830
608.59012
609.09034
609.11488
609.16402
609.51334
610.24324
610.30048
610.31440
610.64278
610.73284
610.77076
610.85818
610.86712
610.90684
610.97176
611.21416
611.25058
611.25958
611.30692
611.36866
611.43028
611.52832
611.61418
611.64190
611.89006
611.94304
611.95660
611.97076
612.13684
612.17410
612.20710
612.60070
612.69292
612.69922
612.70186
612.84424
612.94324
612.97168
613.13110
613.17352
613.53268
613.60972
613.98064
614.07400
614.77462
615.14002
615.16378
615.16744
615.19786
615.27436
615.51700
615.56068
616.43362
616.66852
616.67110
616.67662
616.69750
617.08342
617.19754
617.34322
617.37646
617.39776
617.49040
617.84290
617.98390
618.29932
618.32596
618.43984
618.56314
618.75982
618.79744
618.95014
619.35670
619.40026
619.75000
619.98370
620.15674
620.16418
620.28070
620.65636
620.66392
620.78080
620.87824
620.89738
621.19318
622.01398
622.07284
622.08076
622.10938
622.11382
622.14004
622.18696
622.53070
622.56706
622.63102
622.68016
622.89988
622.90906
622.97428
622.98088
623.04754
623.08996
623.18992
623.21008
623.33956
623.60950
623.80936
623.83282
623.83960
623.85952
624.40366
624.43750
624.46630
624.89008
624.91924
625.44592
625.45324
625.49710
625.50334
625.89748
626.13304
626.36374
626.79970
626.81116
626.81602
626.84962
627.51346
627.52024
627.53344
627.64156
627.81346
627.87556
628.21972
628.53586
628.79200
628.83478
628.83646
628.84054
628.84972
629.62258
629.92996
629.93680
629.94970
630.67990
630.76876
631.26562
631.31608
631.97962
632.08912
632.53918
632.67250
632.78584
632.90968
632.92540
632.93860
632.99170
633.04810
633.05266
633.09898
633.13948
633.21058
633.23908
633.28240
633.33238
633.44644
633.46288
633.63124
633.65188
633.68890
633.73858
633.78856
633.81958
633.83440
633.89638
633.99628
634.04632
634.12528
634.13896
634.21168
634.24546
634.44772
634.54894
634.59814
634.63924
634.74640
634.75546
634.78204
634.79104
636.00532
636.02932
636.30640
637.02640
637.09126
637.14076
637.32148
637.45792
637.70476
637.77190
637.89832
637.94782
638.13484
638.13754
638.22130
638.22898
638.63344
638.63812
638.66194
638.77870
638.88412
638.93782
638.95090
639.04438
639.18646
639.19966
639.33124
639.40738
639.48124
639.54982
639.98752
640.11496
640.64512
640.78750
640.81630
640.95412
640.99498
641.12374
641.13820
641.77966
641.78626
642.20404
642.22546
642.28120
642.28798
642.46804
642.49000
642.56584
642.61126
642.76774
642.89734
643.15084
643.15384
643.15606
643.17400
643.21822
643.22476
644.07010
644.12002
644.13976
644.28412
644.31076
644.41090
644.58178
644.94388
644.96272
645.02764
645.16102
645.21976
645.22576
645.23398
645.31828
645.46096
645.57028
645.58606
645.62824
645.69592
645.71308
645.72748
645.78430
646.05016
646.06324
646.07704
646.32268
646.35058
646.57702
646.65556
647.14258
647.21308
647.63632
647.68576
648.15676
648.34366
648.37168
648.42940
648.69340
648.86878
648.87208
648.87430
648.98692
649.78708
649.80826
650.00212
650.41882
650.48812
650.56132
650.90170
650.94400
651.63784
651.81844
652.70926
652.85416
653.00284
653.45578
653.56132
653.66146
653.67064
653.67682
653.70142
653.76292
653.78452
653.80438
653.81812
654.27802
654.29182
654.32800
654.34720
654.77074
654.77800
654.82540
654.86314
654.86908
654.87502
655.06126
655.06774
655.07518
655.19200
655.21804
655.27090
655.37092
655.57036
655.86310
655.89160
656.00074
656.02798
656.09158
656.25814
656.27668
656.29186
656.32030
656.47804
657.15820
657.23668
657.60034
657.75790
657.76720
657.80788
658.28656
658.30780
658.51684
658.61698
658.77250
658.78756
658.81468
658.83328
658.89370
658.90306
658.91704
658.98316
658.99378
659.00764
659.05030
659.30290
659.82424
659.91694
659.97406
660.00280
660.17416
660.28312
660.47434
660.61006
660.66916
660.70306
660.76660
661.00996
661.01674
661.03726
661.08310
661.11142
661.19608
661.22404
661.38328
661.76902
661.78312
661.83850
661.91620
661.92550
661.93978
662.33272
662.34010
662.36902
662.37664
662.42584
662.49664
662.52598
662.70376
663.53992
664.15198
664.17076
664.18702
664.19884
664.22578
664.54876
664.74250
665.08522
665.09908
665.10592
665.44858
665.84992
665.94874
666.07240
666.07960
666.08470
666.09220
666.10108
666.10588
666.12178
666.12940
666.14188
666.15556
666.16282
666.16498
666.23452
666.25582
666.34624
666.42238
666.47704
666.60130
666.60874
666.63130
666.81514
666.90598
666.99502
667.00870
667.01488
667.12210
667.13020
667.32256
667.35808
667.51588
667.60828
667.64782
667.73878
667.81480
667.96468
668.42470
668.47198
668.79778
668.93854
669.61702
669.80518
669.81142
669.88108
669.92416
669.93112
669.93826
670.19704
670.74694
670.77406
670.86220
670.92586
671.02402
671.42398
671.43310
671.48998
671.59042
671.63302
671.67388
671.89702
671.98414
672.00460
672.00634
672.19678
672.37534
672.39022
672.65704
673.01296
673.13056
673.14226
673.19014
673.30672
673.34920
673.42528
673.47094
673.96522
673.97698
673.98532
674.00554
674.07496
674.07682
674.17636
674.59690
675.08668
675.09568
675.10660
675.15622
675.18586
675.41242
675.47314
676.25926
676.42198
676.67908
677.62228
677.89006
677.93836
678.00226
678.24496
678.34630
678.60226
678.63160
678.68254
679.13842
679.49758
679.56892
679.68088
679.79554
679.81120
679.84750
679.85218
679.90210
679.92916
680.13802
680.17294
680.36074
680.75482
680.79856
680.81122
681.11098
681.19702
681.32110
681.68482
681.99658
682.17736
682.77694
682.98376
682.99036
683.00650
683.06440
683.06848
683.21776
683.49322
683.62720
683.63428
684.02038
684.02992
684.03592
684.04342
684.10762
684.16732
684.30070
684.39298
684.43684
684.44344
684.50680
684.68638
684.69322
685.10050
685.10656
685.10824
685.14310
685.15066
685.15732
685.73650
685.74262
685.77478
686.06764
686.07238
686.29030
687.01624
687.22720
687.24448
687.26674
687.35896
687.45862
687.78184
687.78898
687.86614
688.01632
688.12474
688.20850
688.22524
688.23892
688.30216
688.34152
688.40818
688.46626
688.52476
688.55848
688.59604
688.60360
688.63906
688.76590
688.90948
688.97482
688.98256
689.01712
689.11132
689.13862
689.37124
689.42476
689.44720
689.46052
689.48488
689.82700
689.92528
689.96878
689.99104
690.22732
690.41950
690.50326
690.52474
690.54766
690.94864
691.06198
691.19818
691.34818
691.45522
691.49074
691.51378
691.53826
691.77034
691.80742
691.81954
691.82110
691.83460
692.41468
692.45080
692.49016
692.49634
692.50018
692.73586
693.17860
693.89338
693.90640
694.06432
694.17442
694.18054
694.20958
694.35028
694.41394
694.63036
694.88626
694.90756
694.91632
694.93096
695.00002
695.00320
695.11390
695.45896
695.77312
695.81530
695.83948
695.95876
696.15154
696.17266
696.18034
696.69670
696.75298
696.78898
696.82528
696.90892
696.95128
697.14688
697.25206
697.25878
697.71586
698.14636
698.16220
698.17540
698.52214
698.54656
698.76874
698.81164
698.87482
698.93626
699.01306
699.13282
699.13828
699.14146
699.24610
699.34120
699.42472
699.44776
699.45556
699.46162
699.47530
699.61240
699.77500
699.81790
699.83908
700.05490
700.07686
700.13200
700.13866
700.49866
700.51246
700.79596
700.80538
700.95490
700.98370
701.19880
701.46208
701.47186
701.53342
701.54146
701.59144
701.72182
701.82166
702.09850
702.12892
702.27130
702.32170
702.32788
702.47152
702.54118
702.99886
703.13590
703.27156
703.28482
703.39558
703.46470
703.80508
703.91512
703.96450
704.09536
704.13814
704.16460
704.34526
704.51650
704.53108
704.57140
704.59534
704.61166
704.70160
705.29518
705.29764
705.30952
705.39106
705.39430
705.40048
705.42388
705.54514
705.78082
706.07560
706.09816
706.11184
706.12042
706.17064
706.27108
706.42480
706.78264
707.01130
707.39512
708.25372
708.25666
708.27106
708.29674
708.41134
708.47464
708.81160
708.85318
709.01386
709.24888
709.27018
709.40812
709.44718
709.45372
709.47484
709.49008
709.53448
709.64050
709.65610
709.72336
709.76122
709.96114
710.03380
710.08570
710.26366
710.27716
710.28958
710.34922
710.37040
710.47768
711.56410
711.66646
712.17778
712.42906
713.18650
713.32288
713.33656
713.61550
713.90320
714.35644
714.40324
714.42268
714.48724
714.72382
714.84574
714.88168
714.88600
715.10356
715.98940
715.99684
716.00434
716.03836
716.21968
716.31052
716.38366
716.44000
716.56036
716.62276
717.04672
717.21958
717.31966
717.38344
717.50314
717.61966
717.91264
718.51966
718.74952
718.86004
719.01964
719.06026
719.08258
719.31004
719.41954
719.59966
719.60686
719.67688
719.69884
719.70988
720.05554
720.26926
720.48532
720.58588
720.66916
720.81916
720.95212
721.08574
721.09342
721.12930
721.21948
721.30960
721.44250
721.51942
721.54306
722.09278
722.17900
722.22214
722.22820
722.25958
722.47192
722.50948
722.78644
722.85238
722.89552
723.15244
723.16390
723.20944
723.82516
724.28836
724.31644
724.32886
724.33078
724.34464
724.36900
724.64524
725.39524
725.55202
725.61100
725.85484
725.97448
725.99458
726.06196
726.54268
726.58342
726.59524
726.76876
727.67578
727.73482
728.03206
728.04196
728.15452
728.33536
728.55160
728.78536
729.14182
729.17122
729.36328
729.38506
729.90130
730.51438
730.56490
730.59958
730.64458
730.68742
730.79206
730.82800
730.90084
730.93570
731.03440
731.03734
731.09494
731.22790
731.24854
731.38576
731.39194
731.71114
731.75212
731.78602
731.96764
732.05080
732.23686
733.61722
733.65064
733.67458
734.16682
734.62312
734.63704
734.71720
735.19624
735.36706
735.47044
735.54760
736.14094
736.41256
736.41742
736.41976
736.48312
736.57000
736.59082
736.61332
736.66204
736.79056
736.83340
736.88344
737.11912
737.28304
737.51968
737.73304
737.77666
737.99986
738.06922
738.31912
738.37678
738.40660
738.43582
738.66640
738.96292
738.99028
739.11646
739.14298
739.15858
739.20694
739.21948
739.24930
739.25710
739.29946
739.34914
739.60210
740.13262
740.20678
740.38384
740.44294
740.45902
740.48512
741.02308
741.11584
741.67474
741.71608
741.88192
742.02196
742.10884
742.15150
742.17286
742.17880
742.32832
742.37260
742.39636
742.43230
742.75912
742.89220
743.03176
743.16796
743.20906
743.45836
743.48188
743.55322
743.63452
743.63890
743.72524
743.73166
743.78170
743.93902
743.94094
744.06046
744.25840
744.26932
744.63148
744.83188
745.07686
745.19794
745.20418
745.43110
745.64074
745.67512
745.74772
745.75138
745.76290
745.99828
746.55922
746.67832
746.85508
746.99788
747.00448
747.11452
747.31444
747.41920
747.48628
747.59098
747.60496
747.70486
747.73498
747.74080
747.74734
747.80440
748.27816
748.52164
748.62442
748.68070
748.75702
749.18074
749.21440
749.22160
749.68786
749.98756
750.15976
750.27268
750.33772
750.82390
750.93664
750.96466
751.37272
751.73740
751.90354
751.95736
751.98940
752.01352
752.03008
752.03236
752.03398
752.03578
752.04634
752.21050
752.24626
752.36008
752.38102
752.38264
752.54608
752.60392
752.71048
752.81560
752.82322
752.94610
752.97598
752.99626
753.04636
753.10978
753.29344
753.42640
753.60292
753.61690
753.62602
753.75334
753.76966
753.77476
753.79612
753.86290
753.97486
754.19608
754.21294
754.21762
754.48210
754.48930
754.67632
754.70326
754.80334
754.86238
755.06242
755.26246
755.37628
755.76232
755.84272
756.22204
756.41224
756.51220
756.67228
757.52188
757.83106
757.85230
758.09986
758.37814
758.65234
758.78710
758.79274
759.01420
759.23080
759.49174
759.54670
759.78826
759.89944
759.90718
759.94462
760.40200
760.81840
760.93798
760.95862
761.08060
761.54446
761.73046
761.78794
761.80204
761.81356
761.83774
762.64684
762.67534
762.67726
762.86824
762.87082
762.94528
763.04836
763.06846
763.07476
763.12510
763.15336
763.21102
763.29688
763.38484
763.61338
764.22772
764.30434
764.33122
764.56720
764.58130
764.60302
764.69386
764.88454
765.36064
765.36802
765.52066
765.67708
765.68464
765.88444
766.06324
766.41286
766.42084
766.44370
766.47112
766.72960
767.92030
768.07954
768.47260
768.47458
768.56002
768.57076
768.66022
768.99352
769.02196
769.24348
769.42426
769.76296
770.22652
770.56708
770.66734
771.28372
771.81712
771.95962
771.98182
772.01020
772.02322
772.07620
772.08286
772.18342
772.25320
772.27630
772.59724
773.02660
773.41960
773.50306
773.54722
773.59684
773.97598
774.21922
774.45664
774.50008
774.51562
774.55036
774.58444
774.63334
774.64096
774.65902
774.67552
774.68254
774.70960
774.79966
774.81232
774.82570
774.83968
774.84280
774.84916
774.88336
774.89248
774.96922
775.00588
775.02856
775.03582
775.14724
775.34272
775.69876
775.73566
775.84228
776.18548
776.28580
776.29216
776.35204
776.44192
776.59474
776.67214
776.69968
776.87068
776.89960
777.34948
777.37780
777.46600
778.19464
778.25884
778.72504
778.82488
778.86514
778.99126
779.10166
779.21566
779.50144
779.80144
779.80324
780.01552
780.16804
780.52438
780.58186
780.77434
780.78058
780.78796
780.83788
780.84436
780.86524
781.12414
781.26808
781.27672
781.28158
781.79038
781.85266
782.19802
782.23144
782.48410
782.54722
782.56744
782.62108
782.78386
782.84782
782.93380
783.13396
783.19774
783.31444
783.34774
783.55696
783.59026
783.74938
783.76282
784.23334
784.41988
784.50016
784.58332
784.59862
784.61326
784.68292
785.02012
785.03584
785.06374
785.09716
785.16388
785.24212
785.25010
785.37316
785.55628
785.82340
785.83612
785.96668
786.05626
786.27940
786.34960
786.62668
786.67996
786.86314
786.97246
787.33930
787.39402
787.40692
787.43620
787.57966
787.58428
787.63150
787.64620
787.83124
788.32486
788.37322
788.39596
788.41738
788.48980
788.71702
788.77930
788.78638
788.94610
789.73852
789.93826
790.33834
790.34836
790.36222
790.37686
790.42438
790.46836
790.71898
790.73164
790.83808
791.14210
791.30452
791.67868
791.68174
791.84122
792.24784
792.54772
793.11154
793.32814
793.37818
793.42054
793.47040
793.48414
793.51906
793.84738
793.93450
793.97056
794.17780
794.31772
794.77828
795.25048
795.27136
795.28084
795.32968
795.40642
795.41488
795.45658
795.50032
795.61090
795.74986
795.79414
796.12306
796.12726
796.26058
796.33234
796.35328
796.64332
796.73662
796.79392
796.93672
796.94392
796.96078
796.98646
796.99546
797.13622
797.23684
797.24404
797.28658
797.33638
797.62984
797.85076
797.98630
798.16936
798.51946
798.58798
798.62254
799.37686
800.33218
800.65990
800.79568
800.82646
800.84776
801.29254
801.71350
801.74554
801.76216
801.76864
801.84742
801.92890
801.93526
802.04296
802.04974
802.44958
802.59532
802.74928
802.87792
803.47120
803.62588
803.76862
803.79526
803.80474
803.85778
804.18526
804.19930
804.53500
804.70198
805.22812
805.24396
805.49194
805.60132
805.60894
805.63006
805.72828
805.82266
805.90858
805.95124
805.96042
805.97986
805.98718
806.06812
806.13760
806.17510
806.20780
806.54356
806.60830
806.67760
806.75110
806.94658
806.98702
806.99464
807.00850
807.05830
807.27508
807.28804
807.30094
807.31120
807.32536
807.41452
807.50836
807.57490
807.74440
807.80812
807.82504
808.06072
808.06792
808.10980
808.18138
808.92472
809.09050
809.67454
809.76736
809.78386
809.84128
810.13372
810.23374
810.57718
810.65338
810.81718
810.97702
810.98368
811.15030
811.75732
811.84048
811.85470
811.94068
812.50738
812.65264
812.65750
812.65960
812.66662
812.71618
813.03322
813.04066
813.04222
813.48592
813.56632
813.63040
813.76024
813.76366
813.79378
813.90934
814.60690
814.82950
814.86388
815.05168
815.24296
815.31592
815.42356
815.63278
815.64928
815.65858
815.66614
815.66872
815.99956
816.07990
816.14650
816.26068
816.26692
816.32944
816.85240
816.92332
817.23892
817.30168
817.44598
817.63222
818.01826
818.31814
818.33194
818.80306
819.38170
819.38920
819.40240
819.42724
819.48970
819.88450
820.49836
820.53910
821.02690
821.04832
821.12212
821.24962
821.26468
821.53450
821.85748
821.94826
821.95708
821.99176
822.05824
822.10720
822.35554
822.80524
823.05172
823.07152
823.56430
824.05072
824.11408
824.20090
824.22196
824.28736
824.35042
824.42176
824.46406
824.48800
824.49472
824.68060
824.73082
825.01702
825.03058
825.07306
825.08080
825.13024
825.13792
825.17332
825.23086
825.49462
825.78814
826.04374
826.06666
826.37584
826.38082
826.40446
826.59730
826.67104
826.68040
826.74052
826.85344
826.89706
826.99726
827.09050
827.12122
827.17402
827.18050
827.33806
827.79742
828.06382
828.09070
828.29698
828.99670
829.21096
829.22584
829.23928
829.24660
829.51336
829.52518
829.71154
829.75408
829.96342
829.98436
830.03260
830.04652
831.17674
831.23236
831.25270
831.27124
831.32950
831.43012
831.59296
831.67936
831.76240
831.77920
831.87958
831.94168
831.97960
832.33684
832.35040
832.36570
832.40788
832.95628
833.37928
833.57470
833.60914
833.71570
833.75332
833.77942
833.78674
834.01000
834.10780
834.50974
834.97252
835.09588
835.38922
835.45090
835.45318
835.64560
835.95328
835.97896
836.22274
836.53912
837.36910
837.38140
837.38338
837.39814
837.42178
837.44542
837.46828
837.48166
837.59812
837.64816
837.76204
837.80566
837.81178
837.82570
837.84958
837.86176
837.89518
838.06936
838.21942
838.30426
838.44808
838.54252
838.61194
838.91908
838.92880
839.06200
839.18146
839.49052
839.85508
839.91838
839.98612
840.05518
840.12838
840.81142
840.99268
841.48564
841.59022
841.60546
841.91584
841.93138
842.12956
842.14462
842.16460
842.17216
842.70232
843.11110
843.13564
843.24400
843.53272
843.65164
843.94450
844.18006
844.20880
844.21126
844.26130
844.88830
845.01088
845.06584
845.09446
845.48416
845.81104
845.83378
845.89474
845.92390
846.76060
846.81070
847.03462
847.03738
847.55446
847.61104
847.79980
847.82068
847.83574
847.86394
847.96798
848.24362
848.32714
848.39074
848.55382
848.69398
848.85112
848.91028
848.93422
849.00382
849.10540
849.28696
849.37030
849.43432
849.56998
849.57688
849.63436
849.68692
849.71770
849.73600
849.83686
849.88420
849.98110
850.10044
850.74298
850.81714
851.09590
851.20984
851.46688
851.47606
851.50054
851.60206
851.61694
851.94304
852.05212
852.06952
852.09274
852.09562
852.13618
852.15190
852.18676
852.70936
852.80272
853.01584
853.02910
853.03642
853.07230
853.13320
853.51636
853.55920
853.57258
853.67560
853.70914
854.16628
854.36902
854.42812
855.20842
855.25228
855.45406
855.47488
855.50554
855.71836
856.22206
856.37476
856.39918
856.69864
856.75504
856.82098
856.92016
857.22034
857.26084
857.36806
857.39146
857.49634
857.65582
858.19072
858.29836
858.49072
858.65746
858.67210
858.67390
858.68422
858.69346
858.71518
858.74818
859.05730
859.12156
859.18426
859.19092
859.19350
859.48390
859.55734
859.99318
860.04484
860.08096
860.40046
860.41438
860.51320
860.53540
860.62354
860.71702
860.77312
860.79436
860.85034
861.03088
861.06418
861.19444
861.23764
861.38992
861.40000
861.40930
861.90184
861.91570
861.93058
861.98062
862.32286
862.37308
862.55938
862.70920
862.71646
862.72282
862.86634
862.92274
863.28298
863.34700
863.34988
863.35894
863.36626
863.93266
864.02686
864.04606
864.08026
864.40972
864.94624
865.61962
865.72492
865.97854
865.98982
866.05516
866.10496
866.13868
866.62822
866.65528
866.76418
866.84572
866.84758
866.85562
867.48802
867.49090
867.50482
867.63496
867.88540
868.38772
868.75714
868.80406
868.81606
869.32144
869.35678
869.37106
869.75128
869.79454
869.82814
869.97364
869.98870
870.00904
870.05020
870.07816
870.08446
870.08716
870.12826
870.46420
870.68734
870.88564
870.92350
870.93718
871.07302
871.09438
871.18750
871.31536
871.38706
871.53694
871.80364
871.82290
871.83046
871.84378
871.85488
871.90360
872.23966
872.89714
872.92342
872.92732