0.04576
1.34608
1.35178
1.35496
2.41252
2.42836
2.44120
2.57098
2.94736
2.97166
3.12460
3.21730
3.81868
3.83098
3.83368
3.85498
3.86878
3.92848
3.97870
4.29946
4.42492
4.56922
4.75192
4.85344
4.98826
5.29186
5.61226
5.63140
5.83276
5.84512
5.88670
5.91244
6.17524
6.39538
8.84548
9.76972
9.77266
9.79600
9.80194
10.69870
10.73938
10.74142
10.74628
10.97578
11.01808
11.44246
11.63182
11.63554
12.83182
13.02742
13.16302
13.16980
13.92202
14.51578
14.82310
15.22600
15.59728
16.28542
17.34010
17.69314
18.14002
18.31432
18.54298
18.55210
18.64318
18.97378
19.38256
19.44292
19.77646
19.82050
19.92370
20.00986
21.38704
21.95728
22.19314
22.39312
22.68322
22.91176
22.97374
23.19694
23.77678
24.28042
24.49246
24.50866
24.51496
24.52102
24.56104
24.57388
25.06630
25.08622
25.41028
25.48690
25.51630
25.67662
25.88554
26.02930
26.32852
26.40034
26.43832
26.51446
26.61988
26.66710
26.75272
26.75980
26.80018
26.84308
27.04336
27.19078
27.55282
27.79300
27.85900
28.65724
28.68754
30.77818
31.02670
31.03750
31.17382
31.32670
31.55020
31.55704
32.54740
32.61658
32.80678
33.52672
34.27234
34.31884
34.46266
34.73350
36.01624
36.57652
36.59032
36.66742
37.47340
38.20864
38.48122
39.27814
39.50674
40.22254
40.29652
40.75702
40.78264
40.85350
41.00674
41.06428
42.07888
42.08380
42.17980
42.35188
42.80974
43.42336
43.91632
44.35342
44.38234
44.46556
44.92582
45.06652
45.37600
45.39436
46.02634
46.03504
46.07638
46.14304
46.67818
47.69026
47.71642
47.82250
48.31360
48.58012
50.93440
51.49252
51.49618
51.65980
51.77080
51.81628
51.82042
51.93028
52.85974
54.75604
55.59034
55.61392
56.32714
57.13960
57.19702
57.19960
57.20650
57.22996
57.80872
58.05718
58.07644
58.64632
58.74118
59.17366
59.37634
59.44372
59.47672
59.49940
59.50438
60.18244
60.19798
60.28288
60.54046
61.38550
61.61008
62.09050
62.11498
62.13790
63.21148
63.50590
64.09300
64.86598
65.37268
65.87332
66.06304
66.31636
66.61420
66.98932
67.03540
67.24606
67.38070
67.38298
67.74310
68.30974
68.31556
68.71552
68.77618
69.11560
70.73980
70.89706
71.10178
71.12062
71.40628
71.54164
71.57302
71.67496
71.78896
71.87350
71.93122
72.15952
72.18244
72.29908
72.33256
72.34282
72.49024
72.61876
72.76114
72.96640
73.01884
73.30366
73.31818
73.94656
74.29894
74.32600
74.84440
74.85940
75.04306
75.20908
75.87616
76.14922
78.21964
78.29740
78.90802
79.32286
79.83856
79.87150
80.46406
80.74750
80.99896
81.41524
81.51076
81.51520
81.60508
81.71122
81.80050
81.81988
82.33210
82.34602
82.45300
82.50010
82.71196
82.79920
82.95820
83.09248
83.31274
83.46934
83.55154
84.90886
85.06246
85.10614
85.20508
85.20760
85.21084
85.98532
86.43874
86.53906
86.81200
87.37594
87.68068
88.27264
88.27942
88.41574
89.70178
90.50596
90.87256
92.80306
93.10306
93.78310
94.04944
94.76374
94.90168
95.04556
95.29870
95.34634
95.56294
95.90614
95.92666
96.14416
96.69862
97.68478
97.68940
97.73188
97.98958
98.26222
99.22300
99.43000
99.70618
99.73228
100.48516
101.94436
102.08212
103.12504
104.17564
104.37952
104.87026
104.93656
105.10948
105.12670
105.20584
105.26044
105.29614
105.31372
105.45850
105.54424
105.55966
105.62614
105.68980
105.76084
106.08760
106.28416
106.61668
106.74682
108.40666
108.64018
109.13536
110.29306
111.03724
111.48604
111.61696
112.39990
112.54960
112.66624
113.39806
113.59948
113.62654
113.93200
114.70696
114.84946
114.85414
115.94062
115.95616
115.99972
116.36158
116.64358
117.33316
117.67114
117.74770
117.89092
117.98752
118.16368
118.26772
118.57912
118.67116
118.70014
118.84288
120.22144
120.22426
120.73378
121.26256
121.29094
121.70158
122.05666
122.57776
122.58100
123.65752
123.80062
123.93862
124.32448
124.45810
126.41122
126.57760
126.67480
126.81238
126.88870
127.05088
127.05508
127.07494
127.75186
128.07472
128.10448
128.25844
128.44798
129.09454
129.22498
130.20838
130.38124
130.39456
130.59466
130.93852
130.95040
131.01490
131.35060
131.44084
131.47204
131.52334
131.96500
132.00814
132.04834
132.05074
132.29452
132.44170
133.11106
133.19146
133.63678
133.77778
133.79380
134.15722
134.17018
134.21128
134.62054
135.36772
135.38164
135.43852
135.66760
135.68140
135.69622
135.89128
135.92500
136.12510
136.66780
136.75348
136.94464
137.23480
137.72782
137.76304
137.81122
138.53164
138.84364
138.96724
139.01740
139.03438
139.05112
139.06096
139.23898
139.32460
139.58890
139.67830
139.71412
139.97038
140.65408
141.05806
141.87196
142.60078
143.01478
143.04466
143.26798
143.35846
143.59156
143.61508
144.12502
144.69466
144.71776
145.57510
146.54830
147.10144
147.10840
147.26134
147.41014
147.74926
148.07494
148.12768
148.37488
148.64794
148.89460
149.06752
149.98156
150.86110
150.88420
150.89158
151.01746
151.62790
152.25856
152.74462
153.14194
153.67504
153.96136
154.62424
154.70542
154.96570
155.05834
155.59174
155.91130
156.23740
156.30154
156.34480
156.39076
156.39460
156.44176
156.52810
157.04170
157.46314
157.46530
158.07466
158.09614
158.11150
158.19376
158.27512
158.30884
158.34184
159.36652
159.66532
160.06162
160.22086
160.22722
160.42540
160.72174
160.99150
161.49514
161.80888
162.08770
162.15646
162.24532
162.55144
162.56584
162.75418
162.92548
163.12552
163.91212
163.92592
164.19256
164.60236
164.77882
164.91220
165.06106
165.30826
165.31594
166.11772
166.81258
167.38510
167.95636
168.37252
168.37450
168.38926
168.39304
168.89620
169.93696
170.39320
170.75734
170.76010
170.84302
171.25792
171.34678
171.78400
171.81946
171.82738
171.87478
171.97888
171.99370
172.12126
172.28728
172.42006
172.43200
172.60438
172.62748
172.73662
172.84120
173.01364
173.11072
173.11378
173.39428
173.61382
174.02032
174.20626
174.79750
174.98056
175.09762
175.39552
175.39756
175.41796
175.50376
176.06146
176.23090
176.31412
176.71150
176.92492
177.11152
177.41542
178.22848
178.57834
178.91458
178.97872
179.66494
180.03124
180.46198
180.85738
181.15930
181.43146
181.61218
182.38054
182.43820
182.84758
183.14866
183.15496
183.23212
183.51982
184.27108
184.28524
184.55740
185.53816
185.66254
185.74588
185.75206
186.24610
186.63208
186.78196
187.12810
187.34872
187.37614
187.38208
187.61566
187.71556
188.17618
188.73394
188.85196
188.92942
188.94346
188.94502
189.06574
189.32944
189.66166
190.00486
190.04932
190.26868
190.28248
190.36300
190.50568
191.09896
191.42482
191.67652
191.83576
192.02212
192.37972
192.66016
192.75868
192.92980
193.30864
194.82520
195.06010
195.26608
195.29662
195.38176
195.87124
196.01626
196.06594
196.34374
196.65904
197.18014
197.32696
197.52700
197.80144
198.07576
198.15628
198.17002
198.27304
199.07086
199.48018
200.35786
200.36368
201.01816
201.17542
201.54244
202.54084
202.84696
203.07148
203.14366
203.17606
203.18212
203.28964
203.31814
203.33938
203.49430
203.50036
203.66674
203.67172
203.69716
203.83954
203.99680
204.00622
204.13318
204.18046
204.18652
204.48316
204.85396
205.46086
205.76686
206.71672
206.87764
206.96674
208.06120
208.30384
209.75020
210.20710
210.73966
211.09768
211.24030
211.48384
211.71706
211.72402
211.74754
212.54458
212.58382
212.90656
213.25084
213.40438
213.46732
213.87814
214.01728
214.18306
214.31464
214.34812
214.93402
214.94734
214.95754
214.96984
214.97188
215.06122
215.34736
215.38408
215.84080
216.29086
216.40084
216.89716
217.14508
217.88188
218.36518
218.39386
218.41204
218.80504
219.10120
219.35518
220.03216
220.03774
220.04734
220.96846
221.91814
222.26362
223.00666
223.02766
223.16836
223.85356
224.65468
224.72518
224.73610
224.92810
225.03556
225.05188
225.20866
225.26320
225.47482
225.47932
225.63910
225.68200
225.80332
225.91144
226.00852
226.05124
226.08688
226.11862
226.12786
226.48438
227.47930
227.69908
228.06250
228.74188
229.03240
230.24308
230.69146
231.02632
231.20188
231.80194
231.89884
232.10818
232.16098
232.25188
232.40830
232.57012
234.12208
235.14418
235.27942
235.96276
235.99120
236.22034
236.39572
236.73712
236.85736
237.03202
237.04606
237.05554
237.17458
237.20332
237.37516
237.45484
237.50026
237.51814
237.76084
237.88384
238.24378
238.28818
238.30168
238.30498
238.52302
238.54168
238.66216
238.87906
239.60164
239.68486
239.79418
240.01522
240.13456
241.98172
242.02402
242.46796
242.93620
243.50134
244.46416
244.63798
245.03788
245.05186
245.22382
245.31934
246.16732
246.48142
246.96748
247.14898
247.18138
247.59394
248.05426
248.06992
248.35738
249.76906
250.36030
250.47652
251.00428
251.90692
252.02350
252.10042
252.20044
252.44380
253.22386
253.30228
253.56436
253.56724
254.87122
254.94016
255.91150
255.92086
255.92602
256.58704
256.59046
256.61572
257.41672
258.11698
258.27280
258.36100
258.48514
259.08076
259.20964
260.01658
260.63944
261.27034
261.98350
262.01662
262.10002
262.11100
262.12276
262.78336
262.79692
262.98934
263.06650
264.26116
264.27580
264.35650
264.85066
264.85342
264.87250
264.93976
264.94222
265.36030
265.56838
266.58304
266.67274
266.73016
266.83648
267.49990
268.18732
268.19200
268.30900
268.31662
268.34992
268.66828
268.93642
269.29990
269.88046
269.88298
269.92786
270.52954
270.64438
271.06642
271.29232
271.47268
271.68700
272.35372
272.37304
273.21688
273.35008
273.41674
274.10008
274.10326
275.27320
276.00418
276.04318
276.53068
276.58522
277.13374
277.52020
277.54414
277.76704
277.80676
278.06416
278.11714
279.13108
279.60076
279.66460
279.87142
280.41460
280.47160
281.12614
281.78110
282.28048
283.06744
283.22872
283.57660
284.24044
284.25730
284.26384
284.34718
284.99134
284.99542
285.54076
285.82660
286.18456
286.94422
287.68456
289.04386
289.28086
289.80142
289.96480
290.44432
290.47726
290.85958
291.01552
291.19882
291.41818
291.58480
291.89890
292.04902
292.09912
292.27474
292.34596
292.44484
292.53154
292.57462
292.64590
292.77496
292.78918
292.83538
292.87498
292.92052
293.04652
293.12542
293.21122
293.30368
293.55574
293.83540
294.11590
294.28738
294.35392
294.57958
294.59068
294.84808
294.96886
296.00248
296.01184
296.15602
296.20258
296.86624
297.39652
297.50656
298.03978
298.04986
298.16338
299.13646
299.72326
299.78044
300.11818
301.11370
301.79314
301.89262
302.16250
302.22892
302.61994
303.32890
303.33988
303.72364
304.01776
304.34572
304.56718
304.68394
304.82656
304.83088
305.08102
305.55100
305.57020
305.59474
306.21736
306.25996
306.90358
307.71454
307.89028
307.94308
307.96738
309.93682
310.15078
310.84978
311.12056
311.15494
311.36002
311.85352
311.91286
312.02662
312.26446
312.30766
312.32974
313.15378
313.31080
313.33720
314.21998
314.26048
314.50564
314.51500
314.57704
314.86078
315.37084
315.38476
315.88750
315.92434
316.41028
316.48762
316.75696
316.84828
316.94050
316.99684
317.66830
317.79130
318.12616
318.33784
318.62104
318.82708
318.92716
319.17502
319.52458
319.57996
319.84846
320.52502
320.59306
321.10840
321.22102
321.41074
321.54412
321.54922
321.58198
321.95470
321.97762
322.25470
322.55476
322.66390
323.09884
323.42692
324.09472
324.36568
324.77518
324.78082
324.94000
325.58860
325.62172
326.47354
326.58268
326.59612
326.80510
326.84476
326.96140
327.47122
327.47638
327.73498
327.81592
327.90232
328.16896
328.46854
328.69210
328.69930
328.91770
329.05540
329.07826
330.12088
330.37564
331.57750
332.39506
332.42602
332.97202
333.02896
333.07714
333.67198
333.70906
334.10494
334.62208
335.00170
335.32810
335.32978
335.50450
336.02212
336.12598
336.97402
337.01218
337.02646
337.02862
337.07236
337.71646
337.81924
337.98178
337.98628
338.43520
338.47930
338.90002
338.91496
338.92216
339.11212
339.16702
339.32134
339.57412
339.57880
339.70606
339.83926
340.11988
340.21630
340.31536
340.56676
340.66972
340.98922
341.12632
341.79580
341.95618
342.00310
342.30502
342.82654
343.50034
343.50970
343.53964
343.76680
343.90606
343.94326
344.32450
344.78674
344.88880
345.02950
345.08278
345.10618
345.35014
345.36712
345.50146
345.62008
345.67282
345.93946
345.96310
345.96712
346.27312
346.45054
346.70656
346.76296
346.92016
347.40652
347.55640
347.64628
347.77324
347.77678
347.86036
347.87980
347.93686
348.03238
348.07966
348.10684
348.15664
348.21292
348.24652
348.42328
348.47026
348.58972
348.60400
348.62332
348.65368
348.69004
349.24372
349.36750
349.39000
349.45084
349.50682
349.60684
349.79014
350.09002
350.26318
350.26798
350.33434
350.47384
350.59624
350.73442
350.79694
350.85376
351.27532
351.35710
351.52372
351.52720
351.95218
351.95878
351.97078
352.13068
352.29052
352.36756
352.50424
352.52788
352.72048
352.74694
352.82998
353.42122
354.28810
354.61990
354.64096
354.77140
355.13500
355.17148
355.76398
355.99798
356.20492
356.34538
356.36698
356.38114
356.77480
356.88550
357.79126
357.84790
357.92500
358.05808
358.12882
358.15846
358.19170
358.37218
358.39216
358.41952
359.17522
359.71546
359.76526
359.78164
359.92534
360.11992
360.12700
360.19210
360.23926
360.27262
360.31966
360.35884
360.58930
360.60610
360.64552
360.65188
360.65560
360.71950
360.72538
360.74206
361.07758
361.18498
361.20340
361.30318
361.32286
361.34218
361.40884
361.45174
361.47184
361.50184
361.51330
361.72318
361.72576
361.78894
361.91986
361.97608
362.05894
362.14252
362.20612
362.26306
362.69248
362.89282
362.98348
363.17950
363.25384
363.29260
363.33724
363.65950
363.79276
363.82612
363.87616
364.08304
364.09270
364.22974
364.39324
364.57342
364.75972
365.27656
365.28064
365.50984
365.54938
366.11014
366.12628
366.17362
366.18592
366.81016
366.91894
367.20736
367.38388
367.42696
367.51360
367.60450
367.73662
367.89358
367.94362
368.15746
368.21038
368.52736
368.53342
368.70472
369.02884
369.11428
369.13780
369.15496
369.24376
369.38674
369.60052
369.62422
369.67732
370.07206
370.07452
370.26700
370.45306
370.83076
371.10688
371.54452
372.12796
372.81106
373.64434
373.99474
374.02186
374.12302
374.13178
374.63890
374.83150
375.12046
375.13492
375.16744
375.18748
375.19480
375.94540
376.24468
376.53802
376.85566
377.46826
377.49898
377.50114
378.13732
378.23914
378.57052
379.67086
380.96464
381.16198
381.41218
382.09882
382.34368
382.42120
383.12752
383.68198
383.69158
384.09868
384.29164
384.79210
384.89452
385.13182
385.45624
385.48072
385.75126
385.98946
386.30908
386.31544
386.46178
386.71876
387.79162
387.80248
387.88072
388.69216
388.88248
388.88812
389.26618
390.31954
390.79342
390.80506
391.04590
391.56952
392.54038
393.08362
393.09760
394.30564
394.41970
394.45360
394.46026
394.49650
394.68874
395.01676
395.07916
395.17672
395.18314
395.20000
395.22916
395.24644
395.37436
395.38990
395.67676
395.79034
395.87830
395.93140
396.03520
396.05014
396.17704
396.21340
396.36916
396.57700
398.20318
398.40292
398.66362
399.11980
399.21094
399.22984
399.30352
399.38902
399.40306
399.43024
399.77422
400.10104
400.36714
401.65108
403.48072
403.48798
403.49506
405.58114
405.89500
406.13146
406.19734
406.53514
406.68160
406.86172
406.89790
406.91464
406.93180
407.22874
407.62114
407.79832
407.86468
408.30754
408.41200
408.77878
409.62592
409.71208
410.53192
411.09568
411.34312
411.89836
412.13620
412.57918
412.58188
412.62460
413.43046
413.82928
413.84614
414.07192
414.13690
414.19768
414.38962
415.21930
415.83850
416.63716
416.66296
417.14326
417.26296
417.48628
417.54922
417.63256
417.80584
417.94336
418.02868
418.06606
418.12678
418.12990
418.14082
418.16926
418.17232
418.31986
418.33906
418.34674
418.57294
418.72498
418.74940
418.88674
419.74252
420.65326
422.07010
422.20378
422.72866
422.73172
423.15676
423.37084
425.31418
425.61454
425.70700
426.34018
428.11144
428.16190
428.25418
428.27092
428.30380
428.32348
428.41624
428.42698
428.60260
428.76010
428.78410
428.88724
428.92660
429.06910
429.10690
429.40090
429.50764
429.59494
429.59968
429.62020
429.69568
429.82804
430.17364
430.55722
432.40300
432.55726
432.58840
434.22562
435.44272
435.45154
436.04692
436.17196
436.72936
438.05800
438.25690
438.35206
438.35374
439.74604
439.83574
440.61292
440.97484
441.17980
441.53272
442.05364
442.14790
442.28530
442.69156
442.99468
443.03944
443.24578
443.83558
443.83888
444.04606
444.31882
444.72490
448.43590
448.90198
448.98748
449.11918
449.13958
449.19646
449.25412
449.29816
449.32288
449.43214
449.63314
449.77612
449.92594
450.17284
450.24046
450.34948
450.60400
450.61396
450.65638
452.47564
453.11344
453.29596
453.30298
453.74278
454.67854
454.80016
456.12664
456.13648
456.23662
456.30712
456.35686
456.37006
456.37672
456.38068
456.41368
456.55030
456.60316
456.94744
457.11994
457.22896
457.24960
457.26022
457.35322
457.39720
457.41988
457.45990
457.74580
457.79746
457.84036
457.88380
457.96408
457.96996
457.99024
458.28682
458.36416
458.51734
458.63686
458.70976
458.92510
458.94742
459.08662
459.16408
459.16714
459.37018
459.42640
459.55060
459.60730
459.64756
459.73672
459.74758
459.95362
459.99748
460.00354
460.01002
460.02004
460.04752
460.15360
460.18102
460.19788
460.21432
460.24768
460.27024
460.43680
460.52014
460.55362
460.57414
460.63684
460.65982
460.67026
460.77028
460.83130
460.84312
460.86046
460.87396
460.88098
461.03698
461.04784
461.07382
461.15368
461.36740
461.54416
461.58094
461.60338
461.62030
461.73094
461.75368
461.76430
461.79790
461.85364
461.90242
462.00364
462.10354
462.12034
462.27040
462.33706
462.43702
462.50734
462.51448
462.58426
462.60370
462.67030
462.88702
462.90376
462.98698
463.06756
463.08700
463.10074
463.16056
463.17046
463.18696
463.38730
463.46476
463.47952
463.48714
463.63294
463.77040
463.83694
463.96018
464.03428
464.09338
464.10358
464.13130
464.13724
464.18716
464.23720
464.29384
464.30380
464.39086
464.61742
464.71768
464.77042
464.81320
465.04342
465.15370
465.17434
465.26326
465.37036
465.48706
465.63718
465.82708
465.83722
465.92044
466.16482
466.24066
466.38712
466.47004
466.50400
466.55380
466.56910
466.59346
466.72426
466.78120
466.82674
466.88722
466.97056
467.18722
467.19820
467.28736
467.32708
467.37046
467.47066
467.57050
467.63734
467.77048
467.85394
467.90386
468.05392
468.05752
468.14422
468.19672
468.36316
468.36772
468.38734
468.39646
468.40108
468.62062
468.72070
468.73720
468.81760
468.83740
468.85396
468.89182
468.89830
468.92086
469.00402
469.15420
469.32064
469.33738
469.40416
469.41448
469.53742
469.58716
469.62076
469.67680
469.72078
469.80400
469.81024
469.92076
469.98742
470.03056
470.04400
470.25388
470.31562
470.32078
470.33464
470.36776
470.72086
470.77060
470.77678
470.78458
470.81764
470.83744
470.89642
470.91514
470.93728
470.95900
471.01060
471.05410
471.07444
471.10408
471.17434
471.18736
471.43738
471.77068
471.87070
471.95404
471.97078
472.04464
472.23754
472.28740
472.37074
472.42774
472.50412
472.53160
472.71322
472.74358
472.77094
472.90414
473.00416
473.10418
473.17702
473.23012
473.42074
473.48476
473.51044
473.70424
473.75410
473.91814
474.00436
474.13768
474.17092
474.37108
474.56218
474.77092
474.83032
474.83764
474.85744
474.87088
474.94840
475.32112
475.35436
475.38796
475.47094
475.62712
475.72246
475.83172
475.85428
476.12080
476.14852
476.17102
476.20438
476.21092
476.38774
476.83198
476.83786
476.92132
477.15454
477.27112
477.36094
477.38776
477.42124
477.63202
477.68200
477.79204
477.86542
477.87112
477.88804
477.97108
478.00462
478.04134
478.11478
478.13788
478.14796
478.17082
478.27114
478.30444
478.33804
478.34182
478.40464
478.59430
478.70464
478.80472
478.87120
478.88518
478.97140
479.02138
479.10454
479.23810
479.30476
479.31868
479.34724
479.37166
479.46856
479.71426
479.90482
480.00472
480.18532
480.27154
480.33826
480.40480
480.47170
480.61552
480.63796
480.67156
480.70498
481.10512
481.16116
481.23532
481.23844
481.29196
481.31572
481.33552
481.38826
481.42174
481.45486
481.55512
481.70500
481.78810
481.82146
481.98226
482.05504
482.17162
482.18248
482.20492
482.21134
482.22172
482.36116
482.38264
482.42146
482.62822
482.63842
482.75482
482.97178
483.00508
483.03292
483.11878
483.18106
483.19456
483.20506
483.38848
483.48850
483.75520
483.85534
483.98848
484.20892
484.25530
484.38850
484.45540
484.50886
484.55518
484.62178
484.75528
484.78810
484.85512
484.88860
485.21902
485.27572
485.36182
485.44780
485.48134
485.57200
485.62192
485.65900
485.68864
485.69914
485.73298
485.73850
485.76184
485.79934
485.83294
485.88580
486.13870
486.33880
486.53866
486.57220
486.57886
486.58282
486.80542
486.90556
487.02838
487.03894
487.11172
487.17220
487.20556
487.30558
487.32202
487.41226
487.47220
487.53886
487.56616
487.58872
487.87216
487.88596
487.88890
487.97200
487.97848
488.07202
488.16616
488.26630
488.28310
488.37214
488.40568
488.43886
488.50564
488.71636
488.75548
488.80258
488.82574
488.85556
488.88886
488.98888
489.03322
489.05548
489.43888
489.50272
489.73330
489.73888
490.08904
490.28296
490.28602
490.30552
490.68898
490.92910
491.22886
491.24998
491.35558
491.47642
491.49970
491.60056
491.70574
492.03916
492.17236
492.27256
492.36676
492.37246
492.44410
492.56680
492.63904
492.70594
492.92608
493.03324
493.24516
493.25596
493.30306
493.38922
493.60978
493.65598
493.67902
493.78906
493.90576
493.98922
494.20600
494.33902
494.36926
494.37250
494.49076
494.58370
494.60020
494.61982
494.67274
494.70598
494.75974
494.80600
494.87920
494.90590
495.00604
495.01690
495.15610
495.18358
495.20608
495.27256
495.33934
495.40600
495.42250
495.63922
495.68932
495.74998
495.75610
495.78940
495.87262
495.94546
495.95026
495.95590
495.99874
496.05610
496.07284
496.12276
496.15600
496.23946
496.37260
496.42642
496.47280
496.55596
496.63954
496.68934
496.77286
496.82284
496.85032
496.98964
497.00632
497.12278
497.15620
497.20018
497.20798
497.24332
497.26240
497.32270
497.32660
497.53942
497.55634
497.75332
497.85622
497.85982
498.18958
498.50014
498.69580
498.79600
498.90628
498.92908
499.07302
499.47286
499.57270
499.59310
499.59532
499.65028
499.69612
499.70980
499.72972
499.96996
500.18380
500.18938
500.21248
500.48356
501.05056
501.10618
501.28960
501.34630
501.51688
501.66004
501.68956
501.73666
501.75646
501.82312
501.83404
501.83722
501.87292
501.87712
502.01038
502.02964
502.30090
502.32964
502.54360
502.82944
502.86988
502.92022
502.93402
503.00632
503.01754
503.02330
503.12314
503.21284
503.48404
503.51260
503.54620
503.56708
503.60062
503.61304
503.66710
503.69008
503.85664
503.92318
504.02704
504.08986
504.38998
504.46732
504.56746
504.58990
504.61588
504.69622
504.93994
504.95668
504.96754
504.97336
504.99676
505.02340
505.12336
505.15684
505.19002
505.42354
505.47328
505.50688
505.53406
505.55674
505.62928
505.63294
505.65688
505.71046
505.74010
505.77346
505.80682
505.81756
505.82362
505.92982
505.94020
505.95400
505.95706
506.09668
506.14018
506.15680
506.19010
506.22058
506.24020
506.28268
506.30686
506.45404
506.52358
506.57356
506.64022
506.65396
506.74030
506.77354
506.84020
506.94028
507.06652
507.10696
507.17362
507.20098
507.35704
507.37354
507.38014
507.49000
507.57364
507.59044
507.65710
507.75706
507.77368
507.97354
507.98458
507.99046
508.03756
508.09042
508.15108
508.15690
508.19044
508.25698
508.27378
508.28452
508.35130
508.35694
508.39036
508.45696
508.47346
508.52380
508.65694
508.74664
508.75702
508.77370
508.84042
508.89682
509.00704
509.02384
509.05696
509.09032
509.10706
509.13448
509.25706
509.40706
509.42368
509.50720
509.64670
509.67976
509.85724
509.88454
509.90710
510.00718
510.03754
510.10720
510.21796
510.32392
510.36094
510.40432
510.46204
510.65170
510.69034
510.79426
510.82402
510.89068
510.92416
510.92998
510.99076
511.09054
511.19080
511.29076
511.30456
511.39708
511.40128
512.28790
512.37394
512.47792
512.62018
512.76808
512.77402
512.94982
512.96662
512.97418
513.24076
513.34090
513.56074
513.97444
514.07290
514.24738
514.45780
514.48180
514.48486
514.61842
514.76164
514.82116
514.85038
515.53996
515.56552
515.86132
515.92810
516.22840
516.85798
517.21426
518.20516
518.46430
519.43396
519.96232
520.16524
520.33792
520.54156
520.74796
521.25124
521.49184
522.24094
522.29878
522.48196
522.65818
522.71236
522.71890
522.74092
522.80584
523.57552
523.62892
523.93936
524.02936
524.12596
524.25400
524.33524
524.36992
524.37268
524.40874
524.55910
524.64598
524.70622
524.78956
524.99224
525.10918
525.19252
525.19894
525.30904
525.32296
525.53656
525.55930
525.57574
525.77020
526.48258
526.75366
526.80934
527.19460
527.19904
527.24944
527.27314
528.02020
528.20962
528.52972
529.65874
530.03584
530.39044
530.61640
530.91646
531.39334
531.56002
532.04956
532.05718
532.06360
532.08370
532.32088
532.96966
533.08300
533.17720
533.18320
533.32714
533.46184
534.37912
534.80050
535.03240
535.07158
535.72012
535.81258
536.06974
536.17024
536.29528
536.92516
536.95066
538.12498
538.55848
538.63132
538.84186
538.86286
539.41306
539.55550
539.75548
540.28150
540.52822
540.56152
540.72268
541.27522
541.29226
541.39678
541.83448
541.83718
541.85170
544.19254
544.72258
544.72852
545.03926
545.91688
546.26596
546.82318
547.16254
547.81996
548.14276
548.43538
549.33082
549.39604
551.21806
551.88568
551.90692
552.61024
552.67978
553.47688
554.32000
554.32390
554.72992
554.92030
554.93014
555.19288
555.32392
555.83632
556.04344
556.23634
556.57402
556.63342
556.65418
556.70854
556.91758
557.13430
557.27776
557.51080
557.54008
557.65762
557.81098
557.98942
558.03016
558.13660
559.80814
560.11582
560.13742
560.14774
560.35438
560.39740
562.19332
562.74154
562.91608
563.46154
563.55670
563.64190
563.86252
564.14176
564.61432
565.07524
565.36156
565.98112
565.99876
566.80390
567.23764
567.62398
567.95170
568.31482
568.35736
568.72594
568.73146
568.77874
568.84528
568.97878
569.21476
569.26480
569.51788
569.53774
569.56102
569.88172
569.99980
570.28156
570.49636
570.93796
571.01674
571.17898
571.42270
572.54272
573.72148
575.97850
576.06574
576.08836
576.56194
576.93598
577.29862
577.57660
577.82482
578.37082
578.41690
578.51776
578.52460
578.74204
579.10984
579.20908
579.23248
579.25240
579.44296
579.44560
579.52258
579.62674
579.68854
579.92698
580.09552
580.52218
580.99012
581.72248
581.73604
582.55318
582.59410
582.97552
582.98980
583.40752
584.14402
584.30164
584.44426
584.81374
585.33964
585.34720
585.35020
585.35926
585.49696
586.78948
587.00032
587.00650
587.91724
588.35410
588.38350
589.69354
589.71226
590.07076
590.13676
590.52202
590.61424
590.79466
591.09268
591.30388
592.06414
594.70078
594.79990
594.82396
595.16710
596.00728
596.01130
596.02450
596.10430
596.17384
596.82892
596.83426
598.39798
599.49388
599.60764
599.73034
599.79820
600.13828
600.14416
601.78180
601.83196
602.02162
602.08690
603.35164
603.55990
603.58114
603.94570
604.40818
605.54818
605.63800
606.10192
606.14152
606.16570
606.22618
606.44626
607.47382
607.51150
607.52890
607.59922
607.60852
608.01748
608.41900
608.87956
608.94208
609.59464
609.85258
610.11382
610.11934
610.41928
611.26330
611.45890
611.51764
612.14656
612.18058
612.18418
612.19966
612.20842
612.22582
612.44548
612.52096
613.21936
613.55290
613.69288
614.29252
614.31610
614.32834
614.58064
615.92752
617.48668
617.55292
618.89962
619.41376
619.70350
619.80046
619.82788
620.37988
620.39182
620.42014
621.36736
621.76294
621.78556
621.80494
622.37338
622.95250
623.22046
623.23426
623.47408
624.72430
625.05064
625.46434
625.58416
625.58770
625.59370
625.87072
626.03110
626.54812
627.06580
627.07186
627.14800
627.26518
628.64650
628.67890
628.94542
629.37466
629.48758
629.62114
629.93758
630.18370
630.63766
630.77698
631.03768
632.01526
632.09206
632.96200
633.00202
634.03024
634.06504
634.24858
634.75804
635.18284
635.36584
635.42590
635.81590
635.93122
636.01588
636.07312
636.10498
636.15484
636.22150
636.24898
636.43864
636.47914
636.53068
638.90902
638.93836
639.47176
639.62182
641.14780
641.40694
641.60554
641.73868
643.72204
644.16148
644.17576
645.32236
645.93472
645.94990
646.13548
646.40422
647.20264
647.33608
647.41612
648.82864
650.44234
650.57536
651.18538
651.23296
651.39958
651.69982
651.74290
651.99568
653.38906
653.49802
653.92612
653.93620
654.23908
654.76648
655.26172
655.28920
655.87750
655.88530
656.04532
656.07634
656.49262
656.52244
656.59984
656.72248
656.96854
656.98924
657.17260
657.26206
657.66196
659.13334
659.27278
659.70598
659.90596
660.05974
660.40324
660.61030
660.87202
660.97282
661.19224
661.50340
661.52212
662.12614
662.75026
662.96554
664.01350
664.01758
664.07728
664.12336
664.37680
664.66312
664.82356
664.85704
665.02378
665.53276
665.53642
665.88766
666.36382
667.74076
668.08054
668.22286
668.38420
668.60380
668.78938
668.99716
669.11830
669.62170
670.10404
670.73860
671.15194
671.17198
671.21938
671.36734
671.79142
671.89774
672.22126
672.50248
672.82864
672.83488
672.84190
673.20202
673.95412
674.08222
675.28954
675.34900
676.12864
676.71508
677.55142
678.84910
679.29286
679.34626
679.46560
679.50328
679.59268
680.40196
681.86314
682.54324
683.22076
683.83588
684.20422
684.30736
684.67696
684.79696
684.82864
684.89062
686.05504
686.38048
686.44108
686.60416
687.07762
687.50482
688.26724
688.27690
688.83898
689.59174
689.91760
690.48730
690.61144
690.61540
691.75564
691.81636
692.05588
692.09836
692.27872
692.36434
692.40880
692.57950
692.74234
692.77552
692.94214
693.07720
693.09514
693.32062
693.51076
693.85150
693.95482
694.20934
696.31498
696.36838
696.88780
698.34952
698.67910
698.70196
698.91178
698.93878
699.43300
700.65202
700.84300
701.30242
701.80966
703.27342
703.28284
703.44616
703.47682
703.57684
703.59358
703.78558
703.89382
704.12872
704.14006
704.44636
704.45254
704.69050
704.85748
704.92948
705.71002
706.29346
706.47610
706.81042
707.60554
707.95000
708.35770
708.47998
709.29100
709.41988
709.73986
710.07022
710.91766
711.11992
711.68464
712.06372
712.73932
713.11732
713.12674
714.06724
714.43102
714.50800
714.65368
714.77308
715.78060
716.36146
716.55670
716.64028
716.65366
716.88700
717.14632
717.40822
717.97054
718.00078
718.58620
718.94848
720.13564
720.58114
720.88990
721.69024
721.70200
721.90384
722.42818
722.61208
722.89792
722.91172
723.14182
723.97714
723.99034
724.08100
724.38766
724.48108
724.78102
725.26474
725.42194
725.47504
725.54020
725.58124
725.66416
726.07738
726.27376
726.28102
726.29638
726.87814
727.81156
727.88722
728.18710
728.49016
728.73094
729.11404
729.35380
729.81160
730.30066
731.26144
732.21574
732.49624
733.83196
733.88674
734.42488
734.84008
734.93080
735.16012
735.26980
735.44728
735.58690
736.14424
736.36384
737.08540
737.10472
738.63298
738.90136
738.90406
739.23904
739.50730
739.56862
739.57882
740.60746
740.63392
740.91712
741.38002
741.62698
741.95014
742.29508
742.76326
742.79074
743.32972
743.58178
743.71348
743.71948
743.80702
743.94664
743.97094
744.63436
744.63874
744.66004
744.78832
745.11646
745.52356
745.76956
746.21284
746.85520
747.00232
747.32470
747.41920
747.46642
747.53332
747.86260
747.94282
748.51246
748.62898
748.64296
748.66870
748.85212
748.92904
749.02900
749.06902
749.12920
749.18290
749.24602
749.32012
749.42920
749.59576
749.82622
749.91868
750.02902
750.27910
750.59590
750.90220
751.19200
751.31230
751.60480
751.84534
751.85224
751.98844
752.00146
752.01226
753.01204
753.27856
754.26196
754.30420
754.63222
754.88512
755.38756
755.79484
755.83780
755.84854
755.87560
755.88844
757.41130
757.44460
757.68844
757.89352
758.08444
758.36722
759.21094
760.30318
760.34128
760.38388
761.06968
761.69494
761.75002
762.09358
762.10414
762.18778
762.37084
763.60834
763.64350
763.73734
764.36632
765.75688
765.75976
765.79546
765.80650
765.95668
765.95950
766.02034
766.80940
766.94290
767.24896
768.24652
768.77992
768.87604
769.24864
769.25902
769.35298
769.47598
771.08950
771.09154
771.17920
771.97546
772.32556
772.59052
773.18326
773.26522
773.26900
773.49346
773.52874
773.54212
773.78212
774.24844
774.79186
775.16932
775.26448
776.18800
776.30662
776.33596
776.40892
776.49352
776.65852
776.75080
777.00568
777.29350
777.45088
777.45472
777.50242
777.50848
777.83182
777.95704
778.17496
778.48900
778.52692
778.58578
779.33560
781.23124
781.87522
782.25826
782.39140
782.56336
783.44164
785.05426
785.17114
785.18254
786.19156
786.71458
787.05820
787.10560
787.13548
787.46776
787.47958
787.59664
787.65850
787.99522
788.10238
788.19484
788.25982
789.26014
789.59950
789.74758
789.89794
790.84144
791.79052
791.97670
791.99146
792.40258
792.54148
793.20442
793.35532
794.32462
794.33542
795.14554
795.45526
795.76192
796.20832
796.25122
796.89772
797.91112
797.95222
798.08134
798.33568
799.02184
799.57504
799.62490
799.87138
799.93432
800.51464
800.65828
800.96308
801.55540
801.72382
801.74806
802.88434
803.04124
803.32234
803.96224
805.05112
805.39504
807.69196
808.28428
808.49578
808.52212
808.65262
808.81924
808.82392
808.95454
809.00152
809.03938
809.11498
809.32690
809.42554
809.58172
809.71486
809.73604
810.08602
810.49396
810.71836
810.85306
811.55176
812.09746
812.87866
812.88670
812.89630
813.78688
815.01544
816.49558
816.89434
816.90676
817.39294
818.35978
818.75380
818.75962
819.00982
819.63280
819.70006
820.04032
820.22068
820.29298
820.41940
820.71628
820.88278
821.01898
821.04490
821.81662
822.30298
823.09078
823.22368
823.30432
825.29098
825.41044
826.37344
827.41360
827.64400
828.13348
829.74022
829.87762
829.99744
830.71672
830.72782
831.25198
831.29410
831.54586
831.57478
831.62734
831.89368
832.94398
833.17462
833.24800
833.49424
834.99106
834.99598
836.00470
836.16796
836.41708
837.17128
839.08786
839.09368
839.23618
839.28340
839.90296
839.90716
840.09118
841.55902
841.56658
841.77688
841.84354
842.39716
842.61616
842.72680
842.73970
842.83744
843.10246
843.14986
843.41656
844.09972
844.59718
844.98916
845.31316
845.54938
846.67606
846.68212
846.76450
846.79006
847.53490
848.22010
848.64898
849.72526
850.17316
850.18642
850.90582
851.77150
851.78524
851.79760
852.14482
852.17518
852.94150
853.19506
853.72468
854.81902
854.98774
855.37450
855.40006
856.60378
856.99696
857.39038
858.62878
858.67090
859.10560
859.13422
859.90084
859.97230
860.27980
860.67934
861.20650
861.20986
861.34654
861.88912
861.90616
862.24564
862.36000
863.71846
864.31504
864.31852
864.37084
864.74800
864.76180
865.47604
865.69090
865.77226
865.98292
866.08348
866.31892
866.51140
866.58820
867.37558
867.43240
867.47788
868.17928
869.32144
869.58238
869.69710
869.93680
870.08470
870.67156
870.86332
871.26340
871.27594
871.29442
871.30138
871.33756
871.35568
871.44112
871.84162
871.94818
872.47072
872.66452
872.69230
873.25126
873.26752
873.77692
874.39792
874.52662
874.97890
875.01676
876.01708
876.05614
876.20296
876.38974
876.54232
876.74236
877.04260
877.30894
877.57282
877.82704
877.84486