0.31512
0.36498
0.40476
0.64536
0.65136
1.15320
1.23852
1.28196
1.51980
1.75002
2.10840
2.95506
2.95806
3.29760
3.55536
3.66048
3.69126
3.76536
3.78186
4.43592
4.47894
4.58490
4.67004
4.79130
5.25708
5.39922
5.58240
5.66466
5.67156
5.80884
5.97738
5.98068
6.06546
6.24852
6.28386
6.44004
6.70560
6.87768
6.90078
6.94404
6.99798
7.48218
7.75818
7.82466
7.86744
8.03874
8.12478
8.21100
8.72934
8.85078
9.10776
10.28874
10.47240
10.56576
10.78422
11.00202
11.08068
11.36106
11.79012
11.87562
11.89938
12.36744
12.52992
12.88548
13.28532
13.31514
13.50564
13.53246
13.56774
13.57530
13.80564
13.84932
13.95846
13.96602
14.08704
14.40612
14.57826
14.74962
14.98758
15.08922
15.13578
15.22110
15.23292
15.24486
15.93864
15.98946
16.12596
16.38300
16.39470
16.46514
16.67994
16.76520
16.83582
16.99974
17.08950
17.10876
17.42838
17.47098
17.47566
17.50620
17.66640
17.96658
18.05238
18.07134
18.09522
18.22740
18.26652
18.60912
18.80466
18.81930
19.04256
19.08144
19.17870
19.18332
19.19394
19.25280
19.33866
19.36938
19.59588
19.70922
19.73994
19.82610
19.83390
19.94298
20.19672
20.47728
20.55954
20.58264
20.60622
20.76972
21.04554
21.05454
21.29544
21.31140
21.46692
21.48360
21.82632
22.04064
22.08372
22.12656
22.19304
22.25496
22.79016
23.12508
23.13978
23.17920
23.19864
23.43672
23.45988
23.48274
23.78376
23.94762
24.39600
24.54036
24.60660
24.80958
25.34346
25.36746
25.42962
25.45254
25.51566
25.66734
26.31030
26.35728
27.10194
27.10998
27.25368
27.39798
27.53922
27.55416
28.13484
28.21686
28.50126
28.71198
29.46066
29.77326
29.78034
29.78496
30.14748
30.40458
30.42774
30.44754
30.45072
30.55194
31.63986
32.22966
32.29182
32.36148
32.48226
32.80608
33.07524
33.30132
33.49200
33.53100
33.90210
33.96492
33.96792
34.15506
34.20246
34.41240
34.47186
34.72836
35.16888
35.20854
35.76918
35.77344
35.94168
35.95710
36.17466
36.22614
36.26166
36.68586
36.70950
36.79506
36.88128
37.16166
37.95294
38.12412
38.20686
38.39838
39.06894
39.11478
39.16908
39.76242
40.37880
40.52652
40.57008
40.69830
40.75602
41.18526
41.25612
41.25960
41.28618
41.36490
41.55606
41.97294
41.98554
42.01254
42.05112
42.08244
42.08664
42.20346
42.22308
42.48390
42.52632
42.54600
42.56208
43.05672
43.23252
43.46286
43.51290
43.91544
43.98120
44.12958
44.17260
44.40624
44.51544
44.62806
44.66730
44.75346
44.92056
45.11964
45.16272
45.22050
45.75558
46.32042
46.44624
46.47270
46.48836
46.52694
46.54644
46.57476
46.59408
46.65990
46.75386
46.78914
46.87050
47.00664
47.05398
47.34636
47.41290
47.51736
47.54898
47.62692
47.86092
48.20406
48.48444
48.74196
48.92034
48.99942
49.93896
50.00556
50.08752
50.13378
50.19654
50.27520
50.58624
50.60586
50.82066
51.16344
51.70128
52.08738
52.70394
52.98378
53.05392
53.12046
53.26578
53.28366
53.41704
53.62716
53.67504
53.76312
54.06048
54.18930
54.44622
54.46614
54.60576
54.70398
54.74658
55.15662
55.79952
56.11962
56.14248
56.18184
56.28696
56.69616
56.95362
58.21260
58.26042
58.26774
58.28316
58.41600
58.42710
58.45524
59.12196
59.25048
59.27034
59.59902
59.61282
59.69868
60.32622
60.38880
60.96594
61.41426
61.56600
61.71444
61.83966
62.40024
62.42040
62.48676
63.25866
63.51576
63.75354
63.86274
64.03068
64.17918
64.24134
64.24884
64.26912
64.67340
64.98528
65.33670
65.42640
65.85504
66.66252
66.67008
66.70914
66.73260
66.75960
66.77934
67.03326
67.05636
67.14558
67.39872
67.93662
67.97628
68.40528
68.58060
68.62002
69.07644
69.56730
69.78972
70.07892
70.08234
70.13652
70.19124
70.80276
70.88910
71.02194
71.29842
71.30604
71.36508
71.64558
72.10932
72.22290
72.26550
72.31962
72.40176
72.43614
72.69450
72.74076
72.82272
73.16604
73.25148
73.57908
73.68066
73.92252
73.93818
74.08650
74.10978
74.19564
74.46528
74.58126
74.79564
74.88156
75.09624
75.11190
75.13530
75.35034
75.61104
75.68100
75.72000
75.80592
75.87594
76.14600
76.39830
76.68312
76.70322
77.09598
77.25318
77.41236
77.43198
77.79870
77.89572
78.05568
78.05946
78.16110
78.29334
78.57006
79.18638
79.19418
79.22238
79.61928
79.64610
80.20026
80.63640
80.64846
81.38166
81.61518
81.83652
81.84120
81.84600
81.87294
82.28202
82.35990
82.47300
82.53924
82.58226
82.64844
83.24592
83.33154
83.58840
84.11892
84.12648
84.14658
84.40332
84.49320
84.53184
84.91848
84.92220
85.08948
85.49904
85.94778
86.00964
86.06508
86.34546
86.44272
86.46210
86.63376
86.71998
86.87376
86.97666
86.99226
87.40590
87.67872
87.80778
87.92070
87.98190
88.60710
88.61832
88.69632
88.76226
88.77876
88.88802
88.93506
88.98936
89.01246
89.35914
89.65926
89.68632
89.69082
89.97942
90.23646
90.36510
90.43158
90.64224
91.24278
91.99518
92.05326
92.59548
92.85276
92.91960
93.16470
93.19644
93.20280
93.26178
93.60540
93.71442
94.50234
94.61172
94.65432
94.91910
95.16888
95.46894
95.59776
95.64474
95.92176
95.96442
96.03450
96.30756
96.34698
96.42042
96.80670
96.88404
97.33692
97.39938
97.61370
97.65642
97.66422
97.89450
97.98030
98.15202
98.19486
98.28066
98.44860
98.77146
98.78208
98.83488
98.83770
98.88486
98.90442
98.90718
99.06846
99.32988
99.45840
99.46986
99.54384
99.73494
99.75834
100.22988
100.27704
100.31568
100.40154
100.53018
100.55796
100.58484
100.79118
100.83012
100.91700
100.94340
100.98264
101.17722
101.36826
101.77392
101.90304
102.16056
102.35124
102.54630
102.54936
102.84642
103.02948
103.75044
104.08662
104.13294
104.15274
104.47656
104.78016
105.01020
105.12348
105.13566
105.45948
105.54552
105.56436
105.93036
105.97374
106.00050
106.36680
106.55796
106.70652
107.00688
107.01870
107.03052
107.33358
107.43258
107.56410
107.67360
107.71644
107.75922
107.82096
107.95032
108.31680
108.52722
108.69996
108.70296
109.25604
109.29942
109.34232
109.45872
109.58034
109.72854
109.78242
109.90410
109.96650
109.98930
110.09520
110.50422
111.12414
111.59946
112.09116
112.16604
112.19652
112.36806
112.46580
112.51986
112.58244
113.35794
113.45970
114.02094
114.51276
114.51684
114.53220
114.64152
114.96498
115.09338
115.13232
115.19862
115.23798
115.28466
115.56522
115.58418
115.79994
116.06046
116.18160
116.52858
116.65722
116.67654
116.76642
116.91030
117.02382
117.04302
117.40572
117.45264
117.83868
118.58766
119.03964
119.04348
119.18760
119.35950
119.79264
120.02604
120.12786
120.26406
120.93696
120.96984
120.99270
121.28940
121.31226
121.50348
121.57014
121.60158
121.71846
121.75728
121.81530
122.01846
122.02548
122.20566
122.21754
122.23290
122.24076
122.27538
122.42772
122.74776
122.79138
122.83386
123.18012
123.34830
123.47694
123.86310
123.90582
124.52982
124.65822
124.68570
124.68918
124.84926
124.89228
124.93446
125.11014
125.14158
125.16960
125.83584
125.92176
126.22188
126.30774
126.45570
126.47928
126.52188
126.52608
126.61470
126.65070
126.80298
127.14600
127.46556
127.48848
128.20254
128.47920
128.82150
128.83788
128.84136
128.86194
128.89302
128.92428
128.97828
129.09564
129.13824
129.41508
129.55098
129.60192
129.76182
129.95700
129.96918
130.03554
130.06194
130.19100
130.48764
130.87752
131.58324
131.59068
131.61666
131.73132
132.14064
132.18336
132.29658
132.37860
132.78336
132.79080
132.79458
132.80700
132.93228
132.97890
132.99786
133.01832
133.06848
133.47366
133.66494
133.77096
133.81350
133.87992
133.98480
133.98816
134.15688
134.30844
134.37102
134.45688
134.48016
134.51916
134.56170
135.23994
135.69636
135.71166
135.76338
136.08678
136.93164
137.05368
137.15856
137.20146
137.28732
137.88396
138.48054
138.48426
138.57468
138.98694
139.00326
139.01844
139.02666
139.38924
139.81776
139.97004
140.51964
140.56710
140.87052
140.91372
141.19062
141.19404
141.25296
141.48702
141.59652
141.61068
142.28250
142.28664
142.34844
142.35168
142.58640
143.56944
143.87256
143.93910
143.98590
144.02118
144.32886
144.92226
145.05084
145.13646
145.48350
145.52274
145.62678
146.21988
146.35698
146.38848
146.41938
146.53566
146.83254
146.87934
147.23826
147.28896
147.73386
147.83844
148.32138
148.37604
148.40376
148.64292
148.78566
148.82148
149.04720
149.08272
149.46816
149.53794
149.59728
149.74140
149.82276
149.85474
149.86134
150.11574
150.39246
150.41202
150.46548
150.54864
150.55170
150.59430
150.77838
150.93048
151.12146
151.14132
151.21164
151.39830
151.62060
151.83468
152.09208
152.12742
152.77860
153.07068
153.10986
153.16830
153.18810
153.28596
153.35154
153.53916
153.58920
153.66804
153.67518
153.97134
154.58418
154.70124
154.95846
155.00118
155.55864
155.62530
155.89824
155.90160
155.91312
155.94462
155.98698
156.29160
156.37002
157.31724
157.32060
157.35996
157.36422
157.37202
157.37988
157.66098
157.66404
157.74570
157.94148
158.06988
158.11290
158.15334
158.24130
159.09120
159.40782
159.41868
159.42678
159.45780
159.54720
159.57450
159.67614
159.69606
160.02306
160.10478
160.19112
160.23390
160.37010
160.46982
160.51452
160.58070
160.62012
160.66656
160.66968
160.67406
161.47734
161.51688
161.52438
161.56410
161.58636
161.62614
161.63346
161.69424
161.84382
161.86710
161.98356
162.59286
162.60750
162.72138
162.74082
162.76386
162.85026
162.93978
162.97872
163.21680
163.23612
163.40760
163.51686
163.74996
164.18334
164.22282
164.24568
164.37048
164.45700
164.52282
164.71404
164.71758
164.78040
164.90892
165.20970
165.26676
165.27492
165.29496
165.29892
165.65742
165.66144
165.70440
166.34346
166.47672
166.49958
166.72974
166.90104
166.94802
166.99086
167.02986
167.03418
167.43990
167.45856
167.63046
167.97348
168.22302
168.26142
168.26562
168.31620
168.36348
168.42606
168.70692
168.72594
168.74922
168.99012
169.00680
169.17510
169.47492
169.48254
169.79856
169.97040
170.27040
170.44188
170.65644
171.15162
171.43194
171.45174
171.51804
171.94254
172.11810
172.32888
173.06538
173.10126
173.22948
173.44416
173.70486
173.87286
173.91198
173.91936
174.00612
174.17280
174.25896
174.34518
174.53958
174.81684
174.82068
174.82434
175.03464
175.22256
175.33170
175.48308
175.50294
175.52658
175.93188
176.06802
176.42256
176.50458
176.73900
176.81796
177.47226
177.58146
177.74070
177.90864
177.95574
177.99072
178.38780
178.43904
178.89174
178.93794
179.10558
179.28888
179.53458
179.54196
179.83896
179.90424
180.18162
180.65718
180.73152
180.73554
180.82104
181.04316
181.29342
181.34370
181.47216
181.81140
181.87416
181.90104
182.04180
182.06196
182.08494
182.10822
182.19366
182.40474
182.41188
182.45082
182.54058
182.61924
182.62248
182.63448
183.09822
183.18426
183.35562
183.39828
183.48426
183.78420
183.82398
183.91734
184.08162
184.08438
184.12404
184.42410
184.65840
184.68162
184.81332
184.86024
184.93872
185.00832
185.06748
185.11038
185.15274
185.19540
185.28150
185.30550
185.62506
185.64792
186.43428
186.57210
186.63438
186.82536
186.84522
186.89202
186.91188
186.93588
187.01220
187.34082
187.59798
187.81254
187.85544
187.92150
188.11284
188.24148
188.24538
188.82210
188.90808
189.25128
189.31716
189.87156
189.89760
190.12452
190.38576
190.65534
190.68588
190.81482
190.87212
190.88136
190.92702
191.48124
191.50086
191.54766
191.59836
191.64918
191.65596
191.66934
191.73900
191.80122
192.15234
192.35544
192.38460
192.71772
193.34544
193.48122
193.66896
193.73148
193.78866
194.37474
194.52240
194.68188
194.69814
194.90862
194.97510
194.99814
195.50112
195.66120
196.07082
197.13924
197.20554
197.80578
197.84526
197.95758
197.98926
198.04800
198.23502
198.77268
198.81594
198.83490
198.85878
198.87444
198.92118
199.31082
199.43934
199.52520
200.03964
200.17290
200.20788
200.21556
200.50806
200.55120
200.77254
200.78880
200.98014
201.02292
201.04242
201.33432
201.36546
201.58368
201.63396
201.71658
201.96996
202.09884
202.11828
202.24344
202.26678
203.00676
203.05800
203.08134
203.25360
203.25642
203.29926
203.59620
203.66256
203.92314
203.96262
203.98254
204.06840
204.07170
204.15384
204.28992
204.30204
204.30558
204.30852
204.53970
204.67578
205.01190
205.44444
205.50354
205.54938
205.70154
205.92342
206.89920
206.90226
207.07068
207.16344
207.33888
207.36288
207.75666
207.77988
208.01364
208.01754
208.44648
208.44960
208.48584
208.49598
208.70712
208.79316
208.82520
208.82862
208.85532
209.00388
209.02374
209.38608
209.62380
209.64324
209.64708
210.22086
210.39252
210.39660
210.51654
210.53616
210.78594
211.22124
211.22712
211.57380
211.61658
211.64640
211.70232
211.91646
212.30262
212.39214
212.58342
212.60268
212.61792
212.66916
213.06696
213.46062
213.60918
213.67896
214.01832
214.14696
214.35726
214.41240
214.48614
214.51338
214.52898
214.90008
215.15286
215.26986
215.30478
215.35194
215.39100
215.43366
216.05742
216.38088
216.42420
216.46722
216.50640
216.81384
216.87630
217.10676
217.40652
217.41024
217.75038
218.07726
218.11968
218.32698
218.35020
218.69310
218.73636
218.76390
218.97426
219.20796
219.40302
220.41696
220.60368
220.64280
221.07204
221.18118
221.20470
221.46204
221.61024
221.78184
221.89098
222.17148
222.25302
222.29682
222.31962
222.57324
222.85032
223.32522
223.34898
223.48026
223.54014
223.66866
223.75776
223.80078
223.84020
224.18364
224.42118
224.56980
224.65494
225.40782
225.45048
225.72726
226.11360
226.13640
226.24242
226.51944
226.54260
226.76058
226.97124
227.40054
227.61462
227.70036
227.71986
228.04770
228.08640
228.75270
228.87030
228.94416
229.01040
229.03038
229.11972
229.33068
229.71660
230.05962
230.16444
230.36022
230.40276
230.57442
230.66706
231.17448
231.29274
231.29988
231.56046
231.56808
231.73200
231.77496
231.86100
231.86436
232.29024
232.71870
232.89420
233.14752
233.40504
234.80040
234.86724
234.90960
235.03824
235.07748
235.08132
235.10058
235.29162
235.85028
235.87272
236.15016
236.15328
236.30190
236.40732
236.53656
236.64150
236.81268
236.94168
237.00342
237.05064
237.09324
237.09732
237.11682
237.35082
237.41274
237.65784
238.01742
238.03740
238.20828
238.38048
238.38408
238.57488
238.59426
238.66050
238.68060
238.68768
238.76988
238.90986
238.94166
238.96110
238.96464
239.19438
239.21472
239.28114
239.32032
239.60082
239.66724
239.85840
240.09150
240.15750
240.29406
240.35364
240.37644
240.61770
240.65352
240.86760
240.88746
240.89160
241.06284
241.49154
241.53084
241.84674
242.19798
242.39160
242.75556
242.89494
242.90676
243.12402
243.20736
243.48432
243.69852
243.74106
243.97536
244.12794
244.15062
244.23702
244.34178
244.75170
244.77036
244.87998
244.94226
245.25798
245.35212
245.92068
246.18606
246.93528
246.93882
246.94248
247.57782
248.26830
248.42340
248.48262
249.18840
249.29748
249.59772
250.54914
250.73274
250.99320
251.12172
251.13114
251.33298
251.35278
251.71914
251.93358
251.99976
252.40554
252.44826
252.51024
252.64626
252.68592
253.16928
253.20054
253.24362
253.26318
253.28304
254.22282
254.25030
254.26908
254.55024
254.59362
254.76048
254.86974
254.95938
255.16980
255.19680
255.61050
255.66528
255.72720
255.77046
256.09398
256.20312
256.24572
256.46022
256.48392
256.50300
256.88928
257.42334
257.91528
257.91864
258.02772
258.04722
258.28158
258.79620
258.88242
258.93234
259.05366
259.11120
259.14324
259.20126
259.24452
259.39632
259.41132
260.06298
260.08698
260.25432
260.30112
260.30838
260.38704
260.51850
260.55444
260.62098
260.67060
260.68728
260.72982
260.73738
260.94090
261.15876
261.58752
261.81810
261.97380
262.44510
262.89048
263.02242
263.11206
263.26368
263.47098
263.77080
263.80266
264.02850
264.20460
264.24342
264.37560
264.45762
264.48054
264.69528
264.75750
264.85896
265.03824
265.12398
265.16712
265.53354
265.63836
265.66248
265.70490
266.06778
266.26266
266.41842
266.45040
266.75040
266.75784
266.78184
266.83602
266.90232
267.20970
267.28836
267.52668
267.52902
267.54156
267.61164
267.67440
267.72486
267.84582
267.90834
268.12650
268.27494
268.37202
268.44606
268.45386
268.51272
268.78590
269.11284
269.51868
269.58456
269.67054
269.77968
270.27102
270.39630
270.41922
270.78606
270.82524
270.89154
270.99636
271.03944
271.04652
271.08618
271.12488
271.19160
271.33974
271.66320
271.81512
271.98300
271.98660
272.35338
272.39244
272.39604
272.65740
272.67252
272.73510
272.73900
272.90346
272.91852
272.97312
273.33942
273.56958
273.95946
273.98304
274.06842
274.08474
274.12740
274.17396
274.27992
274.56354
274.58028
275.13732
275.20326
275.22282
275.52330
275.65944
275.97558
276.00342
276.09276
276.10020
276.10386
276.44730
276.49020
276.83340
277.02480
277.06722
277.64028
277.71084
277.75356
277.90932
278.03082
278.27178
278.48658
278.72064
279.21864
279.23070
279.40674
279.42666
279.59760
279.67122
279.77358
279.78084
279.79260
280.00362
280.39308
280.56462
280.67736
280.99356
281.01294
281.01732
281.31774
281.44596
281.95692
282.03102
282.14796
282.53808
282.55392
282.55686
282.57696
282.58080
282.73608
282.74790
282.92670
282.96204
283.30986
283.43430
283.54350
283.61010
283.95264
284.26476
284.50740
284.52984
284.74830
284.76774
285.47394
285.49362
285.66498
285.98826
286.15986
286.38162
286.63188
286.74102
286.90920
286.93200
287.10774
287.12724
287.17368
287.59872
287.66508
287.79402
288.09408
288.21510
288.30468
288.34740
288.39066
288.43398
288.69084
288.99102
289.12002
289.27152
289.42008
289.59846
290.27748
290.44926
290.48448
290.51178
290.53536
290.55420
290.58210
290.64390
290.74908
290.76072
290.92464
291.22464
291.31086
291.54126
291.58380
291.79866
291.86454
291.87222
291.98226
292.03212
292.58856
292.61274
292.64010
292.67892
292.69890
292.74174
292.77996
292.85082
292.86546
292.89444
292.90152
292.91400
292.93674
293.05770
293.23374
293.23704
293.49060
293.53692
293.56074
293.73246
293.90364
294.16080
294.20028
294.67590
294.73842
294.76524
294.92904
295.03842
295.19058
295.22160
295.42452
295.52940
295.61100
295.65816
295.70526
295.98210
296.06808
296.32548
296.36838
296.41080
296.43402
296.46534
296.66838
296.69148
297.40494
297.47976
297.48696
297.49116
297.63498
297.91254
297.92010
298.04106
298.11096
298.29870
298.64160
298.68378
298.73406
298.77000
298.87518
298.88226
299.02722
299.03094
299.07036
299.07750
299.22210
299.63190
299.82222
299.95158
300.11064
300.18504
300.40362
300.50460
300.70050
300.89448
300.95730
301.04376
301.14852
301.19088
301.21812
301.53816
302.22072
302.55216
302.71542
303.10158
303.15930
303.16422
303.17910
303.40176
303.55050
303.76836
303.91698
304.08876
304.19376
304.41534
304.49748
304.77486
304.89888
305.16432
305.33214
305.46060
305.69832
305.87004
305.93232
306.00642
306.08454
306.26700
307.02426
307.27014
307.28178
307.30530
307.60542
308.22900
309.06798
309.46878
310.23270
310.24068
310.28406
310.50186
310.73682
310.79892
311.16552
311.67978
311.76558
312.26100
312.43224
312.56094
313.28550
313.35624
313.67646
313.78536
313.82490
314.08248
314.25360
314.42502
314.46774
314.55390
314.79498
314.81136
315.02526
315.07980
315.16128
315.32556
315.34926
315.41160
315.70422
315.84462
315.88722
316.35540
316.49046
316.52634
316.56618
316.56912
316.57272
316.61646
316.62696
316.65558
316.66320
316.72128
316.84968
316.87686
317.00244
317.04168
317.15370
317.22072
317.25588
317.25918
317.39970
317.83296
317.85630
317.89950
318.17526
318.19968
318.21906
318.52272
318.90540
318.90906
318.92826
319.16628
319.23216
319.25220
319.29072
319.40028
319.45890
319.46670
319.52916
319.59492
319.61472
319.61832
319.65696
319.69680
319.76256
320.13312
320.15292
320.34396
320.36664
320.42898
320.45304
320.45676
320.47632
320.50014
320.51550
320.68332
320.68650
320.75304
321.00678
321.03066
321.15510
321.16224
321.50208
321.67362
321.93054
321.99294
322.05924
322.14546
322.35972
322.78848
322.91718
323.08902
323.58432
323.84112
323.98896
323.99310
323.99652
324.07554
324.31296
324.37542
324.41790
324.54708
324.77688
324.89388
325.14684
325.27662
325.45182
325.49364
325.66212
326.05152
326.06796
326.11074
326.25462
326.31318
326.60592
326.73798
326.78490
326.84010
327.16356
327.46764
327.48330
327.56850
327.58494
327.61158
327.63510
327.64704
327.67806
327.72024
327.76380
328.00188
328.53552
328.62546
328.66452
328.83564
329.24178
329.24514
329.74812
329.76006
330.36072
330.55176
330.76164
330.87582
331.68642
331.70988
331.86222
331.99026
332.07600
332.23236
332.24388
332.61000
332.61360
332.78226
332.95344
333.06276
333.10518
333.17202
333.19134
333.32004
333.44874
333.62028
333.74898
334.13094
334.32972
334.35696
334.37214
334.40388
334.49772
334.64616
334.68420
334.88736
334.89114
334.90272
334.90686
334.92990
335.06604
335.09826
335.18382
335.41314
335.82738
335.85084
335.93274
336.06114
336.06498
336.09966
336.10410
336.13500
336.14688
336.17406
336.42822
336.51372
336.98520
337.13394
337.14060
337.15686
337.37154
337.50012
337.69494
337.71444
337.76124
337.77612
337.81938
337.97106
337.99140
338.00976
338.38134
338.57202
338.59176
338.83290
338.91126
338.95824
338.98152
339.00468
339.04350
339.04806
339.28176
339.57852
339.88248
339.88632
339.92526
340.16256
340.22496
340.85604
340.93848
341.10300
341.23188
341.35176
341.35590
341.55504
341.78892
341.79252
342.13224
342.56142
342.69000
342.77922
343.09932
343.20396
343.29012
343.30980
343.31370
343.38312
343.57068
343.76166
343.80474
343.89048
344.01930
344.08524
344.16690
344.60004
344.64738
344.96682
345.17706
345.23190
345.24714
345.26988
345.34872
345.35256
345.43476
345.52428
345.75456
345.94896
345.99216
346.09758
346.16700
346.22634
346.44810
346.56978
346.71372
346.74126
346.78398
347.02188
347.12706
347.17350
347.41464
347.43072
347.44716
347.56044
347.66514
347.77392
348.09354
348.13746
348.14442
348.17982
348.20340
348.43704
348.48012
348.58890
348.67506
348.90852
349.07682
349.27530
349.42362
349.45020
349.46622
349.53240
349.87542
350.19528
350.53878
350.54562
350.56206
350.56542
350.60490
350.62788
350.94432
351.20514
351.22458
351.48210
351.87156
351.91122
352.21140
352.38318
352.72614
352.76868
353.00694
353.02650
353.19780
353.20530
353.24046
353.36892
353.56014
353.68866
353.75550
353.90742
353.94648
354.01632
354.16476
354.61314
354.67884
354.69864
355.21020
355.23342
355.36524
355.57260
355.57566
355.58376
355.82904
355.93914
356.13372
356.24298
356.51988
357.18690
357.44466
357.46740
357.74052
357.74802
357.87318
358.00170
358.94526
358.96872
359.01180
359.21682
359.26872
359.35122
359.45970
359.84556
359.90832
359.95500
360.04110
360.25506
360.51264
360.75792
361.13232
361.22208
361.53876
361.64766
361.67880
362.09544
362.18502
362.20572
362.25564
363.61602
363.63648
363.72948
363.85404
363.94380
364.90230
364.93404
364.93740
364.94988
364.96938
365.14464
365.19822
365.21466
365.35926
365.71380
366.00276
366.06486
366.72798
367.07844
367.09440
367.21566
367.28520
367.39482
367.50354
367.60560
367.67502
367.73724
367.93248
367.99488
368.04150
368.34162
368.49042
368.70132
368.79048
368.96160
368.98584
369.00456
369.10992
369.17700
369.19590
369.21912
369.49248
369.83916
370.13946
370.14666
370.15476
370.35756
370.38822
370.48668
370.50918
370.51500
370.52568
370.82580
371.08338
371.12616
371.44560
371.51568
371.53566
371.87874
371.94120
372.03378
372.67026
372.71304
372.75552
372.97014
372.99378
373.20834
373.33902
373.37946
373.41888
373.57080
373.95690
374.12850
374.16318
374.21778
374.25696
374.27712
374.28438
374.33910
374.51796
374.57694
374.68938
374.83788
375.45846
375.64866
375.94914
375.98382
375.99186
376.05852
376.14450
376.21398
376.26444
376.56876
376.69044
376.70220
376.93572
377.30244
377.34528
377.60256
377.70738
377.98878
378.04650
378.08604
378.20280
378.69810
378.86952
378.91218
378.93168
379.55604
379.83672
380.01594
380.19528
380.50356
380.88180
381.13884
381.14268
381.20196
381.20622
381.35688
381.37680
381.42330
381.52500
381.71976
382.19238
382.47234
382.72992
382.79238
382.92498
382.94376
382.98738
383.34972
383.65026
384.09072
384.09774
384.12534
384.14142
384.18792
384.20754
384.31656
384.39072
384.44112
384.57054
384.79122
385.42788
385.47468
385.51698
385.86762
385.88076
385.90398
385.94646
385.96560
386.07480
386.41416
386.48418
386.97204
387.01446
387.14316
387.40086
387.42462
387.95844
388.06740
388.23888
388.26252
388.28208
388.32870
388.87896
389.07732
389.20626
389.22546
389.37336
389.64006
389.84592
390.48960
390.55536
390.60138
390.77700
391.04646
391.51860
391.68990
392.07618
392.09952
392.35674
392.46564
392.72334
393.35922
393.36306
393.79512
394.05720
394.94964
395.14044
396.00282
396.17400
396.24042
396.45432
396.58308
397.05438
397.29954
397.90920
398.42010
398.42424
398.50944
398.53326
398.54058
398.72442
398.78616
398.80992
398.81364
398.82546
398.88396
398.90322
399.24282
399.26238
399.35238
399.43374
399.47712
399.49608
399.71406
399.86274
399.97194
400.01088
400.12014
400.13130
400.31088
400.36950
400.38114
400.40058
400.59150
400.70070
400.78638
400.81698
400.86084
401.36364
401.38704
401.42640
401.79306
401.79612
401.81604
401.94144
402.05784
402.06942
402.26418
402.49848
402.58374
402.63114
402.71682
402.77952
402.82218
403.03272
403.07496
403.18860
403.25106
403.31706
403.33686
403.48878
403.55112
403.57470
403.62060
403.80852
403.87032
404.06592
404.45172
404.47500
404.56122
404.81442
404.87676
405.27450
405.84354
405.84774
405.90984
406.14786
406.21026
406.42512
406.72500
407.52012
407.55768
407.86770
408.12036
408.24096
408.37074
408.37788
408.42522
408.67824
408.88926
408.89280
409.10388
409.96524
410.06550
410.11338
410.15586
410.16432
410.17908
410.37090
410.86518
411.18204
411.18582
411.20880
411.70398
412.32078
412.36344
412.85862
412.96770
413.22078
413.28744
413.42706
413.94210
413.99688
414.64362
414.91758
415.21788
415.40880
415.43178
415.79820
415.88514
416.78478
418.62534
418.73460
419.17530
419.18694
419.87292
420.28188
420.29862
420.32532
420.98442
421.03452
421.10130
421.11180
421.33128
421.39368
421.58826
421.69380
421.78302
421.84158
421.93128
422.08728
422.22816
422.27112
422.27520
422.50860
422.53206
422.57130
422.69964
422.82852
423.29988
423.33120
423.47526
423.53478
423.54198
423.84222
423.92814
423.97074
424.16172
424.61790
424.71942
424.75884
424.98450
425.46828
425.51472
425.53392
425.55432
425.60406
425.87778
426.20874
426.85734
427.20372
427.26936
427.27740
427.52718
427.57044
427.71810
428.06844
428.10378
428.10768
428.11128
428.27538
428.45112
428.51670
428.89884
429.42534
429.55854
429.58512
429.64812
429.67116
429.75750
430.14330
430.46316
430.51782
430.63458
430.76346
430.85280
430.89180
431.00094
431.05182
431.05584
431.17218
431.19192
431.69484
431.85846
431.90142
432.20154
432.22542
432.35424
432.39696
432.40080
432.42414
432.43974
432.47844
432.86778
433.01676
433.06002
433.21170
433.29408
433.53192
434.10864
434.47530
434.49864
434.67024
434.81502
434.91156
434.97054
435.20862
436.04214
436.12818
436.85436
437.39208
437.58456
437.82054
439.34496
440.07504
440.35134
440.37042
440.42820
440.81808
440.82684
441.12378
441.44658
441.57522
441.91818
442.11024
442.88154
442.90140
443.15862
443.71638
444.19188
444.33960
444.57414
444.60114
444.64800
444.79206
445.00998
445.63434
446.06346
446.09802
446.16114
446.27070
447.04566
447.21324
447.38952
447.42822
447.43200
447.45126
448.20432
448.47702
448.78470
448.95888
449.07792
449.18724
449.20200
449.57238
449.65836
449.98170
450.06804
450.38736
450.94872
450.99198
451.05078
451.09686
451.22532
451.35084
451.88898
452.01768
452.10354
452.54784
452.59476
452.59836
452.85558
452.89824
452.91798
452.98440
453.09684
453.10938
453.28410
453.29136
453.30810
453.32682
453.54138
453.60408
453.78702
453.81912
453.87702
453.96726
454.12650
454.18152
454.20840
454.22820
454.24776
454.59078
454.64112
454.65732
454.67706
454.71918
454.82850
454.89414
454.91760
455.00118
455.02020
455.14860
455.16798
455.19156
455.23458
455.49168
455.55738
455.62032
455.96346
456.87954
456.89142
456.90696
457.03128
457.18386
457.70190
457.94322
458.24022
458.40822
458.42778
458.55618
458.59128
458.63376
458.75106
458.77452
458.92638
459.18036
459.37464
459.84624
459.88638
459.93258
459.97176
459.98628
460.06086
460.27212
460.35798
460.44762
460.50996
460.51710
460.90788
461.08656
461.17650
461.19588
461.30076
461.65998
461.73072
461.90916
462.05346
462.12000
462.58386
462.60552
462.78348
462.81792
462.91188
463.96074
464.21718
464.24154
464.29140
464.32674
465.06762
465.29760
465.33258
465.50820
465.61008
466.08126
466.19046
466.25688
466.42500
466.49106
466.81104
466.85796
467.03670
467.17758
467.18148
467.77674
467.82408
468.23400
468.42492
469.18140
469.32516
469.36440
469.79328
469.87968
470.41788
470.76012
470.80350
471.66144
472.96788
473.18574
473.20854
473.82528
474.34368
474.41046
474.81546
475.11576
475.15878
475.37268
475.45884
476.07864
476.85462
476.87076
477.02214
477.53754
477.66594
477.73188
478.11786
478.18026
478.20426
478.37532
478.54704
478.56642
478.78500
478.81590
478.98750
478.99224
479.14722
479.27586
479.66202
480.09486
480.23952
480.24264
480.45354
480.60192
480.74250
481.09710
481.14438
481.15938
481.22208
481.31106
481.63488
481.82598
481.93536
482.60946
482.92182
482.97612
483.05034
483.19860
483.40458
483.94716
484.07574
484.09902
484.16550
484.29012
484.29462
484.32600
484.41114
484.50498
484.80924
484.89120
484.91844
485.26134
485.70924
485.84184
486.09186
486.20460
486.21924
486.23208
486.31026
486.34152
486.36390
486.50166
486.56382
486.69576
486.71586
486.80472
486.92268
487.00866
487.01898
487.10208
487.14450
487.18770
487.53498
487.59258
487.68534
487.70190
487.91640
488.50158
488.62590
489.30468
489.40224
490.08492
490.12788
490.19334
490.20942
490.29906
491.41410
491.58198
491.60508
492.32136
492.52494
492.55230
492.61098
492.99732
493.53528
493.90176
494.09286
494.24514
495.57468
495.69882
495.74184
496.21392
496.34268
496.49442
496.94682
497.00928
497.41866
497.80482
498.06228
498.31980
498.59256
499.60620
499.66488
499.71084
499.73124
499.78086
499.82082
499.94538
499.96866
500.12124
500.38248
500.40174
500.63220
500.76420
501.45900
502.00440
502.19916
502.24254
502.40952
503.16210
504.38964
504.49548
504.51498
504.55812
505.15878
505.48284
505.52880
505.63014
505.80186
505.82124
505.86816
506.12556
506.44548
507.22164
507.30324
507.34236
507.66588
508.03248
508.05144
508.07562
508.09860
508.24710
508.41822
508.46844
508.50798
508.54734
508.59030
509.06142
509.09262
509.10468
509.11200
509.14716
509.17104
509.19450
509.60010
509.64258
510.20622
510.23940
510.24684
510.33156
510.34488
510.37128
510.37572
510.41850
510.45402
510.67428
511.01508
511.03458
511.09260
511.10040
511.22586
511.37736
511.42794
511.44408
511.54902
511.59222
512.11086
512.19258
512.24280
512.29800
512.30184
512.55918
512.86284
513.17892
513.22578
513.52200
513.54558
513.58794
514.10304
514.18536
514.46556
514.61766
514.68042
514.85154
514.89432
514.94502
514.98042
515.01084
515.64378
515.90442
516.01344
516.80172
516.85944
516.89124
517.23762
518.03712
518.34558
518.40762
518.46576
518.57874
518.62584
518.63790
518.98494
518.99274
519.01218
519.44898
519.76092
519.90462
519.90804
519.93252
520.32576
520.39242
520.96200
521.05158
521.38272
521.46834
521.58504
522.98172
522.99228
523.79268
523.88232
524.07306
524.37750
524.43978
525.49230
525.55158
526.49856
526.60428
526.77552
526.94682
526.98966
527.53494
527.78508
528.38928
528.43224
529.15392
529.25886
529.27470
529.27866
529.30602
529.32534
529.92600
530.65878
530.95932
531.31824
531.46962
531.51252
531.51630
531.71562
532.05150
532.07082
532.43742
532.47594
532.52280
532.58904
533.20902
533.31798
533.48958
533.70426
533.89194
534.81552
534.86202
534.86586
534.90468
535.05294
535.18200
535.22466
535.48272
535.54458
536.10624
536.25444
536.46816
536.53500
536.57748
536.90898
536.92068
536.96376
537.30294
537.32964
537.56406
537.82854
537.83754
538.22724
538.44546
538.46478
538.48062
538.48482
538.65594
538.74132
538.78494
538.82748
539.13462
539.17020
539.21376
539.27592
539.64264
539.83752
540.02868
540.16104
540.22332
540.34758
540.60930
540.65214
540.73800
540.80058
540.99876
541.80672
541.95858
541.98576
542.00196
542.02500
542.34474
543.04290
543.18246
543.29970
543.31140
543.38508
543.82614
544.12644
544.42650
544.55526
544.68396
544.72638
544.83216
545.19876
545.36640
545.81874
545.99022
546.11922
546.13854
546.31356
546.34536
546.37662
546.52818
546.84810
546.97668
547.38600
547.45242
547.47204
549.01200
549.09804
549.12666
550.00254
550.23630
550.60290
550.62234
550.71960
550.84350
550.85604
550.90656
550.94568
551.26962
551.28924
551.63616
552.20934
552.23616
552.33864
552.53316
552.59544
552.61044
552.61818
552.62256
552.93864
552.98160
553.06704
553.12998
553.13304
553.15680
553.17228
553.29342
554.37714
554.50572
554.83302
554.87244
555.51978
555.66336
555.68340
555.73026
555.91722
556.06986
556.11210
556.90770
556.92042
556.96962
557.03658
557.50806
557.59020
557.59410
558.02298
558.44406
558.53382
559.52004
559.58670
559.77756
560.16378
560.46372
561.00852
561.20040
561.71124
561.81666
562.39428
562.80348
563.47068
563.48958
563.51262
563.66124
563.70408
563.70798
563.72724
563.98068
564.07056
564.09018
564.17202
564.26124
564.88542
564.90858
565.13874
565.22436
565.26348
565.39644
566.03976
566.36340
566.40654
566.59026
566.64036
567.40404
567.49782
567.71622
568.16454
568.46838
568.74528
568.76862
568.83138
569.10456
570.04782
570.18786
570.32886
570.39504
570.63288
570.73794
570.80442
570.82368
571.10472
571.10832
571.31496
571.83324
572.06076
572.06736
572.13042
572.15352
572.23926
572.42586
572.68788
572.71098
572.86326
573.11196
573.11670
573.31500
573.61194
573.63504
573.69768
574.13808
574.32126
574.66074
574.89852
574.94160
574.94850
574.98816
574.99590
575.17890
575.30766
575.93154
576.07140
576.27492
576.27858
576.30150
576.35598
576.80472
576.96834
577.01922
577.10508
577.17918
577.34286
577.77612
578.41542
578.48574
578.71548
578.73276
578.75766
579.12444
579.42498
580.13088
580.17432
580.21722
580.34562
580.36872
580.38828
580.45050
580.68906
581.35512
581.37426
581.60880
581.74134
581.84640
581.91294
582.02196
582.04128
582.31578
582.49776
583.21926
583.30506
583.64796
583.95240
584.12358
584.26782
584.27178
584.27532
584.33862
584.52936
584.63424
584.67750
584.91558
585.87474
585.92196
586.16184
586.40832
586.54134
586.80264
586.94634
587.01300
587.01636
587.31300
587.49204
588.04620
588.45516
589.01298
589.43844
589.54332
589.78074
590.04594
590.10522
590.16750
590.42136
590.42826
590.73204
591.00234
591.21672
591.37194
591.38814
591.67224
591.69534
591.75450
591.76134
592.35486
592.72122
592.72890
592.74078
592.83042
592.83396
592.91214
592.95498
593.89518
593.95710
593.98440
593.98848
594.11376
594.11682
594.21888
594.39048
594.56184
594.59658
595.03746
595.15422
595.16610
595.18566
595.18998
595.24794
595.45434
595.46634
595.50540
595.52844
595.65750
595.72374
595.81398
595.84008
595.88700
595.94946
595.97700
596.00394
596.52690
596.56170
596.60088
596.94462
596.98728
597.59124
597.72012
597.77784
597.88728
598.21128
598.22664
598.29354
598.70316
598.85808
599.30310
599.56086
599.58012
599.77482
599.86068
599.88000
599.90322
600.00468
600.16086
600.40584
600.95274
601.01040
601.06158
601.06920
601.07694
601.87650
601.93866
601.96242
601.98162
602.00526
602.09070
602.41458
602.60544
602.92176
603.20580
603.33420
603.41178
603.46284
604.08312
604.25514
604.66428
605.45946
605.62350
606.21222
606.21630
606.46566
606.49254
606.72300
607.12860
607.36602
607.37430
607.42842
607.49520
607.53816
607.60452
607.79922
607.90464
607.94718
607.98654
608.18514
608.24712
609.25416
609.53016
609.53838
610.58352
611.16048
611.65896
611.88906
612.01782
612.08448
612.25596
612.32250
612.34182
612.38472
612.69660
613.30860
613.37520
613.47996
614.40102
614.64168
614.74752
614.78610
615.27768
615.75354
615.87804
615.90528
616.11942
616.16262
616.33074
616.47930
616.73106
616.73670
617.03646
617.14584
617.27016
617.41050
617.57454
618.17454
618.51834
618.60738
618.62322
618.68490
618.78318
618.78630
618.95892
619.13790
619.24302
619.33356
619.35648
619.37592
619.44984
619.52418
619.57416
619.89042
619.93734
620.02680
620.96316
621.11892
621.12630
621.49698
621.55206
621.74676
621.80088
622.14426
622.25682
622.26894
622.57308
622.63548
622.72068
622.98252
623.08776
623.17332
623.27880
623.59878
623.87934
623.96538
624.00792
624.05112
624.09384
624.11700
624.13638
624.15606
624.24522
624.26568
624.27282
624.37452
624.82272
625.62426
625.67130
625.78602
627.09618
627.20532
627.33378
627.95802
627.97332
628.19130
628.40958
628.62090
628.63974
628.64802
628.66716
628.76874
628.86192
628.91694
629.03334
629.54472
629.62602
629.82156
630.07116
630.09858
630.12156
630.16074
630.20748
630.21918
630.23376
631.12758
631.16670
631.17096
631.47078
631.67700
631.72758
631.75158
631.89966
632.54646
633.22944
633.25212
633.35856
633.47046
633.74406
633.89604
634.28184
634.45362
634.79634
635.70498
636.42270
636.48930
636.51204
636.76926
637.10922
637.49880
638.05278
638.27454
638.33310
639.49518
639.77208
640.61028
640.62966
640.64508
640.73538
640.74210
640.76184
640.80528
641.17884
641.44488
641.72154
641.83080
641.83452
641.89326
641.91654
642.06852
642.10818
642.24018
642.47796
642.59886
642.83658
643.26612
643.35150
643.45626
643.48392
643.54662
643.58592
643.71822
643.76040
644.12730
644.42754
644.51340
645.79632
646.00752
646.09650
646.26810
646.67376
646.93830
646.99278
646.99680
647.39040
647.42616
647.61726
647.63682
647.64078
647.70672
647.76894
648.02640
648.09264
648.35040
648.36966
648.39294
648.49752
648.63066
648.67362
648.71280
648.71658
649.19244
649.74264
650.06172
650.59986
650.68206
651.03276
651.16122
651.24324
651.35610
651.39174
651.84438
652.35090
652.98210
653.08386
653.11074
653.13384
653.43810
653.45016
653.51304
653.53218
653.73780
653.83662
653.98794
654.46056
654.50298
654.69828
654.76032
655.01802
655.15410
655.18944
655.20870
655.49034
655.50888
655.63776
655.83312
656.04348
656.23740
656.29572
656.30424
656.35074
656.39070
656.94306
657.03312
657.33384
657.50538
657.63378
657.80958
657.99678
658.00008
658.08246
658.38252
658.79616
659.32974
659.34612
659.37300
659.49708
659.99664
660.03960
660.52728
661.10832
661.19412
662.37540
662.41794
662.67198
662.68416
662.75724
663.87618
664.06398
664.12194
664.30536
664.39098
664.94880
665.20638
665.22612
665.28828
665.56908
665.73522
665.99736
666.08334
666.29814
666.34062
666.43806
666.44988
666.57876
666.59796
666.62148
666.85902
666.94128
667.72506
667.97082
668.18502
668.18910
668.27094
668.27844
668.39988
668.44230
668.61738
668.72340
668.95692
669.19494
669.38994
669.47070
669.48738
669.61164
669.73302
669.77982
669.86166
669.90078
670.54758
670.80168
670.94148
671.02284
671.03454
671.08980
671.10858
671.14458
671.62314
672.38826
673.12164
673.20384
673.76088
673.78440
673.88970
674.10768
674.11128
674.15064
674.18994
674.36094
674.48976
674.53656
674.79012
674.79426
674.81682
675.13692
675.14436
675.28884
675.60558
675.61278
675.77658
676.04136
676.07736
676.20606
676.21326
676.25628
676.37730
676.63854
676.65336
676.78674
677.06328
677.40666
677.41056
677.43006
677.44992
677.49588
677.55816
677.83908
677.88192
677.88936
677.98362
678.24096
678.37698
678.39684
678.40062
678.41580
678.43638
678.54102
678.66966
678.75564
678.90774
678.92748
679.20798
679.22316
679.31724
679.58928
680.13210
680.29998
680.41254
680.57994
680.75592
680.86074
680.92746
681.00858
681.50088
681.52014
681.58638
681.65280
681.97236
682.00338
682.59582
682.63908
682.66998
682.76772
683.00550
683.04846
683.06862
683.11038
683.30604
683.47368
683.52000
683.88330
683.92938
684.28830
684.50640
684.65568
684.80304
685.04106
685.42728
685.53228
685.68804
685.72716
685.74648
685.78950
685.79370
685.81266
685.83660
686.39406
686.99088
687.01386
687.05328
687.08364
687.09564
687.10686
687.13908
687.19302
687.42318
688.17264
688.60062
689.28678
689.41248
689.43534
689.48202
689.52138
689.91108
689.95032
689.95392
689.97312
690.23418
690.32034
690.37104
690.46824
690.51108
690.92808
691.11114
691.19724
691.58700
691.60662
691.83702
692.46126
692.86650
692.99484
693.01422
693.19026
693.36168
693.59970
694.11450
694.32858
694.33986
694.40088
694.49664
694.66794
694.99944
695.01750
695.04960
695.05392
695.12412
695.38104
695.51346
695.63472
695.68140
695.70108
695.74392
695.79510
695.80692
695.85708
695.91186
696.10704
696.34476
696.36402
696.38766
696.45762
696.64476
696.68754
696.70746
696.71100
696.79644
697.26492
697.28802
697.37352
697.86552
698.16498
698.20452
698.59464
698.59848
698.61744
699.11676
699.17142
699.19536
699.55764
699.83820
699.88512
700.09572
700.31388
700.39566
700.43856
700.57146
700.64580
700.82478
701.00370
701.16762
701.19138
701.21406
701.25732
701.26506
701.33196
701.33532
701.36232
701.60868
701.77206
702.06870
702.20106
702.42930
702.75510
703.14444
703.24638
703.31292
703.47984
703.49160
703.74540
703.87344
703.91274
704.05260
704.10366
704.57976
704.66916
704.89944
704.98884
705.33228
705.35148
705.81906
705.93588
706.31826
706.45890
706.51332
706.76316
706.83282
707.00850
707.02428
707.04408
707.12988
707.19174
707.30142
707.60106
707.65584
707.65920
707.73006
707.79594
707.82300
707.96400
708.01086
708.01332
708.05010
708.08880
708.09684
708.11634
708.13512
708.20166
708.24462
708.39702
708.43974
708.46344
708.64206
708.71670
708.99726
709.03650
709.16856
709.40262
709.40622
709.41348
709.44930
709.65630
709.66380
710.17476
710.18238
710.19756
710.22162
710.56392
710.75538
710.79468
710.86110
711.04014
711.48084
711.54762
711.87084
712.06548
712.14750
712.26462
712.77138
712.81446
713.00562
713.15748
713.17674
713.26644
713.34846
713.54352
713.58606
713.61390
713.71470
714.01524
714.03480
714.05808
714.87366
714.97452
715.31814
715.45338
715.68834
715.89888
715.98858
716.02746
716.17752
716.31570
716.39406
716.69424
716.92824
716.95494
717.40362
717.44664
717.46596
717.48942
717.49326
717.57516
717.82488
717.83268
717.89508
717.98130
718.66680
718.71024
718.71324
718.75260
718.76034
718.79940
718.86258
719.09226
719.13918
719.20152
719.29986
719.33346
719.43942
719.81334
720.05892
720.12912
720.49572
720.57360
720.65940
721.41222
721.49778
721.60338
721.94598
722.01264
722.10534
722.27022
722.52666
722.83428
723.10800
723.15108
723.42780
723.43158
723.45096
723.59058
723.64230
724.50012
724.50408
724.54704
724.55022
724.57026
724.73772
724.92498
724.96830
724.97580
724.97904
725.31546
725.48676
725.61546
725.70162
725.85354
725.88036
726.27750
726.43818
726.68826
726.69168
726.73044
726.98802
727.01820
727.20228
727.24524
727.24902
727.28472
727.33428
727.37040
727.90800
727.93854
728.23560
728.36418
728.40732
728.44626
728.53890
728.57856
728.58582
728.59830
728.60208
728.62188
728.66454
728.83590
728.87526
728.87862
729.02334
729.02706
729.13614
729.36528
729.62418
729.73332
729.73638
730.09536
730.12242
730.24794
730.26666
730.29432
730.34088
730.40310
730.71966
730.76268
730.80906
730.89840
730.92906
730.93776
731.01984
731.04276
731.06244
731.10588
731.11278
731.17158
731.19120
731.38554
731.49114
731.61990
732.09156
732.32994
732.39564
732.69612
732.76242
732.77862
732.96144
733.33566
733.57302
733.82718
733.85826
733.87344
734.23608
734.25558
734.56014
735.07068
735.12042
735.13722
735.16032
735.16938
735.24228
735.30864
735.50322
735.60828
735.84666
735.92880
736.03752
736.44360
736.51344
736.67736
736.70418
737.00454
737.15310
737.28096
737.43318
737.57754
737.62044
737.88186
737.97144
738.26412
738.40464
738.41196
738.46638
738.48318
738.48990
739.23528
739.23828
739.55466
739.57434
739.87170
740.13132
740.45550
740.60400
740.67018
740.79468
740.90724
740.96190
741.12210
741.35574
741.38850
741.72222
741.85566
741.87108
742.04202
742.06200
742.06560
742.06926
742.08168
742.10472
742.17120
742.17834
742.72866
743.09550
743.43480
743.43816
743.67252
743.69172
744.27276
744.38502
744.68202
744.84966
745.15374
745.25916
745.28232
745.85190
746.01156
746.43732
746.54604
746.77980
746.82630
746.89296
746.97828
747.19314
747.19692
747.31770
747.57534
747.81624
747.84354
748.19532
749.11938
749.30172
749.94720
750.21078
750.27738
750.55818
751.14648
751.39608
751.91898
751.98264
752.03598
752.46450
752.49204
752.60886
752.62050
752.62812
752.66070
752.70306
753.15108
753.17424
753.30306
753.31074
753.34200
753.40860
753.60276
753.68928
753.81786
754.00890
754.10232
754.28958
754.30890
754.35198
754.65198
754.71852
754.78512
755.06118
755.14284
755.64294
755.76738
755.80998
756.06756
756.07152
756.15702
756.17232
756.21912
756.23898
756.62178
756.67194
756.84294
756.88272
756.92922
756.97212
757.01148
757.22202
757.52970
757.57230
757.66926
757.68888
758.12706
758.65182
758.71242
758.77008
758.78910
758.79300
759.02730
759.04284
759.06996
759.07746
759.19866
759.33066
759.37020
759.45612
759.54198
759.58398
759.67020
759.92766
760.18860
760.22790
760.25082
760.27074
760.36410
760.37994
760.44222
760.52832
760.57488
760.58694
760.76604
761.08602
761.14368
761.21496
761.42826
761.51454
761.66658
761.70540
761.90442
762.06786
762.11196
762.13812
762.16602
762.25086
762.56352
762.76200
762.81666
763.10184
763.12122
763.14822
763.15608
763.54998
763.67904
763.85010
764.13108
764.27922
764.34570
764.64570
764.82174
765.33540
765.44100
765.63216
765.65556
765.78432
765.84630
765.86562
765.90834
766.23246
766.59516
766.68450
766.81332
766.89936
767.19942
767.30838
767.99874
768.09990
768.20598
768.37722
768.69696
768.71988
769.12584
769.34010
769.62096
769.63986
769.75032
769.76970
769.89780
769.94718
769.96404
770.02644
770.44296
770.52120
770.56446
770.71626
771.00066
771.16452
771.23118
771.40242
772.19802
772.62384
772.77126
773.26680
773.52414
773.86698
773.97222
774.23370
774.46728
774.47460
774.81096
774.85362
774.89622
774.98238
775.00176
775.02486
775.36446
775.36860
775.39158
775.62876
775.64868
775.94916
776.26896
776.59416
776.84940
777.61788
777.63276
777.76596
778.17942
778.92804
779.10294
779.14254
779.15004
779.16942
779.46240
779.48616
779.50920
779.78628
779.93736
779.96214
780.40950
780.77616
780.81918
780.83844
780.96732
781.30980
781.61028
781.69596
782.12514
782.36286
782.75646
782.87418
783.03018
783.15102
783.18174
783.26016
783.81798
783.86778
783.92694
784.32870
784.50396
784.52700
784.54692
784.71798
784.89372
784.97514
784.99500
784.99866
785.00244
785.01840
785.25654
785.33844
785.40474
785.40792
785.49408
785.55642
785.92296
786.05148
786.09438
786.10224
786.37152
786.39150
786.41442
786.50370
786.71076
786.71400
786.95196
786.98766
787.18248
787.22568
787.24464
787.29192
787.40424
787.41282
787.59228
787.63086
787.75506
787.80222
787.86876
788.53590
788.59770
788.62134
788.71482
788.76942
788.83596
789.00738
789.13602
789.17886
789.18636
789.30732
789.41646
789.56514
789.65082
789.91224
790.02348
790.10292
790.44240
790.70298
790.95630
791.58828
791.73186
792.03246
792.35154
792.35652
792.37956
792.39594
792.43866
792.58638
792.67596
792.69630
792.69942
793.49184
793.87734
793.90476
793.97070
794.00538
794.02572
794.04936
794.47350
794.47752
794.52054
795.50682
796.14690
796.49688
796.62582
796.83288
797.07090
797.16360
797.30442
797.35440
797.39058
797.39418
797.40942
797.78796
797.81364
798.38040
799.13700
799.30146
799.73376
799.83552
800.01390
800.26452
800.26752
800.82210
801.12204
801.27420
801.48012
802.32276
802.38936
802.43202
802.45104
802.75506
803.00916
803.69886
804.03210
804.44862
805.51638
805.62930
805.86726
806.24964
806.52630
806.53008
807.17358
807.28290
807.81666
808.05114
808.05432
808.14030
808.37388
808.74078
808.87704
809.14266
809.46966
809.70018
809.72400
809.76660
810.00774
810.10962
810.64362
810.71382
811.22442
811.99704
812.03976
812.04318
812.10516
812.34012
812.48784
812.53440
812.59746
812.66310
813.02568
813.13146
813.20100
813.47412
813.65298
813.77472
813.77844
813.80514
814.11816
814.12518
814.32450
814.37526
814.45242
814.46820
814.48464
814.92102
815.08476
815.34228
815.42760
815.56782
815.82558
816.16506
816.26562
816.30474
816.30882
816.43806
816.55428
816.60102
816.69498
817.02132
817.10820
817.14366
817.15914
817.19424
817.57302
817.58040
817.84914
817.89582
818.10648
818.85954
819.18252
819.20220
819.33090
819.41610
819.48270
819.87630
820.14588
820.16904
820.42650
820.74588
820.85502
820.95690
821.30718
821.31096
821.33058
821.40540
821.41614
821.45154
821.45532
821.63136
821.71302
821.99028
822.01656
822.05586
822.11904
822.16200
822.51306
822.51978
823.02696
823.40568
823.70556
824.28624
824.32968
824.67702
825.37884
825.43338
825.50700
825.52704
826.06500
826.77018
826.90308
826.92222
827.09406
827.10564
827.54292
827.76090
827.80314
828.18948
828.50988
828.65778
828.78960
828.82914
828.91488
828.91824
829.21548
829.34418
829.49586
829.68696
829.73394
830.13960
830.63412
830.86836
831.65640
831.78570
831.83220
831.94404
831.95322
832.69308
832.94682
833.03262
833.81994
833.82798
833.85144
833.89434
833.93694
834.23688
834.36606
834.60372
834.63534
835.34880
835.43448
835.50054
835.86714
835.89414
835.92948
835.93686
836.40144
836.63886
837.11052
837.21996
837.23958
837.41088
837.60606
837.83982
837.85950
837.96840
838.13670
838.16364
838.20312
838.24974
838.25328
838.39356
838.39704
838.45650
838.46370
838.50330
838.63518
838.71690
839.01768
839.04078
839.04876
839.06094
839.16960
839.17740
839.23530
839.38032
839.63706
839.85606
840.07416
840.15600
840.19938
840.22602
840.39036
840.47238
840.47604
840.58164
840.60912
840.67470
840.69408
840.75690
841.01022
841.13904
841.18884
841.26312
841.31046
841.73898
841.91022
842.08560
842.10588
842.20290
842.29296
842.38632
842.50272
842.64336
842.66328
842.68260
842.72910
842.88162
842.96298
843.19356
843.67662
843.96918
843.99330
844.03554
844.05870
844.09812
844.12158
844.12926
844.16448
844.36260
844.42206
844.95984
844.97916
845.00238
845.08854
845.20950
845.25990
845.29932
845.32644
846.28536
846.37128
846.40230
846.48474
846.49938
847.01430
847.01844
847.09260
847.20942
847.25244
847.52592
848.00460
848.02128
848.26218
848.26554
848.32086
848.85906
849.01506
849.06948
849.22554
849.24852
850.53198
850.61772
850.78914
850.85874
851.68974
851.84190
851.90820
852.16524
852.27042
852.47766
852.97668
853.58442
853.90080
853.96668
854.28678
854.34906
854.76684
854.84454
854.90994
855.12468
855.23388
855.30324
855.85014
856.50030
857.46816
858.50952
858.55248
858.76698
858.85260
858.93798
858.97308
859.11342
859.13328
859.14066
859.24248
859.49952
859.79970
860.22834
860.35746
860.86896
860.87640
861.12858
861.17658
861.46890
861.61314
862.32612
862.53708
862.58790
862.67334
862.75944
862.79880
862.85664
862.86840
863.90628
864.32250
864.36528
864.50640
864.72738
866.19372
866.44800
866.57262
866.81472
866.93910
867.04824
867.21936
867.34458
867.34890
867.41484
867.49668
867.99168
868.14054
868.24398
868.39770
868.58862
868.65516
868.80708
868.83408
868.88868
869.23158
869.32164
869.34126
869.41404
869.45052
869.64132
869.70786
869.75064
869.92176
870.04290
870.09372
870.09702
870.10512
870.37392
870.37812
870.47142
871.01382
871.02144
871.08348
871.33692
871.36068
871.50918
871.63794
871.76652
872.09322
872.11644
872.17158
872.43318
872.47566
872.77296
872.78028
872.96364
873.03018
873.08772
873.13488
873.37596
873.43932
873.52098
873.60708
873.63048
873.82128
873.86034
873.88746
873.90696
874.01592
874.07862
874.29672
874.37862
874.42542
874.46460
874.64034
874.98324
875.24028
875.45082
875.62704
875.64624
875.92704
876.48408
876.61254
876.68682
876.69882
876.95202
876.96012
876.99852
877.31886
877.34586
877.40514
877.50984
