0.72156
0.77862
1.67910
2.18628
3.43800
3.60372
4.13352
4.61850
4.68174
5.28198
5.46210
6.42552
7.07766
7.09800
7.26090
7.41216
7.47852
7.53498
7.64124
7.84830
8.12142
8.62182
8.92128
8.94246
9.06522
9.44862
10.36530
10.86378
12.24528
12.28812
12.85902
13.30290
13.79532
14.64798
15.62838
16.65420
21.13722
22.08060
22.38126
22.39338
22.41750
23.42478
26.07012
26.33358
26.45334
26.57742
26.82732
27.93660
28.05150
28.15764
28.65750
29.24388
29.64366
30.25302
30.53646
30.57366
30.89364
31.35882
31.68228
32.01594
32.11944
32.16288
32.24640
32.58246
33.19608
33.91932
34.21272
34.49628
34.76280
35.36292
36.32034
37.12926
37.67316
37.71642
37.85862
38.06574
38.95986
40.59600
42.76818
42.82662
42.96264
43.77006
44.59506
44.66238
47.79246
48.95970
49.62264
50.70276
51.31782
51.32922
51.50664
51.58998
51.89598
52.72650
53.33424
53.44632
54.74328
55.12704
55.49322
56.76306
56.77680
57.92376
58.10904
59.30988
59.99634
60.78828
62.85600
63.49320
63.58260
63.83658
63.85608
64.16244
64.57896
65.08020
65.18280
65.76594
66.50916
66.77304
67.15266
67.45218
68.25456
68.42262
71.16192
72.24780
72.44202
72.84978
73.72770
74.66460
76.10868
77.25810
79.64724
79.87692
80.14092
81.71262
82.45698
82.52214
83.17944
84.21570
84.51564
84.97896
85.19556
85.27308
85.50144
85.54524
85.68198
86.33496
87.28860
87.31116
87.47514
88.11888
89.57442
89.70504
90.46788
91.77768
93.27978
93.63726
93.77094
94.20642
94.35690
96.55290
96.93924
97.18200
100.07868
100.69932
100.98546
101.28606
102.66900
102.90672
103.78596
104.50230
106.66128
107.43036
107.44164
107.45340
107.61864
109.74900
109.97094
111.53454
111.58734
111.85020
112.88742
112.94328
113.17422
113.41494
114.06054
114.48738
114.89616
115.01766
115.74756
115.78308
115.96770
118.49196
118.65078
118.77042
118.96782
119.67690
119.84592
124.20324
124.77504
124.81794
125.11734
127.52982
127.59180
128.01792
128.43498
129.62754
129.86466
130.15134
130.27428
130.56522
130.79412
130.93758
131.15160
131.30922
131.43774
132.20940
133.09458
133.30206
133.92516
135.35988
135.36894
135.98454
136.06872
136.45596
136.54968
137.48616
138.17868
138.21954
138.61662
139.20072
140.28690
140.55816
140.97972
141.07326
141.28722
142.11012
143.12082
144.07554
144.10152
145.53990
146.29842
146.85558
147.51576
148.57272
148.71354
149.67300
149.78004
149.78574
149.88066
151.01244
151.59072
151.67352
151.69284
151.89690
152.10438
152.26770
153.11712
154.67010
155.64732
155.66850
155.90532
157.02870
157.93740
157.99248
158.00886
159.91662
160.56054
163.82022
164.23398
164.33238
165.54348
170.19552
170.25324
171.12768
171.13956
171.82896
172.30344
173.22030
173.47032
173.90946
174.89310
176.06622
176.36388
176.50902
176.73006
176.77350
176.80680
177.50766
177.58188
177.63024
178.51680
178.88790
178.95444
180.40368
180.40968
180.49758
180.56424
182.43426
182.53398
182.63424
182.91762
183.63024
183.63810
184.98468
185.25792
185.73678
187.34646
187.51638
187.79622
188.23860
190.86906
190.89726
191.03376
192.57036
192.87030
194.72082
195.14418
195.60204
195.70788
195.85932
197.59098
197.84622
198.72708
199.43262
199.45272
199.96200
200.91972
201.27708
202.62732
202.69260
202.99218
203.41878
205.55004
206.80398
207.85374
208.11060
209.87772
210.61404
213.15480
213.15786
213.27168
213.71544
214.04478
214.39452
214.88220
215.23068
215.97492
216.53220
216.91872
217.31178
217.90518
218.01828
218.49810
219.01794
220.00038
221.53902
222.15126
223.12248
223.98960
224.55312
224.85318
224.89590
225.23970
225.35316
226.29618
226.88292
227.11980
227.54934
228.07008
228.10368
229.11294
230.66298
232.05006
232.05300
232.07262
232.10148
233.07294
233.97462
234.64902
234.72606
234.91764
235.13802
235.38384
236.34768
236.46156
236.54754
237.02766
237.47088
237.62520
237.89214
238.74948
239.54952
240.85872
242.17872
242.39568
244.00950
244.22634
244.27344
244.82892
245.73198
246.42684
247.33458
247.47054
247.87698
248.41026
248.47692
248.59962
249.94416
250.18668
250.64664
251.61042
251.92398
252.02436
255.81126
257.27022
258.99192
259.85178
260.31204
260.78622
261.78192
261.93132
261.93834
262.59600
263.02542
263.21904
264.05226
264.46908
264.91254
266.90664
267.72030
268.07208
268.47942
270.18006
270.36048
270.86868
271.73010
271.80312
271.92366
272.03280
272.32086
272.34666
272.63286
273.01656
273.27654
273.44706
273.62652
274.03332
275.44986
276.08328
276.27318
278.35350
278.81682
279.16602
279.17496
279.28098
280.38402
281.04744
281.91732
281.94810
282.15462
282.21156
283.73886
283.80576
283.85556
284.18430
285.75738
287.10132
287.71014
288.03888
288.94770
288.99834
289.03152
289.06500
289.23900
289.48884
289.53162
289.73754
289.86912
291.78402
292.59798
293.14818
293.79786
294.87210
295.32216
295.72428
295.76478
296.53740
296.67168
296.67378
301.38318
301.65522
301.68372
301.83492
303.51408
303.60036
303.63078
304.90050
305.52144
305.68680
306.28680
308.19966
308.73954
308.96928
309.60456
309.64200
311.90556
311.91330
312.03726
312.04680
312.22092
313.38582
313.67946
313.95570
314.46402
314.50794
315.30798
315.81510
316.20222
316.59558
316.60332
316.78122
316.89588
317.92836
319.21218
320.16162
322.57164
322.68570
323.81742
324.18714
325.88826
326.11140
326.21670
326.80656
327.34086
327.37764
328.23042
330.97122
330.97758
331.07778
331.83768
332.04432
332.05056
332.81070
332.82468
333.17148
334.53168
335.35770
336.46080
336.49638
338.04072
341.82894
342.22248
342.25830
343.09632
343.73052
345.05988
345.37488
346.50666
346.67502
346.74768
346.85238
346.97832
347.19036
347.29032
347.66196
348.33510
350.14992
350.76480
352.72926
352.82928
354.24600
355.20834
355.49754
359.29980
360.47286
360.83040
361.83048
362.77374
363.58860
364.02624
364.47786
365.88456
366.55638
366.59856
367.09176
367.32888
368.03520
368.29878
369.64926
369.67746
370.76622
371.15286
371.66700
372.45294
372.57858
373.35336
374.21418
374.29440
374.29740
374.30352
374.39730
374.79846
375.49218
375.52686
375.59778
376.42554
377.58042
377.58354
378.74430
379.08528
380.34270
380.98812
381.55974
381.65232
382.88190
383.18406
384.41952
387.23670
387.83676
388.42242
388.57680
388.93692
389.32290
391.23222
393.10650
393.14010
394.08372
394.38420
395.86188
396.05676
398.25900
398.27268
399.69540
400.63830
400.67118
401.21862
401.74110
403.01112
403.74870
404.95542
405.16458
405.62184
405.64158
406.72230
406.90836
407.45838
407.80890
408.93888
409.44558
409.48176
410.36184
412.13238
413.21928
413.22564
413.99148
414.21384
414.40836
415.38036
415.92282
416.37282
416.42706
416.47932
416.62284
416.81562
417.72528
417.78954
417.80298
417.82176
417.83046
418.28862
418.62306
418.64604
419.30334
421.46244
421.86234
423.09018
423.68682
423.69306
424.19640
424.70724
424.75044
426.26658
426.93132
427.05276
427.38162
428.12442
428.29050
428.29848
428.97420
429.81042
430.16328
430.39878
430.54098
433.71456
434.11542
434.12058
435.22482
435.24414
435.50178
435.52518
435.71628
436.28808
437.76108
438.58308
438.62616
439.68552
439.99872
440.32776
440.59194
441.10422
441.11190
441.22842
441.96186
441.97836
442.01532
442.10022
442.42128
442.49250
443.54262
444.26568
444.70938
444.71706
445.09548
445.30950
445.48908
445.76694
445.99692
446.50446
447.03006
447.36864
449.59278
449.97594
450.25620
450.27894
450.35622
450.37608
450.48552
450.64926
451.40268
451.54530
451.78392
452.07918
452.89254
453.80214
454.43904
456.10314
456.12600
456.43224
456.49284
456.97596
457.04718
458.91222
459.59268
459.78636
460.03542
460.09254
462.15924
462.29268
462.52278
462.59508
463.28820
463.64532
466.87464
467.94906
468.46848
469.29312
471.24372
472.15380
472.16364
472.71678
473.23134
473.92866
474.43284
474.87504
475.20390
476.14980
476.80506
477.59922
477.79212
479.54148
479.57352
479.87046
479.96496
480.03636
480.20796
481.07466
482.36706
483.30192
483.73962
484.99104
485.33424
485.36964
485.67720
485.89830
486.58428
487.20708
487.27062
487.30710
487.34316
488.41704
488.91474
488.97024
489.38592
489.95676
490.47960
490.48668
490.90212
491.11614
492.79572
493.16676
493.37880
495.14874
495.40650
496.90644
496.98588
497.35566
498.70164
499.06512
499.08546
499.30896
499.55190
499.60242
501.13854
501.93924
501.99636
504.44118
504.75648
504.87774
504.97050
506.47200
506.49990
506.51460
506.58516
506.89458
507.70062
507.95808
509.55486
509.83878
509.86770
510.06546
511.61856
511.63230
512.20470
513.29124
514.85760
514.97784
515.15508
516.05046
516.22158
516.50790
516.80808
516.81516
516.86514
516.93678
517.50114
519.25104
519.42456
519.82416
520.11816
520.78824
522.24060
523.11348
523.38420
523.40418
524.65470
524.77704
524.78064
525.79368
526.40100
526.50120
527.27244
527.41008
527.48124
528.04020
528.68886
528.95064
528.96312
529.36638
529.94034
531.05460
531.14754
531.43626
531.59070
533.19984
533.62158
534.79314
535.25118
538.45332
539.44584
539.83458
540.11736
542.59176
542.84040
542.88594
545.03004
545.52294
547.71738
548.14050
548.20404
548.60406
549.36012
550.54824
550.57050
552.14970
552.22860
552.32196
552.79266
553.76508
554.27208
554.75070
555.52692
556.41000
556.93920
556.96056
556.98462
557.09652
557.66028
559.32618
559.82742
560.87328
562.08558
562.95108
563.60250
563.74386
564.26730
564.58128
565.57500
565.59510
565.93926
565.94406
566.09802
566.21874
566.47542
568.73682
569.02140
569.72622
569.96874
570.69174
571.19316
571.97892
572.09946
573.54492
574.16010
574.16628
575.07366
575.48256
575.53272
576.14700
577.22136
579.42816
579.87156
580.82850
581.17212
581.38122
581.86596
582.53016
583.26702
583.58136
584.82492
584.83956
585.13236
586.46784
586.91940
587.31174
588.13458
589.69290
590.12166
590.73516
590.85090
592.67958
592.89612
593.77314
594.29652
594.48240
594.84600
595.57728
596.19738
596.21976
597.09162
598.09926
599.36328
599.63730
601.17378
601.73118
601.85766
601.89378
602.33130
602.47440
603.41802
605.24604
605.31354
605.84136
607.24866
607.35042
608.55030
608.86488
609.50220
610.94676
611.38218
613.46856
615.32130
615.38100
615.38478
616.69944
617.25174
619.48218
619.65846
619.78836
620.04540
621.00600
621.17502
623.20458
625.04160
625.04832
625.73802
627.63726
629.09508
629.27466
629.29512
630.18156
630.52464
631.36812
631.46802
631.81134
631.95390
634.23342
634.71462
635.68518
635.69970
637.61592
639.04776
640.61796
642.37044
642.60372
643.85670
643.95708
644.17794
647.05158
649.21110
649.95432
650.44008
651.16848
652.21128
654.40110
654.90882
655.46466
655.48704
658.00158
659.01786
660.06780
660.39078
661.67748
662.18610
662.19438
662.36394
662.60406
663.10026
663.65034
664.39140
665.75790
666.03798
666.58764
666.91560
668.00880
668.64138
671.68536
672.07878
674.38188
674.45850
674.89284
676.78788
676.93818
677.51850
678.01860
678.22476
678.30216
679.75752
679.99158
681.08586
681.31812
682.14246
682.25034
682.68516
682.90152
683.07132
683.18022
684.10146
684.70908
684.82434
685.15128
685.19496
685.32528
686.33436
686.36802
686.42556
686.62542
686.69496
686.91768
687.31776
687.73182
687.73758
687.80358
688.88424
689.38464
689.82792
693.23946
693.99360
695.40408
695.58348
696.25248
696.29592
696.35592
696.36900
696.93312
697.27944
697.64814
697.79652
697.79934
697.89912
698.14302
698.22948
698.30688
698.69184
699.99954
700.15782
702.16074
704.57646
704.88234
705.92586
706.78380
708.35622
708.65652
708.73824
708.99420
709.24272
709.67916
713.29662
714.19008
714.20400
714.22692
714.93306
715.19040
716.03946
716.29938
717.07056
717.90672
719.12226
719.81616
719.89284
720.08724
720.50238
720.70932
722.40996
724.56336
726.23322
727.59996
728.24334
728.27040
729.19572
729.61614
730.05744
730.60740
730.62408
731.41722
731.94090
732.08328
733.64754
734.03328
736.34112
736.37448
736.44768
737.35002
737.68086
738.12048
738.27372
738.63816
738.64446
738.83712
739.92444
740.47476
740.50434
740.84106
741.68130
742.38864
743.20398
744.08442
744.62760
745.07100
745.57770
745.84326
746.03700
746.80020
747.75786
749.66028
749.83170
752.29038
752.63940
753.33444
753.43404
753.57714
753.79806
753.93462
754.22040
756.46482
756.48438
757.95096
759.33240
760.89534
761.41272
761.46174
761.47608
762.35544
765.41472
767.41458
769.23888
769.25448
770.21148
770.44038
771.36972
771.43392
771.85074
772.06968
772.10292
772.12014
773.10666
773.63058
775.52304
776.68044
777.10272
777.38742
777.41634
778.31868
778.81884
779.23986
781.42038
782.73534
782.73690
784.69542
785.42910
786.95736
789.60510
790.61142
790.70676
791.53908
793.49418
795.92442
796.96824
797.67102
797.94006
798.00570
799.37064
799.41306
801.94332
802.00080
803.48820
804.74526
804.75948
805.14558
805.90296
807.57594
808.27158
808.34226
808.46070
809.08338
810.07812
810.37254
810.60762
812.02104
812.89176
812.90880
813.56094
814.30986
814.40190
817.25454
818.04822
819.37086
819.49122
819.51420
819.62730
820.50822
820.67202
821.14386
821.19414
821.99388
822.01416
823.58778
825.34698
825.53346
828.26394
828.28074
830.61072
831.48048
832.63830
832.90440
833.36136
833.50458
833.65488
834.22548
834.69720
835.42524
836.40468
837.16440
838.50606
838.97910
839.06568
839.86500
840.20184
840.37302
842.14578
843.39594
844.73952
845.90058
846.16998
846.65508
847.03242
847.21572
847.29294
847.46220
847.58556
847.82160
847.98648
849.31578
849.36588
849.41730
849.58758
849.58914
850.18836
850.47324
852.76038
853.72620
854.12952
856.64310
856.85076
858.22338
858.67656
858.71586
859.45104
860.35980
860.82684
861.55548
862.12674
863.81646
863.98338
864.73476
865.02744
865.03350
865.65036
866.04264
866.26410
866.70174
867.59424
867.78054
868.44444
868.55208
868.94052
869.01882
869.42448
869.55846
870.17496
871.03434
871.95456
872.04666
872.23890
872.24100
872.70768
874.28496
874.34628
874.89864
875.42694
875.90640
875.97306
875.98950
876.03978
876.12312
876.14628
876.23028
876.23262
876.27318
876.33708
876.37326
876.46608
876.52968
876.58992
876.60654
876.62322
876.67326
876.68988
876.69324
876.87336
876.93000
876.95670
877.09962
877.13286
877.21584
877.28736
877.43022
877.53648
877.56636
877.57350
877.79622
877.87356
878.03046
878.53044
878.87376
878.97384
879.18042
879.24696
879.34062
879.41802
879.42030
879.73794
879.75468
879.83046
879.92406
879.94080
880.00470
880.02402
880.06104