0.12816
0.13578
0.14412
0.16500
0.26640
0.27432
0.36786
0.75090
1.01760
1.79778
1.83420
1.90986
1.92384
2.02104
2.41716
3.54468
3.67800
3.96828
4.13502
4.18074
4.19484
4.19718
4.21680
4.23702
4.25028
4.28088
4.33248
4.43982
4.50018
4.52610
4.63044
4.63980
4.72980
4.76370
4.80636
4.89696
5.03268
5.09010
5.13936
5.18682
5.23548
5.45658
5.68710
5.75040
5.83740
5.83944
5.88978
6.05058
6.70296
6.78210
7.36338
8.01258
8.92866
9.23832
9.30588
10.17852
11.22210
11.24568
11.45214
11.59860
11.71242
11.76690
11.89560
11.96904
12.43782
12.50928
13.06200
13.07580
13.13754
13.32750
13.62822
13.63128
13.64796
13.69818
13.70688
13.79796
13.80456
13.98798
14.38434
14.45670
14.56470
14.59398
14.61060
14.66136
14.67354
14.70840
14.74488
14.75238
14.76414
14.76666
14.77086
14.80410
14.80854
14.86854
14.87808
14.95134
14.96118
15.02172
15.03294
15.03492
15.03996
15.04482
15.23094
15.31824
15.32016
15.55434
15.57018
15.63126
15.84744
15.86394
16.32294
16.35096
17.07762
17.66076
18.21348
18.26358
19.03002
19.23630
19.25760
19.36974
19.72710
20.30736
20.72670
21.24636
21.50250
21.60702
21.64650
21.66666
21.82932
21.88302
23.08548
23.10264
23.12340
23.34300
23.40504
24.65208
24.85944
24.86970
24.92268
24.96666
24.96996
25.04568
25.07370
25.07886
25.13364
25.34190
25.39710
25.43814
25.45650
25.49562
25.81212
25.89534
25.91202
26.03658
26.07318
26.07888
26.37324
26.47866
26.57580
27.92862
27.94242
28.02852
28.29528
28.56504
29.93460
30.13590
30.71142
31.29642
31.35138
31.51140
31.53390
33.12768
33.14448
33.30708
34.43832
34.54416
35.35032
35.74008
36.31134
36.33330
36.34086
36.43842
36.84678
37.21668
37.32312
37.47708
37.51674
38.66376
39.39342
39.52998
39.76368
40.28958
41.03310
41.10426
41.56344
42.04890
42.09300
42.70356
42.82032
42.83892
43.00656
44.71950
44.72622
44.74836
45.22566
45.47910
46.24242
46.69854
47.17956
47.29878
47.31552
47.57562
47.75154
47.83464
47.84190
47.89128
47.90280
48.00864
48.02418
48.23814
48.29562
48.59208
48.62526
48.69372
49.28160
49.40298
49.49844
50.25762
50.47218
50.63892
51.03156
51.71238
52.86936
52.88190
53.03874
54.33066
54.41478
54.99774
55.55520
55.60194
55.92168
56.10486
56.92080
56.93118
57.02166
57.99786
58.01028
58.65456
58.71156
58.72428
58.73382
59.09502
59.10486
59.20740
59.26848
59.38092
59.45730
59.46822
59.48274
59.52432
59.53488
59.54772
59.60664
59.64480
59.65770
59.79120
59.82162
59.87460
60.39750
60.64734
60.65118
60.66144
60.71544
60.93996
60.96858
60.98688
61.27410
62.69088
63.80304
63.98034
64.85328
65.33754
65.36838
65.66346
66.31098
66.53784
66.78768
66.79074
66.80430
67.22466
67.98744
68.03796
68.07558
68.08482
68.37084
68.48010
68.82996
69.48762
69.49668
69.50718
69.77766
70.05984
70.16634
70.50690
70.70634
70.75704
70.89984
70.91814
70.96350
71.03742
71.10888
71.34654
71.52072
72.08760
72.31680
72.34044
72.61050
72.62100
73.39038
73.50414
73.62378
74.45064
76.10112
76.18950
76.19676
76.32768
76.34040
76.56816
76.70418
77.74644
77.77998
77.83752
77.83998
77.96340
78.92814
79.05696
79.77084
80.42694
81.30444
81.34416
81.37356
81.41334
81.44526
81.45348
81.46566
81.46818
81.47700
81.50724
81.51084
81.51798
81.52092
81.55716
81.64350
81.70254
81.70608
81.75138
81.81336
81.86610
81.88764
82.06344
82.14036
82.21104
82.39458
82.63056
82.68678
82.69746
82.72122
82.78026
82.79670
82.81758
83.03490
83.05302
83.84052
83.85438
85.03350
85.97106
86.33748
86.84268
87.19062
87.46428
87.80166
87.93750
88.22550
88.83486
89.36082
89.36274
89.36796
89.42136
89.43072
89.46366
89.69736
90.74976
92.08560
92.08782
92.09094
92.09490
92.10762
92.24706
92.27064
92.27280
92.29536
92.30754
92.37144
92.43414
92.48508
92.53734
92.60466
92.65788
92.67138
92.83206
92.90922
93.50184
93.53526
93.55476
93.62418
94.49706
95.27172
95.65770
95.67216
95.67450
97.09122
97.13550
97.34304
97.39506
97.48374
97.55100
98.14482
98.64786
98.66004
99.10440
99.63840
99.90408
99.93570
100.54086
100.54332
100.63752
100.68762
101.34828
101.89806
102.15834
102.28176
102.29082
102.32220
102.35796
102.37572
102.42210
102.43476
102.57468
102.64170
102.67926
102.69798
102.74844
102.81396
102.88890
102.95700
103.07844
103.22112
103.37478
103.48272
103.55478
103.63854
103.83786
103.99170
104.22510
104.51466
104.57130
104.64540
104.92530
104.97420
105.65094
105.66504
105.74178
106.36956
106.80870
106.83936
106.90476
107.28642
107.35884
107.89860
108.62562
108.67194
108.74508
109.32936
110.74626
110.82900
110.90328
111.05304
111.06510
111.75330
112.12278
112.40904
113.37624
113.85432
114.15924
114.55938
114.88368
114.90354
114.92046
115.00632
115.00866
115.05378
115.06836
115.16322
115.18686
115.19532
115.23978
115.24932
115.28208
115.29900
115.43238
115.43694
115.61154
115.72302
116.05644
116.05926
116.09652
116.10342
116.54934
116.55648
116.57082
116.62206
117.90912
118.22604
118.22976
118.94256
119.11578
119.52612
119.52996
119.59266
119.62068
119.65944
119.70882
119.76282
119.76522
120.84252
122.03040
122.05926
122.14596
122.18994
122.23206
122.23980
122.25954
123.27630
123.54996
123.56130
123.60648
123.63714
124.63692
125.08992
125.09298
125.10060
125.17026
125.24904
125.36256
125.48898
125.49900
125.51580
125.60598
125.62584
125.62818
125.70378
125.77320
125.85822
126.20634
126.24300
126.26616
126.31692
126.31860
126.62340
126.62766
127.22226
127.29006
128.14308
130.34322
130.92636
132.45408
132.59958
132.74934
132.79446
132.87084
133.49484
134.37582
134.52960
135.16656
135.80070
136.93044
137.01192
137.05974
137.36898
137.47104
137.52804
137.52990
137.54052
137.57916
137.68362
138.85752
138.95268
139.02708
139.32414
139.35036
139.56402
140.93796
141.03372
142.24398
142.44402
142.87146
142.87722
142.89126
143.05296
143.07756
144.70098
144.82488
144.86718
144.98418
145.96110
146.90844
146.99766
147.07116
148.03692
148.04208
148.08138
148.09812
148.15098
148.19142
148.19484
148.34562
148.44210
148.47504
149.12508
149.13198
149.32470
149.33898
149.43594
149.49096
149.76828
149.77224
149.80878
151.83480
152.05632
152.07852
153.34266
153.36930
153.44190
153.49542
153.54150
153.54426
156.37380
156.37644
156.77556
156.86010
156.87390
156.88566
156.92532
156.93594
156.95004
156.95652
157.00986
157.01202
157.05204
157.07466
157.17948
157.77660
157.81926
157.83282
159.50286
159.76002
159.91320
160.19316
160.27266
160.29558
160.30992
160.47702
160.54074
160.55256
160.60074
160.61478
160.61742
160.88934
161.46666
161.48766
162.28380
162.37026
162.81120
162.98064
163.12302
163.69746
163.74456
164.08098
164.12802
165.90906
167.21238
169.21962
169.22226
169.30554
169.35294
169.49376
169.52286
170.60262
170.71320
170.77044
170.95320
170.96046
171.46092
172.97454
173.27370
173.54790
173.78412
173.86896
173.90088
174.45756
174.47430
174.49098
174.55194
175.69848
176.19774
176.27526
177.24462
177.75228
177.78558
177.85914
177.90606
177.92052
177.94668
178.73610
179.01372
179.02056
179.55312
180.05034
180.54234
180.60960
181.43682
181.52346
181.63098
181.74354
181.76256
181.77624
181.79334
181.79778
181.81044
181.91736
181.99800
182.23140
182.56044
182.79846
182.84388
182.94378
183.02718
183.21516
183.26508
183.26760
183.28458
183.30132
184.31346
185.48226
185.60220
185.60898
185.64468
185.70516
186.17844
186.41898
186.43842
186.65868
187.81470
187.83864
187.92582
188.81250
188.82252
188.83332
190.56006
190.62912
190.65288
190.65786
190.67412
190.78290
190.81554
190.87734
190.92984
191.08686
191.18712
191.53872
191.75670
191.80254
192.81318
192.87030
192.92358
193.01610
193.04670
193.52094
193.53966
193.58082
193.60746
193.61100
193.66812
193.68048
193.68678
193.78728
193.81998
193.85724
193.97400
194.33322
195.12408
195.20760
195.78564
195.82080
195.87792
195.88554
196.49142
197.37216
199.22892
199.97280
200.56542
200.61972
200.63178
201.03210
201.63984
201.80946
202.52562
202.65684
202.70658
202.70898
203.48316
203.49990
204.15036
204.19068
205.17162
205.18446
205.19376
205.20024
205.25628
205.53354
205.87320
205.91730
206.05038
206.53494
207.10752
207.95784
207.96690
208.05786
208.07184
208.45776
208.47486
208.82490
210.22494
210.54180
211.26168
211.33536
212.27802
212.28708
212.35884
212.41176
212.41392
212.44902
212.49486
212.54514
213.23508
213.25890
213.29466
213.36822
213.37836
214.01568
214.03152
214.13616
214.59534
216.28554
216.30552
216.40806
216.47586
216.61848
216.65934
216.76194
217.00230
217.02516
217.06836
217.32894
217.44264
219.59250
219.60978
220.34334
221.22660
221.23164
221.27586
221.28090
221.28330
221.53830
221.59320
221.65290
222.16008
222.48114
222.49680
224.43012
224.80044
224.80308
226.08984
226.21362
226.99086
227.01084
227.01372
227.06508
227.08392
227.12244
228.23052
228.26754
228.38664
228.38970
228.45798
228.47070
228.68622
228.70086
228.72468
228.79158
228.96120
228.99408
229.05168
229.10028
229.42500
229.53084
229.53444
229.56438
229.59738
229.60314
229.73442
229.94460
230.00664
230.05122
230.06568
230.09718
232.03080
232.03614
232.09176
232.13526
233.21442
233.56488
233.58588
233.61216
234.45132
234.92598
235.68852
235.83108
236.09916
237.27834
237.35256
238.27974
238.29828
238.32204
238.36302
238.40592
238.59642
239.13624
239.19324
239.22360
239.31066
239.61312
239.68314
239.83278
239.95278
240.12732
241.08306
241.58382
243.25824
243.39660
245.44104
245.72382
245.77056
246.66078
247.03500
248.22162
248.22876
248.26470
248.28180
248.38212
248.38686
248.40150
249.21234
251.04156
251.13942
251.26620
251.31606
251.31786
251.44254
251.57568
251.64516
251.76306
251.83710
251.85312
251.88300
252.43254
252.68256
253.15950
253.48926
253.55442
254.03640
254.48610
254.48778
254.50308
254.52366
254.99286
254.99922
255.62016
255.66882
257.02398
257.12388
257.12706
257.15364
258.03726
259.60770
259.61040
259.63476
259.64418
259.67730
260.37768
260.38014
260.55828
260.56788
260.63436
261.43968
261.50442
261.52758
262.43190
262.43952
262.45176
262.45884
262.61094
262.97532
263.02152
263.07120
263.08536
263.17122
263.22906
263.27112
263.27298
263.48220
263.63838
263.78466
265.15530
265.33836
265.49238
265.54158
265.69230
265.71180
266.93784
267.41466
268.48290
268.48608
268.48884
268.49502
268.49694
269.38884
270.55554
271.24986
272.28012
272.28336
272.30952
272.33640
272.35224
272.44542
272.45136
272.48598
272.56260
273.15990
273.35592
273.37242
273.37878
273.40752
273.41886
273.49302
273.49590
273.67620
273.70296
273.95952
274.45998
274.78314
274.88358
275.02632
275.25942
276.22638
276.44970
276.60312
277.23630
277.24290
277.24608
277.25226
277.46994
278.93952
279.17934
279.99312
279.99822
280.98978
281.70372
282.02016
282.25314
282.25656
282.30990
282.34008
283.00080
283.16418
283.18680
283.52052
284.44014
284.73972
284.75670
284.76402
284.81292
285.39000
285.41670
285.44622
285.56670
285.59370
286.25658
286.57728
286.70406
287.25714
287.54658
287.64702
288.66594
291.61182
291.61380
291.70416
292.56048
292.57980
292.65696
292.76778
293.64660
293.73438
294.41778
294.42738
295.04658
295.06062
295.09044
295.09686
295.11732
295.20690
295.23744
295.90398
295.90566
295.91790
295.92018
295.97682
296.46084
296.46456
296.46774
296.57736
296.96370
297.05796
297.07998
297.15708
297.20856
297.25110
297.25302
297.29976
297.32706
297.53718
298.75296
298.79226
299.38428
300.14022
301.60740
301.67340
302.10708
302.12916
302.13270
302.14038
302.20002
302.21958
302.30610
304.79376
304.80210
304.89348
305.50362
305.78970
307.51116
307.53972
307.60344
307.61298
307.63950
307.67676
307.72218
307.77282
307.80666
307.81662
307.89300
307.96704
308.26998
308.28564
308.98404
309.18954
309.19122
309.21924
309.28644
311.05302
311.05770
311.05950
311.08968
311.20602
313.32612
314.38620
314.40546
314.58876
314.70840
315.54498
316.19574
316.24488
316.24854
316.25688
316.35252
316.40250
316.44984
317.51442
318.06180
318.78834
318.89466
319.42164
321.26574
321.27492
321.27798
321.30534
321.59232
322.87158
323.40168
323.49474
323.53452
323.54388
323.65812
323.68878
324.05178
324.26856
324.27534
324.27906
324.28512
324.28686
326.79204
326.80458
327.46566
327.47730
327.48510
327.60084
327.68802
328.76538
328.97106
329.46558
329.51376
329.54148
329.76528
330.01560
330.02796
330.04674
330.07116
330.32082
330.94458
331.11792
331.16478
331.32768
332.50110
333.53502
333.53796
333.54168
333.58218
333.58500
333.91074
333.93798
334.72110
335.33454
335.34816
335.38788
335.43186
335.43492
336.19782
336.21486
336.21756
336.22740
337.22124
337.22676
337.23786
337.25172
337.26390
337.73496
338.03814
338.08812
338.11092
338.12124
338.43522
338.84412
338.95086
339.88818
339.89184
339.89934
340.00476
340.03800
340.16856
340.26570
341.23824
344.03292
344.19252
345.57384
345.57570
345.63180
346.12824
346.30524
346.35552
346.39074
346.57920
346.81242
347.33634
348.22668
348.40572
348.42252
349.34604
349.34922
349.40616
350.43684
350.77026
350.78982
351.22944
351.65370
351.65652
351.88956
351.90282
352.32042
353.16828
353.21328
353.24130
355.30146
355.37520
355.41678
355.52388
355.59984
355.61778
355.65150
355.73754
355.77786
357.11502
357.14088
357.15474
357.55764
358.87806
359.92440
360.95496
360.96402
361.01454
361.46490
361.52142
361.53180
361.54182
361.60524
361.61916
361.66494
361.71936
361.73160
361.95528
362.22222
362.24526
362.25540
362.26542
362.41956
362.47218
362.62512
362.72130
362.74182
362.79174
362.90844
363.21906
363.24876
363.32532
363.66954
364.05570
365.00592
365.35590
366.24648
366.25602
366.37578
366.74232
367.18680
367.22226
367.80636
367.81296
367.83636
367.84902
368.04264
368.47020
368.53980
370.41360
371.14698
372.65448
372.72678
372.80004
372.97614
372.98046
373.00026
373.00272
373.00740
373.81194
374.00922
374.07048
374.27712
374.45772
374.60394
374.63082
374.65782
374.68080
377.10102
377.67516
378.00102
378.51768
378.55602
379.20606
379.58322
379.66824
380.59278
380.68962
380.69556
380.83542
380.85930
380.92980
382.26570
382.94604
383.55048
383.84646
383.90904
383.95020
384.00546
385.23420
387.00750
387.59730
388.14354
388.44024
388.49424
388.89936
388.91394
389.32518
389.69898
390.07842
390.92856
390.98796
392.54874
393.41568
393.42678
393.43650
394.31478
394.57212
394.65822
395.37258
395.47248
395.50110
396.06990
396.16488
396.43008
396.53298
396.67728
396.80658
396.87288
396.89196
397.98984
398.01126
398.51400
398.53062
398.53350
398.53518
398.55036
398.62800
398.71122
399.03714
400.06452
400.15854
400.24362
400.25964
400.27134
400.32372
400.78014
400.78746
400.89804
401.63592
402.20118
402.77424
402.88458
403.62882
404.56074
405.23436
405.24894
405.25776
405.75570
405.80766
406.53498
407.69946
407.80182
408.40812
408.42990
408.44778
408.46296
408.53274
408.60210
408.61266
408.63504
408.67230
408.69954
409.28268
410.85888
410.98284
411.97530
412.12572
412.15602
412.32558
412.77864
412.78890
412.88010
413.80908
413.98962
414.05574
415.63506
416.11680
416.33604
416.34720
416.43054
417.01878
417.16416
417.19302
417.75408
417.82554
418.60950
419.86992
420.32880
420.34260
420.36438
420.39078
420.39336
422.80704
422.85948
422.91420
422.91630
423.46716
423.69774
423.73560
423.88140
423.99042
425.75328
426.86934
427.01448
427.34100
427.35072
427.37976
427.39050
427.40100
427.51380
427.54050
427.54590
427.71042
427.77648
428.17038
429.07692
429.09318
429.55974
430.16304
430.19046
430.33386
431.48394
433.34322
433.35048
433.38756
433.41468
433.43676
434.31720
434.33694
434.35050
435.93684
436.76004
436.76736
436.76952
438.03858
438.93384
439.29330
439.30074
439.51644
439.51932
439.59354
441.00708
441.27702
442.41264
442.41432
442.42008
442.51620
442.78686
442.85064
442.87650
443.51640
444.91734
444.94128
444.96420
444.98568
444.98736
445.04844
445.05084
445.07028
445.85082
445.88712
446.61450
447.85752
449.71650
450.52698
450.89376
451.01736
451.16460
451.25070
451.28712
451.79340
451.86036
451.91472
451.95522
451.97706
451.98402
452.77668
452.81130
452.83680
452.85720
453.11052
453.31026
453.31464
454.88688
454.89288
454.89786
454.89966
454.90224
454.90464
454.95684
455.48688
456.39984
456.47592
456.48654
457.12392
458.01360
459.21408
459.33342
459.40956
459.48642
459.50772
459.50958
459.51654
459.51864
459.53346
459.60162
459.60678
460.39740
460.78242
461.35272
461.66946
461.83974
462.09690
462.10272
462.22332
463.83960
464.00886
464.43300
465.16932
465.17604
465.19962
465.22992
465.35880
465.39246
466.96614
466.96908
468.04950
468.52542
468.55890
468.56622
468.56904
469.03254
469.20882
469.26498
469.34892
469.40394
470.30850
470.32968
470.34618
470.35860
470.53254
471.02286
471.27552
471.32508
471.33168
471.49464
471.57246
471.68616
471.72492
471.91872
473.04792
473.37510
474.22956
474.25368
474.26286
474.28218
474.32250
474.32976
474.59148
475.11846
476.91564
477.25800
478.24890
478.34868
478.59132
478.61256
478.63542
478.63824
478.65498
478.67232
478.67478
478.69770
478.70226
479.46504
480.02460
480.47196
481.17726
481.18428
481.22790
481.39572
481.74870
481.76838
481.89588
481.90794
483.36684
483.44550
483.96204
484.98186
485.39130
486.58884
487.13190
487.15734
487.16550
487.17204
487.22418
487.61088
487.65810
488.94882
489.03132
489.17928
489.23904
489.31524
489.84894
490.00182
490.17252
490.20558
490.25196
490.39146
491.00310
491.09892
492.77970
492.84222
492.86892
492.90258
492.91902
493.03560
493.60884
493.75884
493.78236
493.83480
493.86870
494.39520
494.41920
494.45364
494.47608
494.58024
494.71914
495.39882
495.42234
495.42546
495.43038
495.44286
495.44976
496.09686
496.19988
496.98594
497.00148
497.04018
497.58354
497.59968
497.63358
499.27410
500.01450
500.01654
500.12424
500.45364
500.63412
500.83116
500.86788
500.94798
501.93702
501.96048
502.69842
502.70040
503.72400
504.23664
504.27474
504.28902
504.31212
504.76836
504.93462
504.93918
505.10196
507.43572
508.00542
508.87572
508.91598
508.94562
510.20598
511.45062
511.96728
511.97958
512.03388
512.07036
512.75064
512.76318
513.03012
513.04368
514.63260
514.91346
514.93770
514.97970
515.01828
515.52414
516.13062
516.72792
519.16428
519.18162
519.30858
519.38244
519.50562
520.19856
521.32266
522.04866
522.05808
522.06972
522.10602
522.13980
522.17898
523.06650
523.33020
524.97786
525.20730
525.34032
525.41604
526.34370
526.35012
526.62114
526.78968
527.15040
527.63100
527.64348
528.02166
528.12300
528.32340
529.43856
529.51116
530.41794
531.66816
531.72870
532.02846
533.03286
533.06226
533.09316
533.09538
533.12586
533.17284
533.20188
533.21544
533.80692
534.41916
534.44022
534.45264
534.51624
534.77658
534.80694
534.80946
534.81258
534.85884
535.71294
535.74648
536.19384
536.20296
536.31024
537.10308
537.63060
537.74598
537.76374
537.84132
538.22478
538.83480
539.56764
540.23742
540.34752
541.39260
541.41492
541.51524
541.51878
541.57392
542.62842
542.65998
542.75604
543.55992
543.63822
543.69102
544.16976
544.23876
544.25574
545.31252
545.90592
545.99400
546.00582
546.02322
546.84594
547.65504
547.71684
548.48058
548.49504
548.71704
550.61706
550.65024
550.65990
550.66356
550.66728
551.24514
552.26730
552.30774
552.35784
552.43464
552.48606
553.15908
553.16184
553.16436
553.18842
555.16080
555.21282
555.22524
555.26868
555.89946
555.95208
556.60890
557.42292
559.52592
559.93644
559.99272
560.31690
560.35326
560.40024
560.65338
561.06012
561.19644
561.71682
561.93396
563.57724
563.60388
563.66100
563.67048
566.33178
566.35158
566.73408
566.75442
566.76078
566.89440
566.91330
566.99868
567.60174
567.90450
569.06118
569.10396
569.11194
569.12148
569.77152
570.63822
571.01160
571.64214
572.56404
572.60130
572.61162
572.76930
572.91642
572.99802
573.50160
573.52542
574.35240
575.44974
576.27168
576.32226
576.32994
576.33894
576.48276
578.08890
578.09202
578.11512
579.10548
579.15570
579.25920
580.05894
580.06596
580.14996
581.72226
581.73138
582.94536
583.51464
583.73106
583.96194
584.04180
584.12214
585.52212
586.06926
586.36662
587.13906
587.83152
587.83884
587.91648
587.91816
588.65904
589.07610
589.10262
589.13514
589.97850
589.99230
590.00250
590.01912
590.12238
590.15646
590.17224
590.18598
590.19648
590.26212
590.83602
592.32234
593.53536
593.62230
593.89788
594.01182
594.15012
594.20166
594.21504
594.36234
594.37242
594.50190
594.51342
595.01184
595.23876
597.93348
599.17302
599.19882
599.20926
599.94288
599.97924
600.57888
600.65052
600.65298
600.88380
601.32300
601.42926
601.46262
602.21124
602.27028
602.27700
602.29284
603.02316
603.05658
603.68706
603.90678
604.42044
604.43712
605.78262
605.79024
605.82978
606.12066
606.36786
606.62064
606.63756
606.75402
607.37364
607.78422
607.79040
608.00166
608.55150
608.69100
608.70144
609.10164
610.87998
611.40804
612.35244
612.44298
612.48114
612.59370
613.15518
614.92212
615.01476
615.68190
616.66500
616.68426
616.73646
616.77210
616.81524
616.84218
617.29218
617.59134
618.06546
618.07284
618.56322
618.60648
619.00626
619.08696
621.16254
621.23712
621.61116
621.99324
622.36374
622.84716
623.87130
623.87412
623.91636
623.93772
623.97420
624.02550
624.44088
624.57726
625.06362
625.13724
625.91082
626.05152
626.10036
626.57910
626.58864
626.64156
627.35520
627.51768
627.53442
627.60366
627.68430
628.08432
628.58466
628.93470
628.96140
628.98438
629.21136
629.24112
629.25156
629.27526
629.51322
629.51538
629.52708
629.54232
629.80584
629.84478
630.06780
630.26142
630.27816
630.80160
630.90780
631.07844
631.49904
631.50804
632.00802
632.02236
632.03232
632.10906
632.11872
632.86824
632.91882
633.96846
634.01226
634.83522
635.44302
635.60940
636.87618
636.88518
636.91218
636.94278
637.33518
637.52916
637.69248
638.27916
638.35206
638.39586
638.58528
638.85852
638.94618
639.71844
639.73554
639.73926
639.74418
639.98508
640.20168
640.41216
640.84278
641.26836
641.41230
641.76882
642.11454
642.18216
643.26222
643.88982
643.99932
644.00214
644.04540
644.83536
645.45684
646.68516
647.13516
647.68566
647.69562
648.35166
648.35670
649.13520
649.14570
649.17324
649.56228
649.56882
650.14308
650.14536
650.21238
650.21598
650.25438
650.29272
650.29554
650.67912
650.85654
650.87880
651.29274
651.78552
651.83544
651.89268
651.90174
651.98322
651.98508
652.05660
652.06596
652.20192
652.23528
652.50174
653.50170
653.53530
653.61864
653.66862
653.96220
654.02904
654.31236
654.81804
654.91230
655.13514
656.16846
656.34894
656.36826
656.94276
658.07886
658.45920
658.75200
659.17590
659.78520
659.78982
659.79552
659.82276
660.41826
660.43458
660.47820
660.48906
660.49152
660.56232
660.96828
661.38498
661.42872
661.54164
661.79550
662.09532
662.12304
662.27874
662.43048
662.48448
663.01200
663.16110
663.17586
663.71814
663.75150
663.75906
663.76206
664.55904
665.58204
665.58762
666.34236
666.37866
666.56556
667.10880
667.20618
667.22250
667.72860
668.10162
668.11506
668.12064
668.15136
668.17452
668.19510
668.21184
668.41806
669.51516
671.00142
671.14596
671.72250
671.83464
671.85438
671.86734
671.90376
671.93466
672.42828
672.51186
672.54174
672.71166
672.84516
672.84846
672.86190
672.88902
672.93876
673.05792
673.25136
673.73568
674.11170
674.16162
674.34198
674.97528
675.13914
675.14670
675.14838
675.20802
675.22530
675.84102
676.40862
676.81782
677.12544
677.27826
677.44182
678.18180
678.23430
678.90588
678.91488
678.94848
679.00116
679.04202
679.06806
679.13184
679.63506
679.66950
680.54112
680.89122
681.19524
681.66300
681.75174
681.90126
682.58208
682.96812
683.01198
683.85168
683.98482
684.06858
684.16830
684.19164
685.58940
685.68216
686.26176
686.72880
686.77746
687.15624
687.36804
687.44520
687.45654
687.93498
689.40678
689.45172
690.51942
691.27596
691.39152
691.92876
692.14506
692.18808
692.24160
693.09918
693.22596
694.00914
694.15206
694.15626
694.17864
694.19886
694.23270
695.14536
695.28966
695.43498
695.56230
695.62866
695.66832
695.67870
695.71878
695.75166
696.38628
696.41580
696.54564
696.99552
697.00428
697.03278
697.09164
697.13916
697.52310
697.82292
697.87878
698.12868
698.57586
698.59542
698.94228
699.06564
699.95898
699.99246
700.11210
700.17588
700.22574
700.25250
700.79532
701.07870
701.29242
701.31186
701.32548
701.40900
701.69250
702.17568
702.18798
702.39234
703.13490
703.19250
703.24224
703.32108
703.33956
704.29692
704.31174
704.42580
704.42976
704.47578
704.52588
704.84214
704.85468
705.32310
705.64518
705.90150
706.52586
706.59546
707.41098
707.41824
707.45820
707.69526
708.49548
709.10922
709.21218
709.57878
709.86228
709.94604
710.06892
711.42888
711.95952
712.56252
712.61202
712.63236
712.73550
712.73844
714.32910
714.65238
714.74574
714.78516
714.91890
716.26152
716.27346
716.45208
716.81406
716.81652
716.84208
717.35670
717.66888
717.78516
717.90204
717.94602
718.70244
719.69046
719.87610
719.88882
720.35184
720.35730
720.42300
720.45288
720.46308
720.50532
720.56634
720.58608
721.03998
721.05942
721.25958
721.37628
722.54604
722.59608
723.29244
724.91646
724.93350
724.93632
725.00724
725.11632
725.81292
726.65256
726.78594
726.81006
726.93882
726.97380
727.24638
728.06310
728.51262
728.56938
728.84658
728.85264
729.64086
729.83610
730.01046
731.31384
731.37012
731.45766
731.58708
732.66360
732.76986
732.80376
732.87036
733.33032
733.54404
733.55316
733.60800
734.35974
734.36268
734.37276
734.45790
734.94612
735.49722
735.52482
735.52698
736.83714
736.89360
736.94358
736.95402
736.96428
736.98036
737.08680
737.56338
737.62044
737.66142
737.78754
737.79474
737.86356
737.89758
737.90388
737.92758
737.95416
738.41790
738.42822
738.43116
738.44658
738.96366
739.31160
739.32534
739.57764
740.44176
740.84508
741.28146
741.31452
741.32064
741.32838
741.34518
741.38784
741.41172
741.42852
741.45912
741.46638
741.49518
741.68754
741.79800
741.83142
742.26186
742.33146
742.54812
742.89186
742.89474
742.90878
742.92102
742.94520
742.99422
743.52594
744.00456
744.04536
744.06834
744.08826
745.45932
745.59828
745.65228
745.67130
745.72146
746.13792
746.70450
747.34206
747.81522
748.07886
748.49850
748.55478
748.58466
748.72830
749.48796
749.60802
749.66508
749.67612
750.43812
750.52596
751.11180
751.96506
752.31078
752.93184
753.44598
753.45948
754.13808
754.20762
754.26534
755.22912
755.61510
756.12138
756.51222
756.67158
758.19774
758.24592
758.28138
758.95284
758.95956
759.09504
759.42918
759.43842
760.31214
760.44156
760.49274
760.57176
760.57842
760.73232
761.04498
761.54598
761.91570
761.96562
762.04500
762.10998
762.17628
762.87666
762.96564
763.60548
763.61574
763.96302
764.30514
765.07260
765.09918
765.61302
765.81588
765.84552
765.85866
765.92490
765.95268
765.95520
765.97200
765.98274
765.99336
767.40540
767.63928
769.22232
769.51620
770.04642
770.05344
770.06634
770.78910
771.32892
771.74364
771.82266
772.04964
772.88952
772.98936
773.04960
773.61054
773.64408
773.74326
773.77032
773.80008
773.80332
773.82918
773.85654
774.14430
774.33690
775.70670
775.70916
775.71324
775.71522
775.71678
775.71852
775.72056
775.72770
775.79718
775.80648
775.82838
777.16302
777.90216
777.94020
778.06722
778.12086
779.16876
779.72370
779.80062
780.72822
781.24812
781.29534
781.36476
781.40682
782.41770
783.27894
784.46832
784.84896
784.85178
784.86798
784.87488
785.82522
787.03278
787.15236
787.17528
787.70838
787.79718
787.86930
788.18580
788.88252
789.04764
789.08322
789.54948
790.89972
790.90962
791.59776
791.62026
791.85372
792.28728
792.60732
792.62742
792.65754
792.72240
792.76488
792.84144
792.87744
793.17768
793.25430
793.56762
793.57116
793.74396
793.77528
793.78056
793.82214
793.85376
794.85492
794.86158
794.92116
795.14922
796.32966
796.33878
796.37850
796.73310
796.80552
796.86162
796.95558
796.98912
797.02872
797.33622
797.46660
797.47896
797.81688
797.81976
798.12888
798.68664
798.94608
799.79688
800.17062
800.17764
800.17974
800.23452
800.25336
800.74062
800.75124
800.77404
800.78046
800.80722
800.84712
800.88000
801.04050
801.35448
801.37104
801.47016
801.53796
801.62424
801.69078
801.70188
801.70758
801.71754
801.72438
801.77790
801.81384
801.82434
801.88812
801.99120
802.00758
802.02798
802.13052
802.20786
802.30770
802.44120
802.45206
802.46442
802.49748
802.54122
802.72170
802.78086
803.17476
803.42202
803.62494
803.69778
803.72496
803.88408
803.89164
803.90256
803.90856
803.95848
804.01524
804.10854
804.11490
804.34200
804.79794
804.80874
804.81552
804.90264
804.93648
804.95850
805.00890
805.01172
805.02558
805.03158
805.03920
805.07526
805.08204
805.10886
805.19196
805.23930
805.26984
805.28220
805.55142
805.70904
805.84248
805.97580
805.98954
806.07000
806.08230
806.09880
806.25924
806.30916
806.56566
806.57604
806.75934
806.92338
807.13992
807.45984
807.48720
807.70980
807.99024
808.07658
808.11606
808.19316
808.32654
808.52670
808.59336
808.67082
808.99344
809.08344
809.15994
809.17392
809.19060
809.20446
809.55456
809.61018
809.77692
809.86032
810.04068
810.06036
810.06708
810.07128
810.12714
810.24378
810.37146
810.53364
810.62730
810.86094
810.90516
810.91062
810.91440
810.97440
810.97626
811.76112
811.82778
811.84590
811.84764
811.85088
811.95084
811.96098
812.51724
812.60058
812.62398
813.68748
813.70128
813.70854
813.71172
814.24512
814.26816
814.63506
815.25630
815.65638
815.72520
815.77602
815.84550
815.88810
815.90514
815.92470
815.92884
815.94540
815.94738
816.04182
816.13500
816.76644
816.85224
817.04226
817.05240
817.11906
817.60974
817.62930
817.69320
818.13576
818.72652
819.87618
819.89088
820.07274
820.89102
820.96728
821.23656
821.26398
821.38956
821.43060
821.54724
821.89728
821.99724
822.09732
822.39744
822.81426
822.89760
823.01142
823.26432
823.31808
823.37544
823.48746
823.50402
823.63134
823.65162
823.66464
823.68132
823.69794
823.78776
823.87548
824.06472
824.09802
824.22072
824.39802
824.53152
824.64516
824.68146
824.68800
824.70888
824.71152
824.75460
824.76126
824.84244
824.86500
825.00498
825.02106
825.20526
825.32136
825.34842
825.38190
825.41526
825.43176
825.60504
825.68190
825.94884
825.95502
825.96534
825.97890
826.12494
826.22430
826.59900
826.64910
826.98888
827.26926
827.27970
827.29908
827.31588
827.32968
827.38878
827.46960
827.49954
827.68284
827.69358
827.69544
827.87706
827.94942
827.96604
828.15582
828.23280
828.62730
828.81660
828.88962
828.89976
829.16658
829.21662
829.26672
829.55016
830.01390
830.09682
830.10036
830.12094
830.49462
830.54460
831.08406
831.28098
831.30066
831.49026
831.54066
831.68412
832.16472
832.21464
832.23792
832.25778
832.26354
832.29126
832.30068
832.31166
832.31772
832.35102
832.36782
832.57398
832.59822
832.70112
832.70736
832.73454
832.77426
832.79520
832.79820
832.94820
833.17878
833.19102
833.19846
833.22156
833.53482
833.60784
833.64090
833.66526
834.09120
834.14592
834.17190
834.36540
834.80832
834.86484
834.88134
834.88524
834.90828
835.06572
835.39134
835.40820
835.52520
835.68540
836.57970
836.58282
836.59164
836.60238
836.65860
837.03918
837.04212
837.08196
837.09954
837.10854
837.11334
837.58578
837.66942
837.69966
837.99228
838.08270
838.10262
838.11654
838.11942
838.16952
838.17636
838.27614
838.32558
838.41954
838.84254
838.85634
838.88064
838.96368
839.04264
839.07300
839.18634
839.46984
839.51988
839.53056
839.61672
839.63652
839.81994
839.82648
840.05328
840.05982
840.09936
840.12624
840.13674
840.20328
840.76452
840.88704
841.02660
841.12650
841.15230
841.16748
841.30368
841.42050
841.50072
841.50990
841.53426
841.71768
841.72698
841.73424
841.74342
841.77048
841.89834
842.06022
842.20014
842.26020
842.67708
842.90418
843.18186
843.30120
843.41052
843.73782
843.91038
843.92106
843.92778
844.10166
844.14420
844.37148
844.40478
844.46106
844.47750
844.49904
844.53516
844.53816
844.55190
844.57152
844.58820
844.62810
844.63818
844.65474
844.67160
844.68816
844.70490
844.71858
844.75500
844.77150
844.80486
844.82814
844.83822
844.86138
844.91094
844.93548
844.93830
844.95492
844.97160
845.00496
845.03526
845.07162
845.08242
845.16630
845.24436
845.91144
845.95242
845.99466
846.01794
846.07848
846.08124
846.73884
846.91170
847.58340
847.58922
847.66476
847.67268
848.02278
848.29578
849.95988
850.21338
850.98432
850.99218
851.02692
851.04384
851.05152
851.43036
851.66346
851.69676
851.77794
851.84070
851.88516
851.90742
852.26358
853.09716
854.23560
854.28570
854.31150
854.69166
855.26472
855.58152
855.79182
855.90876
855.96972
856.00314
856.38210
856.63650
858.11856
858.15360
858.21558
858.36336
858.39894
858.87078
859.38060
860.08788
860.09952
860.17542
860.43318
860.51664
862.10514
862.19022
862.21716
862.25418
862.30062
862.30734
862.31724
862.38144
862.45800
862.78878
862.81740
863.02806
863.21784
863.84856
863.85864
863.86500
863.86770
863.87868
863.90370
863.92536
864.08502
865.51842
865.52298
865.56858
865.58544
866.37906
866.62338
866.85216
867.07206
867.39618
867.75252
868.00302
868.00914
868.05924
868.09638
868.18596
869.32698
869.34384
869.36208
869.78028
871.81812
872.18520
872.27094
872.94840
872.98482
873.15480
874.02822
874.06218
874.06890
874.36260
875.43246
875.54340
876.62046
876.66294
876.70326
876.72558
876.92298
877.92948
878.25672
878.27346
878.29650
878.32740
878.44404
878.80662
880.07358
880.08048
880.49034
880.55742
880.88142
881.60754
881.63340
881.69130
881.71980
881.84844
882.24102
882.36522
882.56244
882.62466
883.35150
883.70508
883.71210
883.71570
883.83534
883.90848
883.91298
883.98540
884.04222
884.47956
884.48202
884.62536
884.64174
884.75880
884.81772
884.82978
885.27540
885.27960
885.48288
885.88308
886.60278
887.04012
887.21382