0.29686
0.51544
0.51832
0.60370
0.61366
0.61900
0.99682
1.26130
1.64170
1.65556
1.89742
1.97458
2.00476
2.03920
2.78008
3.03532
3.30748
3.35182
3.46822
3.50290
3.51874
3.52060
3.69046
3.69796
3.70030
3.71128
3.79846
3.80578
3.81502
3.95440
3.97426
4.06084
4.08178
4.08688
4.14070
4.40422
4.42114
4.57138
4.71226
4.72774
4.78360
4.81474
4.84282
4.84870
4.95850
4.97698
5.11048
5.12116
5.15560
5.15794
5.41162
5.45782
5.50114
5.52826
5.65672
5.69674
5.77474
5.88532
5.88784
5.89264
5.96938
5.98582
5.99866
6.00742
6.03652
6.19012
6.26716
6.29392
6.40738
6.42256
6.48460
6.50890
6.56644
6.56842
6.77254
6.79534
6.85330
6.85888
7.06210
7.09108
7.09288
7.10152
7.12600
7.13182
7.17514
7.39846
7.86772
7.89790
7.91464
8.16046
8.19130
8.19490
8.80018
8.84260
8.89456
8.92198
9.01492
9.18526
9.40912
9.41098
9.41632
9.41830
9.44512
9.45190
9.68338
9.69340
9.72142
9.88840
9.93904
9.99508
10.01146
10.01860
10.02190
10.02466
10.12186
10.17064
10.23754
10.35664
10.45006
10.48888
10.75588
10.76518
10.77232
10.79386
10.92640
11.54122
11.79400
11.80102
11.82676
11.88058
12.40510
12.42910
12.43438
12.43816
12.51352
12.51922
12.54304
12.60532
12.64342
12.68218
12.96622
13.16152
13.49536
13.50244
13.50712
13.51804
13.78978
14.11912
14.12356
14.28232
14.53240
14.66818
14.69350
15.09658
15.12934
15.35656
15.39940
15.45268
15.65584
15.69340
15.76480
15.77656
15.79288
16.03846
16.05454
16.05958
16.22464
16.25824
16.26628
16.26826
16.27426
16.27720
16.28308
16.29100
16.29424
16.30576
16.49272
16.55566
16.56340
16.84222
16.84696
16.97350
16.98394
16.99966
17.00632
17.22274
17.24686
17.50990
17.52166
17.53366
17.54314
17.54884
17.60758
17.61094
17.62456
17.72272
17.84218
17.96656
17.98696
18.20266
18.21280
18.44440
18.45424
18.45958
18.46132
18.55366
18.57358
18.74926
18.75544
18.76396
18.76678
18.77080
18.90412
18.93364
19.12378
19.63936
19.66672
20.05234
20.09014
20.09386
20.10700
20.11054
20.12122
20.16118
20.33944
20.35246
20.36158
20.36776
20.40370
20.61130
20.66182
20.66902
20.68366
20.69128
20.70568
20.72860
20.73046
20.84932
20.85682
20.85904
20.87722
20.88766
21.35470
21.36676
21.77092
21.77344
21.84682
21.85390
22.02088
22.05226
22.09666
22.11190
22.14340
22.63048
22.66342
22.69678
23.02450
23.38252
23.40586
23.40748
23.44132
23.45620
23.61790
23.64346
24.04066
24.04906
24.05110
24.43606
24.45466
24.46450
24.58078
24.58336
24.72046
24.84994
24.85888
24.88474
25.13500
25.23604
25.52926
25.56856
25.60162
25.64584
25.91770
25.93876
25.95520
26.00392
26.02888
26.04148
26.12164
26.16724
26.18110
26.20186
26.23498
26.24368
26.26972
26.27188
26.28094
26.46202
26.51740
26.52802
26.73394
26.95240
27.13498
27.19936
27.34942
27.40846
27.57508
27.66784
28.21540
28.35196
28.48126
28.64620
28.80202
28.96864
28.97020
28.97728
29.21110
29.24110
29.46856
29.48098
29.55166
29.56744
29.58106
29.59678
29.75860
30.10912
30.12508
30.41830
30.61636
30.63898
30.64714
30.65980
30.66574
30.74140
30.85084
30.86560
30.87610
30.87988
31.31320
31.31518
31.33150
31.33558
31.64950
31.66582
31.69180
31.70710
31.70884
31.75570
31.98580
32.14600
32.19934
32.20426
32.20660
32.43694
32.49550
32.57686
32.57908
32.58214
32.59228
32.59702
32.75080
32.75620
32.76250
32.76442
33.02542
33.31018
33.31216
33.32530
33.32710
33.49420
33.51562
33.65266
33.66658
33.71986
34.35046
34.40740
34.70488
34.83976
34.85608
34.94782
35.52010
35.58550
35.63764
35.69722
35.83048
35.84272
35.90554
35.91814
35.94340
35.94886
35.97352
35.99038
36.17590
36.30706
36.33406
36.40672
36.43678
36.55420
36.55726
36.90694
37.01464
37.06072
37.13140
37.22680
37.28446
37.29922
37.30822
37.44208
37.44676
37.56340
37.58362
37.74724
37.76470
37.92172
37.93078
38.22640
38.42842
38.43670
38.55352
38.67466
38.79382
38.98222
39.25114
39.25504
39.55738
39.56050
39.56560
39.62284
39.62836
39.80206
39.83230
40.02880
40.28164
40.33426
40.33690
40.34152
40.34446
40.44850
40.45834
40.58020
40.69570
40.69918
40.73368
40.93096
40.96546
40.99924
41.27116
41.28190
41.29180
41.29570
41.30386
41.30836
41.55982
41.84200
41.86252
41.87932
41.89456
42.05632
42.06532
42.26812
42.27946
42.34240
42.38266
42.39484
42.67858
42.77098
42.92746
42.93604
42.94186
43.11130
43.15270
43.17208
43.42078
43.42432
43.68622
43.70524
43.71238
43.75276
44.09158
44.10490
44.32792
44.45206
44.46700
44.55358
44.57326
44.73376
44.75242
44.75614
45.27928
45.44446
45.44788
45.68626
45.70228
46.15648
46.16122
46.17754
46.20898
46.64974
46.65394
46.86274
46.86430
46.88452
47.13904
47.15758
47.40730
47.41738
47.65270
47.95114
47.95294
47.95594
47.96962
48.04036
48.04210
48.04378
48.06970
48.23134
48.36076
48.36886
48.51106
48.51724
48.54892
48.67102
48.69430
48.78514
48.92074
48.94456
48.99844
49.20820
49.21582
49.22104
49.38724
49.44772
49.68466
49.76152
49.80796
49.86046
49.88086
49.90084
50.08738
50.10808
50.28130
50.35336
50.39620
50.56180
50.59888
50.66272
50.86300
50.97112
50.97598
51.18526
51.18766
51.19060
51.19264
51.32734
51.44182
51.44848
51.46522
51.63898
51.67528
51.81694
51.81856
52.07554
52.12954
52.13158
52.13428
52.14982
52.19212
52.23538
52.23952
52.24114
52.24564
52.26952
52.53142
52.54234
52.67464
53.06380
53.58706
53.61358
53.76592
54.01714
54.20362
54.26248
54.30976
54.57982
55.23310
55.23502
55.23736
55.50046
55.52470
55.71982
55.87078
55.87282
55.88302
55.93978
56.07538
56.08234
56.09986
56.15242
56.34112
56.37436
56.39332
56.39602
56.61628
56.65342
56.70640
56.84320
56.88046
57.36646
57.39772
57.41854
57.43816
57.52738
57.80392
58.01914
58.26280
58.27120
58.29448
58.46722
58.49794
58.56766
58.59424
58.71310
58.72450
58.75486
58.84054
58.90222
58.92358
58.94398
59.31442
59.31916
59.62450
59.63704
59.78440
59.81176
59.84836
59.87374
59.98456
60.09652
60.21442
60.22528
60.28102
60.33208
60.33718
60.35800
60.61012
60.62530
60.91168
60.92728
60.94882
60.99832
61.00162
61.31170
61.33240
61.33528
61.34062
61.34392
61.89682
61.90198
61.90558
61.91212
62.07610
62.10196
62.37286
62.40934
62.46232
62.46430
62.72296
62.77612
63.34198
63.39946
63.61642
63.62962
63.64210
63.65374
63.69934
63.99238
64.09702
64.11076
64.27306
64.35400
64.43176
64.44550
64.45594
64.46080
64.47658
64.61650
64.74226
64.75906
64.77550
64.88248
64.88638
64.89070
64.91962
64.93396
65.03500
65.05438
65.23018
65.25892
65.27008
65.27440
65.29096
65.59036
65.59978
66.05188
66.38788
66.39688
66.39982
66.53314
66.54646
66.84040
67.24966
67.27510
67.29934
67.33054
67.34080
67.34326
67.60834
67.63090
67.65670
67.75144
67.91236
67.92814
67.94932
67.95838
68.12488
68.32678
68.34988
68.35756
68.37160
68.60074
68.61916
68.62084
68.62510
68.63080
68.92096
68.97406
69.17080
69.18238
69.24112
69.36724
69.37234
69.53764
69.66112
69.75064
69.86380
69.99094
70.01338
70.11460
70.19482
70.21822
70.33534
70.33786
70.34986
70.36474
70.50688
70.71946
70.74196
70.74856
70.87150
70.92406
70.92976
70.95364
71.01166
71.09242
71.09890
71.11414
71.41042
71.41240
71.61382
71.61538
71.61802
71.63224
71.85736
71.92204
71.99860
72.18850
72.19564
72.21310
72.22306
72.22642
72.57334
72.60640
72.68782
72.69466
72.92794
73.25230
73.36636
73.48858
73.49014
73.49884
73.70944
73.71622
73.71826
74.03068
74.63854
75.09568
75.15634
75.30016
75.60388
75.89194
75.89374
75.89950
76.23208
76.25590
76.51114
76.93348
76.95364
76.98358
76.98820
76.99042
77.17792
77.17960
77.43418
77.83744
78.05020
78.06142
78.25114
78.27430
78.28648
78.41476
78.87076
78.87760
78.88000
78.88768
79.11760
79.39456
79.40164
79.40968
79.42030
79.43008
79.43266
79.72840
79.81924
79.84072
79.92184
79.96798
80.03794
80.28454
80.30170
80.31412
80.34538
80.61394
80.61598
80.72578
80.83474
80.84110
80.87326
80.94562
81.02776
81.03790
81.06454
81.14242
81.15226
81.28324
81.29740
81.39478
81.41758
81.41944
81.53704
81.65014
81.65308
81.69130
81.70804
81.72562
81.80344
81.84820
81.85462
81.88102
82.09348
82.09774
82.10296
82.11988
82.12186
82.12798
82.13200
82.16482
82.36786
82.38526
82.38820
82.39192
82.40566
82.41400
82.58848
82.95070
83.28898
83.29600
83.29918
83.30464
83.32876
83.56216
83.63140
83.72968
83.75278
84.00436
84.29638
84.50116
84.54340
84.55450
84.56122
84.78046
84.78562
84.78856
84.82990
84.85162
84.87970
84.88546
85.16908
85.35862
85.38928
85.39180
85.57978
85.67830
85.83022
85.87048
85.91572
86.21926
86.59390
86.97652
87.04390
87.07288
87.44014
87.96274
87.96436
88.05076
88.05760
88.35892
88.40938
88.55692
88.56142
88.76650
88.77118
89.05996
89.51362
89.52814
89.52976
89.54962
89.85946
89.91154
90.00496
90.12472
90.16012
90.23728
90.53026
90.92104
90.94396
90.94780
91.05622
91.14850
91.16506
91.27150
91.28962
91.36384
91.50514
91.58476
91.62118
91.86046
91.88956
92.14420
92.17774
92.30038
92.30230
92.43418
92.53324
92.56978
92.64406
92.80102
92.89924
93.10840
93.22516
93.23536
93.26794
93.51214
93.51412
93.54766
93.54964
93.62152
93.66778
93.67942
93.82888
93.83860
93.85234
94.19542
94.21174
94.67896
94.69828
94.71838
94.74106
94.94104
94.94398
94.94968
94.97572
95.17582
95.25220
95.27320
95.27968
95.28772
95.30128
95.31514
95.49748
95.96632
96.40828
96.41302
96.42004
96.42460
96.77956
96.97318
97.33606
97.51456
97.52632
97.57090
97.78672
97.80556
97.92034
98.18344
98.22850
98.26948
98.59438
98.61118
98.61310
98.62390
98.65534
98.67130
98.72848
98.96416
99.00700
99.10108
99.28678
99.29128
99.29770
99.31318
99.31972
99.65074
100.03876
100.05412
100.06810
100.07386
100.20466
100.21390
100.24084
100.48036
100.52050
100.54600
100.55734
100.58362
100.70332
100.72786
100.84708
100.99726
101.13082
101.37490
101.38084
101.38474
101.39416
101.39728
101.77774
101.77960
101.99950
102.07054
102.07216
102.08722
102.16126
102.16318
102.27826
102.30148
102.30508
102.32578
102.55864
102.56278
102.76528
102.96136
102.98542
103.04746
103.10416
103.43014
103.56982
103.60690
103.61308
103.89292
104.09716
104.10700
104.30686
104.30956
104.46112
104.48104
104.53678
104.73772
104.73976
104.76592
104.98552
104.98720
105.37606
105.38350
105.39574
105.60454
105.78604
105.92500
105.94000
105.94636
105.95236
106.17508
106.22962
106.24378
106.82980
107.00098
107.44480
107.45068
107.64538
107.66134
107.78434
108.10906
108.13300
108.28276
108.28438
108.61030
108.61186
108.81082
109.16410
109.18366
109.32868
109.65064
109.86592
110.00734
110.00968
110.31154
110.31442
110.65960
110.72368
110.73928
110.75542
110.98432
111.13210
111.16792
111.17854
111.19024
111.30754
111.38764
111.78484
112.14790
112.32556
112.37878
112.62928
112.65310
112.79194
112.80610
112.80856
112.83304
112.88962
112.89838
112.91602
113.22010
113.29258
113.31904
113.33554
113.45698
113.60296
113.61262
113.61604
113.65864
113.68012
113.68840
113.71648
113.86630
113.89588
113.96812
114.07912
114.19972
114.33970
114.38002
114.44998
114.55924
114.59632
114.67126
114.80908
114.83266
114.85912
114.86374
115.02988
115.49674
115.86964
115.87600
115.87888
115.88590
116.07466
116.23522
116.34688
116.35408
116.35618
116.74000
117.07978
117.21232
117.21424
117.39208
117.83218
117.83398
118.24804
118.28752
118.30450
118.30942
119.04550
119.28094
119.50546
119.62144
119.63206
119.71870
119.75128
119.77444
119.93572
120.15922
120.16906
120.40594
120.44146
120.47512
120.63568
121.14526
121.38004
121.40956
121.69378
121.69978
121.91296
122.04490
122.10514
122.45806
122.59414
122.87812
122.92072
122.96128
122.99020
123.01186
123.01624
123.02062
123.02812
123.04138
123.11062
123.13378
123.14002
123.16156
123.53704
123.66064
123.66616
123.67078
123.67414
123.69178
123.83596
123.95554
123.97552
124.01998
124.06222
124.11910
124.14838
124.20418
124.26004
124.35820
124.44802
124.45102
124.61770
124.62022
124.81168
124.85650
125.01382
125.25946
125.28514
125.32450
125.40130
125.42428
125.43184
125.48962
125.51878
125.53726
125.93134
126.19234
126.22084
126.25180
126.25858
126.26560
126.26824
126.81478
126.84892
126.88240
126.90784
126.92386
127.18030
127.26136
127.32484
127.33006
127.33270
127.45570
127.65214
127.66384
127.66540
127.98028
128.30248
128.32426
128.95708
129.00382
129.18520
129.18670
129.21022
129.65404
129.77668
129.78778
129.82912
129.84916
130.31482
130.39894
130.80496
130.80718
130.84492
131.11162
131.24518
131.24782
131.26738
131.26984
131.68156
131.69038
131.70610
132.13462
132.15142
132.16096
132.18208
132.34648
132.37864
132.38644
132.84436
132.87094
132.99232
133.01944
133.02496
133.03510
133.03720
133.28884
133.44580
133.49158
133.54864
133.56172
133.58170
133.76506
133.91872
133.92460
134.20120
134.21212
134.22034
134.22244
134.24242
134.37952
134.41810
134.44816
134.47744
134.49940
134.51824
134.62240
134.64976
134.66926
134.70094
134.70868
134.87830
134.88526
134.89240
135.00886
135.01474
135.23728
135.48304
135.49084
135.69214
135.69850
135.73924
135.74146
135.94864
135.95920
136.00588
136.01188
136.40566
136.92118
136.92448
137.20504
137.25094
137.28946
137.29384
137.34262
137.73400
137.75740
137.75950
138.55378
138.92362
139.19656
139.22236
139.23832
139.29700
139.29994
139.30858
139.61452
139.88452
139.88644
140.13034
140.14594
140.18758
140.39050
140.40310
140.40784
140.96872
140.97874
141.15262
141.16354
141.16996
141.50182
141.58702
141.62806
141.63046
141.94750
142.56226
142.71700
142.72246
142.99888
143.04076
143.05402
143.07838
143.08468
143.10586
143.21158
143.27170
143.47474
143.48122
143.49136
143.49772
143.60362
143.73778
143.74258
143.75926
143.76172
143.76394
143.79076
143.80198
143.85004
144.08542
144.10612
144.12502
144.13816
144.14896
144.27832
144.62164
144.64936
144.66484
144.75640
144.90856
144.92848
145.09996
145.34158
146.11246
146.12686
146.15500
146.17474
146.27506
146.93344
146.97136
146.99878
147.00244
147.02632
147.12550
147.13684
147.39832
147.40126
147.40834
147.55642
147.58222
147.80308
148.71568
148.77532
149.04964
149.08954
149.09284
149.09746
149.17726
149.31304
149.35330
149.75974
149.87644
150.23740
150.27670
150.63304
150.65998
150.67360
150.69682
151.09432
151.25362
151.39720
151.42702
151.44268
151.44676
151.74670
151.76374
151.77436
152.03266
152.04274
152.05012
152.77054
152.78044
153.12400
153.12574
153.18754
153.21988
153.70282
153.99724
154.07332
154.10716
154.18678
154.23976
154.25044
154.25230
154.27732
154.57732
154.69414
154.70740
154.74418
154.95640
154.98700
155.24782
155.35132
155.42794
155.43184
155.66452
155.71000
156.32506
156.47110
156.66022
156.69994
156.85960
156.88264
156.89926
156.90478
156.91024
156.92470
157.15678
157.24150
157.31482
157.34092
157.48246
157.49770
157.52218
157.90402
157.90576
157.91176
157.93864
157.96576
158.04100
158.23984
158.63920
158.70550
158.71276
158.72200
158.84020
158.86210
159.02128
159.04198
159.49456
159.53932
159.70612
159.73948
159.88930
159.98944
160.13764
160.15822
160.17736
160.65916
160.66192
160.68184
160.69120
161.21950
161.23186
161.23936
161.24176
161.24860
161.26288
161.28202
161.29192
161.30560
161.99434
162.27178
162.28210
162.28594
162.28828
162.56494
162.56854
162.57100
162.57304
162.96850
163.25212
163.31200
163.36840
163.59232
163.62460
163.71604
163.72102
164.15572
164.15872
164.16592
164.60350
164.60536
164.77366
165.04624
165.05038
165.19018
165.21580
165.25024
165.27322
165.28018
165.29920
165.30244
165.32908
165.40210
165.55858
165.59434
165.60718
165.61498
165.62890
165.72388
165.75112
165.87628
165.99922
166.02400
166.15834
166.19932
166.30246
166.33444
166.36828
166.37806
166.54594
166.59322
166.68940
166.77214
166.78552
166.79572
166.82926
166.88266
166.90360
167.03668
167.04958
167.05114
167.05378
167.06122
167.07568
167.70010
167.86006
168.20416
168.21382
168.24988
168.26164
168.81436
168.82618
169.04374
169.06420
169.28404
169.49740
169.51006
169.92712
169.96714
169.96966
169.97296
170.34094
170.40952
170.41132
170.43676
170.43862
170.72272
170.73760
170.75008
171.08926
171.09796
171.10174
171.48676
171.59092
171.59416
171.60124
171.75334
172.15642
172.25026
172.49620
173.09686
173.10118
173.11312
173.66464
174.43096
174.65080
174.94048
175.00774
175.06036
175.25080
175.27444
175.30048
175.34152
175.39144
175.46080
175.57432
175.59994
175.65682
175.65952
175.73374
175.86730
175.88860
175.89442
175.90078
175.91002
175.91176
175.92214
175.92484
175.92784
176.05672
176.21026
176.23438
176.29036
176.37664
176.45710
176.66566
176.67598
176.71954
176.73094
176.76802
176.86474
176.91508
176.96266
176.98138
176.98852
176.99842
177.02968
177.07780
177.13408
177.24076
177.43846
177.81508
178.18192
178.19194
178.22692
178.47190
179.26180
179.29018
179.66248
180.15496
180.18376
180.26794
180.30166
180.31948
180.45136
180.59716
180.74128
180.92578
180.94144
181.27870
181.33642
181.36852
181.38892
181.39126
181.41622
181.71448
181.78558
181.80748
181.83334
181.85140
182.43490
182.43760
183.13798
183.14710
183.18598
183.19570
183.82138
183.85930
183.87850
183.88294
183.89842
184.14058
184.14508
184.18492
184.28680
184.44412
184.45204
185.03080
185.06872
185.10508
185.32816
185.33698
185.51890
185.78992
185.92174
185.94442
186.47314
186.47902
186.93214
186.96634
187.05646
187.10086
187.11694
187.13602
187.18582
187.37872
187.41154
187.56736
187.66258
187.69504
187.75534
188.00542
188.13322
188.47360
188.50558
188.56708
188.93008
189.09958
189.10678
189.14326
189.26518
189.33958
189.44872
189.47596
189.61198
189.64246
189.84052
189.84604
190.13932
190.53178
190.54168
190.54516
190.66294
190.87882
191.50348
191.57968
191.60284
191.62570
191.77894
192.12886
192.89938
192.92254
192.94162
192.94966
192.96976
192.97744
193.57792
193.78516
193.81060
193.82932
194.02006
194.04688
194.07628
194.11720
194.13466
194.18890
194.21098
194.30650
194.31052
194.67400
194.70370
195.11662
195.21670
195.25072
195.37690
195.39124
195.59116
195.59392
195.73756
195.74650
195.91390
196.29958
196.31092
197.05444
197.05618
197.07148
197.25160
197.28988
197.84578
197.85994
197.89216
197.93422
197.94076
198.26464
198.26758
198.28438
198.38746
198.41776
198.47506
198.48796
198.49132
198.50104
198.66844
198.82582
199.04272
199.20232
199.59124
199.62256
199.62652
200.57818
200.83582
200.93038
200.94898
200.98432
200.98882
201.03700
201.04156
202.01614
202.12774
202.35502
202.39024
202.52452
202.52818
202.58566
203.56030
203.56300
203.56546
203.59960
205.19578
205.19998
205.21948
205.23250
205.27438
205.28350
205.89610
205.90684
205.92370
206.11270
206.11990
206.12632
206.13262
206.75416
206.75602
206.76964
207.16450
207.18394
207.28594
207.46678
207.63700
207.87682
207.88786
207.90406
208.26784
208.67866
209.04400
209.30158
209.32114
209.42626
209.49394
209.66440
209.69458
209.73460
209.76460
209.83798
209.88442
209.92924
210.06040
210.25870
210.31576
210.43120
210.48904
210.50536
210.52168
210.65548
210.73756
210.80884
210.83944
210.85000
211.01572
211.03552
211.07422
211.20646
211.22776
211.55164
211.56172
211.60156
211.94848
211.96666
211.97218
212.23996
212.35552
212.48002
212.79250
213.11872
213.12280
213.50266
213.51004
213.52456
213.54430
213.60532
213.62764
213.63604
213.65236
214.04362
214.05670
214.07956
214.10734
214.12324
214.12978
214.20646
214.39864
214.41706
214.93006
214.94038
215.00692
215.05552
215.08462
215.27854
215.65732
215.65972
215.66338
215.71438
215.86366
216.97930
216.98566
217.06792
217.08202
217.08718
217.09102
217.11142
217.43080
217.43500
217.70386
217.72420
217.73026
217.73908
217.74514
217.75510
217.75798
217.77178
217.99468
217.99702
218.06188
218.64802
218.67862
218.69332
218.70958
219.07876
219.44206
219.45196
219.84940
219.86548
219.86794
219.87472
219.90358
219.92260
220.26694
220.60246
220.67836
221.10616
221.34352
221.41972
221.44690
221.59900
221.84650
221.95726
222.18940
222.23668
222.23854
222.71806
222.80230
222.82636
223.06054
223.07122
223.07716
223.14316
223.30054
223.37578
223.39540
223.50886
223.88344
223.92724
223.95010
224.06710
224.41954
224.43088
224.90008
224.91562
225.01822
225.02284
225.03322
225.04102
225.51430
225.56074
225.57934
225.92188
225.93478
225.94030
225.95950
225.96598
226.01860
226.26130
226.26796
226.30726
226.34374
226.36642
226.96534
227.28796
227.29090
227.29540
227.29852
227.30218
227.30536
228.00586
228.10276
228.10468
228.10744
228.41524
228.65488
229.02166
229.02634
229.03534
229.04512
229.33648
229.37272
229.37548
229.52998
229.54324
229.54894
230.09146
231.37252
231.44434
231.45328
231.45904
231.46234
231.60940
231.75202
231.93148
231.93640
231.96322
232.00708
232.03366
232.06606
232.11634
232.17916
232.53544
232.56154
232.63720
232.64722
232.83940
232.88266
232.89724
233.03044
233.12578
233.39608
233.53006
233.53288
233.81296
233.89462
233.91916
234.49606
234.53290
234.87982
234.90748
235.30342
235.32442
235.35346
235.35616
235.53748
235.92754
236.79430
236.86750
236.97040
237.03388
237.41254
237.53998
238.12828
238.44784
238.46056
238.70182
238.70542
238.70734
238.74352
239.07370
239.19988
239.20954
239.39032
239.63356
239.66260
240.14932
240.18106
240.25378
240.27730
240.34852
240.57862
240.86848
241.41526
241.43746
241.48528
241.53214
241.53382
241.55236
241.57126
241.84450
242.14906
242.20114
242.24560
242.26732
242.29144
242.33212
242.34742
242.43526
242.48380
242.57446
242.74162
242.89210
242.91766
242.93356
243.09286
243.10900
243.26416
243.27484
243.40624
243.42154
243.67858
243.69766
243.71584
243.74512
243.75994
244.21264
244.38856
244.41676
244.43194
244.88992
245.44228
245.47492
245.51584
245.74660
245.74894
246.01354
246.01576
246.03238
246.71566
246.74374
247.50544
247.56502
247.57012
247.57456
247.99954
248.01040
248.01622
248.02984
248.04022
248.20714
248.20906
248.48806
248.49592
248.51716
248.69830
248.78176
249.15292
249.18610
249.34552
250.04326
250.06588
250.25758
250.67116
250.68934
250.69990
250.73290
251.05870
251.26642
251.26990
251.34382
251.77738
251.99194
252.61648
252.62938
252.63940
252.64738
252.65830
253.10836
253.14448
253.29016
253.30042
253.46662
253.82926
253.85722
253.96012
254.16976
254.33338
254.42290
254.57764
254.58532
254.61904
254.72020
254.72920
254.86666
254.87014
254.91100
255.05632
255.15676
255.41398
255.42910
255.46300
255.52054
255.63244
255.65002
255.69322
255.82228
255.88654
255.91672
256.02052
256.03462
256.08682
256.12306
256.14292
256.28986
256.32064
256.34206
256.38238
256.40878
256.74994
256.95664
256.97314
257.05870
257.19568
257.21296
257.22304
257.39782
257.49508
257.81392
257.97706
258.01762
258.04996
258.28714
258.29596
258.62956
258.79210
258.79414
258.80218
259.04002
259.21684
259.23346
259.26160
259.74052
259.74712
259.75024
259.78420
259.80028
259.94404
260.07088
260.70796
260.77714
261.29158
261.29938
261.39064
261.76762
262.23754
262.29490
262.47766
262.47934
262.48330
263.31466
263.32750
263.60512
263.74546
264.13594
264.16882
264.19702
264.82372
265.29490
265.43602
265.45474
265.65484
265.65946
265.74988
266.01820
266.05474
266.07880
266.08354
266.09224
266.09548
266.23444
266.28478
266.34964
266.37814
266.40466
266.41210
266.42158
266.53822
266.55580
267.00466
267.13144
267.18796
267.43882
267.74830
268.32202
268.50670
268.63510
268.67710
268.72504
268.79332
269.10664
269.11144
269.11492
269.12254
269.51194
269.51356
269.51884
269.53288
269.54566
269.54734
269.55412
269.55976
269.84476
269.85172
270.21118
270.38146
270.42520
270.47392
270.80878
271.10122
271.43914
272.36566
272.36920
272.87500
272.89252
272.89684
272.91748
273.16210
273.20602
273.20758
273.21220
273.23302
273.25078
273.28174
273.28336
273.33568
273.40108
273.85120
273.90514
273.91552
273.95044
274.35010
274.43662
274.44220
274.97746
275.00932
275.19292
275.59960
275.60338
275.71594
275.92042
275.99956
276.01672
276.78406
276.89494
277.01950
277.23952
277.27042
277.27660
277.30714
277.41496
277.43776
277.43932
277.48360
277.66534
278.12992
278.39224
278.39740
278.40034
278.92216
278.92408
278.95426
279.18070
279.48718
279.49120
279.69382
279.70564
279.97990
279.99994
280.00492
280.01464
280.04296
280.21552
280.21888
280.23868
280.43782
280.69576
280.70476
280.74448
280.74892
281.23780
281.28214
281.37850
281.38006
281.38528
281.88238
281.91790
281.99536
282.03742
282.07072
282.40228
282.41800
282.42196
282.46204
282.69040
282.70252
282.71656
282.74158
282.76120
282.76642
282.77308
282.77584
283.46896
283.48144
283.49110
283.59658
283.93012
284.32870
284.40916
284.41168
284.42434
285.26734
285.27136
285.28924
285.31222
285.87982
285.96736
286.11130
287.03488
287.04526
287.05672
287.06572
287.38780
287.58124
287.59780
287.61334
287.76022
287.82328
287.83978
287.87014
287.95576
288.10102
288.14158
288.15208
288.52912
288.69046
288.71326
288.81958
288.88732
288.93718
288.97738
289.01344
289.12060
289.15456
289.29022
289.30732
289.37104
289.39006
289.58020
289.91866
289.92226
289.95910
290.18422
290.19646
290.28316
290.28520
290.28856
290.31118
290.93764
290.98396
290.98732
291.07378
291.08416
292.56148
292.56406
292.60456
292.66120
292.70116
292.92448
292.96792
293.21494
293.22130
293.65570
293.71858
293.79874
294.17044
294.44236
294.44398
294.48592
294.56902
294.57076
294.95110
294.99538
295.00828
295.34518
295.80544
296.58694
296.76526
297.02194
297.09892
297.47560
297.48352
297.51622
297.53338
297.53530
297.55198
297.78352
297.79024
297.79636
297.81718
298.02466
298.02904
298.05196
298.06948
298.09792
298.14880
298.26964
298.27648
298.41904
298.43536
298.46020
298.69924
299.17366
299.18140
299.19922
299.22946
299.24128
299.24554
299.25988
299.40850
299.62282
299.62558
299.63776
299.64442
299.81584
299.97634
299.99902
300.00328
300.01954
300.99430
301.04692
301.20016
301.55242
301.73722
301.74004
302.14390
302.15392
302.17204
303.12046
303.12394
303.12886
303.44464
303.58108
303.69202
303.79492
304.11232
304.96654
304.99444
305.00056
305.00626
305.08828
305.09428
305.09878
305.25418
305.25622
305.25790
305.41240
305.58940
305.60614
306.04018
306.04264
306.44128
306.46480
307.16602
307.16866
307.17214
307.18270
307.18708
307.19422
307.19692
307.20706
307.44538
307.86352
307.87306
308.19304
308.20354
308.21608
308.89798
308.91820
308.98336
308.98972
309.01942
309.06292
309.12556
309.14308
309.42940
309.49972
309.70684
309.92068
309.94426
310.09252
310.13356
310.29472
310.52386
310.53016
310.74622
310.89742
310.97512
311.00398
311.18092
311.44942
311.58316
311.71450
311.73814
312.09382
312.17236
312.22384
312.29266
312.40414
312.62014
313.11586
313.13794
313.67158
314.03290
314.22646
314.55886
314.61862
314.62330
314.62672
314.63296
314.63524
314.64526
315.04318
315.05110
315.11458
315.45856
315.61870
315.64912
315.95524
315.96880
316.00564
316.04626
316.07098
316.09078
316.09276
316.76650
317.40970
317.43088
317.43778
317.43964
317.62018
317.66230
318.72076
318.72982
319.05826
319.08346
319.12810
319.23736
319.25698
319.55002
320.12914
320.17180
320.17402
320.20228
320.21092
320.27530
320.42890
320.46250
320.67004
320.91250
320.92504
321.14110
321.37786
321.58576
321.64762
321.66880
321.77458
321.78160
321.95806
321.98860
321.99778
322.00552
322.02328
322.19284
322.19548
322.53136
323.31676
323.32894
323.42380
323.57698
324.11350
324.11542
324.18124
324.45640
324.52570
324.54868
324.80278
324.80914
324.85306
325.41862
325.85818
325.92334
325.96630
326.12110
326.27566
326.79994
327.43918
327.44206
327.79828
327.83476
327.97726
328.22410
328.88788
328.91248
328.92214
329.36572
329.38978
329.39398
329.52262
329.53828
329.59780
329.77132
329.79604
329.81314
329.83402
329.97826
330.06454
330.08884
330.09784
330.19918
330.94618
330.95884
330.97546
330.97828
330.99658
331.45690
331.45882
331.46848
331.47712
331.66918
331.78030
332.05600
332.18578
332.21050
332.66698
333.82102
333.82306
334.31284
334.93126
334.95100
335.17750
335.84992
335.88478
335.90740
336.00022
336.62716
336.63208
336.65830
337.54480
337.78330
337.79104
338.47564
338.48086
338.87488
338.99554
339.60898
339.62266
339.84112
339.91942
341.40802
341.40958
341.41114
341.41420
341.41606
341.42434
341.48788
341.49334
341.49550
341.74612
341.76658
341.76856
342.09946
342.19876
342.22264
342.24208
342.43330
342.64714
342.65164
342.65422
342.67384
342.91186
342.92554
342.94660
342.96676
342.96904
342.98368
343.01740
343.05280
343.10344
343.35778
343.40782
343.41058
343.43872
343.46770
343.72378
343.74148
343.78522
343.84246
343.86376
344.17216
344.20264
344.26228
344.57734
344.82844
344.84200
345.27556
345.27880
345.28444
345.85186
345.87334
345.91900
346.08994
346.28236
346.29238
346.54198
347.18722
347.20858
347.27890
347.28574
347.75776
347.78212
347.89654
348.12340
348.50356
348.50710
349.21540
349.21852
349.22038
349.85092
350.07676
350.46490
351.48226
351.48556
352.08706
352.59214
352.61986
352.73194
352.73950
352.75660
352.94692
352.95772
352.98796
353.00944
353.02252
353.08006
353.14444
353.26102
353.41294
353.43958
353.59714
353.62312
353.67034
354.12400
354.15790
354.22078
354.57088
354.59008
354.71092
354.74188
354.79792
355.01068
355.49224
355.57840
356.33488
356.35792
356.37898
356.72398
356.73262
357.59764
357.61852
357.69574
357.70654
357.71266
357.97918
358.76614
358.76872
358.77730
359.18716
359.19070
359.43730
359.61814
359.63206
359.65738
359.67520
360.37792
360.43756
360.44368
360.46750
361.58248
361.90516
361.94182
362.59372
362.59618
363.05686
363.06676
363.33112
363.82966
363.87982
363.88342
363.98338
363.98506
363.99502
364.00678
364.01968
364.03030
364.03342
364.17598
364.32712
364.33000
364.34404
364.53772
364.66528
364.70308
364.79794
364.81354
364.96390
365.02102
365.10910
365.36398
365.65156
365.72188
365.73142
365.73766
365.75164
365.76400
366.04258
366.04438
366.29086
366.29968
366.47218
366.56878
367.16230
367.17154
367.18204
367.36276
367.98700
368.00536
368.07106
368.10034
368.10262
368.39326
368.94346
369.12742
369.40570
369.40774
369.42328
369.42766
369.79426
369.80026
370.15234
370.54174
370.56850
370.59604
370.61452
370.61662
370.88902
370.91200
370.91470
370.91620
370.91836
371.31496
371.72158
371.74126
371.94634
372.00004
372.01570
372.46594
372.64240
372.66970
372.67438
372.68200
372.70726
372.96238
372.97372
372.98314
373.53946
373.77418
373.88698
373.96816
374.00002
374.03296
374.04064
374.07520
374.14060
374.31376
374.31718
374.61430
374.77540
374.80702
375.11014
375.19408
375.21190
375.31072
375.53128
375.53842
375.55612
375.94588
375.95686
375.96472
376.60558
376.62796
376.63648
376.92772
376.93132
376.93762
376.94644
376.95580
378.02650
378.03064
378.46756
378.78964
379.21576
379.62964
379.64428
380.23174
380.78908
380.86564
380.91904
381.41308
381.41518
381.44608
381.76306
381.76774
382.22572
382.36912
382.46986
382.54642
382.55404
383.29936
383.32222
383.35828
384.00700
384.02662
384.08128
384.23416
384.54058
384.54868
384.56140
384.57442
384.57736
384.97762
384.99148
385.12744
385.25458
385.27018
385.29586
385.30372
385.32148
385.50478
385.54756
385.54954
385.79494
386.12230
386.13196
386.13838
386.33512
386.52262
387.62788
387.65074
387.65626
387.95314
388.02298
388.32424
388.86220
388.88842
389.08750
390.06178
390.06412
390.46042
390.49660
390.49864
390.52588
390.52960
390.54328
390.56776
391.28494
391.31230
391.31632
391.49290
391.67674
391.68238
391.72300
391.72948
391.76194
392.00758
392.85688
392.90170
392.90908
392.92240
393.00922
393.01144
393.03898
393.40696
393.44380
393.44734
393.45646
393.46072
393.47224
393.63964
393.91048
393.91306
393.92182
394.38346
394.58752
394.66828
394.67140
394.72360
394.78120
394.96126
395.10808
395.11078
395.12914
395.13526
395.46100
395.73166
395.73352
396.19504
396.35632
396.37474
396.38224
396.67462
397.42588
397.84306
397.90360
398.01208
398.01664
398.02540
398.03008
398.56600
398.56756
398.56936
398.57554
398.76418
398.91280
399.12988
399.14284
399.85726
399.90070
399.94300
399.95020
400.10482
400.20058
400.67500
402.08650
402.09814
402.10384
402.10534
402.13468
402.39820
402.44806
402.45712
402.49516
402.50542
402.53776
402.64798
402.92272
403.44892
403.49986
403.70242
404.04214
404.05054
404.08192
404.68708
404.72356
404.72524
404.76028
404.77234
404.84920
404.91136
405.18094
405.22216
405.23290
405.39226
405.44410
406.64824
406.66324
406.67752
406.90738
406.91128
406.92412
407.16244
407.38366
407.38804
407.52016
407.54518
407.55166
407.74486
407.75584
407.84830
407.86138
407.89012
407.89678
407.94904
408.07594
408.13396
408.20224
408.29758
408.31672
408.34930
408.36070
408.66946
408.67114
408.71752
408.73066
408.76438
408.82822
409.07926
409.12714
409.47946
409.55944
410.12422
410.17522
410.90716
411.41614
411.41800
412.00888
412.05142
412.20466
412.85140
413.57446
413.95666
413.96728
413.99602
414.00784
414.03112
414.04852
414.07234
414.08998
414.09478
414.10168
414.19624
414.51358
414.52156
414.52936
414.54772
414.56566
415.16200
415.16458
415.18678
415.18828
415.19002
415.19650
415.27966
415.56496
415.75504
416.36956
416.37610
416.45104
416.46556
416.63926
416.87542
417.02518
417.27202
417.28558
417.45496
417.46630
417.54844
417.61612
417.63970
417.77746
417.85222
417.86740
417.93982
418.13008
418.58974
418.94896
419.02528
419.52304
419.59192
419.73256
419.82538
419.97022
420.06958
420.34978
420.41116
420.84694
421.31380
421.31680
421.48576
421.61560
421.71406
421.78072
422.07814
422.24614
422.97328
423.02434
423.02782
423.29314
423.30436
423.33448
423.54664
423.82774
423.83032
424.37998
424.60744
424.64752
424.71532
424.78660
425.50060
425.51752
425.52274
425.53822
425.55352
425.55982
425.56888
425.57092
426.11722
426.16756
426.17230
426.22336
426.24724
426.26998
426.43084
426.69088
427.23070
427.24726
427.26454
427.83166
428.16898
428.33740
428.37910
428.40094
428.53126
428.62900
428.70718
428.92384
429.35056
429.35368
429.46372
429.50986
429.53680
429.91672
429.93058
430.12066
430.34716
430.83850
431.10250
431.25436
431.25880
431.40052
431.68420
431.72404
432.02056
433.01518
433.09918
433.67770
433.80766
433.93408
434.01538
434.35060
434.71096
434.72650
434.77126
434.85940
434.86936
434.90140
434.90920
434.92096
434.92732
434.93242
434.93776
435.61642
435.61894
435.68890
435.70342
435.73342
435.73894
435.74116
435.75430
437.07712
437.11852
437.30674
437.48944
437.61502
437.66596
437.98828
438.02818
438.32548
438.37786
438.37936
438.41104
438.47974
438.65686
438.76882
438.78796
438.81142
438.91648
439.64806
439.66582
439.68202
439.80136
439.90240
439.98604
439.99210
440.16256
440.19214
440.21026
440.24458
440.24836
440.46952
440.55388
440.74870
440.93482
440.98186
440.99524
441.00730
441.02068
441.03538
441.06334
441.22834
441.70924
441.80890
441.82204
442.08886
442.10164
442.52218
442.52608
442.77544
442.81138
442.85548
442.86328
443.79658
444.16840
444.48442
444.51238
444.60052
444.64540
445.14148
445.38646
445.41934
445.45324
446.13040
446.18272
446.19634
446.77912
447.18286
447.20956
447.70960
447.72322
447.75484
447.76870
447.77638
448.09582
448.81270
448.94296
448.95154
448.99942
449.17312
449.34238
449.36608
449.38456
449.39020
449.45086
449.47204
449.47654
449.48692
449.52004
449.62288
449.69896
449.82322
450.07318
450.08656
450.10942
450.12274
450.14746
450.15214
450.19234
450.20614
450.26416
450.34804
450.37222
450.55324
450.58426
450.76288
450.87148
450.87412
450.98320
451.02946
451.12576
451.25608
451.26316
451.33696
451.35934
451.40032
452.08162
452.08330
452.10130
452.11930
452.18314
452.19202
452.81140
453.48688
453.49228
454.06102
454.06924
454.12444
454.13140
454.39252
454.55380
455.62966
455.70550
456.00634
456.53494
456.92488
456.96016
457.22080
457.28620
457.29502
457.56976
457.72108
458.03770
458.04646
458.12566
458.97748
459.05788
459.07444
459.14572
459.37390
459.40078
459.62410
459.64402
459.73666
459.97792
460.19866
460.22746
460.29406
460.36750
460.62406
460.63678
460.64308
460.67470
460.83592
461.29330
461.35030
461.36866
462.13204
462.13810
462.29128
462.37552
462.45196
462.86476
462.87460
463.21720
463.75132
463.77598
463.79746
463.79902
463.80616
464.21920
464.23234
464.54176
464.61910
464.62150
464.85130
464.86444
464.90410
464.99152
465.40510
465.91936
465.92224
465.93178
465.99178
466.78582
466.82614
466.86124
466.90012
466.91176
467.29792
467.30074
467.30242
467.30500
467.32900
467.33680
467.67208
467.68402
467.71510
468.12868
468.75880
469.21630
469.22260
469.64818
469.72576
469.91512
469.91854
470.26198
470.42554
470.56078
470.61580
470.73202
471.00292
471.01270
471.12556
471.38206
471.40858
471.41512
472.05154
472.05466
472.66318
472.66864
472.67608
472.93294
472.94074
472.94254
472.95622
472.97728
473.00026
473.35984
473.37604
473.55916
474.05506
474.06328
474.06784
474.06964
474.07942
474.22942
474.52516
474.54688
474.87934
475.05640
475.20394
475.65964
475.76284
475.77196
475.85926
475.90672
476.26678
476.27368
476.30398
476.31454
476.91070
476.91352
476.92084
476.93110
476.93908
477.76978
477.77278
478.17514
478.46014
478.46998
478.86862
478.91374
479.55394
479.59324
479.60098
479.67226
479.68384
480.04042
480.04690
480.16018
480.40024
480.59932
480.70012
480.71998
480.73708
480.74104
480.76024
480.79276
480.83770
480.97408
481.10122
481.15948
481.17364
481.19326
481.20208
481.26778
481.27564
481.30108
481.37572
481.39810
481.55122
481.63186
481.65166
481.69060
481.79416
481.84216
481.84432
481.95280
481.97674
482.01388
482.16910
482.19382
482.20732
482.38774
482.43796
482.52928
482.92450
483.17566
483.19360
483.24070
483.86014
484.16656
484.18972
484.27624
484.31080
484.56442
484.58416
484.62610
484.63510
484.69342
484.71382
484.76050
484.77772
484.78996
485.00920
485.31244
485.57818
486.50728
486.51898
486.56164
486.79402
487.15450
487.49392
487.91734
487.92322
487.92496
488.38852
488.40436
488.55568
488.57470
489.80524
489.82096
489.86224
489.89422
490.21480
490.27468
490.39810
490.86010
490.89226
490.90132
491.20528
491.24926
491.25574
491.25748
491.26840
491.51962
491.52490
491.61484
491.96536
491.98582
492.04510
492.09508
492.14140
492.28834
492.39364
492.42238
492.62338
492.70252
493.30444
493.31380
493.57708
493.64188
494.37166
494.38450
494.52040
494.53432
494.55448
494.86576
494.87002
494.95606
495.37540
495.37792
495.40144
495.40594
495.42844
495.46468
495.52906
496.03924
496.79620
496.80136
496.81162
496.84180
496.84822
496.89142
496.91926
497.48560
497.48776
497.87944
498.27460
498.29638
498.90742
498.97768
499.06222
499.07458
499.59316
499.60540
499.99810
500.00248
500.36584
500.67532
500.71306
500.72476
500.79622
501.08518
501.21028
501.21220
501.23446
501.64798
501.69142
502.01842
502.03636
502.18540
502.19230
502.36090
502.50310
502.53232
502.72618
502.74910
502.77502
503.20654
503.22862
503.33476
503.34838
503.40418
503.64682
503.69230
503.69518
503.93032
503.93212
504.10324
504.27544
504.67306
505.68568
505.70608
505.71754
505.73326
505.98892
505.99156
505.99570
506.03860
506.04070
506.04886
506.05144
506.57380
507.08212
507.08644
507.08950
507.66190
507.72160
507.84502
508.29616
508.33768
508.51576
508.81420
509.33200
509.41528
509.42218
509.44858
509.49130
509.72728
509.97382
509.98360
510.44842
510.46684
510.48514
510.49918
510.52552
511.40530
511.42888
511.64086
511.90276
511.93276
511.94854
512.09572
512.10466
512.22940
512.25898
512.40946
512.43622
512.44630
512.54710
512.64520
512.71552
512.92744
513.00118
513.29380
513.29992
513.31042
513.31216
513.35620
513.35890
513.43522
513.44824
513.89980
514.33108
514.33390
514.34662
514.63168
514.72696
514.76338
515.43214
515.52214
515.87248
516.08638
516.41278
517.31398
517.32250
517.33954
517.34506
517.36210
517.63204
517.66828
517.79416
517.80586
517.98970
518.02546
518.13388
518.15140
518.80870
518.82454
520.08286
520.09528
520.11556
520.11802
521.31328
521.38654
521.38852
521.54080
521.78860
522.04120
522.09250
522.10504
522.31408
522.75556
522.76528
522.77116
522.77488
522.79522
523.58032
523.88068
523.90192
523.90552
523.90750
523.91884
524.01574
524.10016
524.10628
524.14498
524.15644
524.15800
524.55556
524.68648
524.87956
524.99236
525.05494
525.05908
525.26470
525.28648
525.53212
525.57442
525.59428
525.61846
525.71548
525.76876
525.78634
525.80068
525.81574
525.82492
525.85990
526.06558
526.13266
526.14892
526.37302
526.38556
526.38886
526.47160
526.50088
526.53424
526.55818
526.78546
526.78720
526.78870
526.81066
527.05612
527.41252
527.45446
528.29908
528.33238
528.33502
528.34198
528.41890
528.42148
528.43942
528.48526
528.51118
529.02172
529.15726
529.16128
529.23268
529.23646
529.24726
529.51828
529.54660
529.54846
529.55458
529.55878
530.01166
530.01478
530.44204
530.48698
530.49292
530.50696
530.51302
530.91574
531.33094
532.15714
532.19140
532.26142
532.48312
532.49956
532.61320
532.61470
532.62046
532.96738
532.97494
533.12332
533.37976
534.12040
534.12652
534.14218
534.18244
534.18946
534.19564
534.20122
534.20998
534.21334
534.66874
534.67948
534.70558
534.74602
534.75718
534.85660
534.86944
535.20874
535.34788
535.40878
535.42960
535.70668
535.75648
535.78642
535.80382
536.01952
536.05054
536.09836
536.23366
536.33650
536.55532
536.60200
536.99662
537.00916
537.30658
537.63916
537.93760
537.98830
538.00750
538.34626
538.64386
538.67458
538.67644
538.73926
538.76056
539.10796
539.59408
539.59822
539.70280
539.80078
539.80306
540.19720
540.53686
540.55636
540.80068
541.58002
541.65358
541.73398
541.73782
541.74778
542.03434
542.24410
542.34478
542.70352
543.52864
543.67552
543.98134
544.15144
544.35982
544.39882
544.75462
544.75894
544.83808
544.89376
544.95838
544.97110
545.13838
545.25232
545.60104
545.67832
545.72860
545.74570
545.96782
546.12490
546.31852
546.52882
546.78208
547.03828
547.32910
548.21026
548.23048
548.31682
548.72422
549.00538
549.03718
549.55396
549.75736
549.76000
549.76762
549.98914
550.31092
550.37716
550.38070
550.38388
550.71034
550.84996
550.93426
550.94344
550.97782
551.12182
551.53816
551.72758
552.41038
552.41374
552.43078
552.77842
552.91858
552.92158
553.68328
553.69018
553.72786
554.01742
554.06536
554.28058
554.47744
554.48068
554.51458
554.53180
554.58520
554.68114
554.83150
554.84590
554.85802
555.03118
555.39196
555.40924
555.53926
555.57070
555.61786
555.66718
555.68806
555.80662
555.90946
555.91762
556.01794
556.02670
556.04830
556.06672
556.08562
556.10572
556.25602
556.51990
556.87306
557.26306
557.33218
557.52634
557.52844
558.11758
558.15712
558.16222
558.18136
558.71002
559.35718
559.82284
559.84846
559.85482
559.86130
560.32096
560.35108
560.95402
561.12280
561.27172
561.74926
562.14946
562.15318
562.16614
562.50472
562.55878
562.56160
562.56664
562.81498
563.29036
563.33272
563.36026
563.94496
563.96806
564.31594
564.32218
564.32440
564.71356
564.73330
565.97686
566.44012
566.50708
566.90554
567.02146
567.19264
567.26320
567.28816
567.82672
568.26700
568.28668
568.56004
568.56730
568.58878
568.62262
568.80910
569.13310
569.15098
569.50072
569.53012
569.69344
569.94718
569.96056
570.72826
570.73216
570.74758
571.18894
571.28884
571.29100
571.29424
571.30516
571.30870
571.32226
571.80478
571.85812
571.86928
572.84062
572.85064
572.87530
572.91646
573.46510
573.53188
573.65578
573.86446
574.21228
575.25292
575.51530
575.55058
575.59294
576.21862
576.22066
576.37672
576.38998
576.39328
576.63652
576.77572
576.78532
576.79060
576.82282
576.83944
576.87580
576.89974
576.92692
576.97306
577.00036
577.01104
577.03798
577.07704
577.10338
577.24462
577.40464
577.56322
577.61800
577.75156
577.75924
577.78618
577.90696
577.91992
577.98046
578.01544
578.24260
578.35666
578.78758
578.80750
578.83954
579.40624
579.70912
579.76852
579.84592
580.39456
580.52758
580.56142
581.03158
581.07802
581.08138
581.08384
581.37820
581.77132
582.19366
582.21064
582.21256
582.85750
582.87130
582.95194
582.95476
583.15402
583.15618
583.43926
583.44178
583.44880
583.46674
583.88638
584.39452
584.42602
584.79262
585.20752
586.06822
586.07386
586.09948
586.18042
586.18330
587.28340
587.59654
588.21028
588.27106
588.27346
588.31354
588.35350
588.46402
588.54886
588.72868
588.90172
589.00468
589.04248
589.14382
589.22992
589.33084
589.45198
590.08738
590.09704
590.21410
590.92438
590.98822
591.42664
591.64744
591.67006
591.72316
591.80866
591.83842
591.84070
591.93226
591.93442
592.35544
592.36024
592.36750
592.38118
592.38682
592.52764
592.53670
592.88170
592.91794
593.16130
593.79454
593.79862
594.49804
595.09468
595.10470
595.15000
595.35010
595.42108
595.76098
595.76392
595.79116
596.02930
596.21476
596.51344
596.70826
596.71510
597.45202
597.58156
597.63454
597.93052
597.93508
597.93718
597.96112
598.05496
598.07266
598.16242
598.24060
598.26526
598.41358
598.61314
598.80856
598.97182
599.00584
599.01880
599.02834
599.03920
599.05228
599.06560
599.55532
599.57896
599.61478
599.64436
599.65480
599.93068
599.93254
599.93620
600.52000
600.52900
600.53350
600.82768
600.96874
600.97876
601.19116
602.17732
602.27140
602.92882
603.08176
603.09454
603.30496
603.41248
603.98956
604.00150
604.06546
604.07188
604.68994
604.72036
604.73134
604.73398
605.40538
605.44432
605.44684
605.50624
605.53258
606.02176
606.58168
606.64372
607.11382
607.11874
607.15174
607.20466
607.21072
607.38802
607.39414
607.39564
607.40236
607.43350
607.91878
607.93126
607.93516
607.96114
608.00500
608.01388
608.54950
609.49438
609.54262
609.54586
609.55894
609.57898
610.20892
610.42870
610.53790
610.75582
610.76164
610.78630
610.78894
610.90600
610.91794
610.96774
611.01910
611.19466
611.20780
611.80174
612.01042
612.04216
612.18310
612.83074
613.16176
613.17436
613.68088
613.72432
613.74664
613.75204
614.35126
614.36428
614.72674
614.74522
614.76052
614.77396
614.81446
614.81782
615.44734
615.46402
615.47386
615.48694
615.66082
616.78030
617.29198
617.29426
617.33284
617.34616
617.34790
617.83120
617.83372
617.84788
618.28036
618.34000
618.66046
619.18354
619.30648
620.03026
620.03398
620.12332
620.14342
620.86402
620.87758
621.74506
621.77740
621.95566
622.06414
622.06696
622.25242
622.39366
622.61392
622.62082
622.86046
622.95712
623.14348
623.20282
623.35240
623.40676
623.80960
623.93344
624.20674
625.12300
625.62904
625.67464
625.68064
626.41954
626.61964
626.62930
626.89600
626.94616
627.00478
627.32608
627.59608
627.61834
628.66810
628.67602
628.73116
628.74940
628.75936
628.78996
628.79902
628.80688
629.24890
630.32458
630.36898
630.46216
630.63598
630.86698
631.28200
631.28626
631.28842
631.41832
631.70638
632.55448
632.61412
632.83174
632.87272
632.87542
632.91916
632.94490
633.03118
633.25228
633.64360
633.87520
634.02490
634.33900
634.39156
634.41334
634.41844
634.42456
634.43566
634.44448
634.47514
634.48168
634.48384
635.10604
635.36266
635.38768
635.61172
636.03988
636.31876
636.44800
636.59104
636.96100
637.16554
637.44148
637.47052
638.41744
638.42170
638.44750
638.47756
638.76136
639.05068
640.11778
640.71862
641.70718
641.71426
641.77978
641.78422
642.29788
642.34012
642.36484
643.57438
643.91116
643.93984
643.94470
643.96432
644.03836
644.24122
644.26042
644.27338
644.28382
644.29426
644.30458
644.47312
644.51542
644.55100
644.61688
644.65738
644.73016
645.08212
645.08956
645.14998
645.18484
645.30412
645.30712
645.31264
645.42322
645.67696
645.72076
645.91726
646.15144
646.22170
646.76722
646.79212
646.80028
646.81072
646.83784
647.16472
647.17372
647.68954
648.42424
648.44992
648.45412
648.46816
648.46984
648.50122
648.62140
648.63478
648.65602
648.71104
648.72310
648.72790
648.76072
648.76276
649.71802
649.74766
649.80328
649.80730
649.84618
650.17714
650.61010
650.63062
650.64106
650.78194
650.84716
651.13198
651.20524
651.22102
651.23536
651.25714
651.28960
651.51826
651.75712
651.77800
651.95596
651.96370
651.97000
652.31386
652.32772
652.43452
653.36674
653.41696
653.43070
653.56444
654.05248
654.05776
654.39700
654.84328
654.94948
654.96394
655.72828
655.99978
656.14768
656.18674
656.79634
656.97760
656.97928
657.10054
657.35614
657.41086
657.43078
657.47722
659.02174
659.03386
659.03644
659.25754
659.36536
659.41066
659.43058
659.45038
659.47822
659.96242
659.97724
659.98078
660.02512
660.49738
660.51640
660.52078
660.52390
660.70408
660.72754
660.97354
661.22758
661.86310
661.86874
661.87468
661.90846
662.21212
662.21698
662.89474
662.90308
662.90548
663.46744
663.48118
663.50068
663.52564
663.60490
664.18258
664.18786
664.19434
664.30972
664.31194
664.75366
664.75708
664.79074
665.34808
665.35570
665.44180
665.47168
665.50078
665.87698
665.91748
665.91946
665.93452
665.99164
666.13828
666.25270
666.29770
666.69010
666.73768
666.75580
666.77050
666.99880
667.29976
667.30612
667.32016
667.34092
667.45012
667.49302
667.50946
667.65490
667.73332
667.76200
667.97926
668.04940
668.14528
668.14702
668.20876
668.29396
668.52262
668.52472
668.53456
668.53846
668.54956
668.76526
668.99950
669.11740
669.53614
669.53782
669.85024
669.87556
670.15906
670.16434
670.17862
670.19962
670.30612
670.87708
670.94440
671.00938
671.67616
671.67772
671.69554
671.94094
671.94556
672.16828
672.55852
672.58618
672.58954
672.74896
673.58452
673.94116
673.97356
673.97572
674.16808
674.21152
675.13684
675.14626
675.58576
675.59506
675.67600
676.65256
676.72066
677.22388
677.26294
677.27596
677.73010
677.75920
677.81488
677.98234
678.11074
678.33316
678.42094
678.44896
678.70006
679.15978
679.25950
679.45030
679.88020
679.90582
679.92736
680.31916
680.83684
680.84668
680.91244
680.91472
680.92126
681.63070
681.87358
681.87724
682.44040
682.44376
682.44874
682.45186
682.77940
683.28700
683.29060
683.31520
684.06724
684.20848
684.22720
684.53062
685.07950
685.19746
685.20232
685.22668
685.23094
685.30492
685.32634
685.46992
686.01484
686.05282
686.05828
686.15170
686.15524
686.15698
686.61832
686.63116
686.64448
686.89738
687.19210
687.21436
687.74320
687.81286
688.75876
688.76248
688.79464
688.79974
688.87054
688.95148
688.96426
689.21332
689.22544
689.25130
689.27980
689.29630
689.33386
689.72182
689.76418
690.33208
690.35992
690.38098
690.55882
690.57052
690.91180
690.92770
690.93106
691.02688
691.36552
691.42552
691.67188
692.24746
692.25010
692.91256
692.97016
693.08398
693.52780
693.53782
693.57028
693.85426
694.42552
694.45570
694.97086
695.13112
695.13406
695.20090
695.33452
695.88424
695.89198
695.91208
695.92246
696.19252
696.98176
697.11052
697.11460
697.97116
698.50894
698.54848
698.55106
698.82814
698.82994
699.27790
699.28366
699.30832
699.40546
699.43144
699.47104
699.57580
699.65296
699.93172
700.08220
700.08736
700.14214
700.26208
700.26814
700.32526
700.33780
700.48264
700.50466
700.65268
700.83934
700.92448
701.02852
701.04244
701.04448
701.25130
701.26450
701.57590
701.60716
702.05896
702.07360
702.07846
702.88474
702.89848
702.92104
702.93286
702.93892
703.07584
703.60816
703.87126
703.97176
704.66692
704.66860
704.68252
705.08158
705.16804
705.17002
705.20626
705.22768
706.39870
706.40056
706.42888
706.43722
706.44436
706.45036
706.45942
706.46152
706.46332
706.47136
706.49836
707.01580
707.04814
707.05798
707.36566
707.46604
708.06412
708.48166
708.50488
708.51922
709.20952
709.73662
709.75168
709.76488
709.81438
709.87306
710.11534
710.20672
710.34562
710.53534
710.57542
710.64004
710.73868
710.78176
710.95342
710.97544
710.97910
711.01762
711.14050
711.38290
711.79216
711.88216
711.98686
712.00384
712.12168
712.12594
712.14370
712.20226
712.32538
712.96726
713.40250
713.42032
713.42980
714.10522
714.15856
714.31012
714.37726
714.42772
715.11202
715.14676
715.14904
715.15120
715.57930
715.83256
715.84804
715.93336
716.37394
716.39164
716.72668
716.83708
716.86558
716.91466
716.93926
716.95612
717.58144
718.72174
719.01892
719.02216
719.03614
719.03800
719.53948
720.07834
720.15238
720.51976
720.52630
720.53248
720.56968
720.57676
720.69526
721.52260
721.53592
721.69234
721.80016
721.82560
721.84966
721.87180
721.89910
721.91296
721.93276
721.99306
722.40418
722.45920
722.61940
723.31594
723.32188
723.41194
723.42346
723.66274
723.68602
723.69610
723.72982
723.78244
724.05376
724.08490
724.10428
724.63492
724.95580
725.08126
725.15266
725.15530
725.59822
725.60530
725.62264
725.62666
726.31816
726.56566
726.76630
726.77398
726.77860
727.19668
727.24912
727.65250
727.96258
728.03836
728.39818
728.40532
728.43562
729.85012
729.86596
729.88624
730.94206
730.95220
731.04178
731.44852
732.08170
732.12640
732.67282
732.68542
733.29898
733.33678
733.38574
733.72474
734.01214
734.03068
734.13574
734.49274
734.49856
734.50228
734.60182
734.74174
734.84944
734.96068
734.97646
735.15220
735.39508
735.49900
735.52888
735.84412
736.09690
736.20184
736.24720
736.33474
736.39090
736.66084
736.67122
736.70140
736.81072
736.83820
737.05600
737.35828
737.36806
737.71330
737.73256
738.38800
738.39844
738.41242
738.50446
738.56074
738.82948
738.89350
740.07730
740.31004
740.44462
740.47642
740.48398
741.47044
741.55798
742.01104
742.10422
742.17064
742.17502
742.93138
742.99054
742.99264
742.99456
743.10376
743.14168
743.23708
744.16534
744.16714
744.18688
744.22012
744.22990
745.17694
745.22098
745.24654
745.70056
745.73878
745.95496
746.05312
746.05924
746.16064
746.16346
746.26294
746.27368
746.48176
746.48752
746.49436
746.50390
746.60632
746.63698
746.82058
747.23704
747.31270
747.46642
747.57052
747.84586
747.86500
748.20220
748.22962
748.84036
748.86082
748.86832
748.94260
749.27506
749.27782
749.29534
749.77276
750.02422
750.30166
750.31576
750.78184
751.10110
751.14520
751.22818
751.32850
751.39138
751.39648
751.83448
752.37430
752.39206
752.58448
752.60554
752.68522
752.68726
753.06778
753.58552
753.62218
753.63442
753.83182
754.29424
755.00722
755.06722
755.23384
755.54410
755.56576
755.58730
756.20764
756.22306
756.44722
756.45328
756.45742
756.45904
756.49138
756.50332
756.51826
756.60874
756.71668
756.72868
756.83032
756.88798
756.95902
757.45912
757.47034
757.47706
757.49560
757.62070
757.78306
757.95562
758.00458
758.12710
758.14372
758.16370
758.95420
758.95780
758.96782
759.27700
760.36744
760.55536
760.55680
760.57042
760.57294
760.96288
761.82664
761.84890
762.37858
762.38404
762.41032
762.59932
763.04230
763.07908
763.52986
763.54174
763.56634
763.56892
763.58560
764.00470
764.00800
764.00980
764.59564
764.69980
765.20320
765.26866
765.43648
765.94390
766.00294
766.51606
766.52878
766.53874
766.55500
767.17396
767.22478
767.65816
767.66452
767.67736
767.79358
767.80270
768.15754
768.27472
768.32488
768.35722
768.36448
768.57592
768.70720
768.73846
769.04476
769.05250
769.07812
769.21192
769.51156
769.67158
770.11132
770.30776
770.38918
770.47798
770.52070
770.53060
770.54284
770.54734
770.59768
770.70400
770.71372
771.08854
771.63208
771.64090
771.64744
771.66502
771.69760
771.89914
771.93400
772.03978
772.11436
772.46818
772.48996
772.52116
772.52506
772.56190
772.57822
772.85050
772.88950
772.89190
772.90348
773.52370
773.53366
773.54698
773.57800
773.66146
773.98534
774.01372
774.22108
774.22348
774.25378
774.55714
774.62464
774.63070
775.34854
775.36690
775.65364
775.72132
775.75876
775.97476
775.98508
776.35456
776.43442
776.44720
776.45878
776.56372
776.83540
777.51844
777.58732
777.60592
777.63856
777.82384
777.87880
778.06366
778.07380
778.11118
778.11520
778.30138
778.47790
778.53562
778.54402
778.68196
778.79386
778.88968
778.89724
778.90396
779.01496
779.04412
779.16826
779.17048
779.23972
779.26060
779.68012
779.70118
780.02644
780.08056
780.12424
780.45754
780.67534
780.67708
780.92932
780.93670
781.41358
781.43776
781.95748
782.29642
782.30182
782.72860
783.09472
783.09682
783.12664
783.15676
783.16060
783.56116
784.36750
784.86976
785.23648
786.08632
786.98176
787.03630
787.08418
787.61002
787.87564
787.91230
787.92964
787.94470
787.94764
787.95622
788.74354
788.88400
789.05086
789.27238
789.27394
789.53272
789.54304
789.55234
789.57154
789.66754
789.76924
789.81664
789.90634
790.27984
790.28956
791.05972
791.15074
791.15692
791.16550
791.73058
791.77636
791.86756
792.08242
792.51058
792.59002
793.11184
793.12108
793.12636
793.13050
793.49506
793.67386
794.10430
794.33212
794.42500
794.43976
794.48572
794.49484
794.96014
794.96380
794.97934
794.99698
795.20608
795.31228
795.31990
795.32296
795.33304
795.41572
796.69672
797.14600
797.16394
797.16844
797.52388
797.52940
798.02230
798.02596
800.03626
800.10124
800.10472
800.10718
800.25856
800.30308
800.40790
800.65582
800.70004
800.75002
800.92588
801.23188
801.34144
801.47614
801.72634
801.91552
802.21588
802.51540
802.73290
802.78264
802.80916
803.07652
803.09248
803.45596
803.49952
803.51662
803.60590
803.61346
804.12580
804.20230
804.59356
804.61258
805.56862
805.64374
805.67626
805.70920
806.21218
806.23318
806.29300
806.29702
806.29870
806.40766
806.76976
806.78674
807.29584
807.31210
807.36112
807.42598
807.60130
808.27576
808.28560
808.29928
808.40980
808.42720
808.66210
808.98574
809.48530
810.02284
810.02578
810.15286
810.15796
810.39922
810.56218
811.00768
811.02640
811.08238
811.39780
811.57318
811.61182
812.03638
812.04334
812.07178
812.13310
812.13568
812.36986
812.50918
813.03328
813.10738
813.10918
813.71680
813.72970
813.73612
813.73858
813.74644
813.76852
813.78304
814.16854
814.18210
814.18522
814.18906
815.06806
815.90926
815.92888
816.00922
816.79558
816.79996
816.80560
817.33384
817.33534
817.33852
817.34854
817.40530
817.91026
817.92040
817.95094
818.06476
818.47822
818.48284
818.78860
819.18040
819.44182
819.50188
819.50362
819.50524
819.57478
819.89596
819.89992
819.98338
820.62886
820.88140
821.14138
821.14540
821.24620
821.25160
821.25454
821.25688
821.53234
821.60440
821.64208
821.69440
821.70754
821.88928
822.03832
822.09124
822.45142
822.45778
822.51214
822.65050
822.74416
822.76972
822.90430
822.92470
822.94168
823.08580
823.11118
823.11922
823.23754
823.33228
823.34794
823.67446
824.29054
824.91688
824.95006
825.03352
825.07408
826.19794
826.39792
826.54750
826.55020
826.61476
826.61728
827.09320
827.14660
827.16448
827.17654
827.24038
827.59300
827.60134
827.64982
827.65960
828.73996
828.75598
828.75796
828.77914
828.98344
828.99298
829.32574
829.33036
830.24284
830.26252
830.58298
830.86684
830.92282
830.92504
830.92708
831.17464
831.18226
831.45940
831.98302
832.00012
832.04650
832.83610
832.84228
832.97902
833.00506
833.14552
833.15194
833.16790
833.18914
833.20144
833.58802
833.69578
833.71492
834.00550
834.42514
835.55530
835.59160
836.35288
836.40586
836.43742
836.48740
836.56516
836.94262
836.97826
837.18160
837.18556
837.31282
837.35188
837.35536
837.35764
837.65542
837.66118
837.69904
837.74110
837.74812
838.19722
838.20286
838.20472
838.54366
838.60828
838.65478
838.66834
838.72924
838.73170
838.73524
838.74244
838.76140
840.09868
840.21832
840.22354
840.69112
841.01782
841.87192
841.92496
841.93798
842.06746
842.07418
843.25822
844.12696
844.13410
844.22344
844.51558
844.55698
844.73488
844.73662
844.74346
845.18818
845.39470
845.40478
845.99242
846.10936
846.17908
846.80734
847.22692
847.23304
847.51942
848.03620
848.17372
848.42716
848.42896
848.45260
848.54554
848.55112
848.74360
848.84110
848.87692
849.18862
849.34912
849.40258
849.47614
849.48322
849.49330
849.50998
850.04476
850.09912
850.10122
850.10620
851.29534
851.53528
851.84842
851.87146
852.71566
852.87178
853.02592
853.02766
853.03798
853.29052
854.00164
854.44822
854.45368
854.45572
854.97460
854.99920
855.10168
855.10786
855.54634
855.55606
855.98146
856.86376
856.90378
856.92214
857.45386
857.55424
857.64076
857.98984
858.21448
858.22246
858.63106
858.65092
858.86428
859.23772
859.57798
860.52790
860.54752
860.57680
860.62030
860.65618
860.66794
860.92870
861.20098
861.26116
861.30520
861.31912
861.67672
862.25410
862.54726
862.55728
862.56754
862.61428
862.63888
862.65472
862.88086
863.43526
863.43898
863.76526
863.77552
863.79178
864.10234
864.37570
864.54166
864.56440
864.72076
865.92232
865.92574
865.93108
865.97098
865.97530
866.00410
866.00860
866.35102
866.96518
866.97742
867.01888
867.11458
867.16012
867.31684
867.63148
867.63904
867.68914
867.84532
867.86080
867.98044
868.13140
868.14850
868.25122
868.25398
868.25878
868.28032
868.33288
868.36006
868.58470
868.77736
868.83880
868.88062
868.89022
869.20432
869.61484
870.06568
870.16528
870.43174
870.89848
870.91180
870.92758
870.93796
870.96142
871.52638
871.67122