0.24640
0.62560
1.00762
1.01734
1.48738
1.50106
1.50766
1.52260
1.54882
1.74130
2.34058
2.65654
2.66332
3.02194
3.14614
3.15028
3.27214
3.27634
3.28216
3.42472
3.43024
4.02592
4.85296
4.85950
5.12908
5.18092
5.36980
5.38528
5.49988
5.50516
5.51158
5.60500
5.62312
5.67682
5.69392
5.98192
6.04870
6.11554
6.12634
6.42772
6.55984
6.60760
6.82744
6.89518
7.03120
7.04050
7.12066
7.30462
7.31848
7.36246
7.81396
7.81798
7.99132
8.10112
8.12284
8.14840
8.15776
9.00106
10.03474
10.04884
10.28338
10.29406
10.30198
10.92430
10.94602
10.97938
11.98288
12.39196
12.43270
13.03234
13.10362
13.36222
14.86840
15.37834
15.39010
15.41224
15.41464
15.41776
15.42406
15.61792
15.62014
15.70576
15.96868
16.70392
16.72312
16.73548
16.79032
16.79890
16.85356
16.87576
16.95586
16.97992
17.05732
17.06302
17.06806
17.08054
17.17618
17.28040
17.30014
17.37454
17.37850
17.49412
17.57464
17.60704
17.75830
17.82532
17.87584
17.88400
18.04498
18.10006
18.14314
18.29290
18.31768
18.35806
18.46894
18.61450
18.64054
18.79234
21.17416
21.20308
21.55708
21.59824
22.34158
22.69048
23.14714
23.15440
24.38968
24.40882
25.14286
25.53838
26.12230
26.17420
26.31154
26.76208
26.77096
27.01930
27.21340
27.22174
27.23854
27.25102
27.28210
27.49018
27.53578
27.90790
28.24702
28.30990
30.42184
30.44002
32.24266
32.29402
33.13228
33.14158
33.14764
33.15076
33.15358
33.27358
33.76402
33.76834
33.78244
33.84034
34.23514
35.23744
35.31598
35.40442
35.44216
35.69128
35.87344
35.87638
36.25588
36.25924
36.27376
36.28990
36.29572
36.30466
36.75616
36.76090
36.76510
37.43122
37.55494
38.17336
38.17984
38.21254
38.22088
38.26678
38.31346
38.35414
38.62858
38.94772
38.96914
39.15886
39.19558
39.24940
39.25264
39.34828
39.38866
39.43216
39.65596
39.72580
39.74686
39.77458
39.83248
39.87388
40.01434
40.21588
40.33138
40.39876
40.41088
40.45258
40.51414
40.55662
40.70692
40.89976
41.01532
41.02138
41.08516
41.25604
41.28538
41.29714
41.30350
41.40310
41.49100
44.13658
44.40274
44.65864
44.97640
45.44002
47.02312
47.03224
47.03506
47.03950
47.06488
47.29822
47.83978
47.84332
47.86306
48.65416
48.67936
48.68626
48.81322
48.85108
48.87952
48.92704
48.93226
49.02148
49.02484
49.04974
49.14490
49.15078
49.16392
49.18168
49.18594
49.20280
49.23688
49.31596
49.37434
49.37770
49.41700
49.45810
49.56250
49.65550
49.67386
49.70380
49.87996
49.94662
50.17498
50.20690
50.21392
50.42554
50.68084
51.50818
52.32646
52.95442
52.97842
52.99564
53.12488
53.15488
53.23978
53.62426
53.66860
54.48388
54.48850
54.56224
54.56518
54.99712
54.99970
55.00396
55.01782
55.03894
55.04950
55.34104
56.14738
56.15086
56.62918
57.56794
57.57664
57.83458
58.41874
58.42066
58.45690
58.64326
59.17780
59.19130
59.21248
59.23126
59.26024
59.27566
59.31724
59.42776
59.50246
59.54242
59.69692
59.85112
59.86738
60.11818
60.13276
60.17920
60.18280
60.31714
60.44740
60.47386
60.93448
60.94648
61.10674
61.18318
61.18792
61.40554
61.66630
61.69594
61.72954
62.18074
62.52112
62.53270
62.54716
63.74182
63.74572
63.75478
63.76108
63.76390
63.80644
63.86746
63.89344
65.44048
66.25036
66.26320
66.27502
66.27898
66.66358
66.69118
66.70720
66.77086
66.92722
66.93448
66.99724
67.43218
67.43842
67.92358
67.98034
68.36350
68.73310
68.74252
69.42772
69.95980
70.24660
70.24990
70.25608
70.26022
70.31470
70.66798
70.71604
70.76416
70.95712
70.97764
71.93158
72.71170
72.71602
72.73720
72.74080
72.95278
73.32508
73.92838
74.07106
74.07790
74.09812
74.18668
74.87008
74.87428
74.90158
74.90584
75.64570
75.81616
75.98686
76.29112
76.31596
77.82778
78.68014
78.81886
79.30516
79.31290
79.32160
79.32700
79.38448
79.38874
79.54672
79.99834
80.00260
80.00722
80.20840
80.21596
80.24896
80.26600
80.74816
80.78974
80.79526
80.80360
80.82022
80.84230
81.15952
81.16402
81.20326
81.21208
81.47656
81.48742
81.50764
81.54454
81.55948
81.66382
81.68062
81.68764
81.69334
81.77782
81.78250
81.78658
81.87958
81.92158
81.95416
82.06288
82.18294
82.23238
82.25926
82.35316
82.36156
82.36528
82.46254
82.55158
82.86244
82.91968
83.04772
83.09314
83.75332
83.77762
83.78422
83.79208
83.93716
83.98786
85.03528
85.03798
85.56856
85.57474
85.57816
86.33128
86.34454
86.35072
86.39758
87.40600
88.23148
88.25602
89.03758
89.46190
90.16444
91.03090
91.06456
91.86202
91.92154
92.26288
92.30824
92.35210
92.50144
92.51548
92.80378
92.93980
93.20230
93.26404
93.26974
93.53758
93.54622
93.56374
93.69022
93.69472
94.02424
94.07800
94.18528
94.25944
94.33498
94.47250
94.47598
94.75030
94.78714
94.80712
94.81378
94.82410
95.35354
95.95204
95.95810
96.24472
96.68908
96.71500
96.71848
97.03954
97.07764
97.08700
97.56508
98.10688
98.13946
98.56408
98.63128
99.14776
99.15028
99.18334
99.19288
99.75556
99.75994
99.77542
100.29088
100.30642
100.31674
101.29684
101.87158
101.87620
101.87830
101.88988
101.89756
101.91508
102.22690
102.75820
102.77416
102.79882
102.81190
102.82066
103.12774
103.13098
103.45330
103.45930
103.50214
103.75324
103.75966
103.77436
103.78882
103.79194
103.92298
104.20984
104.25844
104.27266
104.38990
104.39500
104.67076
104.67472
104.69716
104.77204
104.88802
104.94748
104.95852
105.07450
105.11440
105.26146
105.35212
105.45238
105.66754
105.75148
105.85390
105.87124
105.88690
106.03330
106.12204
106.45078
106.54984
106.77622
106.95358
107.39860
108.32578
108.34192
108.64300
109.51546
109.52638
110.03368
110.03722
110.17138
110.17372
110.91226
110.94178
110.95348
110.96116
110.99110
112.10536
112.11148
112.11406
112.12732
112.16614
112.26670
112.28596
112.82842
112.84930
113.65684
113.68096
113.69038
114.33118
114.47248
114.54532
114.56482
114.65632
114.67168
114.68404
115.01578
115.06978
115.20748
116.51128
116.99296
117.19378
117.20242
117.56332
117.56914
117.57406
117.58048
117.80992
118.60942
118.78858
118.82398
118.85614
119.16766
120.13156
120.86476
120.98200
121.01566
121.84978
122.63308
122.74624
122.75080
122.75338
122.78248
122.78536
123.55732
123.62998
123.89224
124.40278
124.77184
124.82872
124.92670
125.01766
125.03188
125.14318
125.18404
125.19070
125.19766
125.22880
125.25280
125.30842
125.33182
125.36638
125.44282
125.55406
125.88832
125.94316
125.94838
125.95138
126.11326
126.21034
126.22480
126.35848
126.38398
126.42658
126.53560
126.54910
126.58534
126.60640
126.70192
128.07814
128.08282
128.51350
129.29848
130.33522
130.33930
130.60438
130.61644
130.89514
130.90894
130.94518
131.01472
131.35090
131.36968
132.13846
132.15358
132.34288
132.75994
132.77884
133.38280
133.42294
134.66968
134.67664
134.68000
134.84476
134.88760
135.25468
135.30628
135.32014
135.59422
135.60424
135.64894
135.69682
135.77704
135.87184
135.87610
135.88696
136.10410
136.26898
136.27738
136.35946
136.45576
136.54636
136.56076
136.64434
137.00560
137.02576
137.14834
137.52262
137.53294
137.64790
137.65726
137.82784
137.83714
137.85586
137.85922
137.86864
137.87716
138.11596
138.11956
138.34126
138.36046
138.38008
138.87322
139.48066
139.53070
140.09872
140.13028
140.70166
141.02998
141.43216
142.23724
142.25428
142.31116
142.45006
143.21218
143.79454
143.80984
143.81416
144.37288
144.66610
144.67504
144.69484
144.70768
145.14400
145.79536
145.82068
145.87102
145.88290
146.01046
146.05594
146.05918
146.16634
146.31994
146.33710
146.48140
146.48650
146.50960
146.62060
146.74732
146.75104
146.80648
147.09934
147.10996
147.23374
147.25156
147.51868
147.57322
147.87532
147.88972
148.01470
148.08286
148.30870
148.35058
149.58952
149.59630
149.61502
149.63248
151.09090
151.73596
151.75048
151.77310
151.93714
152.58328
152.59510
152.63356
153.32302
153.40036
154.13158
154.89754
155.00458
155.00758
155.00920
155.01376
155.01736
155.09950
155.19988
155.21224
155.21974
155.22598
155.24452
155.25952
155.80630
156.35260
156.38788
156.49720
156.50644
156.51100
156.53272
156.59698
156.59890
156.66190
156.67672
156.71158
156.72724
156.77284
156.80680
156.89224
156.93394
156.95182
157.02046
157.02526
157.09744
157.13338
157.25224
157.25548
157.44670
157.52362
157.53352
157.53634
157.60576
157.65346
157.74670
157.75456
157.79476
157.96594
158.00980
158.12494
158.24152
158.29438
159.31624
159.73024
159.77212
159.77608
159.80896
160.13554
160.16734
160.16980
160.17976
160.80982
160.82470
160.83142
160.83412
161.02840
161.69698
161.69944
161.73850
162.58516
162.62476
162.63802
163.34338
163.89394
165.04060
165.34126
165.96670
166.54348
166.54840
166.61344
166.64068
166.76248
166.81756
167.02144
167.05096
167.54602
167.76346
169.08250
169.16536
169.19668
169.48240
169.62076
170.00344
170.10136
170.11150
170.74456
170.96812
170.97334
171.24190
171.82288
171.82732
171.85600
171.85924
171.86794
172.62040
172.68268
172.74880
174.04378
174.04762
174.54172
174.54562
174.55174
174.56362
174.57490
174.58150
175.17004
175.28422
175.87732
175.88104
176.11996
176.83126
176.83486
176.84044
176.85610
177.00550
177.02890
177.04132
177.12046
177.12538
177.14764
177.30112
177.42790
177.47812
177.51880
177.59164
177.65734
177.68620
177.72478
177.83134
177.95428
177.95878
178.00138
178.17286
178.22704
178.23742
178.39918
178.45372
178.49146
178.51294
178.57300
178.63744
178.66714
178.88992
178.91530
178.93036
178.94260
178.95754
178.99252
180.17668
180.18802
180.64954
181.81780
183.35746
183.36922
183.39622
183.45472
183.71674
184.25908
184.39018
184.41886
185.08660
185.09896
185.10520
185.78020
185.80246
185.83300
185.85988
185.91952
185.94766
186.48736
186.59986
187.15936
187.16254
187.54708
187.54918
187.84618
189.02002
189.02362
189.02578
189.02986
189.08068
189.10336
189.12256
189.43612
189.75052
189.77188
189.78196
189.83308
189.84574
189.86008
189.87532
189.96214
190.01254
190.05520
190.08190
190.24036
190.33918
190.52500
190.92094
190.94740
190.95148
190.96090
191.23060
191.23738
191.29732
191.36308
191.42428
191.60488
191.70850
191.90176
192.02242
192.04948
192.06208
192.41128
192.44746
193.48474
193.52260
194.11108
194.14492
194.15914
194.28838
194.31526
194.65684
195.33844
195.34648
195.38278
195.39400
195.97096
195.98800
196.34488
196.81438
196.84618
196.87252
197.58730
197.60380
197.62522
197.68240
198.30616
198.39298
198.57952
199.16362
199.16674
199.16890
199.18366
199.38040
199.65298
200.31388
200.69200
202.29676
202.31596
202.31860
202.35346
202.49740
203.27644
203.28742
203.32462
204.29824
204.63856
204.64642
204.69022
205.28128
205.28704
205.48300
205.49512
205.51408
205.52818
205.81612
205.83616
205.84288
205.88134
205.94542
206.56762
206.72956
207.21034
207.27802
207.49456
207.49828
208.29658
208.31392
208.43098
208.71688
208.78834
208.79884
208.91404
209.33626
209.34466
209.35264
209.36674
209.40736
209.42116
209.47102
209.58880
209.67442
209.79130
209.80282
209.84980
209.87458
209.88454
210.03874
210.19876
210.27454
210.33748
210.34072
210.35266
210.62494
210.76456
210.76852
210.90364
211.09708
211.10176
211.12060
211.26148
211.40146
211.54900
211.82368
211.87960
211.88194
213.22972
213.23254
213.24028
214.74028
214.78396
214.80334
214.82596
215.71354
215.73772
215.74930
215.76364
215.84188
216.15814
216.16726
216.48184
217.79848
218.14870
218.17474
219.63628
219.64102
219.64732
219.84712
220.37500
220.39954
220.51654
220.55230
220.57588
220.64128
220.67344
220.69126
220.76548
220.76854
220.78678
220.80406
220.87720
220.89160
220.89790
220.93048
220.93564
220.98016
221.05528
221.11384
221.14486
221.17882
221.18530
221.41954
221.46076
221.68816
221.70364
221.72506
221.81854
221.86294
221.91778
221.95522
221.96836
222.09820
222.12904
222.17308
222.19024
222.40894
222.44068
222.87070
223.77898
223.78516
224.53588
225.44518
226.09366
227.43496
227.45314
227.50342
228.47992
229.04302
230.69158
230.70850
230.71666
231.13924
231.16336
231.17614
231.24610
231.33214
231.54442
231.54646
231.55948
231.59044
231.59320
231.61408
231.64198
231.65428
231.96364
232.00804
232.02352
232.03444
232.29634
232.30366
232.35472
232.39318
232.40176
232.48480
232.48870
232.53826
232.76224
232.86238
232.97560
233.09230
233.25538
233.83642
234.12472
234.13762
234.35104
234.42544
234.45832
234.54178
234.63694
234.64306
235.85782
236.74918
237.15418
237.58864
238.39702
238.40674
238.73140
238.74742
238.75348
238.77862
239.00242
239.01694
239.35360
239.36626
239.54212
239.55016
240.39238
240.39640
240.40522
241.10482
241.12078
241.55170
241.74562
241.75582
241.77250
241.80478
241.87180
241.88350
241.88686
241.94302
242.05384
242.05990
242.31448
242.32888
242.38678
242.47522
242.47732
242.48074
242.62342
242.66404
242.74546
242.80264
242.80582
242.81308
243.89380
243.94312
244.01542
244.35262
244.38358
245.44150
245.74330
245.75194
245.96212
246.58582
246.62122
246.64198
246.65830
247.46140
247.48888
247.50166
247.52086
247.52884
247.69930
248.21302
248.22190
249.81136
249.83224
249.83710
250.13698
250.96702
251.71120
251.74594
253.26106
253.26856
253.49866
253.50058
253.51480
253.55602
253.77676
253.83334
254.01232
254.36194
255.16360
255.34570
255.84898
255.85276
256.89622
257.80096
258.05764
258.83950
258.85342
258.94126
259.49854
259.70176
259.70758
261.14416
262.03348
262.07716
263.60308
263.60842
263.71948
263.98342
263.98846
264.71416
264.89518
264.91336
264.97306
264.98656
265.00174
265.14508
265.14760
265.20658
265.25860
265.40170
265.43692
265.49470
265.58632
265.73374
265.89448
266.18422
266.20714
266.32768
266.48170
266.66158
266.74744
266.75458
266.94472
267.10606
267.11554
267.24418
267.37726
267.44500
268.57072
268.68892
268.95520
268.95922
268.96468
269.04346
270.00370
271.00708
271.01092
271.47202
271.47478
272.33746
272.55358
272.64070
272.64616
273.84376
274.09954
274.10230
274.11778
274.14238
274.14994
275.19622
275.20528
275.22166
275.26906
275.28430
276.31744
276.32086
276.32740
276.44782
276.45124
276.45934
276.48532
276.69262
276.69712
276.73738
276.74584
276.79174
277.14214
277.17010
277.42282
277.46434
277.49494
277.50718
277.54522
277.54774
277.67620
277.67914
277.72630
277.73524
277.76362
278.00908
278.01946
278.20552
278.29954
278.31250
278.40694
278.58562
278.97946
278.99290
279.03052
279.08794
279.11998
279.88612
279.97072
281.50906
281.53990
281.88178
281.88796
282.43810
282.48442
282.48886
283.49110
284.04664
284.71540
284.84968
285.63952
286.47616
286.47892
286.48054
286.48564
286.52752
286.55464
286.71910
286.74418
287.15140
287.16382
287.17648
287.18464
287.19928
287.24512
287.37700
287.45026
287.57464
287.62342
288.94924
289.50076
289.51066
290.05642
290.06074
290.10034
290.18356
290.62696
291.50512
291.50902
292.27318
292.31230
292.71952
293.09500
293.10778
293.11192
293.11810
293.18182
293.18590
293.96224
293.98066
294.71776
294.72058
294.72610
295.92934
296.76622
296.77108
296.77708
297.15814
297.16792
297.17074
297.31852
297.32596
297.56380
297.73156
297.74506
298.15348
298.72168
298.73308
298.74328
298.76926
298.83628
298.89346
298.91776
298.99066
299.09962
299.12236
299.20282
299.27632
299.30374
299.33854
299.36830
299.40760
299.67622
299.70034
299.85466
299.86042
299.91994
300.07990
300.13552
300.14788
300.16996
300.17926
300.32086
300.35398
300.38992
300.39394
300.62536
300.63058
300.66202
301.53610
301.67608
303.16600
303.17902
303.18352
303.76726
303.99058
303.99532
304.21300
304.83310
304.84864
304.85200
304.85530
305.67874
305.69230
305.73964
305.91286
305.91940
306.00772
306.42490
306.43060
307.23310
307.24072
307.25488
308.20294
308.81836
309.24106
309.25120
309.46336
309.47038
309.67930
310.03804
310.10560
310.13830
310.16056
310.30768
310.57438
310.58584
310.59802
311.08858
311.09344
311.70346
311.74624
311.97826
312.73750
313.20862
313.21300
313.65424
314.08684
315.08962
315.30190
315.74656
316.19200
316.19728
318.45814
318.48826
318.75058
318.76936
318.78364
319.17226
319.67506
319.86022
319.89616
319.90570
319.94494
320.47498
320.48656
320.49736
320.68354
320.92396
320.97838
320.99728
321.01996
321.34258
321.67510
321.67984
321.68254
321.72904
321.73930
321.74734
321.76042
321.77050
321.85558
321.86512
321.87886
321.95212
321.96436
321.98812
322.04530
322.17958
322.18726
322.23196
322.34932
322.63894
322.72900
322.77076
323.03284
323.05192
323.10598
323.12494
323.16256
323.25982
323.26594
323.41186
323.41996
323.42788
323.44294
323.60878
323.73112
323.83456
323.83870
323.91484
323.91910
323.96104
323.96818
324.01060
324.11014
324.19348
325.51942
325.54432
325.54900
325.88764
326.57002
326.58508
326.63782
327.20824
327.21592
327.25756
327.49900
328.06948
328.09576
328.73770
328.85008
328.88794
329.88736
330.27304
330.83266
330.98890
330.99802
331.47490
331.51096
331.51366
331.83424
332.12176
332.12590
332.18884
332.19484
332.37460
332.38612
332.44378
332.45050
332.63668
332.74618
332.80078
332.83156
332.89174
332.93290
332.98342
333.06250
333.12394
333.13324
333.25924
333.54874
333.57088
333.81916
333.88768
334.15060
334.20508
334.33414
334.60630
334.67026
334.67728
336.59398
336.60130
336.80584
337.12426
337.81156
337.99252
338.01082
338.61418
338.63290
338.66038
338.85034
338.90956
339.41812
339.76456
339.76972
339.80134
340.22536
340.76464
340.76812
340.77328
340.77712
340.77994
340.84744
341.31676
341.48620
342.21448
342.59374
342.60070
342.63316
342.68884
342.69256
342.78112
342.78568
342.90136
342.90628
342.95194
343.13536
343.20352
343.20694
343.21270
343.30516
343.31518
343.40704
343.41328
343.70704
343.90900
343.94212
344.42380
344.46466
344.61646
345.55924
345.58798
345.60328
345.61762
346.33036
346.67692
346.86214
346.87264
347.12044
347.13064
347.93326
347.94004
348.13132
348.40642
348.41116
348.42964
348.67378
349.77898
349.79572
350.22226
350.22598
350.23432
351.68314
352.78378
353.27626
353.47480
353.48140
353.51356
353.57098
353.79226
353.82898
355.09246
355.10194
355.15336
355.98124
356.53510
356.54350
356.56762
356.57230
356.77696
356.80552
356.80954
357.21820
357.24202
357.90418
358.22494
358.31800
358.90702
359.06824
359.85160
359.86774
359.87050
359.87230
359.87440
359.93476
359.94892
360.21052
360.21910
361.33570
361.37836
361.38286
362.69998
363.09424
363.24004
363.24628
363.28384
363.28834
363.29158
363.93010
363.93382
363.93784
363.94150
363.94960
364.09498
364.10116
364.10482
364.20052
364.32472
364.36150
364.41526
364.61560
364.61872
364.82200
364.85176
365.06980
365.12968
365.15368
365.34484
365.52832
365.71198
366.02950
368.34058
368.34964
368.39362
368.84746
368.87596
368.92606
369.27106
369.28432
369.46600
369.49696
370.05688
370.07398
370.86052
370.86754
372.03880
372.04510
372.25606
373.41040
373.41502
374.06350
374.31280
374.86618
374.87272
374.87830
374.93020
375.11908
375.12664
375.22804
375.23548
375.30928
375.33760
375.63394
375.80938
375.86854
375.87136
376.29670
376.43998
376.45618
376.62622
376.62874
376.79080
376.87150
376.89568
376.93882
377.07628
377.08294
377.22028
377.34952
378.90910
379.54528
379.70968
379.71442
379.71664
379.71988
379.72564
379.74112
380.87284
380.87512
380.87968
380.97010
381.02548
381.85786
382.14658
382.16392
382.26094
383.61688
383.93068
384.36802
384.38212
384.67090
384.68254
384.68620
384.69448
385.22386
385.24456
385.26214
386.27536
386.29732
386.31034
386.32432
386.36260
386.68138
386.68696
386.76094
387.00130
387.02956
387.07474
387.08380
387.30658
387.59518
387.77140
387.87544
387.88498
388.07950
388.54432
388.61038
388.95406
389.26534
389.36830
389.67898
390.87274
391.29394
391.29796
391.31530
392.11462
394.72360
396.30124
396.30784
396.31534
397.11748
397.12636
397.13716
397.13926
397.14208
397.16560
397.43950
397.47652
397.50868
397.68142
397.74292
397.86694
397.96300
397.99348
398.03128
398.09590
398.09830
398.24170
398.36170
398.38000
398.42302
398.42668
398.72326
398.91508
398.99446
399.12502
399.34984
399.43030
399.44764
399.46714
399.49420
399.63550
399.63820
399.77926
399.81688
399.90676
399.95848
399.97156
400.58068
400.91506
401.16634
402.68224
402.69178
402.70648
402.99532
403.00132
403.03144
403.63132
403.63852
403.86562
403.88392
404.48200
404.49706
404.52694
405.02254
405.02512
405.02812
405.03118
405.03424
405.05716
405.51208
405.86416
406.35514
406.91614
406.92004
406.95982
407.05786
407.44864
407.47414
407.47876
408.53284
408.54652
408.55900
408.57046
408.60952
408.62560
408.63592
408.71668
408.71944
408.72796
408.84400
408.88282
408.89152
408.92824
409.07488
409.13608
409.14112
409.24984
409.36990
409.37824
409.64350
409.65640
409.82440
409.87198
409.91998
410.08132
410.12764
410.35954
410.36596
410.39092
412.01212
412.01806
412.03840
412.04086
413.09404
413.86324
414.53284
415.00558
415.40692
415.41874
415.42066
415.42354
415.42660
415.43158
415.50688
416.22652
416.28070
417.07582
417.09250
417.12292
418.28956
418.29646
418.33624
418.63144
418.63852
418.64218
418.65610
418.72312
419.09074
419.09638
419.13682
419.13982
419.15644
419.18878
419.50552
419.51068
419.55220
419.55520
419.57086
419.91058
419.93812
419.96182
420.01732
420.03670
420.07678
420.13132
420.13558
420.14980
420.16726
420.21550
420.30016
420.41020
420.57586
421.12852
421.38172
421.39516
421.42456
421.89724
421.97230
422.07916
422.09194
422.13712
422.18866
422.28328
423.77530
423.81700
424.01290
424.02286
424.47208
424.49506
424.74478
425.93704
425.94880
426.07168
426.31876
427.44628
427.45198
427.49194
427.77274
427.81576
428.03272
428.81890
428.90290
428.91556
430.49206
430.49680
430.51618
430.56010
430.68256
430.81342
431.01088
431.01556
431.04262
431.22646
431.24224
431.63446
431.64250
431.70892
432.08662
432.13504
432.98464
433.35430
433.36192
433.39690
434.03044
434.03320
434.03560
434.03794
434.04154
434.05168
434.05930
434.57248
434.57656
434.71018
434.90536
435.50332
435.53626
435.76984
435.90670
435.92380
436.81438
437.35612
437.39026
437.40928
437.50390
437.97214
438.38440
438.41068
439.25764
439.28038
439.28362
439.29448
439.36306
440.08774
440.09224
440.90062
440.90566
440.98282
441.14950
441.15592
441.33688
441.41908
441.44080
441.57436
441.57796
441.76762
441.83968
441.85558
441.90136
441.90412
441.90868
442.16950
442.32964
442.60006
442.66216
442.82434
442.82962
443.13010
443.42176
443.44726
443.45008
443.45374
443.46220
444.18400
444.37072
444.37348
444.37840
444.97108
444.97780
445.00042
445.22164
445.22788
445.71766
446.30350
446.67010
446.86534
447.40618
447.46582
447.46882
447.47548
448.79416
448.80478
449.60200
449.66110
450.00700
450.03682
450.04438
450.04918
450.07858
450.48658
450.87940
450.88228
450.88522
450.88936
450.94498
451.03396
451.07368
451.07818
451.08832
451.12114
451.43896
451.49518
451.55740
451.78456
451.79194
451.85644
451.96198
451.96666
452.05534
452.06158
452.07622
452.20120
452.24380
452.53294
452.64382
452.83234
453.02770
453.71626
453.74776
454.01476
454.02106
454.03330
454.21606
455.21170
456.65248
456.66712
457.62580
457.64458
458.03170
458.04718
458.06008
458.06314
458.62186
458.75008
459.31492
459.34846
459.35920
459.86422
460.63282
460.66090
460.91848
460.93318
460.99924
461.03716
461.04190
461.61778
461.62018
461.63386
461.67940
461.83540
461.94112
462.04546
462.09382
462.68770
462.71332
462.81034
463.62100
463.63516
463.64458
464.24410
464.70046
465.56416
465.77182
465.85774
465.86116
465.89332
466.47160
466.53622
467.41636
467.72290
468.17698
468.24046
469.37146
469.37434
469.38898
469.45780
469.58038
469.79590
469.80700
470.20216
470.33230
471.25102
471.70282
472.40122
472.95820
472.96576
473.22574
473.26696
473.39908
473.40766
473.49196
473.51488
473.57176
473.61262
473.65654
473.66614
473.69680
473.78188
473.83852
473.87170
473.91070
473.91514
473.92894
474.14320
474.16528
474.17416
474.34414
474.42064
474.59602
474.64042
474.65194
474.68110
474.82630
474.91798
475.00270
475.13554
475.14040
475.16566
475.18180
476.16664
476.45128
476.45464
476.46250
476.75452
476.76550
477.26968
477.46114
477.46414
477.73906
478.16800
478.19278
478.20616
478.99882
479.01556
479.40742
479.41174
479.44294
479.45152
479.46640
480.57406
480.85582
481.12780
481.64230
481.65832
481.91008
481.91692
481.95604
481.98376
482.21644
482.70292
482.70568
482.73748
482.76610
482.77150
482.84476
483.39220
483.39460
483.43972
483.44248
483.48922
483.85990
484.13554
484.15822
484.16644
484.19716
484.24966
484.32604
484.33834
484.34752
484.42990
484.47016
484.61152
484.71448
484.89568
485.00626
485.01040
485.39374
485.61952
485.64658
485.68414
485.73460
486.27790
486.39184
486.47980
486.58360
486.67024
488.57308
488.59192
488.75020
489.30298
490.07116
490.40818
490.41304
490.56562
491.24350
491.26024
491.27032
491.47180
492.11422
492.16876
492.28480
493.00696
493.01302
493.02154
493.24516
493.54090
493.54414
493.56718
493.57192
493.66042
493.67158
494.16136
494.57656
494.62552
494.63878
494.66854
494.83672
494.92726
494.93986
495.02428
495.08272
495.09130
495.09598
495.25852
495.34084
495.52654
495.57760
495.71644
495.84520
495.87748
495.90082
496.00510
496.00876
496.49680
496.65562
497.13076
497.13442
498.18022
498.18832
498.19126
499.02460
499.24234
499.24966
499.47448
499.51006
499.85974
499.86496
499.88776
499.90984
500.20648
500.21704
500.94352
500.96998
501.49168
501.50128
502.33960
502.51864
502.52146
502.52512
502.53040
503.11258
503.99554
504.02416
504.04312
504.07030
504.59752
505.00612
505.01116
505.84450
505.91440
505.91806
505.96810
506.02912
506.04148
506.22928
506.24302
506.28124
506.28796
506.35822
506.41666
506.48680
506.59738
506.72086
506.72884
506.73874
507.06448
507.06904
507.15766
507.23446
507.24406
507.24718
507.39874
507.58840
507.70300
508.56970
508.75024
508.81048
508.81576
508.81864
509.58250
509.66218
510.20266
510.37720
511.01320
511.02724
511.77100
511.78072
511.95388
511.95718
512.56780
512.92372
513.27550
513.28486
513.49096
513.49360
513.50806
513.51754
513.54490
513.76570
514.81990
515.21776
515.40928
516.02068
516.19108
516.19366
516.20092
516.41320
516.47092
516.48844
516.51100
516.67186
516.74074
517.30330
518.53654
519.70756
519.77458
519.78160
520.60888
521.06392
521.30866
521.65126
521.66056
521.68432
521.68888
521.92816
522.31120
522.32044
522.76816
522.77356
523.43440
523.95424
523.96588
523.98268
523.98502
524.01010
524.02066
524.20312
524.21488
524.25622
524.79028
524.84032
525.65140
525.90748
525.91132
526.40572
526.41490
526.85008
527.43376
527.43700
527.44762
527.47804
527.52928
527.92132
528.16432
528.18550
528.20728
528.25300
528.31642
528.37252
528.41746
528.47014
528.75190
529.04374
529.08310
529.24078
529.65868
529.67584
530.01646
530.11612
530.12266
530.42506
530.45134
531.11008
532.10290
532.10830
532.11160
532.12834
532.31224
532.31884
533.17630
533.18164
533.18488
533.57554
533.93092
533.99962
534.75718
534.76090
534.86728
535.03294
535.04704
535.05424
535.06132
535.06744
535.40488
535.77718
536.67268
536.67736
537.49468
537.54364
537.93622
537.97564
538.03312
538.12180
538.12882
538.13572
538.15606
538.25380
538.28962
538.34272
538.35352
538.43668
538.47502
538.54624
538.65130
538.78360
539.19022
539.21980
539.27560
539.29228
539.30914
539.31568
539.33038
539.46520
539.48920
539.78470
539.81776
539.83618
540.04654
540.68170
540.69076
540.77542
541.35244
542.47714
543.05044
543.21778
543.22372
543.23716
543.25180
543.84886
544.41898
544.42330
544.42726
544.44040
545.24758
545.90932
546.02116
546.20080
546.73888
546.74416
547.25608
547.30630
547.88962
548.98252
549.01120
549.32122
549.49816
549.50242
549.54922
549.55930
549.57082
549.86458
549.86776
549.87280
549.91810
549.92896
550.56454
551.11486
551.12152
551.13094
551.14660
551.15242
551.98876
552.02716
552.35956
552.73348
552.75634
554.07724
554.07988
554.08792
554.28400
554.28802
554.30578
554.31904
554.59774
554.90002
555.99220
557.10988
557.49802
557.55178
557.77606
557.78614
557.79868
557.80624
557.81206
557.81566
558.45502
559.18390
559.18816
559.20280
559.22656
559.36204
559.82134
559.82500
560.06014
560.55478
560.56018
560.56654
560.80618
560.81086
560.82028
560.86060
560.94142
560.94988
561.06460
561.07000
561.17434
561.23368
561.49756
561.50770
561.55888
561.57088
561.84898
561.86560
561.98704
562.12882
562.17340
562.25710
562.31764
562.47112
562.55824
562.63660
562.76338
562.76932
563.03686
563.10724
563.13070
563.90092
564.30616
564.31732
564.71830
564.74554
565.64584
565.92238
565.98286
566.10718
568.91950
569.24926
569.25472
569.49130
570.42568
570.43096
570.43540
570.93214
570.99550
571.19038
571.23916
571.92850
571.95052
571.96348
572.00596
572.13142
572.13478
572.17618
572.22862
572.23726
572.62696
572.69248
572.73346
572.85154
572.91616
573.40270
573.49360
573.59368
573.62218
574.19212
574.28038
574.34422
574.38484
576.49864
576.51148
576.51388
576.83032
577.25296
577.40740
577.42636
577.57048
578.29162
578.36680
578.37154
579.02212
579.03052
579.80524
579.83344
580.05808
580.40020
580.40464
580.41118
580.41952
580.42828
581.54812
581.55520
581.56414
581.59234
581.59828
581.72698
581.74852
581.86504
581.88430
581.97526
581.98948
582.01024
582.10102
582.10456
582.11008
582.14344
582.14782
582.15754
582.17698
582.18484
582.26770
582.32980
582.39946
582.42322
582.50740
582.90184
582.96646
583.04656
583.31422
583.62202
584.68654
585.73018
585.82210
585.85396
586.68052
586.68910
587.26960
587.28766
587.30944
587.46382
587.47810
587.77066
588.08752
588.09208
588.12298
588.29620
588.37390
588.76858
588.78574
588.80140
589.10932
589.65796
589.66048
589.66276
589.76842
589.99306
590.45446
590.45794
591.11260
591.51172
591.55336
591.55864
591.62458
591.92422
591.92668
591.93094
591.93556
591.94552
592.40596
592.43056
592.44466
592.46956
592.48708
592.93606
593.28586
593.32534
593.79490
593.80696
593.81338
593.81596
594.25102
594.36814
594.83980
595.33948
595.34464
595.34746
596.33404
596.74258
596.92054
596.99566
597.00136
597.00358
597.15652
597.17374
597.62986
597.64126
598.40524
598.42684
598.43206
599.27656
599.97196
600.06622
600.08344
600.10558
600.81550
601.17136
601.18138
601.19020
601.19962
601.20568
601.21366
601.63516
601.64068
601.90588
602.18404
602.22772
602.23786
602.99878
603.75268
603.76270
603.78202
603.94576
603.95524
604.12990
604.13224
604.13596
604.24492
604.31812
604.32598
604.41610
604.69924
605.16154
605.58964
605.63830
605.64148
606.09424
606.23896
606.25384
606.42862
607.71142
607.71922
607.72612
608.90416
608.92684
609.15502
609.59776
609.65962
609.66604
610.06396
610.07662
611.07454
611.10094
611.31676
611.34958
611.35312
611.89246
611.91640
611.92612
612.45952
612.94678
612.98722
612.99298
613.00036
613.31836
613.32892
613.77256
613.77766
613.82152
614.06938
614.07760
614.42998
614.43670
614.44312
615.39682
615.40546
615.40834
615.86278
615.87298
615.90346
615.92500
615.97444
615.97852
615.99052
616.06720
616.06966
616.07362
616.08358
616.09210
616.11814
616.12450
616.18786
616.28512
616.45216
616.51540
616.72114
616.72552
616.73716
616.99642
617.00752
617.01340
617.12482
617.12842
617.17198
617.22418
617.24116
617.30434
617.40520
617.47816
617.49082
617.71408
617.90488
618.70540
618.71554
618.72208
620.30290
620.30626
620.31202
620.35984
620.78428
620.79844
622.23310
622.25080
623.27236
623.27500
623.28364
623.47942
623.51698
623.54782
623.65168
623.96794
624.38230
624.41770
624.44224
625.14694
625.15264
625.20346
625.20754
625.22182
625.60540
625.60756
626.03092
626.03818
626.08312
626.68372
626.70748
626.73898
626.82988
627.10606
627.46168
627.48610
627.68464
628.27606
628.29406
628.32862
628.43068
628.92346
629.23840
630.04174
630.77488
630.93070
631.77886
631.85842
632.51308
632.52748
632.53210
632.90326
633.29608
634.21318
634.53616
634.53958
635.03836
635.28664
635.30218
635.33482
635.33854
635.99866
636.00430
636.07348
636.54700
637.27534
637.30324
637.33762
637.41628
637.42762
637.45804
637.59292
637.60276
637.63396
637.66060
637.84894
637.85284
637.87060
638.01328
638.08498
638.27932
638.35066
638.77294
639.04216
639.10294
639.25798
639.33748
639.54550
639.54994
639.72922
639.73714
639.82186
639.89512
640.13320
640.44598
640.46122
642.06718
642.08506
642.09382
642.96292
642.98392
643.42522
643.66840
643.67200
643.69420
644.44564
644.47948
644.48890
644.86102
644.91472
645.73216
646.05766
646.60456
646.61098
646.65556
647.31592
647.33416
647.35792
647.36704
647.75818
647.76904
647.77780
647.80192
647.88424
647.90044
648.08302
648.17206
648.50494
648.51946
648.69058
648.70240
648.74440
648.80008
648.88756
648.90238
648.92950
649.01926
649.07608
649.08742
649.36720
649.37830
649.41484
649.46608
649.48498
649.56712
649.93354
650.05468
651.03370
651.96760
652.46224
652.46782
652.63474
652.81168
652.81894
653.53546
653.54794
653.78416
653.79928
654.59014
655.73284
655.73800
655.93708
655.97758
655.99318
656.27182
656.27668
656.28010
656.28382
656.48062
656.48698
656.49166
656.59582
657.35584
657.36652
657.38566
658.09162
658.23796
658.55740
658.56046
658.58956
658.62520
658.63738
658.80784
658.92532
658.93972
659.00980
659.08018
659.09134
659.23126
659.23876
659.30290
659.32474
659.36194
659.55778
659.56150
659.83162
659.90368
660.15262
660.26014
660.31300
660.31624
660.31930
660.62350
660.63094
660.65152
660.76414
660.76828
660.79054
660.83296
660.91642
660.92800
661.04500
661.10260
661.10728
662.63176
664.54432
664.92622
665.02906
665.09836
665.84152
665.85988
665.88730
665.89096
666.05764
666.69376
666.69868
666.76204
667.02538
667.02868
667.03552
667.04590
667.07254
668.29114
668.29486
668.31832
668.35768
668.42650
669.09820
669.11590
669.14284
669.17662
669.19354
669.24010
669.51250
669.82792
669.84322
669.85480
669.85726
669.86074
669.86644
670.03066
670.03924
670.04920
670.08868
670.14136
670.15438
670.32034
670.41586
670.53160
670.64122
670.68244
670.70614
670.72006
671.26468
671.40778
671.50570
671.78614
671.89726
672.18634
672.19510
672.20524
672.91252
673.74004
673.75606
673.90186
674.67976
674.81344
675.33460
675.35974
675.52954
675.56308
675.57196
676.69264
676.72420
676.73002
676.83154
676.83718
677.44168
677.45554
677.71606
677.71804
678.40366
678.44632
679.01692
679.05310
679.08736
679.43812
679.44778
679.76368
679.82140
679.84180
679.96348
680.05288
680.24140
680.31760
680.91850
680.96092
681.03478
681.10522
681.45808
681.46426
681.51406
681.85540
681.86434
682.22692
682.23070
682.39810
682.40092
682.40338
682.84222
683.20618
683.25622
683.86372
683.88970
684.39112
684.94594
685.31866
685.95526
685.95916
685.98544
686.19220
686.31754
686.89864
686.90134
686.92726
687.44782
687.45880
687.47278
687.49636
687.62662
688.33252
688.33840
688.38808
688.54798
688.55104
688.60864
688.63516
689.83894
689.99392
689.99812
690.00256
690.08650
690.13288
690.16396
690.16660
690.17920
690.25654
690.26476
690.38548
690.39328
690.42514
690.43072
690.46168
690.47584
690.56398
690.61426
690.67534
690.68080
690.90982
690.91594
690.95656
691.19374
691.22764
691.31248
691.34950
691.44178
691.45846
691.59352
691.60192
691.62118
691.86868
691.88104
691.90384
691.94776
693.02740
694.51552
694.52110
694.53100
695.30770
695.32108
695.44978
695.45398
695.51446
695.53810
696.19456
696.20044
696.20320
696.30280
696.72316
696.82876
696.84046
697.41436
697.42654
697.43638
697.94638
698.14900
698.15974
698.33704
698.33998
698.35984
698.41030
699.06304
699.06844
699.72274
700.00906
700.01122
700.07146
700.26226
700.85086
700.85626
700.85968
700.89280
700.92616
700.95664
701.10826
701.15824
701.16106
701.16580
701.17888
701.36176
701.39938
701.52550
701.52862
701.71324
701.79916
701.85466
701.86036
702.27946
702.30946
702.54772
702.55282
702.61336
702.85642
702.92416
702.93490
703.06078
703.06468
703.21042
703.33630
703.35712
704.86954
704.87284
704.88682
704.89054
706.43368
706.46278
706.93156
707.33884
707.39944
708.04078
708.19600
708.64132
708.85120
709.67026
710.98096
710.99158
711.00478
711.01126
711.01954
711.02218
711.11038
711.40654
711.41020
711.47836
711.51346
711.68794
711.70930
711.72436
711.79018
711.82648
711.82912
711.84478
711.87310
712.02412
712.18618
712.19464
712.31944
712.37482
712.50574
712.53478
712.58692
712.59142
712.59520
712.76056
712.81408
712.85200
712.86064
713.07748
713.30476
713.33188
715.19326
715.20178
715.21438
717.12706
717.13486
717.13840
717.14344
717.19858
717.23188
718.05628
718.24438
718.24918
718.93378
718.94194
718.94878
718.95460
719.23330
719.75266
719.97898
720.69412
721.33774
721.35280
721.35544
721.65028
721.79782
721.80568
721.84678
722.17672
722.55370
722.79712
722.79976
722.81668
722.85388
722.96188
723.11956
723.22624
723.28600
725.31196
725.32798
725.34538
725.62810
725.66230
727.13374
727.17310
727.17916
727.80430
728.23198
728.23990
728.78050
728.80300
728.80780
728.82040
728.86558
729.12544
729.13564
729.74278
729.75070
730.51720
730.54804
731.03680
731.09068
731.34424
731.99542
732.86302
732.89920
733.12870
733.52494
733.58608
734.68540
734.77510
734.78812
734.91004
734.91388
735.18976
735.50464
735.58360
735.58804
735.71470
735.71836
735.80962
735.82588
736.09552
736.27768
736.43974
736.57576
736.58212
736.58710
736.61236
736.77676
736.96084
736.99180
737.01076
737.07838
737.11882
737.77306
737.86504
740.58736
740.59624
740.64586
741.76420
741.77158
741.77536
741.77728
741.86062
741.90190
742.06228
742.06972
742.28560
742.29334
742.79056
743.52400
743.53678
743.54458
743.58100
743.96452
744.32806
744.33316
744.36658
745.28500
745.31482
745.78678
745.79116
745.80022
745.99966
746.00962
746.10862
746.16892
746.20510
746.26324
746.27266
746.29312
746.37400
746.47906
746.52496
746.57344
746.77930
746.78740
746.79808
746.88640
746.98744
747.00616
747.01000
747.01588
747.05638
747.06358
747.20758
747.22732
747.27958
747.28564
747.44842
747.46852
747.54430
747.63574
747.69142
747.71932
747.99622
748.02964
748.04500
748.07860
748.96498
750.01024
750.51820
750.52348
750.84502
750.84982
751.65412
751.65706
751.65988
751.88260
751.89598
752.46658
752.47336
752.50540
752.51068
752.52478
753.34528
753.34912
753.35428
755.22334
755.41540
755.42914
755.44096
756.22606
756.69784
756.73018
757.60834
757.63510
757.63738
757.76350
758.03656
758.05294
758.09404
758.11552
758.14198
758.21626
758.29438
758.47876
758.55166
758.55484
758.60236
758.71378
758.97940
759.03754
759.04108
759.05260
759.31486
759.33400
759.46822
759.60076
759.60616
759.73678
759.80218
760.13344
760.24630
760.25278
760.39906
760.40812
760.57084
760.58296
761.23030
761.24446
761.24782
761.52274
762.42856
762.44746
762.59032
762.64912
763.34260
764.31442
764.31958
765.19762
765.24268
765.25024
765.26566
766.00780
766.04614
766.04908
766.68394
766.69408
766.85224
766.86166
766.87960
767.62162
768.00436
768.07438
768.29320
768.59356
768.60034
768.64252
768.68626
768.78838
768.85924
768.96160
770.49622
770.49994
771.00184
771.00664
771.19864
771.70114
771.75262
772.81408
773.62504
773.62858
773.70862
773.72620
773.77600
773.78230
774.37558
774.39928
775.22176
775.28866
775.31758
775.85524
775.87042
775.87762
776.70052
776.79166
776.79610
777.23770
777.81826
777.97414
778.55554
778.59340
779.40448
779.69128
779.73754
779.79028
780.10984
780.18958
780.44254
780.45148
780.45544
780.62248
780.63364
780.75358
780.82030
780.90982
781.00900
781.02580
781.30606
781.40596
781.43308
781.69318
781.80574
781.98268
781.99684
782.03338
782.09470
782.10016
782.27368
782.68288
782.69116
782.73460
782.79034
782.89060
782.89720
782.90158
784.06510
784.37380
785.19910
785.42956
785.45128
785.76646
785.78212
786.01282
786.05296
786.06412
786.70408
786.72148
786.73486
786.75718
786.86332
786.87010
787.19716
787.22176
787.65214
787.70206
787.75312
788.49376
788.51692
788.52610
789.38356
789.39910
789.40696
789.56824
789.85774
789.86146
789.88426
789.92152
790.15216
791.10790
791.65630
791.65882
791.66386
791.73034
791.73496
791.77486
791.80330
791.91256
792.02074
792.10030
792.19078
792.33274
792.60700
792.65734
792.66196
792.67018
792.79480
792.93064
792.94618
792.97366
793.08994
793.36246
793.42096
793.66048
793.73104
793.86652
793.87378
794.17594
794.20468
795.07228
795.09142
796.10266
796.11292
796.28284
796.87966
796.88446
797.70052
797.70688
797.74378
798.43588
798.44836
798.66178
799.35352
799.80664
800.00440
800.05900
800.06446
800.07784
801.18358
801.18844
801.34996
801.35884
801.80170
801.81772
801.82468
801.86860
802.53214
802.54414
803.13082
803.16304
804.02878
805.05298
805.48942
805.82518
806.10316
806.35834
806.38024
806.39920
806.43718
806.63704
807.19690
807.21754
807.21970
807.22234
807.22606
807.22912
807.25300
807.30316
807.98794
807.99994
808.01326
808.27276
808.80562
808.93102
808.93354
808.93588
808.93858
809.47306
809.69896
810.23428
810.24604
810.25192
811.42750
811.44880
812.22136
812.25022
812.25298
812.25784
812.57056
812.66038
812.66212
812.70436
812.70808
812.71684
812.74918
813.07114
813.13420
813.38806
813.41116
813.41704
813.42118
813.44296
813.46474
813.49942
813.52246
813.59620
813.60076
813.66568
813.69070
813.97264
813.98470
814.09054
814.18714
814.27246
814.28098
814.31812
814.32400
814.46536
814.47844
814.48246
814.77514
814.86790
814.87174
814.88590
814.95490
815.05132
815.07868
815.65240
815.69938
815.70544
815.93092
817.26832
817.27324
817.34638
817.35298
817.55536
817.56148
817.57594
817.60888
817.99066
818.00086
818.89768
818.90872
818.92204
819.01678
819.01960
819.02194
820.08832
820.09030
820.09306
820.74838
820.90456
820.91548
820.93348
820.94488
821.64778
821.67418
821.68006
822.34732
822.44098
822.48580
823.01488
823.03894
823.04872
823.06432
823.07392
823.09102
823.10836
823.16632
823.17124
823.26478
823.27594
823.38634
823.39036
823.43518
823.49530
823.57498
823.68778
823.79980
823.89160
823.93222
824.10658
824.13280
824.18818
824.19682
824.20180
824.32342
824.36434
824.41552
824.45050
824.59486
824.62630
824.67160
824.90188
825.11308
826.00258
826.59622
827.11462
827.12734
827.13886
827.34904
827.84698
827.89138
827.89762
828.18190
828.46798
828.47752
828.49486
828.98530
829.33612
829.84864
829.87450
831.36940
831.38734
831.64378
831.65092
832.23616
832.35364
832.35958
832.36918
832.42570
832.85092
832.87522
832.88398
832.96954
833.65030
833.65432
833.65870
833.66110
833.87038
833.88586
833.97736
834.99388
834.99790
835.00042
835.03852
835.10212
835.41928
835.48066
835.71886
835.75042
835.80442
835.93066
835.97770
836.02642
836.03068
836.61484
836.70988
836.80684
836.99800
837.05554
837.33634
837.41764
837.57820
837.90652
838.30096
838.30402
838.30912
838.97176
839.58400
840.10192
840.10852
840.37132
840.41122
840.61504
840.63718
840.65050
840.88186
840.88960
840.95554
841.27180
841.61512
841.62166
841.79902
841.80514
841.80910
841.81696
841.92688
842.73994
842.74684
842.76808
842.77468
842.80378
842.82508
843.61426
843.67354
845.05684
845.16232
845.59624
845.61712
845.62096
845.74828
846.22594
846.22852
846.23458
846.27664
846.50080
847.43776
848.65516
849.20662
849.21226
849.24106
849.27886
849.47686
849.90226
850.56382
850.61338
850.78162
851.42932
851.43850
851.45212
851.88898
851.89978
851.90500
852.30292
852.81202
852.81940
854.00032
854.00710
854.04244
854.51446
854.76274
855.38098
855.41476
856.10590
856.20670
856.21066
856.21378
857.12254
857.12560
857.12962
857.39182
857.73670
857.76868
857.84422
857.91016
857.92234
857.99422
858.16720
858.41716
858.45796
858.58798
858.67792
858.69820
858.90934
858.91720
858.92818
859.33702
859.67740
859.91470
860.12272
860.13064
860.14570
860.25868
860.46160
860.46718
860.49388
861.21526
862.31308
863.40568
863.41270
863.54470
863.83924
864.34948
865.19110
865.22752
865.99672
866.00404
866.01040
866.74498
867.51262
867.52672
867.53062
867.53644
867.54706
868.02130
868.02442
868.02718
868.04362
868.08466
868.08988
868.13170
868.22308
868.26106
868.26604
868.28134
868.29910
868.31896
868.32940
868.38064
868.48978
868.59004
868.63624
868.64422
868.67380
868.68346
868.78006
868.78714
868.82284
868.99954
869.12116
869.12734
869.13364
869.15860
869.40616
869.56102
869.66344
869.80264
870.10858
871.00948
871.01590
871.11076