0.00372
0.02052
0.07248
0.54270
0.59910
0.67320
1.37292
1.45902
1.82568
2.13948
2.37270
2.49234
3.11646
3.17562
3.84222
3.92550
4.24842
4.41912
4.45272
4.67238
4.88610
4.91772
5.11518
5.66454
6.60246
7.97826
8.17062
9.00762
9.21834
9.45456
9.92754
11.24058
12.04662
12.45876
13.09626
13.64472
13.71978
13.75656
13.85634
13.95336
14.57988
14.60250
14.62956
14.66670
15.63330
16.09260
16.13958
16.18614
16.43298
16.62204
16.63890
16.68594
18.02202
18.29928
18.80238
19.34922
21.59868
21.84450
22.81524
22.82100
24.58452
24.79146
24.96126
25.85772
25.93734
26.26032
26.43702
29.25966
29.89026
30.05958
30.48660
30.86400
31.31970
32.98596
33.01242
34.44672
34.54224
34.66626
35.05260
35.09358
36.23256
36.50232
36.86106
37.06878
37.64196
37.76280
38.01864
40.36818
41.00796
41.93490
43.06494
43.45116
43.48596
43.53438
45.48132
45.99528
47.08374
47.14734
47.37096
47.40738
47.83746
48.03078
48.14766
48.20694
48.29766
48.38370
48.59454
48.60036
48.61092
51.05004
52.74996
52.93974
53.02302
54.34536
55.57734
55.57986
56.70636
57.73908
59.66112
59.77710
59.87292
59.88294
59.94192
61.10334
61.45086
62.02248
65.95578
66.31554
66.78222
66.81246
67.12464
67.23216
68.28234
68.50566
68.84880
69.34890
70.81536
71.06532
71.07894
71.13204
71.20998
71.22996
71.52624
71.85264
71.91900
74.43618
75.44562
76.06536
76.06740
76.07928
76.26702
77.81598
77.91156
79.09302
80.62188
81.29304
81.34608
81.69882
81.74580
81.87918
82.64166
82.70262
82.73586
84.38214
84.42186
84.92292
85.00986
85.02948
86.03994
86.11896
86.24322
87.56256
88.29894
89.12712
89.17950
89.21286
89.47458
89.48946
90.21306
91.84920
92.47878
92.49354
92.63340
92.86194
93.75330
95.46060
95.76024
96.29670
97.54068
98.05338
99.63030
99.91086
100.51080
100.66650
100.69590
102.28500
102.47748
103.26306
103.34736
103.73034
104.19228
104.49714
104.87088
105.47700
106.90188
107.66712
108.59010
108.74766
110.91900
110.94042
112.11372
113.31756
114.36756
114.40974
114.73818
114.95766
115.09698
115.29072
115.58154
115.81752
118.01754
118.86750
118.87836
119.51772
121.80120
122.85780
125.14098
125.40108
125.49096
125.49528
125.53176
125.57550
125.65128
125.77494
125.87892
127.86750
128.15136
129.29568
130.69578
132.63186
132.81456
133.36074
134.50572
134.52042
136.56918
137.02206
137.03514
137.23230
137.24712
137.36274
137.39904
138.14490
138.16578
138.17532
138.63240
138.83898
138.91266
139.00218
139.11870
140.76882
142.10106
143.24958
144.12246
144.74658
145.46364
145.85910
147.02574
148.02624
148.05306
148.10322
148.13640
148.23054
148.30986
148.35012
148.40010
148.42572
148.45008
148.46406
148.46670
148.55040
148.82664
149.10294
149.34426
151.01424
152.97402
153.49380
155.28474
155.75130
155.76114
156.93780
156.95436
157.23192
157.83786
157.87740
159.75474
159.93252
160.24506
160.34922
160.37202
160.39218
161.31876
162.01818
164.03550
164.06970
164.64606
165.27636
165.98976
167.12370
167.12964
169.44750
170.29860
170.74158
170.92458
171.02460
171.10236
171.23562
171.41190
171.48594
173.74902
174.50832
174.57036
175.07622
176.76762
177.25302
177.26832
177.89412
179.09166
181.43886
181.45914
181.53240
181.61202
181.62882
181.65186
181.78236
181.82094
182.06568
182.21922
182.27322
183.24270
186.40344
186.75810
188.67192
190.75464
190.80912
191.66502
191.68158
193.50588
193.63224
193.69350
193.70298
194.38266
196.15590
198.53760
198.99756
199.12386
199.26696
200.53140
201.77778
202.33464
202.67892
202.80840
202.85358
202.86522
203.78514
204.29868
204.76590
204.99666
205.39926
205.51866
206.51910
207.97902
209.08050
210.30774
212.37684
212.50704
214.93710
216.78156
216.88728
217.10418
217.85778
219.91812
221.22060
221.22498
221.41542
221.45652
222.40662
222.66858
223.15476
223.51578
224.83854
226.17162
227.06304
227.09502
228.23868
228.26946
228.71628
229.04304
229.68612
229.74276
230.67648
230.70246
230.73348
230.97918
232.15050
234.40668
234.77328
234.82326
234.84024
236.89050
237.19968
238.27428
238.31376
239.34408
239.37444
239.69310
241.76514
243.23658
243.27540
244.69920
246.22038
246.66306
247.10748
248.16690
248.18310
248.18568
248.41386
248.60994
249.64368
251.42706
251.56404
251.60022
251.65008
251.83140
252.62778
252.67350
255.07242
261.42570
262.44636
262.90404
263.02992
263.06340
263.16024
264.17982
264.77994
265.46550
265.47492
265.53654
265.66344
265.73010
265.74384
265.77420
266.09682
268.56090
268.61754
269.36550
269.40072
270.14730
270.43956
270.48078
271.34724
272.36130
272.38488
272.84196
273.17784
273.54462
273.72798
273.94380
274.90428
275.01444
275.23098
277.76160
277.77540
277.92534
282.26514
283.01934
283.13712
283.17456
283.83168
284.01210
284.64564
284.76216
284.78166
284.97168
285.22584
285.42900
287.21874
291.64566
292.61550
295.11930
296.55258
296.59494
297.00924
297.17916
298.18188
299.59548
300.57906
300.99540
302.20764
302.24982
302.33802
304.63152
304.99530
305.68818
305.80176
306.46842
306.51186
307.54212
307.60890
307.91820
307.94238
308.80188
311.06838
311.19780
312.72534
312.82776
314.59158
316.41084
321.26052
321.26358
321.33390
321.41340
322.34730
323.52666
323.53692
323.59332
323.65998
325.93350
327.49356
327.51948
329.26518
329.30274
329.75256
329.76312
330.94230
331.01010
332.29314
333.51900
333.89022
335.40732
335.95890
336.25704
338.00382
338.02386
338.05728
338.14044
338.17968
338.41938
338.71974
340.06308
340.15698
340.19550
340.40934
340.59660
341.55276
345.67752
346.42758
346.44444
346.62762
347.38230
348.27084
348.28260
349.45884
351.61656
351.68520
352.27572
353.19318
353.20944
355.38864
355.56258
355.69284
355.80534
357.10812
357.58254
357.92340
360.69984
360.96162
361.54416
361.56348
361.63308
361.66662
361.68024
361.77060
361.85370
362.01666
362.26122
363.33354
364.82160
364.94760
370.34130
370.81500
371.35140
373.16586
373.25832
373.28142
373.62564
374.26332
374.28540
375.77418
378.48108
378.51600
378.54036
379.62714
380.53716
380.82456
383.54874
383.55480
383.55966
383.78412
384.08514
384.09432
384.17526
386.44950
386.89650
387.47226
388.29588
390.10326
390.88296
393.35718
393.45456
393.47124
394.79088
395.27448
395.34774
395.51430
396.12480
396.15522
396.16194
396.80826
396.83574
397.47498
398.66514
399.05610
399.59226
400.14240
400.19616
400.28844
400.79616
400.83270
402.78282
402.89670
403.76652
404.34978
407.22696
408.65862
409.00452
409.53522
410.72460
410.80074
410.91072
410.91984
412.00788
412.15794
415.48158
415.62204
416.23854
417.81168
418.65564
418.66308
422.20236
422.97552
423.44484
423.75876
423.79536
423.94530
424.83516
424.84734
424.90470
425.76186
427.33506
428.14530
428.42856
429.44520
430.20894
430.55604
432.22590
433.37844
434.38944
435.24510
435.30888
436.10142
437.96172
438.00630
438.99516
439.03938
439.04508
439.32246
439.49220
439.61202
440.63466
441.35886
442.40604
442.44540
442.74894
442.79526
442.82838
442.92282
443.61210
443.61570
443.64534
444.92898
445.83234
445.85832
446.61636
446.69544
446.74242
448.40940
448.85922
449.55198
449.57574
449.68548
449.84244
450.85914
451.03266
451.05516
451.23042
451.23534
451.70742
451.92918
453.14526
454.40802
454.83522
456.36570
456.41574
457.19898
457.99506
459.09198
459.23304
459.25254
459.38700
459.42540
459.45276
460.40838
460.71522
460.77810
461.02524
461.18592
461.19846
461.34828
462.09456
462.24156
464.14326
464.15346
465.22164
466.62450
467.42436
468.60768
468.62154
469.07718
470.26062
470.96718
471.23400
471.26466
471.29310
471.31044
471.34086
471.63348
471.91446
472.44762
472.63800
472.99074
473.00058
475.88772
475.92372
477.00420
478.61634
478.76016
479.44962
479.48964
479.92068
480.48306
480.52632
481.74342
482.15976
482.62056
484.99332
484.99806
485.00406
485.32074
486.30702
486.55704
487.20990
487.41624
488.86314
488.95416
489.34362
490.19052
492.16446
492.89748
493.04028
493.05480
493.09074
493.52922
494.45814
494.52462
495.39444
496.19472
496.97514
498.14196
500.05890
500.83602
500.86602
500.90502
500.91876
501.99564
502.73802
503.60982
504.21768
505.11312
506.26056
507.94134
507.97314
508.08054
509.96442
511.98546
513.71526
514.30476
514.31532
514.80252
515.39616
515.52216
515.55522
515.56302
515.61558
515.75298
516.71598
519.26112
520.52082
520.53390
520.57086
522.05076
522.05562
522.14346
522.16776
523.05474
523.07898
523.31772
525.30540
525.48198
526.33710
526.60812
527.50578
527.51316
528.18012
529.40286
530.83068
531.49734
531.60354
531.73668
532.07628
533.63754
534.43188
534.43734
536.23524
537.32178
537.61146
537.62580
538.82250
538.84068
541.35828
541.42548
541.54392
542.72376
543.54720
543.56682
543.57120
544.20756
544.26534
545.28528
545.89608
548.61972
549.22554
550.63554
550.64262
552.50994
553.12062
553.21008
554.65104
554.82126
555.36696
556.54116
556.62870
556.63854
557.56758
558.33186
558.57264
559.16532
559.49166
559.90860
560.21508
560.30760
560.60880
560.61144
561.00612
561.61200
562.64904
562.74240
562.75914
562.76208
562.80900
562.83042
563.54562
563.59290
563.60166
565.19580
565.72206
565.77924
566.81418
566.87664
567.27366
568.71300
569.18592
569.79654
570.45762
571.95768
574.37028
574.37754
576.22746
576.24876
576.26376
577.06770
577.72062
577.73430
579.21768
582.10656
582.14412
582.96090
583.51734
583.52664
583.57944
583.82022
583.82784
584.59158
584.99718
586.33650
588.41082
588.41382
588.60342
589.09884
591.38742
592.31412
593.55414
593.55840
593.56404
594.17190
595.76124
596.56422
596.60436
597.31134
597.49776
598.36158
599.88120
599.94798
599.95476
599.96166
600.28116
601.38150
602.23752
604.37676
604.45176
604.87860
606.09858
606.44856
606.91248
607.04892
607.17324
607.83870
608.56308
609.82212
610.91778
611.34654
612.37038
612.43320
612.54972
612.56052
616.53372
616.54020
616.66704
616.70682
617.27334
617.60748
617.70150
618.03570
618.56490
618.99084
621.20778
622.31532
622.31826
622.59594
622.76118
622.79592
622.82928
623.38134
623.42940
623.86314
625.14156
626.67330
627.50280
627.55644
627.57576
627.57852
628.63650
628.86402
628.91982
628.94586
629.07600
629.40336
629.42682
629.49738
629.74740
630.17652
630.51738
630.78678
630.80850
631.29060
632.05980
632.08392
632.85078
632.87040
635.02704
635.11728
636.65400
637.45110
637.61472
638.45388
638.91480
638.92680
639.80394
641.33742
642.09342
642.39372
643.16022
643.17348
644.02728
644.03478
644.27088
644.41014
645.38148
645.99858
646.27056
647.16018
647.22048
648.30762
648.32670
648.88746
649.01484
649.04826
649.05114
649.06482
650.26470
650.30100
650.64816
651.02052
651.58164
651.59760
651.87432
652.02414
652.21728
652.56324
652.99074
653.47686
653.55294
654.80604
654.89124
656.91756
656.98734
657.69984
657.97074
658.04076
659.50998
660.22050
660.46464
661.34838
662.21010
663.02052
663.02232
663.19290
663.68802
663.78420
663.81024
663.99330
664.48398
664.52082
664.58694
667.04784
667.09356
667.42020
668.09790
668.91714
669.54024
671.86884
672.46986
672.70044
672.70500
673.35942
674.30304
674.52660
675.12750
675.18024
675.21408
678.10920
678.25710
678.96000
679.00338
679.03098
679.13682
679.63866
680.73390
681.60348
681.70026
683.30358
683.70354
684.24798
684.84810
686.97036
687.14784
687.41034
688.11468
689.38830
690.43434
691.52052
693.47058
694.14312
694.99332
695.21046
695.91462
697.54368
698.20554
699.73122
700.79376
701.48442
702.18420
702.63126
703.28124
704.28132
704.30994
704.31756
704.40348
705.31926
705.32490
705.84078
706.11744
707.46042
708.18702
709.08120
709.19376
709.22064
709.95090
710.93142
710.94822
711.14820
711.36474
711.36792
711.97674
712.79856
713.23176
713.42082
714.30408
714.85104
714.90408
714.97434
715.98162
716.01804
716.14434
716.17092
716.18460
716.31510
716.42460
716.54412
716.93160
717.20142
717.79500
717.97716
719.33766
719.38458
719.75124
719.91786
720.25122
720.37488
720.40398
720.41352
720.42780
720.43452
721.01796
721.21560
721.36788
722.21790
722.47110
722.55468
723.36816
723.68208
723.70146
724.44408
724.57122
725.01822
725.02128
725.04870
725.13828
725.63502
728.01852
728.88798
729.62820
731.14944
731.30874
731.32182
731.33718
732.73458
732.93552
734.43288
734.96628
736.04046
736.43610
737.51682
737.59140
737.59998
739.17294
740.33670
740.36004
740.38962
740.39628
740.42292
741.08958
741.35808
741.45066
741.45366
741.71742
741.72018
742.97946
743.00358
743.05632
743.48706
743.84658
743.99052
744.20358
744.20664
744.55368
744.61314
745.79628
746.25684
746.68614
746.74188
746.77374
746.98002
747.00102
748.78434
749.58414
749.65704
750.40116
751.57758
751.58442
751.79640
751.91364
753.44418
753.47994
753.49092
753.82338
753.85680
754.19028
755.57376
756.42372
756.44034
756.46482
757.78464
758.20686
758.35128
759.45726
759.79044
760.10430
760.32390
760.34460
760.42404
761.96820
763.64730
765.18804
765.93504
765.96846
766.00470
768.37068
768.39114
771.12480
771.19152
771.21444
772.52484
772.88604
772.98594
773.64174
773.74182
773.77488
773.78160
773.85270
775.05846
775.72464
775.73886
775.80828
777.97950
778.54218
779.26548
779.28210
781.97022
782.40666
784.15998
784.19340
784.25994
784.83774
786.61728
787.16430
787.18122
787.34394
787.71090
787.74678
788.82798
788.87196
788.88552
789.57822
789.59478
789.64494
790.17816
790.31784
790.88244
791.32860
793.27932
793.56918
793.80696
793.89960
794.19636
794.61006
794.87412
796.19700
796.28040
796.31382
796.91778
796.95354
796.97772
797.41404
797.61426
797.81136
798.57114
798.69240
800.19288
800.21244
800.76246
800.92650
801.69954
801.80580
801.84342
801.88254
802.44966
802.47006
803.39994
804.01080
804.01374
804.79032
804.81384
804.82350
804.88734
804.90042
804.90714
805.03728
805.09086
805.13088
805.20408
805.25052
805.50738
807.41790
807.43440
808.01250
808.01814
808.07442
808.10142
808.11828
808.63506
809.00160
809.01852
809.03514
809.16840
809.18244
809.42496
809.44164
809.80200
809.98554
810.02970
810.08562
810.50226
810.88194
811.89504
812.54712
813.11394
813.70308
813.82638
813.85728
815.67690
816.06024
816.45114
817.10118
817.12698
817.73076
819.13812
819.83844
819.95496
820.84824
820.86672
820.91928
821.39544
821.50548
821.62854
821.86488
821.90568
822.05010
822.10566
822.40572
822.50574
822.65286
822.72270
822.75600
822.79566
823.00602
823.12266
823.20606
823.63566
823.64352
823.68696
823.91724
824.12310
824.34648
824.36754
824.37930
824.38986
824.62992
824.63412
824.66040
824.70366
824.70654
824.77314
824.78694
825.05652
825.55686
826.04046
826.17096
826.21746
826.25718
826.71408
827.29470
827.40474
827.59758
827.71722
827.72454
827.97444
828.55806
829.00812
829.04790
829.38162
830.08134
830.09862
830.19204
830.48496
830.54220
830.69592
831.29232
831.71280
832.09266
832.17600
832.18224
832.18662
832.20642
832.20954
832.22772
832.23972
832.24650
832.27956
832.30650
832.33248
832.75974
832.95960
833.29908
833.56002
833.75994
834.07812
834.09312
834.12090
834.15438
834.34992
834.39330
834.97692
835.26024
835.31034
835.49070
835.63362
836.06046
836.44110
836.60778
836.70042
836.95506
837.01728
837.04824
837.06072
837.71718
838.11012
838.13460
838.18530
838.64154
838.92804
838.96770
838.97220
838.97436
838.98198
838.99470
839.03850
839.06124
839.17956
839.30868
839.84508
839.86806
839.91162
840.02532
840.02838
840.66180
841.21200
841.81230
843.12930
843.61272
844.01964
844.02642
844.22970
844.32960
844.38636
844.39626
844.51308
844.52976
844.54644
844.58622
844.59660
844.64658
844.67988
844.71324
844.74654
844.76322
844.81968
844.82976
844.85310
844.86330
844.87992
844.94364
844.96326
844.97988
845.02998
845.06334
845.06976
845.09388
845.11332
845.13000
845.14668
845.96046
846.96096
847.57056
847.60404
847.66812
847.74774
848.38320
849.63162
850.58826
850.99890
851.03592
851.67942
851.68236
851.78868
852.29628
854.25654
854.37744
855.23340
855.75018
855.81108
855.88074
857.32848
857.34792
858.11406
858.16554
858.53166
859.16850
859.31820
860.11164
860.13426
860.14146
861.07542
862.08966
862.11618
862.15614
862.20474
862.23606
862.33332
862.33596
862.34286
862.50648
862.52322
862.82322
862.86036
863.85348
863.94036
863.94744
864.50352
866.87082
867.01050
868.14186
871.04526
871.88700
872.57304
873.04668
873.12354
873.19392
873.19704
873.24294
875.65488
875.74104
878.32518
878.36220
878.42292
880.10922
881.67318
881.68392
882.50226
883.71384
883.85028
883.91058
884.50752
884.60484
884.81232
884.97720
886.59060
886.59444
886.60560
886.60734
887.13912