0.00762
0.22716
0.27852
0.29478
0.30786
0.50454
0.65796
1.01778
1.02150
1.27434
1.38822
1.45752
1.51434
1.61772
2.35092
2.37408
2.58120
3.10734
3.24516
3.25464
3.35088
3.94092
4.28418
5.00058
5.89062
6.11454
6.67374
6.69150
6.91716
7.11732
7.15764
7.43106
7.69728
7.70430
7.94142
8.00718
8.02800
8.10714
8.36688
8.39730
8.98344
9.00738
9.01056
9.01722
9.36384
9.38016
9.42420
9.51690
10.16394
10.18344
10.43970
11.34708
11.88036
12.13950
12.34404
12.79986
13.47990
13.53954
13.87296
13.91622
14.22234
14.29296
14.36322
14.54376
14.54628
14.80638
14.86596
14.87220
15.73578
16.26618
16.42200
16.70238
16.89894
16.97916
17.38176
17.47890
17.48178
17.66244
18.29814
18.73788
19.19202
19.38126
20.13120
20.45370
20.54484
21.04764
21.08760
21.30480
22.02450
22.26768
22.38408
22.65330
23.03958
23.06646
23.08044
23.34684
23.36694
23.42022
23.91036
24.09648
24.54006
24.78342
24.78618
24.80292
24.92694
24.99966
25.44984
25.47936
25.77654
26.30682
26.39574
26.41254
26.57910
26.59290
26.59920
27.07896
27.10932
27.19260
27.57894
27.93510
28.00200
28.09536
29.14224
29.49210
30.02532
30.02850
30.68502
31.18890
31.51698
31.57476
31.61784
31.64802
31.99122
32.36754
32.56098
33.00786
33.04422
33.07158
33.14400
33.42444
33.64398
33.77448
33.90774
33.93360
33.98070
34.52706
34.55034
34.74954
35.09520
35.15700
35.41374
35.74008
36.02322
36.14046
36.34302
36.57618
36.89292
37.17600
37.50930
38.04630
38.08710
38.08962
38.36574
38.62590
38.77272
38.85600
38.98266
39.02562
39.09210
39.33636
39.50928
39.58260
39.80298
39.85290
40.24866
40.63194
40.63896
40.69788
40.99842
41.11524
41.13156
41.18184
41.47536
41.55540
42.18132
42.24150
42.35190
43.31376
43.83498
44.21460
44.49096
44.56440
44.92128
45.22110
46.27386
46.90452
48.03756
48.10128
48.11784
48.31458
48.62340
48.84666
48.92982
49.19028
49.23012
49.32384
49.59396
49.80360
50.28720
50.72274
50.78988
50.86308
51.09642
51.71748
51.75660
51.91752
51.92310
52.46268
52.47312
52.69626
52.76298
52.93956
52.97268
53.43636
53.75634
53.75982
53.77674
53.77992
53.78646
53.82246
54.20316
54.25620
54.27966
54.30630
54.31260
55.51230
55.62906
55.74576
56.09286
56.15040
56.15592
56.39598
56.40588
56.45610
56.62932
56.66256
56.67912
56.73618
56.88582
56.90622
56.91906
56.98290
57.07914
57.29652
57.30282
57.31230
57.31950
57.92286
58.20294
58.21680
58.41612
58.62630
58.76292
58.99992
59.25588
59.27610
59.31216
59.42238
59.73918
59.75292
60.41232
60.64218
60.70278
61.10280
61.15614
61.67934
62.57226
63.77256
63.77880
63.78606
63.79260
64.00278
64.05966
64.32258
64.35564
64.37892
64.63926
64.65948
64.66212
65.02938
65.19954
65.32914
65.40288
65.46918
65.52888
65.63592
66.14844
66.17202
66.32904
66.35586
66.76206
66.82248
67.01916
67.04556
67.21656
67.59558
67.67586
67.70202
68.15574
68.52234
68.91936
69.07224
69.41646
69.42324
69.47184
69.75270
70.51266
70.52226
70.53894
70.54932
70.74516
71.17602
71.18286
71.18628
71.20920
71.21916
71.42280
71.48886
71.53572
71.66928
71.91924
72.10560
73.11252
73.24626
73.87602
73.89540
73.96230
74.07876
74.53878
74.66196
74.83884
75.01920
75.41190
75.47370
75.97848
76.27860
76.55280
76.56606
76.60950
76.74240
76.74522
76.77258
76.78572
76.90260
77.27220
77.96490
77.97888
78.00876
78.03588
78.53916
78.65568
79.10238
79.11930
79.14576
79.40280
79.57596
79.57878
79.75920
79.81938
80.19984
80.30172
80.57220
80.82882
81.57240
81.60258
82.17270
82.18560
82.19250
82.23594
82.39554
82.48596
82.54530
83.05560
84.13602
84.16224
84.18906
84.22878
84.37236
84.57882
84.81216
85.08600
85.12878
85.35276
85.78902
86.17980
86.18628
86.75568
86.76264
86.76630
87.32250
87.40278
87.66258
87.77898
88.40274
88.50288
88.66686
88.96962
89.06952
89.07906
89.09586
89.26266
89.28630
89.55588
89.72868
89.93592
90.27900
91.52256
91.76976
91.77222
91.78290
91.83318
91.86846
92.25282
92.28918
92.31960
92.34294
92.55270
93.19542
93.63882
94.00284
95.21508
95.28612
95.38314
95.46198
95.71914
96.02628
96.03918
96.05034
96.65724
96.67614
96.75234
96.75990
96.77580
96.98904
97.26624
97.27584
97.34562
97.51194
97.67220
97.99956
98.00562
98.03298
98.04228
98.11914
98.12880
98.49528
98.65764
98.68608
98.73600
98.76906
99.01926
99.02238
99.13602
100.01898
100.14990
100.27230
100.41930
100.62846
100.65582
100.88586
100.90530
100.95516
100.95918
101.30244
101.34492
101.51190
101.60214
101.87196
101.88594
101.93592
101.96190
102.06198
102.12888
102.29532
103.01808
103.02186
103.18896
103.50528
103.65276
104.81292
104.86224
105.34584
105.68934
106.07016
106.49616
106.69698
106.72296
106.72638
106.72986
106.75338
106.75644
107.70120
107.71014
109.25442
109.34754
109.46382
109.71390
109.73802
109.75776
109.79436
110.07144
110.18088
110.19126
110.22132
110.49120
110.77440
111.08118
111.26472
111.41898
111.44808
111.62508
111.79842
112.58214
113.05896
113.06256
113.36520
113.52558
114.01854
114.03240
114.12618
114.77310
114.80946
115.29000
115.29318
115.31010
115.48284
115.58142
115.73322
117.48120
117.57732
118.21122
118.38408
118.41108
118.50150
118.83444
119.19498
119.40144
119.56800
119.71848
119.95920
120.35622
120.35916
121.03542
121.60230
122.02962
122.20212
122.23980
122.56932
122.86926
122.87376
122.87940
123.16014
123.17658
123.49380
123.77646
123.78024
123.79650
123.99672
124.04646
124.09254
124.45296
124.58022
124.65090
124.66074
124.66356
124.69692
125.30346
125.60844
125.70360
126.00102
126.02748
126.03810
126.04710
126.12756
126.52782
127.14762
127.71126
128.15448
128.35452
128.66856
128.72148
129.31512
129.44880
129.46872
129.66510
129.88836
130.00980
130.01232
130.01904
130.08234
130.26552
130.33872
130.38888
130.69920
130.93938
131.12652
131.13246
131.66328
132.21342
132.26304
132.48294
132.87324
133.96404
133.97814
133.98396
133.99740
134.00646
134.01720
134.29068
134.31396
134.32056
134.36682
134.51742
134.53788
134.57100
134.78106
134.99094
135.22398
135.25452
135.26760
135.53466
135.57114
135.60102
135.73146
135.88470
136.79202
136.80510
136.80822
136.81170
136.82172
138.63252
138.64218
138.65190
138.71868
139.00242
139.59996
139.75644
139.80294
140.16660
140.20914
140.55294
140.82162
140.84394
140.85222
141.78696
141.98130
142.15386
142.46466
142.96086
142.96548
142.98156
142.99146
143.37762
143.90472
144.35502
144.39438
144.92166
145.09194
145.09518
145.16886
145.42182
145.51914
145.84566
146.85606
146.97918
147.40974
147.78384
147.78702
148.53402
148.82382
148.89024
149.85426
149.90790
150.11124
150.64512
151.04460
151.07724
151.09146
151.32492
151.41408
151.64808
152.49870
152.53908
152.82564
152.84862
153.34962
153.40602
154.05354
154.06266
154.07286
154.33968
154.37016
155.72094
156.09756
156.18390
156.41076
156.42126
156.89406
157.04772
157.34142
157.78890
157.80852
158.10864
158.35866
158.89092
158.96598
159.15834
159.71904
159.90948
160.18290
160.19616
160.40016
160.99752
161.25294
161.46024
161.84064
162.07710
162.46320
163.06404
163.17486
163.36434
163.42044
163.65852
163.66398
164.03766
164.32752
164.33766
164.76186
164.95194
165.65508
165.66252
165.72906
166.01250
166.03548
166.91922
166.93020
166.95528
167.16276
167.42232
167.46612
167.71608
168.01356
168.35616
168.36330
168.86682
169.69752
169.94022
169.97364
170.16702
170.34798
171.10140
171.60804
171.65166
171.84864
171.88842
171.91248
172.60176
172.83516
172.87548
173.22504
173.25222
173.26590
173.28276
173.54214
173.54928
173.87544
173.94672
174.09948
174.26592
174.50604
174.50952
174.51582
175.45944
176.01720
176.28684
176.33322
176.79366
176.82678
176.85066
176.88750
177.65430
177.91440
177.92478
178.20102
178.28748
178.47450
178.68498
178.93374
179.33250
179.72160
180.13512
180.63240
180.64524
180.64896
180.84516
180.87210
180.91926
181.06176
181.08582
181.14540
181.86966
182.11212
182.21646
182.25942
182.72322
182.75064
182.79606
182.83362
183.26748
184.22346
184.22958
184.65078
185.06718
185.14656
185.24388
185.26782
186.12414
186.13458
186.20172
186.34446
186.45150
186.61116
186.96468
186.98592
186.99438
187.08816
187.33770
187.36440
187.73172
188.00844
188.01474
188.04132
188.05116
188.05530
188.56464
188.99544
189.00576
189.03216
189.08148
189.38190
189.53946
189.60600
189.65310
189.71580
189.89880
189.94590
189.98226
190.33602
190.82598
191.54304
191.96622
191.98026
192.02766
192.56034
192.57684
192.79980
193.16688
194.49126
194.87778
195.17160
195.40854
196.21548
196.63524
197.00268
197.00940
197.01648
197.06232
197.10858
197.30628
197.50236
197.50950
197.54520
197.58324
197.80242
198.25284
198.81990
199.36020
199.58028
199.60746
199.96038
200.04708
200.88102
201.18054
201.41154
201.47100
202.00176
202.44846
202.97160
203.01270
203.09850
203.85576
204.49656
204.64320
205.73004
206.15736
206.21430
206.38362
206.40702
206.46408
206.66124
206.70726
206.71398
206.95740
206.98122
207.19806
207.49836
208.15536
208.48212
208.54128
208.80540
209.04264
209.08542
209.92584
210.15234
210.27270
210.96636
211.11336
211.19256
211.19976
211.24260
211.43982
211.69302
211.89300
211.95960
212.11974
212.16996
212.23614
212.25684
212.32002
212.47014
212.48676
212.73672
212.83710
212.91000
213.02706
213.38694
213.71754
213.74802
213.80082
214.41054
215.03448
215.18154
215.60142
215.83164
215.85180
215.85480
216.05040
216.06474
216.54420
216.55434
216.57462
216.57870
216.60156
216.81846
216.86130
217.11114
217.43202
217.68234
217.82802
218.48532
218.85492
219.39162
219.40206
219.54462
219.71886
220.10196
220.26150
220.62840
221.57562
221.77182
221.95242
222.09498
222.40698
222.48576
223.38876
224.01570
224.22216
225.04548
225.13890
225.16938
225.85572
226.40586
227.27358
228.19548
228.73650
228.81960
229.02918
229.12902
229.25550
229.54560
229.73628
229.82208
229.83618
229.93608
229.97898
230.44542
230.45562
230.51208
231.00558
231.28146
231.28620
231.29568
231.29976
231.76242
231.90294
232.16238
232.17582
232.58304
233.20254
233.20956
233.91234
233.91930
233.93568
234.27876
234.51948
234.56220
235.67196
236.90868
237.20232
237.22206
237.50538
237.52206
237.54066
237.57192
237.81924
238.16592
238.19526
238.20582
238.21194
238.21614
238.22568
238.29918
238.48560
238.50888
238.55928
238.57560
239.05506
239.27196
239.29902
239.45496
239.62848
239.75886
239.96148
239.98836
240.21882
241.57146
241.73832
241.86132
242.10174
242.36862
242.37240
242.93844
242.99448
243.03504
244.30452
244.33782
244.59906
244.61832
244.73472
244.93788
244.95426
245.65158
245.71092
245.97108
246.14802
246.15138
246.26082
246.37464
246.46086
247.24722
247.67070
247.82808
247.84098
247.92678
247.94418
248.28738
248.96772
249.16776
249.20088
249.25098
249.36042
250.17426
250.40082
250.83684
251.17404
251.59074
251.88732
252.16014
252.45984
252.46770
252.49620
252.52002
252.55338
252.58098
253.08750
253.17672
253.79382
254.16018
254.34384
254.36712
254.77632
254.82678
255.32682
255.82920
255.86424
256.46724
256.46958
256.49070
256.50978
256.88094
257.03700
257.56446
257.62668
257.80998
258.10986
258.28062
258.28656
258.54366
259.27302
259.41978
259.65312
260.01702
260.31984
260.64318
260.69736
261.31974
261.50346
261.90342
262.16406
262.41714
262.50324
262.52694
262.63638
262.75332
263.21262
264.01704
264.03654
264.93372
265.14324
265.18074
265.20984
265.34040
265.37022
265.52004
265.92006
266.03100
266.08638
266.09940
266.14320
266.31420
266.59014
266.98392
267.66660
267.71712
267.94374
268.19352
268.58688
268.62396
268.69092
268.70364
268.72740
269.38392
269.54352
270.32664
270.95352
270.95580
270.96060
271.23426
271.61034
271.73736
271.97064
272.26050
272.43432
272.52750
272.82102
272.98428
273.42090
273.76776
273.78756
273.80394
274.28778
274.32738
274.37118
274.72776
274.95144
275.13144
275.14428
275.62770
276.43788
276.96882
277.90170
277.98252
278.93106
279.05208
279.56862
279.60258
279.71898
280.15236
281.07888
281.14536
281.17884
281.31924
281.77860
281.84550
282.16224
282.42888
282.67896
282.70992
283.52910
283.55598
283.88646
284.11938
284.15580
284.17962
284.18280
284.18646
284.41362
284.52342
284.74356
284.75598
284.87022
285.02982
285.05964
285.08976
285.35766
285.36768
285.42018
285.43044
285.43710
285.50400
286.07358
286.33080
286.64004
287.17776
287.61792
287.77392
287.85714
287.86386
288.00126
288.17100
288.18774
288.21804
288.45720
289.19106
289.47444
289.59102
289.63086
289.69770
289.70184
289.84482
290.05494
290.23368
290.44140
290.46858
290.84784
291.38862
291.40512
291.47208
291.77850
292.02222
292.04838
292.05564
292.09842
292.10550
292.21200
292.34166
292.37886
292.52664
292.75254
292.75866
293.29194
293.48190
293.52570
293.58174
293.77548
293.88570
294.22554
294.51504
295.05600
295.18950
295.44222
295.51248
296.03658
296.03958
296.04966
296.08188
296.40918
296.70936
296.72286
296.86584
296.96622
297.13254
297.45930
297.55632
297.65958
297.73266
297.75930
297.76614
298.12596
298.31622
298.73304
299.03262
299.06334
299.08236
299.11620
299.46330
299.48994
299.59932
299.73996
299.82636
300.49014
300.62628
300.72624
300.79002
300.82788
300.84018
301.25652
302.78316
302.79336
302.83290
302.94996
303.08274
303.30978
303.56022
303.64302
303.72648
303.83022
304.21638
304.29336
304.41630
304.51662
304.89036
305.16720
305.18058
305.33748
306.34356
306.36648
306.66684
306.70404
306.76632
306.88374
307.02078
307.17324
307.43040
307.43352
307.78380
308.18742
308.21052
308.53728
308.91654
309.16674
309.17388
309.52362
309.54042
309.55014
309.74088
310.14042
310.14708
310.62696
310.66002
311.52072
311.55024
311.55414
311.89038
312.06774
312.16674
312.18348
312.33420
312.39090
312.42126
313.39092
313.41072
313.42656
313.42848
313.45722
313.68786
314.03814
314.12418
314.21046
314.61432
314.95128
315.84006
315.86424
315.90048
315.91656
316.44096
316.46400
316.47072
316.48806
316.51044
317.08404
317.11434
317.85552
317.85792
317.93382
317.94114
318.27750
318.30774
318.65082
319.87128
319.93416
319.93818
320.00040
320.01060
320.12880
321.12810
321.20076
321.28452
321.31836
321.54150
321.58416
322.29444
323.01738
323.19420
323.32752
323.36754
323.56512
323.91090
323.93490
323.97774
324.06750
324.46758
325.00494
325.02438
325.06140
325.24416
325.58826
325.93134
326.15094
326.16804
326.19426
326.36784
326.41494
326.43384
326.60106
327.16728
328.59120
328.67736
328.84812
328.91082
329.20086
329.21748
329.22120
329.25066
329.67786
329.90766
329.91774
330.21726
330.23148
330.24450
330.77760
331.18812
331.92408
332.15070
332.19408
332.24424
332.33406
332.35770
332.40804
332.57196
332.65476
332.67756
332.78136
332.78394
332.80086
332.82420
332.83410
332.86752
333.17760
333.40758
333.47322
333.75054
334.11090
334.15050
334.46082
334.75062
335.19366
335.94042
335.98080
336.72708
337.28802
337.30152
337.85754
338.02686
338.52732
338.82426
339.04746
339.20748
339.29370
339.66714
339.96036
340.19382
341.19726
341.35440
341.40246
341.53086
341.84388
342.13452
342.14406
342.17730
342.25740
342.42054
342.59364
342.60018
342.65634
342.66696
342.67122
342.83352
342.91704
343.16040
344.00118
344.01654
344.11668
344.21022
344.36718
344.39994
344.41698
344.76012
345.11736
345.12390
345.13428
345.37686
345.54354
345.77682
346.41018
346.58112
346.58304
346.59336
346.64028
347.12400
347.13366
347.17410
347.65278
348.44322
349.19016
349.58328
349.64958
350.32356
350.58306
350.58942
350.61612
350.98704
351.00984
351.55968
351.59310
351.59928
351.89970
352.60962
352.80024
352.83714
352.84332
352.84968
352.85964
352.86594
352.88250
352.89654
352.93968
353.11626
353.18988
353.57316
354.36558
354.80286
354.99930
355.02606
355.08984
355.25610
355.27962
355.49250
355.88346
355.88682
355.98252
356.18958
356.42280
356.42556
356.67324
356.67630
356.68626
356.84274
357.20940
357.28938
357.44868
357.45594
357.61524
357.68232
357.71358
357.72012
357.73200
357.78630
358.14240
358.17270
358.21560
358.70592
359.01972
359.07540
359.09214
359.21952
359.27538
359.28900
359.44218
359.51532
359.54208
359.56536
359.65560
359.78916
360.60606
360.63486
360.64896
360.65532
360.69210
360.82902
360.83196
360.86286
361.03584
361.05906
361.06548
361.45848
361.77504
361.86504
362.44182
362.71944
362.85540
363.37500
363.51486
363.62514
363.73572
363.77520
363.98892
364.31196
364.63134
365.28180
365.69172
365.91522
366.52512
367.20510
367.34838
367.44774
367.48200
367.56528
367.63170
368.16534
368.17866
368.21850
368.24526
368.63148
368.76948
369.25854
369.42204
369.44148
369.55842
369.57510
369.59526
369.60516
369.72252
369.88158
369.97536
370.64796
370.85532
370.90824
371.20806
371.31516
371.51520
371.57850
371.87184
371.89494
372.01488
372.45546
372.49782
372.62646
372.71202
373.27494
373.55838
373.68144
373.70502
373.93854
374.43840
374.65524
374.91450
374.94252
374.94804
375.24822
375.33126
375.59148
375.62610
375.63570
375.64110
375.64512
375.66474
376.27206
376.40784
376.52538
376.53090
376.53462
376.53786
376.54788
377.27172
377.52822
377.98812
378.02802
378.09444
378.59832
378.60702
378.67434
379.17114
379.17804
379.39704
379.46424
379.48152
379.50468
379.77786
379.80162
379.80762
379.81374
379.83024
379.83786
380.53068
380.64084
380.64744
380.67762
380.68452
381.03036
381.07812
381.23046
381.33060
381.38154
381.94092
382.00722
382.13772
382.19070
382.45446
382.47408
383.06100
383.08032
383.08452
383.28768
383.52108
383.86380
384.96366
384.97404
385.32702
385.38678
385.39188
385.40760
385.42524
385.43016
385.45728
385.50048
385.83720
386.15706
386.18016
386.31348
386.40732
386.43762
386.45718
386.47050
386.84712
387.34446
387.36390
387.38736
387.62112
387.63036
388.00140
388.65150
388.65720
388.69740
388.71060
388.73106
388.94700
389.02416
389.12016
389.16348
389.51478
389.57358
389.59704
389.64012
389.67756
389.99706
390.00354
390.34722
390.36384
390.43050
390.61386
391.03686
391.16106
391.18020
391.22382
391.55412
391.65414
391.88034
392.11392
392.17356
392.19048
392.48742
392.49048
392.89038
392.90694
393.01764
393.11340
393.21378
393.51390
393.54708
393.85728
394.15728
394.47408
394.54416
394.84458
394.98462
395.12106
395.48766
395.64744
395.70444
395.88072
396.04776
396.18048
396.25446
396.52092
396.53442
396.54702
396.56346
396.68766
397.08036
397.27752
397.95732
397.98774
398.27766
398.36076
398.55732
398.85090
399.11370
399.32778
399.39030
399.39426
399.52380
399.93006
400.30404
400.32060
400.32366
400.33056
400.33404
400.36332
400.65690
401.23740
401.43024
401.67366
402.28692
402.30702
402.32088
402.33714
402.69024
402.71802
403.05408
403.07052
403.26330
403.32972
403.39716
403.40370
403.44672
403.48002
403.60386
403.74684
403.85094
403.91034
404.16378
404.36316
404.50680
404.96310
405.68682
405.73416
405.73836
405.92316
406.04400
406.04586
406.29606
406.52970
406.78704
407.46600
407.69604
408.17928
408.19956
408.21984
408.70602
408.71658
408.71976
408.74628
409.02624
409.04028
409.05018
409.05324
409.08324
409.43946
409.68630
409.73604
409.93596
409.97256
410.15292
410.26248
410.31948
410.40570
410.83908
411.25968
411.26502
411.66936
411.74280
411.82242
411.83922
411.99984
412.01862
412.03590
412.04238
412.10580
412.38618
412.68918
412.86912
412.87572
412.90260
413.43852
413.44542
413.47230
413.48862
413.67888
413.75532
413.77170
413.80878
413.93880
413.95560
414.12198
414.42864
414.45204
414.83574
414.91866
415.11144
415.35474
415.51866
416.04480
416.14902
416.30484
416.55516
417.03528
417.22800
417.39504
417.66144
417.75480
418.00482
418.04448
418.06518
418.18242
418.85430
418.90476
418.93812
418.95468
419.18826
419.19462
419.52090
419.65452
419.90454
419.97768
420.02118
420.32106
420.52098
420.53508
420.62100
420.83490
420.84138
420.90168
421.04430
421.58922
422.13462
422.41800
422.47110
422.82102
423.21048
423.22704
423.27744
423.94800
423.99810
424.00122
424.03782
424.11780
424.19358
424.40106
424.42056
424.50096
424.61028
425.39406
425.41146
425.41434
425.42430
425.42730
425.43720
425.44788
425.85084
426.03750
426.68112
426.75396
427.07424
427.28142
427.32048
427.33110
427.44090
427.82712
427.99428
428.29818
428.64114
428.64372
428.83122
429.13122
429.41424
430.05372
430.12032
430.16724
430.22064
430.50378
430.56048
430.76016
430.81752
430.95366
431.10042
431.21724
431.53680
431.64354
432.20730
432.27738
432.59316
432.77682
432.83670
432.87096
432.87708
432.90336
432.93348
433.15692
433.19424
433.19772
433.19988
433.24974
433.29378
433.59330
433.64022
433.65690
433.71000
434.79324
434.79780
435.08682
435.13302
435.49332
435.52008
436.25328
436.38678
436.61964
436.80354
437.24316
437.33688
437.40330
437.50332
437.89344
438.23070
438.35694
438.73362
438.80046
439.98378
440.02008
440.68062
440.98968
441.16674
441.66420
441.73380
441.74322
441.90036
441.94290
442.18680
442.27650
442.57008
442.60056
442.72212
442.73676
442.98690
443.00364
443.04024
443.30994
443.35326
443.47014
443.99346
444.03654
444.07002
444.66018
444.69996
445.20342
445.22022
445.24026
445.24350
445.24722
445.25676
445.51716
445.76982
445.80342
446.31018
446.40996
446.41728
447.15720
447.17676
447.33396
447.36738
447.42036
447.51060
447.54354
447.67374
447.77700
447.85356
447.98694
448.02048
448.06746
448.29792
448.30386
448.37088
448.38738
448.43394
448.77054
449.08398
449.31474
449.39796
449.51760
449.57040
449.61756
449.97042
449.99418
450.02688
450.08712
450.11748
450.16746
450.28134
450.37044
450.38694
450.47772
450.89370
450.98448
451.17720
451.49358
451.92720
452.23134
452.25780
452.27076
452.27460
452.33736
452.84436
452.86788
452.87448
452.89818
452.90436
452.93418
453.21102
453.23736
453.25770
453.40482
453.42078
453.43746
453.47070
453.48456
453.62448
453.81786
454.19808
454.50108
454.58736
454.62066
454.73796
454.97706
455.44818
455.48766
455.51040
455.54406
455.55114
455.56116
456.06090
456.07446
456.10416
456.11772
456.12744
456.13416
456.48420
456.82074
456.92724
457.16058
457.20372
457.23762
457.32468
457.32750
457.37766
457.43148
457.74102
457.82730
458.10090
458.12094
458.42694
458.45778
458.47746
458.48136
458.49372
458.87076
458.92212
458.96064
459.00774
459.01494
459.39132
459.57084
459.62100
459.62748
459.65094
459.78744
459.79800
460.17786
460.19694
460.24074
460.63734
461.07726
461.22060
461.34390
461.55096
461.85090
461.94372
462.04374
462.69054
462.72078
463.18722
463.63722
463.79370
464.09406
464.27046
464.89386
464.92704
465.18768
465.41064
465.47718
465.82758
465.93726
466.03398
466.17090
466.24386
466.49352
466.87704
466.88424
466.92426
466.95402
467.03106
467.11050
467.40396
467.42718
467.43444
467.45760
467.47014
467.75364
468.13734
468.17694
468.18366
468.19968
468.37740
468.38412
468.39366
468.89370
468.91452
469.05390
469.27062
469.45770
469.51068
469.68432
469.72080
469.76100
469.77054
470.07324
470.39814
470.45388
470.73720
470.83722
470.86056
470.88162
470.91030
470.97732
471.04350
471.06030
471.14346
471.45768
471.63384
471.83760
471.87726
472.53126
472.55352
472.80378
472.89390
473.29752
473.36436
473.93106
474.07692
474.18108
474.51408
474.53412
474.53700
474.96030
475.45032
475.70988
475.78098
476.02680
476.04084
476.05998
476.39328
476.40348
476.45082
476.45376
476.46420
476.46648
476.47008
477.07698
477.13278
477.28344
477.44334
477.60702
477.65994
477.68658
477.90336
478.02000
478.19292
478.24758
478.27050
478.29312
478.53642
478.55340
478.59030
478.66434
479.01486
479.02032
479.17332
479.20992
479.38080
479.44296
479.44692
479.46684
479.68098
479.70024
479.71998
479.72376
479.72658
479.74692
479.76702
480.27888
480.28260
480.30024
480.45018
480.66414
480.87612
481.13034
481.14282
481.17624
482.05314
482.12592
482.25966
482.28666
482.30310
482.30970
482.64714
482.74284
482.90304
483.29292
483.73644
484.75920
484.85280
484.91598
484.92630
484.93008
484.94262
485.04246
485.40912
485.53758
485.56974
485.87568
485.88300
485.92632
486.02574
486.36918
486.44658
486.59256
486.61932
486.63606
486.65928
487.12560
487.18314
487.49958
487.61628
487.69230
487.83024
488.07534
488.85612
488.87580
489.30876
489.60900
489.72258
489.72954
489.74934
489.83562
489.86580
490.34940
490.57560
490.62522
490.83246
490.91904
490.98540
491.42952
491.46498
491.55882
491.63538
491.63904
491.66334
491.88534
492.07242
492.12510
492.27258
492.36588
492.36858
492.40188
492.57510
492.57954
492.76266
492.83238
492.84210
492.85194
493.06272
493.06860
493.10568
494.10870
494.34588
494.38548
494.43552
494.48238
494.53524
494.64936
494.69856
494.73564
495.05556
495.29598
495.31860
495.61860
495.78528
495.99144
496.01844
496.15842
496.29906
496.59918
496.60200
496.63542
496.66860
496.68912
496.70226
496.84230
497.15844
497.40180
497.41866
497.52252
497.52930
497.53614
497.84616
497.95866
498.44928
499.02504
499.18554
499.23162
499.63524
499.85196
499.92516
500.94624
500.94888
501.10872
501.25212
501.53208
501.55578
501.86148
502.44216
502.54182
502.66284
502.83900
503.18532
503.39910
503.48244
503.48532
503.53554
503.71596
503.76288
503.78238
503.78562
503.85240
504.53268
504.65580
504.73254
504.79218
504.83202
505.09188
505.14930
505.59954
505.80888
505.85220
506.04198
506.31612
506.31882
506.33946
506.61312
506.65908
506.83692
506.84298
506.89608
507.17388
507.20190
507.20850
507.21918
507.23256
507.79206
507.80874
507.81282
507.87972
508.01886
508.14924
508.19634
508.40904
508.45362
508.67514
508.74612
508.94646
508.96608
508.97238
509.03586
509.20218
509.45238
510.36588
510.38004
510.51900
510.53232
510.57504
510.60180
510.70884
511.51854
511.85238
511.87524
512.05200
512.19192
512.22990
512.29620
512.59164
512.99556
513.17220
513.19908
513.21864
513.79176
513.95538
514.15224
514.16544
514.35528
514.36560
514.40826
514.46544
514.64610
515.28540
515.29248
515.75838
516.17466
516.61518
517.26528
518.43138
518.92446
518.96802
519.00462
519.50118
519.56880
519.60780
519.61758
519.65490
519.74052
519.91494
519.92430
519.93096
519.94776
520.04082
520.20096
520.38426
520.46436
520.48770
520.96158
521.02722
521.30448
521.59776
521.91750
522.03408
522.21720
522.58416
522.85398
523.07382
523.15410
523.49730
523.53384
523.53534
523.56420
523.89024
523.93374
524.47074
524.54412
524.91378
525.41400
525.45618
525.65682
525.66336
525.92280
525.93696
525.96342
526.47720
526.72278
527.09382
527.10000
527.34978
527.68260
527.88288
528.13284
528.14370
528.31602
528.37968
528.64974
528.86610
528.87012
528.88932
528.92982
529.11588
529.13934
529.18926
529.64622
529.89612
530.20590
530.62242
531.11268
531.18228
531.50502
531.72648
531.74610
532.05270
532.22202
532.33590
532.44888
532.47906
532.74330
532.77918
532.90800
532.98180
533.31528
533.36256
533.36556
533.46924
533.58198
533.68554
533.96922
533.99286
533.99550
534.24864
534.32904
534.72174
534.83526
534.87180
535.06536
535.09578
535.22436
535.97154
535.97766
536.01558
536.02842
536.37894
536.40492
536.60928
536.61516
536.66220
536.74812
536.79552
537.22182
537.59844
537.63180
537.63870
537.68166
537.83820
538.01214
538.02192
538.09824
538.61526
538.62162
538.66098
538.66524
539.42820
539.48154
539.95476
540.30492
540.78810
541.22844
541.27152
541.73832
542.06382
542.46210
542.47890
542.57850
542.96244
542.97576
543.01506
543.12852
543.19482
543.51468
543.52806
543.72144
544.00506
544.11498
544.23132
544.33806
544.39494
544.40454
544.62186
545.23776
545.25480
546.31458
546.87120
546.98826
547.10484
547.27866
547.31154
547.53894
547.86444
548.21424
548.35458
548.82084
549.12072
549.24444
549.37788
549.47076
549.50376
549.67494
549.84180
550.11426
550.29138
550.30410
550.54764
550.98750
551.82810
552.72048
552.74430
552.76110
552.96732
553.44414
553.71066
553.87458
553.93050
554.17746
554.31060
554.41050
554.66988
554.69376
554.93682
554.97732
555.23094
555.26988
555.29664
555.31680
555.48678
555.68004
556.14660
556.16988
556.17960
556.48638
556.67676
557.01630
557.03460
557.08626
557.39664
557.56302
557.72946
558.79308
558.95256
559.29294
559.31934
560.19576
560.24568
560.29560
560.52876
560.54064
560.55246
560.55642
560.92278
561.25176
561.31872
561.32820
561.33534
561.41868
561.83256
561.94506
562.09236
562.51536
562.52106
562.56180
562.77258
562.82262
562.83474
563.25876
563.31810
563.50140
563.59500
563.70888
564.08904
564.10188
564.51510
564.85854
565.10100
565.12464
565.75104
565.84446
566.10516
566.11110
566.13090
566.35122
566.41122
566.51112
566.53416
566.83416
567.02076
567.18402
567.20094
567.76050
567.88392
567.96684
568.22688
568.23336
568.24098
568.38360
568.47690
568.72392
568.73352
568.76652
568.89336
569.01414
569.07696
569.25708
569.53296
569.77638
569.84946
570.13350
570.15672
570.15984
570.17364
570.20610
570.24672
570.48282
571.24944
571.34268
571.34940
571.80330
572.75610
572.75874
572.80572
573.06546
573.52242
573.69306
573.72852
573.82224
573.83178
574.12206
574.27218
574.31496
574.47474
574.68150
574.69518
574.94136
575.36940
575.38140
575.55498
575.90382
576.45438
576.64740
576.67104
576.78492
576.82770
577.11396
577.15722
577.83048
577.85694
577.91034
578.11464
578.50074
578.97018
579.08694
579.46926
579.48678
579.62304
580.10004
580.14318
581.14278
581.50272
581.54544
581.56566
581.57232
581.80254
582.31218
582.50214
582.54528
582.67176
582.91842
583.26900
583.27188
583.31880
583.37208
583.51866
583.75230
583.81878
583.89210
584.15466
584.16150
584.20188
584.59446
584.84538
585.51084
585.53472
585.78174
585.94404
586.42782
586.45362
586.48422
586.56042
586.79088
586.85394
587.08404
587.30346
587.33100
587.38398
587.40726
587.41038
587.50770
587.84040
587.85078
588.24372
588.45678
588.46728
588.47640
588.51966
588.55698
588.64752
588.80316
588.81360
588.95016
589.25508
589.42626
589.50288
589.54980
589.56006
589.56600
589.60302
589.88604
589.89258
589.92072
590.45952
590.46378
590.46654
590.49234
590.50914
590.52588
590.54916
590.85282
591.50886
591.53238
591.53934
591.58230
591.78258
591.79908
591.80190
591.98250
592.05882
592.08252
592.09158
592.16598
592.21824
592.37538
592.61820
592.76562
592.80816
592.82550
592.84578
593.85510
594.28416
594.40782
594.50088
594.81168
595.00716
595.30062
595.52790
595.69422
595.70730
595.91124
596.29734
596.83986
597.11088
597.14058
597.14670
597.32238
597.36030
597.85656
597.88998
597.89976
598.23264
598.67640
598.69302
598.72518
598.86576
599.73648
599.87202
599.94576
599.95548
600.03198
600.14892
600.17928
600.18588
600.31230
600.32208
600.33234
600.60198
600.67146
600.69504
600.90540
600.91200
601.10934
601.20204
601.24518
601.42170
602.37828
602.55870
602.75418
602.84220
603.23724
603.24498
603.49494
603.51762
603.61440
603.66468
603.69480
603.72042
603.85410
603.86142
603.93126
604.16106
604.81776
604.82766
605.12442
605.37456
605.87040
605.97030
605.99412
606.05070
606.51360
606.72450
607.19388
607.21068
607.23750
607.27080
607.60320
607.80756
608.54352
608.54652
608.72706
609.20736
609.27894
609.29580
609.30300
609.46746
609.66294
609.71970
609.91956
610.35264
610.72956
610.80570
610.82982
611.08260
611.10270
611.40996
611.51220
611.51940
611.52588
612.05268
612.12360
612.17970
612.21276
612.55530
612.63534
612.92898
613.16892
613.19262
614.06940
614.44266
614.54610
614.77308
614.77608
614.81220
614.90622
615.05898
615.46566
615.49260
615.69918
615.73542
615.76884
615.83538
615.99252
616.22562
616.26192
616.39560
616.40904
616.67280
616.68510
616.84230
617.10198
617.63472
617.74506
618.68520
618.74532
618.84876
618.95148
619.09536
619.17840
619.27842
619.40172
620.27574
620.40876
620.47542
620.47848
620.48910
620.51568
620.91804
621.12546
621.30546
621.65574
621.80172
621.82224
622.29450
622.33476
622.38222
622.56126
622.66770
622.80846
622.82520
623.27838
623.93172
624.21138
624.25194
624.50154
624.53154
624.78450
624.85830
625.08876
625.17816
625.61106
625.70826
625.83456
626.17482
626.19486
626.20188
626.23152
626.63088
627.17490
627.51084
627.57762
627.87756
627.90522
627.99414
628.20036
628.54116
628.58436
629.33118
629.45070
629.76732
629.88390
630.24426
630.32454
630.39420
630.79122
630.80454
630.92442
631.00038
631.01454
631.03830
631.04778
631.06080
631.07448
631.29120
631.30074
631.37460
631.43388
631.72752
631.89408
632.02752
632.44398
632.76066
632.98800
633.37470
633.39786
633.70086
633.72432
634.27824
634.55796
634.58400
634.72458
634.75482
634.91712
634.94412
635.21082
635.24496
635.46264
635.46462
635.46822
635.63400
635.74116
635.91108
636.15804
636.20076
636.45792
636.48834
636.65766
637.07808
637.08852
637.09440
637.14156
637.21770
637.44420
637.47462
637.84806
637.86102
637.87752
638.15058
638.17194
638.32482
638.35074
639.41784
639.47274
639.47778
639.49134
640.01796
640.02498
640.13448
640.21506
640.31124
640.46796
640.56798
640.70820
640.90122
640.91142
640.98486
641.00118
641.36790
641.37486
641.66496
641.69082
641.86902
642.27522
642.29184
643.01814
643.32522
643.74894
643.79196
643.95858
644.01162
644.04210
644.17854
644.20878
644.21838
644.22828
644.23482
645.01842
645.22266
645.47820
645.69192
646.14204
646.15860
646.18512
646.19928
646.21338
646.22994
646.46514
646.49202
646.55886
646.97868
647.69880
647.76846
648.64230
649.01958
649.02846
649.06218
649.20240
649.24524
649.41144
649.46148
649.55898
649.60176
649.62540
649.74498
649.98540
650.01192
650.56860
650.59218
650.59908
650.61552
651.02850
651.35910
651.92862
651.95904
652.26876
652.31196
652.47288
652.90614
653.14548
653.36202
653.49570
653.60196
653.66862
653.90184
654.46968
654.50940
654.51870
655.36596
655.37994
655.44576
655.57920
655.82946
655.83588
656.05950
656.09304
656.09556
656.11962
656.37918
656.38566
656.40918
656.53578
656.66262
657.94584
657.97602
658.01250
658.02624
658.10916
658.11906
658.30686
658.35966
658.36272
658.56852
658.61244
658.68294
659.50254
659.83590
659.95680
659.98308
659.98602
660.13314
660.30270
660.32670
660.47616
660.61284
660.68610
661.27950
661.34670
661.47006
661.70286
661.73616
662.07954
662.14656
662.17986
662.40708
663.08634
663.10278
663.49626
663.50964
663.68646
663.69648
663.73620
663.74358
664.68648
664.90296
664.93008
665.05332
665.09664
665.12016
665.18688
665.39682
665.60310
666.03690
667.17714
667.24086
667.30362
667.51380
667.53048
667.53642
667.57446
667.64700
667.82358
667.82736
667.84428
667.84728
667.86090
667.87092
667.88946
667.96776
668.06088
668.45406
668.47080
668.51442
668.57034
668.71986
668.87778
669.04440
669.08454
669.12060
669.37788
669.51456
669.54750
669.74460
669.74808
669.92190
670.12668
670.28076
670.59480
670.61838
670.71462
671.13120
671.36436
671.57808
671.62092
671.65164
671.70174
671.72100
671.88810
672.11478
672.17550
672.18510
672.38778
672.50550
672.66468
673.05162
673.05480
673.21482
673.47156
673.57146
674.29542
674.52882
674.53866
674.80536
674.84574
675.03552
675.14568
675.51900
675.77172
675.78216
675.96552
675.99594
676.34610
676.38858
676.97928
677.08212
677.08878
677.17938
677.23608
677.28252
677.70642
677.72238
677.73612
677.98650
678.01614
678.03654
678.12918
678.31272
678.33642
678.33924
678.48306
678.56622
678.64932
678.66990
679.16988
679.18908
680.43324
680.49024
680.49708
680.50014
680.50662
680.51658
680.80032
680.99694
681.01380
681.02028
681.52062
681.77808
681.80046
681.92796
681.97374
682.08084
682.32084
682.35060
682.80720
683.03406
683.44824
683.82114
683.84106
683.88210
684.04110
684.29820
684.57402
684.93180
685.23168
685.57494
685.75140
686.03484
686.43234
686.44146
686.92506
687.13224
687.14880
687.37920
687.48210
687.50574
687.51900
687.61842
687.86874
687.88002
687.99936
688.00860
688.05870
688.83936
688.86912
688.90632
689.20944
689.24982
689.36916
689.39952
689.40618
690.16950
690.19290
690.21666
690.22692
690.23376
690.23646
690.29286
690.39306
690.55314
690.59328
690.59724
690.60642
691.08270
691.27656
691.65366
691.65768
692.38110
692.38698
692.43738
692.55096
692.65104
692.71758
692.89374
692.89788
692.99394
693.03750
693.24426
693.73746
693.97074
694.04448
694.19412
694.37886
694.82490
694.82796
694.85544
694.87794
695.38248
695.39448
695.39922
695.40486
695.41638
695.56224
695.56554
695.84946
695.92212
696.10242
696.16182
696.44526
696.46176
697.77870
698.12886
698.26314
698.55342
698.59344
698.61288
698.96304
699.09012
699.27348
699.28746
699.60396
699.60672
699.61266
699.61692
699.63426
699.89010
700.16370
700.22082
700.39224
700.43046
700.82412
701.07738
701.08164
701.14068
701.16396
701.36838
701.38782
701.65470
701.68212
702.12816
702.19152
702.37458
702.41154
702.44304
702.50226
702.52152
702.69804
702.73116
702.77196
702.79128
702.81498
702.84288
703.57506
704.07234
704.22522
704.29860
704.43210
704.75322
704.81292
705.19224
705.50628
705.65328
705.65952
705.72246
706.59948
706.74312
706.78320
707.03352
707.61018
708.44088
708.92748
708.99096
709.20102
709.21062
709.51758
710.50140
710.82270
710.83842
710.90862
710.94858
711.12882
711.29538
711.79236
712.02570
712.30920
712.34322
712.61886
712.62918
712.87620
713.05962
713.10204
713.15262
713.17650
713.49630
713.66292
713.76264
714.07362
714.28374
714.34008
714.77988
715.15338
715.47306
715.48386
715.70328
716.04732
716.19114
716.19402
716.22090
716.24418
716.31750
716.45352
717.46800
717.75834
718.08528
718.18848
718.20708
718.88802
718.90920
718.94874
719.27868
719.29866
719.38824
719.48166
719.57268
719.82204
720.07182
720.46278
720.76266
720.85986
720.97962
721.22250
721.49670
721.65600
721.88328
721.91622
722.03022
722.73318
722.76666
723.23712
723.25632
723.30384
723.53352
723.98112
724.15704
724.16694
724.38396
725.05086
725.07384
725.12466
725.61096
725.61468
725.63430
725.81472
725.95758
726.19158
726.30516
726.74850
726.85818
727.04154
727.04526
727.33530
727.34934
727.35534
727.36212
727.42122
727.74888
727.96218
728.22480
728.25558
728.28516
728.59200
728.59938
728.71566
728.96598
729.25620
729.64674
729.77226
729.77568
729.83586
730.03272
730.03974
730.04964
730.44888
730.55274
730.93656
731.15322
731.57676
731.79060
731.83368
731.90370
732.29340
732.47688
733.09806
733.29420
733.43358
733.52712
733.81764
733.83780
734.29398
734.34432
734.36100
734.59434
734.61798
734.62116
734.90472
735.36144
735.39870
736.11156
736.13856
736.53576
736.61208
737.13882
737.25276
737.37864
737.44530
737.47236
737.48292
737.48592
737.75286
737.77554
737.78586
737.80242
738.26952
738.33618
738.51930
738.53346
738.90300
738.92310
738.96984
739.17288
739.19328
739.61676
739.73040
740.17344
740.20650
740.21286
741.45684
741.49668
741.61764
742.00422
742.08024
742.12764
742.31394
742.34052
742.81092
743.00436
743.69742
744.09768
744.10452
744.11436
744.62406
744.93120
745.03122
745.34238
745.70820
746.24472
746.28774
746.50266
746.62218
746.72940
746.77506
746.95890
747.32238
747.35568
747.36246
747.87228
748.08930
748.40886
749.25924
749.26584
749.28222
749.30934
749.32002
749.32188
750.05934
750.76596
750.80976
750.96312
751.00968
751.18278
751.25652
751.28262
751.29912
751.99686
752.09040
752.52672
752.69052
752.72082
752.72370
752.74002
752.82642
753.18576
753.34740
753.40710
753.44016
753.65010
753.75066
753.82644
753.90720
754.09350
754.29366
754.33746
754.39356
754.42692
754.59072
755.33394
755.54736
755.90046
756.20778
756.48390
756.66438
756.73614
757.01742
757.03410
757.08450
757.72752
757.84122
758.14404
758.28438
758.56746
758.84460
758.93454
759.15108
759.44448
760.20156
760.87824
760.93482
761.03916
761.04192
761.08488
761.12838
761.33574
761.66808
761.86812
761.88198
762.06828
762.07860
762.32568
762.32874
762.35898
762.36162
762.36792
762.77568
762.86832
763.06176
763.79244
763.81872
764.38590
764.51184
764.52564
764.82612
764.91606
765.15198
765.37158
765.38526
765.65238
765.77196
765.96240
766.04280
766.17918
766.58538
766.96962
767.15010
767.18286
767.19012
767.23590
767.46246
768.67656
768.74358
768.92958
768.93402
769.75698
769.77954
769.96326
770.36364
770.53650
770.66976
771.36738
771.37710
771.66354
771.76080
771.87036
771.87432
772.03434
772.07004
772.10802
772.18044
772.34736
772.56396
772.66404
773.06406
773.59734
774.07794
774.10110
774.66438
774.68112
775.02510
775.03794
775.06806
775.29768
775.36140
775.55154
775.96476
775.98846
776.00376
776.58792
777.09522
777.10854
777.11172
777.51204
777.76884
777.84816
777.94824
778.01478
778.03158
778.14216
778.17450
778.19526
778.32132
778.49850
778.52154
778.53840
779.11206
779.54538
779.75514
779.78202
780.02892
780.15486
780.36210
780.37170
780.39858
780.40494
780.61248
780.62610
780.90558
781.09596
781.62942
781.71558
781.93206
782.03202
782.22246
782.31558
782.74896
783.27288
783.32238
783.37236
783.38232
783.68892
784.17258
784.21572
784.25076
784.33242
784.91268
785.14626
785.69982
786.19926
786.20622
786.21594
786.30576
786.42978
786.43308
787.31646
787.64976
787.69692
787.69968
787.80612
788.10636
788.70006
788.70666
788.73324
788.88018
789.08346
789.69990
790.18392
790.42392
790.86336
791.04726
791.18370
791.77776
791.79444
791.98380
791.99304
791.99766
792.01734
792.03078
792.21726
792.25722
792.78750
792.80676
793.49046
793.60446
793.69464
793.85058
794.54046
794.54490
794.66454
794.75106
795.00246
795.02406
795.03120
795.26478
795.26838
795.30102
795.66738
795.92430
795.96750
795.98148
796.38438
796.95114
796.99806
797.28162
797.31666
797.64756
798.00756
798.44106
799.07880
799.09446
799.11804
799.36464
799.36830
799.37496
799.74738
800.19828
800.45862
800.80782
800.81862
800.82174
800.84172
800.96496
801.40812
801.43176
801.64596
801.67866
801.74532
802.01514
802.35804
802.41840
802.42542
802.66530
802.74120
802.95156
803.05818
803.07492
803.09418
803.11548
803.18502
803.57880
803.83854
804.18468
804.22182
804.55824
805.16562
805.21830
805.62528
805.64172
805.75842
806.08488
806.24868
806.34612
806.36562
806.54892
806.75838
806.89188
806.93502
807.19890
807.60186
807.83544
808.23216
808.24902
808.46862
808.47936
808.49112
808.77228
809.00856
809.46294
809.49168
809.49888
809.51268
809.63250
809.78544
809.80812
810.00234
810.08550
810.20202
810.24912
810.25224
810.38574
810.66876
810.82548
811.37952
811.39584
811.53540
811.62564
811.84932
811.89216
811.89942
812.15604
812.17956
812.59620
812.78568
812.88582
812.93946
812.98230
813.36318
813.38538
813.39300
813.55230
813.55872
813.56298
813.59646
813.63270
813.79266
813.98940
814.16910
814.23282
814.28274
814.33260
814.34238
814.41342
815.13936
815.18292
815.43030
815.44674
815.45628
815.64870
815.65902
815.66628
815.89920
816.03306
816.11928
816.14982
816.41352
816.79962
816.92574
816.96360
817.30272
817.30902
817.31628
817.31970
817.76646
817.85988
818.24046
818.28990
818.38026
819.44718
819.57978
819.61956
819.63036
820.60008
820.83654
821.13678
821.17638
822.20328
822.22014
822.56718
822.60060
822.81702
823.49040
823.76724
823.87674
823.93680
824.10366
824.15352
824.24022
824.35344
824.63742
824.67468
824.75388
824.77704
825.01722
825.07728
825.20094
825.66024
826.41108
827.28750
827.83770
827.87238
827.92824
827.94480
828.19428
828.20796
828.21042
828.43770
828.44178
828.52464
828.58794
828.59466
828.98490
829.00032
829.18788
829.23786
830.32800
830.70174
831.08826
831.12540
831.12804
831.46164
831.92814
832.39506
832.48878
832.80540
833.07846
833.11140
833.13270
833.32848
833.33862
833.35266
833.35536
833.51214
833.58306
834.01926
834.18924
834.41664
835.16268
835.19592
835.22256
835.22580
835.24578
835.25028
835.26306
835.77030
835.93968
836.07012
836.15352
836.17968
836.33970
836.72946
836.82972
837.03984
837.15696
837.47322
837.61344
837.69678
838.14744
838.24746
838.28778
838.43052
839.57448
839.88090
839.91456
839.93808
840.02436
840.08190
840.12468
840.13854
840.14460
840.58818
841.00836
841.16448
841.18152
841.71924
841.78572
842.08176
842.14074
842.37516
842.38212
842.42526
842.68278
843.00612
843.03006
843.07266
843.13236
843.30312
843.32280
843.32916
843.94884
844.24626
844.54266
844.56306
844.58292
844.88262
845.29962
845.30226
845.38998
845.52654
845.54334
845.55990
845.72034
846.27048
846.27756
846.64050
846.66006
846.66396
846.67116
846.67404
846.88308
848.36724
848.42754
848.56104
848.63112
849.14466
849.54456
849.56862
849.81510
849.90510
850.14468
850.26162
850.52862
850.55418
850.79496
850.81158
850.90836
851.08884
852.02598
852.09552
852.72336
852.99942
853.06278
853.18608
853.25238
853.29330
853.30218
853.39746
853.46652
853.86288
853.87662
853.95348
854.16966
854.64666
854.90736
854.91324
854.93670
855.00300
855.28014
855.48708
855.62766
855.76398
855.99720
856.02048
856.08720
856.31412
856.92180
857.52792
857.76492
857.77560
857.82804
858.02838
858.52872
858.57144
858.68142
858.95478
859.42176
859.42584
859.46496
859.48848
859.49850
859.54842
859.59528
859.86192
859.90518
861.06288
861.26562
861.28950
861.38226
861.62220
861.70578
861.77226
862.02954
862.23264
862.54002
862.57272
862.85592
862.89360
862.98324
863.24976
863.52306
863.71062
863.71350
865.09014
865.15026
865.17978
865.88076
865.90044
865.99446
866.09760
866.61366
866.63100
866.64042
866.65038
866.67420
866.68746
866.71692
866.76426
866.83410
867.03744
867.25146
867.56448
867.66756
867.96744
868.00086
868.10100
868.64136
868.83840
868.85454
868.86432
868.89306
868.91808
869.18478
869.19174
869.51802
869.76504
869.81508
870.07518
870.28470
870.79860
870.80184
871.02858
871.10154
871.46844
871.56264
872.09160
872.12520
872.18676
872.40558
872.41506
873.26898
873.35214
873.69624
873.73554
873.83556
873.87516
873.90222
874.05876
874.52976
874.56306
874.56648
874.79250
875.08566
875.35254
876.04950
876.19254
876.25296
876.95298
877.24980
877.26660
877.31664
877.45944
877.50330
877.53630
877.78704
878.05338
878.23350
878.38632
878.47626
878.64732
878.67378
878.86992
879.05940
879.08358
879.08670
879.09720
879.33378
879.37656
879.41418
879.95994
880.17726
880.21422
880.53702
880.54032
880.54746
880.95066
881.00358
881.05374
881.99802
882.04824
883.27704
883.88754
883.92072
883.94376
884.32116
884.36808
884.43786
884.46078
884.97780
885.02100
885.43812
885.83412