1.06048
1.09150
1.11778
1.29388
1.64308
2.07214
2.09638
2.54002
2.87326
3.48718
4.89556
4.91074
4.93348
4.96702
5.19118
5.21392
5.24116
5.25700
7.10086
7.11256
7.11910
7.58596
7.78414
8.53588
8.56360
8.58076
9.17752
9.29590
10.20520
10.21054
10.26916
10.32598
10.63258
10.65298
11.18680
11.53192
11.61496
11.62762
12.33748
13.71298
13.74682
13.80466
13.80760
14.19226
15.07528
15.14110
15.62368
15.62596
15.72112
16.03798
16.36816
16.38820
16.43092
16.43944
16.66264
16.90000
16.90588
17.11066
17.11624
17.30590
18.03946
18.08686
18.26710
18.45820
18.46204
19.36918
19.64770
20.39212
20.39488
20.44240
21.03682
21.04222
22.21180
22.21480
22.29970
22.36630
22.51582
22.58314
23.17060
23.17438
23.18308
23.61862
23.62204
23.63098
23.65258
23.68210
24.12610
24.16480
24.19204
24.88186
25.32124
25.34086
25.98664
26.49202
26.53696
26.54272
26.84950
26.88130
26.96638
27.00742
27.09724
27.10606
27.11488
27.12670
27.13780
27.33094
27.52816
27.58606
27.60844
27.61978
27.65410
27.86776
27.90394
28.63282
30.40504
30.40756
30.86650
30.87646
30.90592
30.92416
31.52644
31.52794
31.54018
32.42356
32.98006
33.38968
33.76426
33.82588
34.49470
35.12398
35.76808
35.78488
35.87218
35.88868
36.58420
37.13932
37.14088
37.14418
37.44076
37.46002
37.63000
37.68826
37.76368
37.95160
38.00950
38.42122
38.44684
38.67832
38.92438
38.92834
39.00058
39.23356
39.41686
39.42772
39.45640
41.62522
41.64946
42.02116
42.57910
42.59824
42.62086
43.27888
43.32478
43.67020
44.17168
44.72788
45.18184
45.19402
45.24682
46.08724
46.09858
46.10974
46.60330
46.66936
46.95622
47.80504
47.84182
48.23134
48.24364
48.27850
50.44468
50.74822
50.85676
50.99524
51.41518
51.67162
52.05646
52.10752
52.55878
53.07706
53.08810
53.32258
53.34394
53.83360
53.84290
53.87878
54.55492
54.58534
54.62158
55.12378
55.59610
55.60576
55.61698
55.65778
55.87018
56.29270
56.30530
56.30944
57.01954
57.46864
58.00426
58.01032
58.01218
58.02724
58.50070
58.80274
59.47156
59.56186
59.79106
60.23230
60.27208
60.56512
60.96292
61.13986
61.16782
61.40824
61.42408
61.60468
61.66624
62.54938
62.57518
64.05850
64.07068
64.07578
64.44958
64.46566
64.92862
65.28442
65.35678
66.51004
66.51940
66.91120
66.98728
67.41442
67.41940
67.45750
68.10952
68.45464
68.47594
68.61496
68.69242
69.15754
69.42982
69.44986
69.48550
69.50284
69.63310
69.73450
69.90082
69.92410
70.03912
70.05346
70.10422
70.36492
70.37962
70.38946
71.10328
71.10778
71.11780
71.12992
71.84152
71.84920
72.32890
72.33052
72.66538
72.67570
72.71500
72.72694
73.29958
73.50094
73.99522
75.07552
75.40660
75.44392
75.74434
76.51852
77.29504
77.30038
77.33884
78.28540
78.33550
78.97414
78.97576
80.03272
80.05090
80.73040
80.74324
81.24922
81.25846
81.32254
81.73324
82.04266
82.23196
82.29322
82.31398
82.76686
84.27112
84.27274
84.27664
84.30592
84.58690
84.82774
85.52752
85.53022
85.53520
85.56796
85.59718
86.38144
86.77318
86.79406
86.80348
87.16810
87.50446
87.52270
87.53908
88.39420
88.47514
89.30602
89.55646
89.60770
89.60920
90.02740
90.04414
90.39958
90.40156
91.09042
91.11844
91.15762
91.16254
91.90732
91.91998
91.93834
91.98748
92.09272
92.10232
92.10820
92.11564
92.20612
92.34910
92.37334
92.41408
92.56432
92.58358
92.77834
92.82172
92.83972
93.13006
93.14908
93.15868
93.43078
93.54136
93.59980
94.43890
95.17984
96.00490
96.06154
96.64972
96.67558
97.42030
98.31370
98.93932
98.95066
99.01396
101.43322
102.66418
102.66850
102.67120
102.67432
102.68314
102.79924
105.45142
105.49114
105.99112
107.48854
107.82766
108.21022
108.87664
108.88450
109.47826
110.09638
110.10052
110.17186
110.77504
110.78836
111.32170
111.35176
112.26988
112.27528
112.27888
112.29964
113.06146
113.08708
113.56132
113.72884
113.78890
114.14968
114.45832
115.45582
116.01868
116.03020
116.48956
116.53894
117.32950
118.45948
119.44138
119.44690
119.45164
119.46772
119.47060
119.47606
119.99314
119.99734
120.00838
121.16212
121.16986
121.18726
121.63774
121.65910
121.95850
121.96510
122.92090
123.61162
123.63016
123.63994
123.68428
123.95512
123.98998
124.27588
124.28800
124.29358
124.30336
124.40926
124.58218
124.61032
124.65106
124.66360
125.02996
125.03482
126.22378
126.44608
126.74224
127.49182
128.08618
128.08972
128.09482
128.31406
128.32318
128.33746
128.74222
129.15310
129.16354
129.63430
129.64180
129.64456
129.64708
129.65086
130.46182
130.56142
131.63032
131.63206
131.65456
132.39472
132.99904
133.37614
133.92718
136.38106
136.60294
136.85482
136.86658
137.40136
138.16294
138.18256
139.15198
139.48744
139.50136
140.01046
140.62750
140.62918
140.64682
141.46522
142.15096
143.69092
143.70484
143.70742
144.26866
144.69310
144.73846
144.75166
144.78628
144.88702
144.89872
144.91504
145.07200
145.20922
145.21954
145.22176
145.33402
145.81402
145.83676
146.06446
146.07478
146.08534
146.09374
146.25916
146.50438
146.59642
146.59996
146.73490
146.84212
147.02440
147.27934
147.28354
148.22308
148.25434
148.32556
149.22838
149.26432
149.65204
149.66476
150.33520
150.55552
151.60468
151.61128
151.95676
152.86432
153.14800
154.50808
154.51492
154.57858
155.17090
155.17462
155.17984
155.23210
156.32104
156.63916
156.70624
156.71938
156.75292
157.22584
157.41082
157.44940
158.08492
158.31880
158.77606
159.11056
160.13818
160.14184
161.43844
161.44558
161.52856
161.96986
163.39120
163.70002
163.71118
164.89546
164.90068
164.90488
165.49186
165.49462
165.49918
166.08172
166.45468
166.47250
166.48744
166.80970
166.94008
167.13934
167.15974
167.36938
167.41132
167.42620
167.61742
167.69920
167.93584
167.95948
168.71872
169.30156
169.87522
170.84404
170.85142
170.88544
170.89876
171.31834
171.34510
171.75478
171.76306
172.43710
172.44280
172.45138
172.47706
172.48528
172.48858
172.49458
173.01472
173.88892
173.89276
173.91892
174.75532
175.12534
175.12732
175.91722
176.40586
176.41804
176.42152
176.42494
176.44300
176.70526
176.70808
177.09784
177.29698
177.31162
177.31564
177.32134
177.43030
177.47710
177.54232
177.57346
177.97408
178.29994
178.83382
179.08258
179.51302
179.51914
179.60026
182.34280
182.84686
182.85634
183.35212
183.37270
183.58930
183.60106
184.30114
184.31338
185.28250
185.29012
185.30020
185.30746
186.02602
186.03532
186.03820
186.05746
186.68872
186.75646
186.84880
187.92322
188.35744
188.37106
188.38180
188.73448
188.75530
189.01750
189.10870
189.44380
189.60958
189.63958
189.80566
189.84484
190.46260
190.48102
190.98430
191.16112
191.20432
191.46466
192.51466
192.87982
192.88864
192.89134
193.26034
193.28020
193.29508
193.69240
193.95598
193.96936
194.00470
194.01838
194.03050
194.64364
195.23080
195.27424
195.29716
195.65698
195.66334
195.99034
196.71406
196.84654
197.32960
197.37604
198.13300
198.23608
198.78976
198.88198
198.96646
199.13302
199.18210
199.21168
199.22158
199.62286
199.66156
199.66540
199.87876
199.89694
199.97152
200.13232
200.13508
200.19742
200.43982
202.59538
202.85296
202.87288
203.21806
203.70874
204.07426
204.10978
204.59608
204.74776
205.33456
205.76236
206.27836
206.28562
206.80828
206.81800
207.06730
207.41998
207.43246
208.67848
208.97728
209.00986
211.40146
212.19958
212.20816
212.22100
212.93830
213.86728
213.87382
213.90040
214.87612
214.88854
214.92670
215.71534
216.57106
217.02460
217.03078
217.04248
217.04530
217.06642
217.07998
217.11160
217.76014
217.80214
218.10040
218.42194
218.42800
218.95528
218.97610
218.98336
218.98930
219.59950
220.36198
220.55320
220.81408
221.05108
221.06956
221.29120
221.31820
221.97898
222.46474
223.50778
223.81030
224.04376
224.08708
224.09344
224.09728
224.54254
224.87170
225.30748
225.37390
226.05634
226.39558
227.46148
227.48374
227.49622
227.50420
227.52262
227.59102
227.99176
228.84808
228.87340
229.34896
229.36042
229.41424
229.67800
229.68538
230.01922
230.02138
230.03008
230.56306
230.56606
232.17004
233.04946
233.71780
233.71972
233.78020
233.80192
234.17866
234.18724
234.24934
234.64198
236.16730
236.18710
236.18866
236.62012
236.65966
236.68528
236.68690
237.24946
237.28072
237.28426
238.15636
238.24540
238.39876
238.42330
238.82344
238.83052
238.86568
239.60266
240.73966
240.79966
240.94414
240.96106
241.18924
241.35478
241.37164
241.42762
241.81360
241.82710
241.94590
242.14042
242.38300
243.94522
244.37698
244.94818
245.15458
245.16088
246.22378
246.24766
247.07734
247.11454
248.70898
248.71912
249.46336
249.46492
249.46990
250.09150
250.29718
250.31128
251.17444
251.19652
251.53912
251.60044
251.62660
251.92732
252.26392
252.27832
252.29674
252.38734
252.80332
253.00030
253.02634
253.21726
253.21948
253.92058
253.95250
253.99078
254.18116
254.38474
254.40304
255.38044
255.90334
256.51894
256.57894
257.14840
257.86846
257.87344
258.54256
258.63628
258.85210
259.25464
259.25692
259.89298
260.20348
260.83210
260.83378
260.89450
260.91238
260.92756
261.29338
261.88216
261.94120
261.96634
262.68694
262.69222
262.69702
262.69888
262.71208
262.71502
262.72294
262.80118
262.81150
262.86484
262.97896
263.02654
263.10184
263.15698
263.16550
263.23618
263.24074
263.27068
263.44912
263.76610
264.76984
265.21030
265.91320
266.54362
267.72412
268.37092
269.34094
270.02098
270.93082
270.94552
270.95524
271.00390
271.80832
271.82182
271.84786
271.85440
272.48668
272.69164
273.10504
273.16450
273.28828
275.50714
275.54500
275.88832
276.73522
277.18282
277.19986
277.20490
280.33804
280.38580
281.37118
281.37400
281.86030
281.86492
282.27286
283.03924
283.37140
283.95538
283.96798
284.41564
284.69782
284.71432
284.71684
284.75350
284.86930
284.96284
285.04810
285.25588
285.41524
285.45772
286.09762
286.32226
286.59712
286.62406
286.78138
286.90864
288.04270
288.44128
289.68484
290.46442
290.47048
290.49292
292.45756
292.46254
293.27140
293.29504
293.30812
294.16888
294.17500
294.51742
295.05910
295.09810
296.00362
296.21122
296.21920
296.23174
296.23780
296.70892
297.23380
297.82888
297.84550
297.85156
298.48846
298.49632
298.51738
298.74646
298.79074
298.79866
299.85694
300.03580
300.22942
300.34102
300.63304
300.64648
301.03156
301.04116
301.45702
301.92088
301.92892
302.41972
302.42212
302.46694
302.71348
302.72266
303.51394
304.20382
304.22098
304.23694
304.79974
306.11866
306.12106
306.15802
306.15964
306.51976
306.53140
306.55018
306.57196
306.88792
307.20502
307.21564
307.23574
307.27642
307.28872
307.31956
307.96312
308.02636
308.03380
308.65030
308.87638
310.31314
310.66732
311.11570
311.87200
311.88034
311.90164
311.90902
312.62494
313.23298
314.47894
316.53412
317.21194
317.90788
318.36448
318.39232
318.46834
318.56530
318.59002
318.74086
319.22914
319.23658
319.42948
319.43542
319.45438
319.67074
319.89148
319.92904
319.93426
319.97962
319.98124
320.41432
320.97982
321.57250
321.57736
321.58228
321.80938
321.81784
321.87520
322.25062
322.27618
322.29874
322.73476
323.50222
323.94730
323.94934
323.96512
324.28600
324.69268
324.72064
324.72232
326.41012
326.41390
326.42614
326.45668
327.41860
328.28704
328.95862
328.96396
328.98610
328.99468
328.99816
330.32152
331.27630
331.86244
332.08846
332.75104
332.75956
332.76142
332.77168
332.78224
332.79058
332.81770
332.82496
333.27844
333.47800
333.94474
333.96052
333.98914
333.99286
334.52824
334.53298
334.54408
335.11162
335.12248
335.13160
335.13634
335.13904
335.14966
335.34496
336.36610
336.44224
337.02724
337.03042
337.03690
337.06636
337.35550
337.72600
337.94296
338.48890
338.55226
338.57782
338.95558
338.97382
339.05080
339.64480
339.70696
339.78718
339.96712
340.09498
340.11844
340.12354
340.22632
340.65142
340.70890
340.72372
340.76140
340.87792
341.47078
341.63266
342.19180
342.19768
343.19662
343.21936
344.51932
345.23452
345.45190
345.45838
346.63210
346.63828
347.43922
347.44756
347.45980
347.57914
348.23962
348.91594
349.68142
349.72378
350.37544
350.42638
350.43148
350.43856
351.10324
351.10720
351.11170
351.13786
351.71092
352.02382
352.06528
352.09660
352.32382
352.34872
352.75894
352.76686
353.03818
353.75038
354.66976
355.47166
356.03182
356.03380
356.09194
356.68696
356.93944
358.12516
358.12882
358.14544
359.04082
359.08732
359.53222
359.63548
360.07990
360.08206
360.09310
360.09514
360.72130
361.35226
361.35430
361.97230
361.99000
362.00860
362.01898
362.03266
362.06890
362.98642
363.07246
363.23908
364.13440
364.29274
364.42606
364.45030
364.61086
364.94302
365.51956
365.63104
365.66722
365.67970
365.99866
366.78670
366.79798
366.80956
368.09380
368.29582
368.30794
368.99362
368.99674
369.09616
369.71458
370.64416
371.22100
372.03472
372.04156
372.04486
372.54154
372.64006
373.13062
373.53022
373.73260
373.73710
373.83538
373.84648
374.30650
374.33782
374.39368
374.66746
374.68498
374.69320
374.69932
375.05344
375.07252
375.34906
375.41626
375.44770
375.48814
375.50242
375.50452
375.68368
376.00492
376.11262
376.79794
377.11084
377.29546
377.48146
377.48878
377.71066
379.70560
380.63986
381.39916
381.41440
381.77092
381.78418
382.84204
382.88908
382.90870
383.80696
383.84134
385.02076
385.69534
385.72318
385.74604
387.48094
387.67492
387.68362
387.69856
388.10974
388.55068
388.55230
388.67236
388.81372
388.82980
389.95312
390.30418
392.19772
392.20372
392.69338
392.71342
393.08734
393.09430
393.97408
394.57810
394.58800
394.68610
395.76574
396.32518
396.32746
396.34186
397.43986
397.44796
397.46512
397.66162
397.79764
398.09632
398.10832
398.32252
398.41954
398.66638
398.68756
399.60994
399.86362
400.41790
402.17008
402.85360
403.54648
403.55098
403.68784
403.75294
404.12908
404.86294
404.90062
405.53614
405.63316
405.65236
406.13266
406.66018
406.67176
406.67944
408.20878
408.21430
408.21868
408.22618
408.23356
409.12402
409.14694
409.14982
409.18456
409.20136
411.41110
411.44218
411.47782
412.13140
412.15858
412.17508
412.88134
412.91104
413.68834
414.31240
415.48522
415.50430
415.50904
416.34394
416.55028
417.13888
418.38586
418.42876
418.47634
418.94146
419.01394
419.73856
419.78392
420.04714
420.08296
420.10900
420.14842
420.34342
420.35302
420.79768
421.40650
421.50394
421.70974
421.73656
422.17360
423.47326
423.50110
423.88846
423.90838
424.56700
424.57666
424.60096
424.63300
425.27878
426.22006
426.26968
426.63586
426.64108
426.65146
426.67990
428.58556
429.91036
430.01380
430.07992
430.16662
430.38472
430.38820
430.65838
430.93042
431.36392
431.69992
431.94718
431.95780
432.11236
432.14260
432.87826
433.54216
434.26066
434.26234
434.29852
435.40900
435.41494
436.20058
436.63732
436.72486
437.71594
437.76412
438.53314
438.54970
438.56908
438.58666
439.52398
440.31964
440.35114
440.37172
440.39476
440.53840
442.71754
442.76830
443.07784
443.93782
444.69112
445.42894
445.78204
445.78888
445.79920
446.11714
446.48194
446.48716
447.45538
447.47188
447.49270
448.19248
448.19704
448.20688
448.46656
448.69072
449.32030
450.03298
451.17250
451.37788
451.39486
451.39720
451.47610
451.60414
451.61860
451.63552
451.64038
451.84030
452.06170
452.09026
452.10760
452.38222
452.40850
452.88670
453.01084
454.19092
454.41892
455.11750
455.14894
455.88094
456.00862
456.50200
456.51568
456.81034
456.81406
457.16752
457.57444
458.25358
458.47108
458.93182
458.93506
459.04366
459.05554
459.79606
460.28026
460.89244
461.56792
461.60152
461.89258
462.35020
462.51664
462.57280
462.62794
462.79444
463.26892
463.35850
463.54882
463.75036
463.81594
463.94260
465.09610
466.24066
466.26790
467.34646
467.82922
467.85796
467.88256
468.83782
469.28896
469.37170
470.10100
470.50990
470.53948
470.54116
471.55774
471.58816
471.59032
471.62998
472.38820
472.39240
472.39726
472.46710
472.82944
472.88692
473.13124
473.17348
473.20780
473.23384
473.48554
473.72584
473.73202
473.88460
476.20426
476.51872
477.70210
477.96004
477.97732
478.35490
478.65334
478.66414
478.68580
478.69828
479.25514
479.26282
480.11956
480.14200
480.62752
480.63172
481.80238
481.81288
482.37088
483.05110
483.98800
484.74964
484.92898
484.94470
484.95574
485.01250
485.02480
485.26150
485.27278
485.42872
485.43550
485.46148
485.91904
486.08872
487.18552
487.88596
487.88848
488.52472
488.88862
489.39610
489.41212
490.09774
490.11424
490.12708
490.13926
490.67680
490.68922
490.69696
491.49724
491.50846
491.56408
492.12490
492.36154
492.58804
493.12540
493.87990
494.39584
494.89192
494.92846
495.10102
495.13174
495.35392
495.57268
495.82954
496.09786
496.12726
496.13578
496.25572
496.51858
499.69990
499.70524
500.62216
500.62624
500.65150
501.46390
501.52138
501.59560
501.92818
502.79380
503.16550
504.23890
504.24208
504.25372
504.26212
504.27184
504.79756
504.86056
506.45386
506.79256
506.83690
506.88430
507.52048
507.52906
507.55294
507.69628
508.74244
508.92010
508.93030
509.16028
509.62294
509.64568
509.67040
509.95774
510.47602
510.49810
512.20390
512.60158
512.98294
513.46354
513.49042
513.55624
514.56334
515.27356
515.27506
516.09676
516.13324
516.13528
516.75364
516.76996
517.61422
517.63330
517.67884
517.68244
517.68850
517.70602
519.60388
520.35892
520.40038
520.70584
521.08282
521.09662
521.19838
521.75242
522.08074
522.09952
522.67030
523.08124
523.67494
523.76830
523.94812
524.51092
524.51314
524.52382
524.52598
524.52754
524.59984
525.63424
525.71140
526.07452
526.42582
526.43788
526.47958
526.78942
526.79524
527.37592
527.39152
527.47228
528.38860
528.39076
528.91438
528.95446
528.96970
528.98494
529.14094
529.28272
529.59940
529.60594
529.68328
529.72456
529.90852
530.40736
531.07300
531.74236
532.86316
532.89922
532.92682
533.52034
533.52292
534.05962
534.71038
534.88420
535.59994
535.60324
535.61998
535.65268
536.46178
536.46472
536.65558
537.37360
537.51286
537.85402
538.40266
538.40488
538.42744
538.53550
539.21356
539.21650
539.31400
539.36794
539.50432
539.51878
539.54254
539.63434
539.64340
539.65054
539.73964
540.52222
541.28134
541.71118
541.72228
542.71024
542.72518
542.73580
543.58942
543.59428
544.39924
544.40212
544.40500
544.41244
545.94928
546.06268
546.90154
548.76112
549.41020
549.44398
549.46882
549.47608
549.56458
549.67762
549.75190
549.77152
549.99064
550.19194
550.46644
550.91188
550.97524
551.27860
552.14086
552.34708
553.52170
553.53100
553.54426
553.64818
554.43586
554.89672
555.74668
555.75430
555.79870
555.83122
556.37698
556.37890
556.95154
556.95940
557.56474
557.57728
558.23080
559.00570
559.00786
559.02574
560.19316
560.21926
560.25748
560.73688
560.74696
560.77066
562.08004
562.74052
562.74610
563.26036
563.26702
563.29246
563.31988
563.33056
564.27334
564.27700
564.66640
564.85534
565.23472
565.23982
565.55746
565.74568
566.41414
566.43028
566.45608
568.92802
568.93264
568.95670
568.97542
569.00110
569.01880
569.44426
569.45722
569.45938
570.14236
570.76816
570.83818
571.26766
571.27474
571.50400
571.71622
571.72594
571.91182
572.44948
572.67346
572.75662
572.90134
573.45928
575.51806
575.52148
575.52652
575.52856
576.26776
576.26980
576.34198
576.69514
577.15342
577.19416
577.58632
578.25526
578.26336
578.44714
578.91526
578.96194
578.97454
579.00634
579.34180
580.00528
580.77436
581.15536
581.55238
581.57536
581.59078
582.66058
584.24428
585.20170
585.24448
585.25000
585.71920
585.72376
586.31818
586.40770
586.44394
586.94032
587.69650
587.70070
587.71078
587.71528
587.73016
587.83834
587.88064
589.13878
589.17454
589.84900
590.77576
591.77584
591.78706
591.82780
591.85102
592.14988
592.22716
592.45546
592.45972
592.47082
592.48462
592.48792
592.49266
592.49938
592.53748
592.81714
593.24260
594.20650
594.60574
596.39152
596.42650
597.04960
597.06538
598.16782
598.43638
598.96228
598.96582
598.97476
598.99522
599.04658
599.58226
599.64988
600.34786
600.99292
602.23732
602.24248
602.74960
603.12220
603.31354
603.59608
603.73168
604.00138
604.55332
604.75378
606.06064
606.26998
606.27832
606.28486
607.13044
607.76224
608.65750
608.65906
608.74210
608.77012
609.29200
609.31288
610.26712
610.85542
610.86508
610.87150
610.87504
610.88572
611.77558
611.81572
611.81782
611.84812
611.87200
612.43912
612.44974
612.45478
612.47440
612.89992
612.93502
612.95254
613.30846
613.98172
614.01118
614.37856
615.06058
615.42556
615.47068
615.49702
616.39630
617.65960
617.74102
618.05134
618.07270
618.11812
619.19428
619.20352
619.23238
619.44352
619.44886
619.47316
620.05810
620.06500
620.75998
620.78818
621.18196
621.59698
621.62938
621.65584
621.67174
622.08130
622.08364
622.69462
622.70548
623.28088
623.32192
623.33530
623.37346
623.89210
624.15148
624.16852
624.57022
624.84250
625.91620
625.92184
625.97194
626.89822
626.90086
626.91190
626.95402
627.57196
627.82102
628.28746
629.06686
629.08462
629.08780
629.08948
629.14186
629.81188
629.82358
629.82592
630.45664
630.45952
630.47002
631.11310
631.11712
631.12108
631.20352
631.48378
632.79082
632.82724
633.42796
633.46444
634.21450
634.21780
634.26640
634.63198
634.70464
634.72816
636.83206
637.60090
637.60378
637.60828
638.27740
638.63998
639.32656
639.32914
639.33190
639.38998
640.07920
640.62658
640.62874
640.64440
640.65280
640.70764
641.43622
642.22258
642.22588
642.22858
642.24052
642.28906
642.32398
642.81184
642.82960
643.21204
644.07250
644.07412
644.08000
644.11618
644.91046
644.94886
645.68842
645.71302
645.81100
645.82378
646.07992
646.70686
646.71790
646.77682
646.79764
646.83292
646.85878
646.97818
646.99282
646.99552
647.00698
647.39722
647.46466
647.64700
648.80962
650.00986
650.98186
651.31120
651.31990
651.32302
651.32944
651.37174
651.37762
651.66706
651.67156
651.70192
651.71890
651.73480
653.04568
653.05660
653.41390
653.47540
653.48878
655.22434
655.38634
655.81876
657.20620
657.23050
657.23422
657.24940
657.25648
657.30124
658.22752
658.26274
658.32796
658.37032
658.38454
658.68856
658.69936
659.06920
659.07094
659.10604
660.01378
660.27766
660.28780
662.75026
662.76550
662.97544
663.70480
663.70714
664.62118
664.62310
664.69222
665.53204
665.67904
665.74228
666.06184
667.02784
668.57446
668.96386
669.08518
669.93976
669.98002
670.12414
671.32156
671.34088
673.45960
673.46158
673.52146
674.58580
674.82586
676.26304
677.16364
677.23432
678.04936
678.05308
678.05908
678.63328
679.78804
679.79608
679.88830
680.52598
680.53318
680.93134
681.90328
682.90246
682.90840
683.13196
683.33494
683.34916
683.82232
684.28414
684.28642
684.34348
685.09906
685.32460
685.32874
685.33270
686.78116
687.48832
687.50296
687.50842
687.64750
688.73338
688.73566
688.75198
688.76788
688.78348
688.78756
689.46034
689.46592
689.48194
689.49652
690.04930
690.14626
691.19170
691.24270
691.94572
691.99024
692.84410
692.85706
692.86498
692.87872
693.32032
693.75856
694.26940
694.45822
694.46938
696.46744
696.48274
696.50278
697.04296
697.78318
697.81186
697.82680
698.33152
698.56696
699.10336
699.11416
699.74818
700.57252
701.85928
701.91382
701.92534
701.94166
701.95336
701.96056
702.32434
703.69150
703.72522
703.87120
703.91776
703.93006
704.16292
704.17528
704.28568
704.57278
704.95828
704.96098
705.00130
705.53560
705.66076
705.70150
705.70828
706.75912
706.77784
707.17024
707.50414
708.46450
708.49432
708.55804
708.65152
709.94788
710.75626
711.19984
711.28372
711.84064
714.02104
714.55384
715.65190
715.68478
715.70620
715.72006
716.07340
716.36632
716.97412
716.97868
716.99374
717.09598
718.06186
718.08400
718.73572
719.39440
719.40436
719.66248
720.95062
720.96898
721.63714
721.64224
721.68454
721.90324
723.14098
723.23308
723.24802
724.54216
725.05834
725.07430
725.23852
726.27856
726.50824
726.85714
726.98746
727.49626
727.74700
727.87396
728.15116
728.26120
728.92480
731.02792
731.04340
731.35894
731.36710
731.82400
731.90680
732.69688
733.83802
733.96888
733.98508
733.98838
734.31904
734.94640
736.66438
736.67260
736.68298
736.75984
737.04574
737.16298
737.34286
737.46022
737.49700
737.53984
737.56828
738.13552
738.58642
738.61000
738.61426
738.63418
738.63940
738.80170
739.15486
739.19608
739.28908
739.30444
739.54888
741.40216
741.40390
742.35406
742.42066
743.61616
743.64358
744.45316
744.48844
744.54994
745.28524
747.36082
747.43354
747.47452
747.55990
747.58114
747.65686
747.91006
748.16032
748.37158
748.38004
749.17000
749.19064
749.20630
749.70112
749.73208
749.74894
749.77510
749.79010
750.51220
750.55390
750.56800
750.66070
751.30294
751.35460
751.38538
751.48606
752.15104
752.18764
753.68140
753.68488
753.71116
753.76612
753.85180
755.39470
755.60368
757.08016
757.08376
757.11724
757.14682
757.86850
758.23276
758.23954
758.27902
758.29636
758.39158
759.33550
759.59896
759.83206
760.00114
760.32082
760.39216
761.21716
761.22142
761.79046
761.84338
762.73606
762.82684
764.08462
764.09026
764.15608
764.20210
764.84494
764.87134
764.91622
766.29970
766.30420
766.31056
766.31980
766.32712
766.83064
766.84756
767.91040
767.96326
768.53878
768.58492
769.19608
769.30264
769.39642
769.69858
769.76770
769.98406
770.07244
770.08948
770.11768
770.17564
770.19226
770.74354
771.42760
771.83044
771.83872
771.93016
771.94264
773.37328
773.42008
773.66764
773.69416
775.19560
776.52118
777.20788
777.56464
777.56632
777.57556
777.93130
778.87450
779.36086
779.36422
779.89252
780.46990
780.52810
782.07820
782.09860
782.34250
782.94952
783.53782
784.81612
786.64426
786.65260
786.67432
786.68800
787.12480
787.40122
787.46098
787.52578
788.29918
788.31244
788.35006
788.37724
788.44984
788.45836
788.46478
790.68934
790.69486
790.84174
791.98264
792.26914
792.33166
792.92512
793.33360
793.36390
793.56340
793.60816
793.62556
794.02252
794.04970
794.51188
794.51932
796.56802
798.20902
798.21898
799.29328
799.35844
799.51000
800.51452
800.54170
800.54998
800.57542
802.13368
802.16272
802.18948
802.19326
802.21072
803.09104
803.10298
803.13568
804.29116
804.35008
804.37762
804.86980
805.52164
805.55860
806.61298
806.63674
806.95024
807.61480
809.09566
809.12464
809.14846
809.17774
809.87038
809.91352
809.94412
809.97982
809.99266
810.01288
810.02440
810.02908
810.88414
810.89698
811.10692
812.29030
812.29612
812.30068
812.47438
813.11482
813.14458
813.86470
813.87610
813.94246
813.95482
814.03678
814.15426
814.23928
814.32580
814.33756
814.48702
814.56634
814.84570
815.95786
817.14592
817.62976
817.65400
817.66984
817.67182
818.65168
818.70352
818.72404
819.99820
821.04946
821.06854
821.10844
821.12764
821.13964
821.95432
822.63454
822.63652
822.65170
822.67816
823.47424
823.48462
823.86274
824.42734
824.92144
825.01042
825.01504
825.21430
825.27184
825.36442
825.99928
826.13746
826.21438
826.98754
827.33422
828.61960
828.62416
829.33696
829.89058
830.28928
831.38530
831.38968
831.41920
832.34560
832.34752
832.35262
832.37836
832.45762
832.52842
832.54300
833.28334
833.43202
834.90880
834.94282
834.98620
835.00474
835.29976
835.32766
836.32468
836.33020
836.74042
836.97010
837.04672
837.32590
837.46618
837.54526
838.45228
839.49460
839.65510
840.25600
840.58498
840.61096
840.62944
841.51864
841.54846
842.36836
843.67690
844.18696
844.19290
844.27132
845.77282
846.59008
846.61342
846.82012
847.13032
847.39168
848.52970
849.13906
849.15790
850.25344
850.26286
850.27216
851.46934
851.80114
852.79174
852.81208
853.55710
853.57420
854.36326
854.36878
854.43904
855.19108
855.20494
855.25060
855.32404
855.34468
855.97900
855.98812
855.99796
856.07122
857.16100
857.17132
857.18134
857.23918
857.42110
857.44936
857.52388
857.77696
857.83834
857.84818
858.02782
858.43492
858.78682
859.57150
859.62760
860.30086
860.50750
860.51320
860.94154
861.02974
861.83074
861.86872
862.72354
863.24086
863.78506
863.91466
864.54904
865.39810
865.43908
865.52188
866.65816
868.52164
868.61776
870.05746
870.06868
870.07174
870.13708
871.26502
871.32466
871.33042
