0.37878
0.41754
0.55974
1.14354
1.59504
6.48228
7.23702
9.22728
9.62760
9.66090
10.22172
10.29714
10.83480
10.85154
13.22268
13.25370
14.27052
15.38604
16.42680
17.22942
17.53788
17.92794
17.95206
18.69582
21.20850
23.45274
24.15222
25.89732
26.30976
27.35640
27.51462
27.94644
28.02462
28.19214
28.89642
29.71344
30.30210
34.12596
36.80730
37.60962
38.21094
38.48898
38.61684
43.83420
46.96812
47.25102
47.65170
50.42826
51.10896
51.18336
51.43488
52.28190
52.60188
53.05542
53.54730
57.67296
58.72092
59.98404
60.49002
60.59484
61.90422
68.12988
71.10018
73.31406
74.90790
75.07806
77.40762
78.54186
78.84834
79.76352
84.77226
85.17666
85.68486
86.07918
88.12554
88.16562
90.15804
92.47488
92.64546
93.64734
96.98262
100.40880
100.41624
101.31258
103.25334
106.57170
106.88052
113.35212
113.35482
113.37960
113.49516
113.80776
114.90912
116.23452
116.32806
116.77614
117.56868
117.59868
117.81078
122.28384
123.50232
125.85438
126.19116
127.11012
127.93008
128.61804
128.62548
128.69952
128.91204
128.92740
129.04524
129.27666
133.91178
133.95360
134.22516
135.29070
136.18596
136.77084
137.37006
138.00000
138.08202
138.24882
138.53718
139.01022
140.18352
140.48382
140.65692
141.66030
147.16428
147.16878
148.87746
149.08854
149.20314
149.67690
149.90730
150.29706
153.20130
153.47292
154.96074
156.65136
162.09252
162.32088
168.39042
170.49564
170.53932
171.82362
172.10370
172.24932
172.46358
172.60518
174.19980
174.78996
175.28736
177.82986
178.51578
179.82996
181.26198
181.64622
182.08104
182.35230
182.39604
182.68716
182.97576
183.06066
183.32754
183.36756
183.76290
183.79344
184.04916
185.28966
185.34042
187.74624
188.34342
188.37642
188.92530
189.32292
190.35402
190.72116
191.09358
192.51138
194.45202
194.64000
194.77734
194.92680
198.13962
199.48080
200.05956
201.48732
202.93050
205.08036
205.23138
205.29234
205.30776
205.73796
205.93668
206.01900
206.06496
206.85450
207.21984
207.35172
208.02222
208.88904
211.08348
211.83990
216.51066
216.79038
217.61406
217.74420
218.11428
218.30106
223.37922
223.40724
225.20976
227.58426
227.66934
229.66332
230.17080
230.78322
232.73052
233.62416
237.32292
237.68142
237.73014
238.36296
239.12046
239.14464
239.19966
239.42226
239.58096
239.90634
240.58002
240.99558
241.56252
243.25320
244.32438
244.72650
245.36436
245.73720
248.28552
249.88038
252.04680
252.07254
252.37404
253.36848
253.82652
253.84488
255.06102
255.49182
256.35378
256.74294
261.93144
262.28934
262.40496
262.47582
263.59038
264.57564
265.43664
266.15586
267.55626
267.58122
271.43724
273.21912
275.84670
275.96508
276.67560
279.06948
281.07306
281.13732
281.16894
281.41734
282.59706
287.82222
287.83704
289.97226
293.12658
295.87560
296.58576
296.60706
296.66286
296.99862
297.54390
297.84516
297.92832
299.01084
299.04030
299.52006
299.88432
299.93700
300.92460
301.83204
301.85934
302.80812
306.44520
306.69162
306.70782
306.75852
307.45848
307.97994
309.06630
309.33012
310.33230
314.55186
314.70006
316.87614
317.01336
317.23350
317.57604
317.58372
317.62608
318.57030
318.68652
318.75042
318.78216
318.80262
323.88978
325.89900
327.30534
327.39354
330.57744
331.04232
332.17698
332.25750
332.28618
337.37208
338.41218
339.52506
344.82828
344.84826
344.87196
346.39758
346.41426
347.86878
348.76758
349.33416
349.48806
349.72398
350.51046
353.04942
354.78270
355.23402
355.50564
355.90038
356.50962
356.52696
356.55402
357.92358
357.95382
358.56864
359.20884
359.42820
360.96996
361.49700
362.18874
362.59866
365.96034
367.34430
367.71444
369.97926
370.14186
370.28934
370.33386
370.62666
374.42088
377.35242
377.47452
379.56258
380.69940
380.98254
381.08748
381.84342
382.46298
384.66300
386.06460
386.09304
386.70162
388.32138
390.92268
391.07814
391.33722
391.67088
391.85622
392.11332
394.44510
397.23486
397.38150
398.16756
398.20800
398.48736
400.65762
402.97182
403.23252
403.87890
403.90494
403.90662
405.70728
409.95024
412.63944
412.94094
417.99966
419.97894
421.37952
423.20436
423.22968
424.00188
425.30346
425.32542
428.19258
431.58504
431.77128
432.29760
433.25196
433.74204
433.78224
433.93992
434.69748
434.71164
435.69306
435.69942
437.42244
439.00944
440.45382
440.70582
441.41376
442.04466
442.06746
446.30484
447.17700
447.69066
451.37004
452.82456
453.58446
455.50362
455.80746
455.97750
456.25794
460.58430
461.81028
463.56168
463.59414
463.64562
463.97760
465.03780
465.07386
465.51756
465.56484
466.85724
467.53662
467.78784
469.38924
469.50036
471.61710
473.54610
474.62364
478.10976
478.26570
478.28892
479.84604
480.15708
482.12940
482.20668
483.99006
486.34290
486.37368
486.40566
487.19598
490.51902
492.54762
492.55944
492.57714
495.28272
500.61384
501.37704
505.50138
505.79064
506.55018
506.81958
506.84094
507.06288
508.22610
508.47612
508.95078
510.86076
511.56732
512.10408
513.20718
514.26360
517.67814
518.15460
518.45088
519.29406
523.47408
525.13200
525.14292
525.17388
525.65106
527.37654
527.71266
529.14936
529.23990
532.03638
532.08594
533.20908
533.45022
533.55300
533.80890
533.93904
534.68892
534.73890
534.96270
536.44662
540.48390
540.67470
543.46968
543.63264
543.68724
544.72938
545.05572
545.26548
545.53764
545.56800
549.23856
554.72142
557.25120
558.68760
558.74070
560.22042
561.45408
561.48060
562.01028
565.13694
566.38548
567.28038
567.64764
567.76074
567.99996
568.15308
570.02490
571.64562
578.04528
578.74248
578.98500
579.30678
580.14990
580.46880
580.71426
582.01878
582.30228
583.48470
585.00054
587.27490
593.78382
594.13794
597.08466
597.62712
598.40508
599.06118
599.07552
600.72390
601.82346
602.01582
603.04398
606.51462
606.83478
608.26074
608.31864
608.89488
610.77714
610.99854
611.12658
612.19080
614.55318
615.64548
615.98334
616.59072
616.78140
619.12200
619.22082
620.24406
621.07566
621.19938
621.55056
621.55596
621.95094
624.04056
624.06990
624.28908
627.48762
631.87452
632.40414
633.84126
634.24410
638.34432
639.31638
639.35898
640.59402
642.60522
642.96660
643.79982
644.71596
647.66022
651.71628
652.25496
653.60472
658.06290
658.07154
658.75320
664.92720
666.14730
666.57948
669.40500
671.97498
671.99442
676.49826
676.69422
676.79562
677.11734
677.33046
680.11128
681.36294
682.37094
682.47102
684.67392
684.70362
685.15776
688.79088
688.79898
688.99428
689.36742
689.59152
690.06516
690.48348
694.33080
698.23050
699.17724
699.29526
699.61578
701.41764
702.83988
704.85090
707.62554
709.15482
713.28432
715.12908
716.18742
716.21406
716.90832
719.27184
721.91226
721.97172
722.10864
722.39748
722.87280
722.89548
723.87096
723.94566
724.67526
726.67806
727.66134
732.07806
732.68166
733.13172
733.85124
737.08734
738.23460
740.34348
740.77668
745.70370
746.11932
747.23088
747.27174
756.80868
760.07874
760.12122
762.04350
763.40580
764.28006
769.70634
771.54954
772.36104
775.06968
775.47378
776.26506
776.81742
777.64086
778.00182
778.27524
782.32368
784.27314
785.45400
785.95716
786.51510
786.84762
786.89022
787.25502
787.40130
790.10808
790.83876
795.40908
796.33122
798.27516
798.52848
799.76160
799.88604
806.68344
807.28860
807.46452
810.74118
811.39014
811.42080
811.68348
812.16954
813.17988
814.93302
816.59334
817.01064
817.68246
818.20926
819.54576
819.85134
820.79226
823.65330
823.76016
824.14680
824.96946
825.35280
826.21362
826.53114
827.26746
830.13558
830.88048
830.96928
831.14094
831.20226
831.25296
831.71640
831.71898
832.92906
835.86114
836.90274
836.96622
838.79256
842.09586
842.32242
842.49012
842.68374
842.90490
843.08826
843.20424
844.68816
845.34114
846.55692
848.31888
849.52458
851.12460
853.98930
854.68026
857.60004
858.46272
861.18822
861.30894
861.79326
862.40190
865.54542
869.57634
869.86896
872.52894
874.50030
875.50980
875.98734
876.31794
878.12676
878.16504
878.68398
878.71644
879.71580
879.76650
879.80964
882.04698
886.07010
886.67730
887.36448
887.58564
888.35202
888.39444
888.85908