0.41380
0.95698
1.11328
1.21444
1.54942
1.55752
2.38666
3.20920
3.23074
4.00456
4.08796
4.18804
4.21660
4.51648
4.82302
4.83988
5.58034
5.68990
5.78344
5.87974
5.99740
6.02800
6.06124
6.60418
6.84754
6.85534
7.03396
7.03846
7.14730
7.16710
7.23370
7.43386
7.43740
7.44742
7.51444
7.52440
7.71412
7.74754
7.84750
7.95424
7.99108
8.00512
8.01412
8.03416
8.63284
8.64454
8.75782
9.32110
9.35812
9.57778
10.40722
10.91446
10.95790
11.04160
11.35102
11.74174
11.90860
12.10852
12.59890
12.89530
13.05076
13.48168
14.21524
14.25250
14.26294
14.28172
14.61520
14.64856
14.66254
14.77186
14.78182
14.88184
15.00598
15.00916
15.01960
15.54868
16.23556
16.24006
16.44010
16.63504
16.66858
17.99482
18.12364
18.59950
18.89272
18.89944
18.90136
19.38976
19.99990
20.04322
20.18602
20.44774
20.46178
20.74348
20.75758
20.76322
21.05398
21.05920
21.07702
21.11056
21.65296
22.08028
22.70302
23.35996
24.17512
24.25072
25.07506
25.15138
25.15750
25.17688
25.20076
25.36138
25.56106
25.79872
25.82446
26.03830
26.13454
26.83486
26.83804
26.90422
26.96182
26.97304
27.00448
27.20566
27.36142
27.42052
27.66190
27.73516
27.85930
27.86842
28.12114
28.32112
28.37866
28.40170
28.57792
28.82146
29.09296
29.22208
29.30194
30.26992
30.92890
31.31896
31.38904
31.39516
31.56610
31.60930
31.68940
31.75264
31.78612
31.78924
32.30542
32.44276
32.44984
32.65588
32.95294
33.03880
33.67240
33.70480
33.72616
33.93952
33.97294
33.98350
34.02310
34.90312
35.28406
35.30632
35.36998
35.95624
35.96014
36.10354
36.14098
36.53308
36.77026
36.87028
37.15642
37.32304
37.33690
37.39474
37.45642
37.71418
38.11408
38.22316
38.40034
38.48092
38.62066
38.65768
38.71054
38.93734
39.00124
39.45718
39.57760
41.14564
41.17390
41.18158
41.22118
41.27422
41.48782
41.87404
41.88814
42.34108
42.94156
43.20364
43.21240
43.21900
43.48834
43.49938
43.71418
43.72480
44.03824
44.15170
44.16172
44.43400
44.66272
44.71900
44.78110
44.80528
45.00046
45.00502
45.32524
45.73504
45.97186
45.99154
46.00066
46.22518
46.24462
46.53550
46.63108
46.63870
46.72186
46.85560
46.86442
47.49268
47.70298
48.02212
48.06946
48.35566
48.47518
48.62242
48.77140
48.77488
48.80452
48.80830
48.82228
48.86590
49.12264
49.25560
49.45222
49.60888
49.72258
49.97560
49.99942
50.18932
50.40478
50.42746
50.45266
50.67556
51.60598
52.83058
52.88296
52.89712
53.12596
53.14990
53.23636
53.59252
53.62606
53.74612
54.03712
54.57076
55.25032
55.53766
55.56718
55.57090
55.65664
55.72348
55.91356
56.64322
56.92054
57.12400
57.12988
57.14368
57.14998
57.18148
57.33328
57.50038
57.59038
57.70102
57.91000
58.05736
58.07284
58.27696
58.28716
58.29064
58.54360
58.55098
58.73962
59.24416
59.64514
59.79406
60.03196
60.17446
60.18880
60.25042
60.39880
60.47926
60.50776
60.61720
61.03822
61.06084
61.07500
61.43248
61.53238
61.57486
61.64128
61.94158
62.60482
63.20536
63.29182
63.33904
63.38212
63.84874
63.87802
63.90586
64.09222
64.10626
64.19650
64.38958
64.58770
64.59238
64.98334
65.82586
65.89264
65.93584
65.97886
66.07870
66.08398
66.44530
66.45916
66.67918
66.97954
67.02640
67.74364
67.94620
68.35702
68.43010
68.44312
68.72356
69.41026
69.45298
69.66778
69.73888
69.85306
70.02976
70.29634
70.36324
70.44004
70.47706
70.65364
70.86832
70.91116
70.92538
71.09662
71.21056
71.46364
71.99722
72.04876
72.05476
72.70390
72.70804
72.85474
72.88432
72.89176
72.92788
73.39894
73.84180
73.87078
74.00866
74.06044
74.22832
74.51452
74.61430
75.15736
75.37828
75.39382
75.83788
76.03852
76.05322
76.07224
76.15186
76.50208
76.81342
77.71546
77.76238
78.00262
78.04558
78.08824
78.54592
78.63190
78.63586
78.72160
78.73606
78.77944
79.01254
79.23226
80.23246
80.57950
80.66608
80.68654
80.70412
80.72872
80.83744
80.86294
81.41968
81.49660
81.99040
82.06300
82.10602
82.36288
82.81396
82.89670
82.91998
82.92574
82.93234
83.06332
83.19676
83.27338
83.28664
83.70706
83.72122
83.75464
83.85928
83.94952
83.99290
84.29338
84.44962
84.63574
85.39984
85.63672
85.88032
85.88788
86.02312
86.03056
86.12320
86.18038
86.41378
86.88040
87.13330
87.16660
87.33808
87.67708
87.70168
87.78784
88.09714
88.16692
88.18066
88.70680
88.73050
89.39740
89.41552
89.49622
89.50150
89.51680
89.56960
89.69758
89.73052
90.09718
90.12706
90.35494
91.24120
91.66054
91.70392
91.78066
91.98514
91.98826
92.31400
92.32810
92.44744
92.60494
92.61418
92.65210
92.82778
92.83858
92.85694
93.20518
93.59404
93.84310
93.84640
93.95788
94.36684
94.72444
94.74334
95.28754
95.30206
95.30524
95.31676
95.33530
95.51602
95.63110
95.74024
95.78752
95.83078
96.09394
96.13066
96.87346
97.34344
97.71742
97.75504
98.35174
98.46082
99.06100
99.06484
99.22786
99.34744
99.40498
99.42424
99.43402
99.46684
99.74770
99.91954
100.34722
100.53082
100.54000
100.64074
100.77742
100.82458
100.86838
100.98046
101.29990
101.56390
101.85376
101.86396
101.93044
102.06364
102.17320
102.36382
102.52150
102.62152
102.62596
103.11664
103.20736
103.23622
103.30768
103.84768
103.89406
104.01364
104.02300
104.14696
104.42284
104.44702
104.66644
105.08968
105.36682
105.71002
105.79954
106.01038
106.01404
106.03378
106.20124
106.51078
106.75342
106.99690
107.19076
107.36350
107.98312
108.18268
108.78310
109.12708
109.26898
109.30432
109.31206
109.37380
109.77004
109.78432
109.99054
110.02306
110.08504
110.37076
110.41318
110.74660
110.95696
110.96596
111.01312
111.35710
112.00084
112.02994
112.21006
112.45666
112.52932
113.41576
114.04972
114.14002
114.53038
114.54508
114.79636
114.80284
115.09624
115.19698
115.42210
115.73188
116.45548
116.63224
116.66086
117.05686
117.46594
117.88990
118.00402
118.01032
118.01614
118.01902
118.57312
118.74892
118.82044
118.89610
118.96288
119.56300
119.74618
120.14914
120.26962
120.29008
120.32056
121.09336
121.64584
121.72288
121.72690
121.78264
121.79314
121.92220
122.09392
122.16550
123.06568
123.32278
123.50500
123.61912
123.80992
124.19560
124.22920
124.30522
124.30936
124.80370
125.57248
125.78188
125.97880
126.06256
126.23056
126.61930
127.13626
127.17880
127.49812
127.64182
127.99810
128.14840
129.74794
129.90910
129.91462
130.01458
130.10794
130.41424
131.48332
131.97814
132.43480
132.65494
132.73090
132.83104
132.84466
132.94486
132.98764
133.21126
133.45432
133.50232
133.52320
133.52602
133.56892
133.62052
133.88824
133.93156
133.97416
134.01754
134.26084
134.96086
135.00352
135.05338
135.34696
135.56110
136.40458
136.57138
136.83394
137.23030
137.30608
137.86300
138.06322
138.12034
138.46312
138.65392
138.72706
138.96046
139.40728
139.49650
139.57966
139.66024
139.68340
139.76410
139.97974
140.45116
141.58540
141.61282
141.84724
141.94600
142.20982
142.33852
142.34914
142.38550
142.59592
142.89604
142.94326
143.00944
143.05306
143.08630
143.26720
143.42614
143.43364
143.49628
143.53546
143.53948
144.18238
144.64000
145.03930
145.08328
145.46962
145.47388
145.48234
145.49296
145.49500
145.50262
145.50622
145.83586
145.87348
145.87882
146.09878
146.44192
146.45590
147.14176
147.29938
147.56590
147.58804
147.59908
148.10878
148.27054
148.28542
148.64314
148.72012
148.75798
149.01556
149.54776
149.59936
149.67172
149.68744
149.71486
149.74372
149.78194
150.07150
150.71116
150.73084
151.16692
151.17394
151.41664
151.45990
151.47832
151.68844
151.73170
152.18926
152.82652
153.08416
153.12364
153.12724
153.70048
155.18590
156.06364
156.56602
156.57124
157.91284
157.93162
157.97848
157.99264
158.04418
158.05498
159.32272
159.36514
159.42712
160.05166
160.05598
160.08106
160.84360
160.90306
161.01892
162.03916
162.07072
162.75760
162.91108
164.81272
165.39340
165.77644
165.85600
166.25626
166.44682
166.48522
166.54660
166.93282
168.35284
168.36292
168.37300
169.21198
169.37038
169.53982
169.54936
169.74538
170.09590
170.15980
170.48860
170.56012
170.64616
171.17884
171.39238
171.41842
171.98890
172.00948
172.06120
172.60492
172.64740
172.98556
173.00986
173.01868
173.21890
173.74642
174.12082
174.47470
176.12536
176.16466
176.59324
177.75118
178.10866
179.29510
179.50984
179.54746
179.58142
179.59636
180.25804
180.36718
180.53008
180.62020
180.85324
181.28662
181.35370
182.12650
182.16952
182.36014
182.64022
183.12664
183.15544
183.47464
183.62674
183.66988
184.35694
185.05750
185.07676
185.09470
185.19886
185.25676
185.68078
186.30010
186.37126
186.41068
186.84394
188.31628
188.37514
189.34660
189.38968
189.80722
190.14694
190.20382
190.94722
190.95664
191.42380
191.85718
191.91892
192.08278
192.73342
192.73612
192.74146
192.87814
192.88546
192.89656
192.93940
193.23676
193.24810
193.74988
194.86480
195.00256
195.01306
195.60850
195.71350
196.46596
197.05210
197.35210
197.72518
198.16870
198.29596
199.30216
199.68706
199.69666
199.98286
200.07910
200.09296
200.24008
200.79748
200.80300
201.04606
201.59842
203.00890
203.02636
203.09908
203.43262
204.23014
204.23308
204.83968
204.85846
205.11646
205.22980
205.47220
205.47742
205.67350
205.99630
206.71630
206.74570
206.95948
207.22612
208.06144
208.32616
208.58908
208.63264
208.73320
209.01850
210.25198
210.26236
210.34282
210.48520
211.24294
211.68154
211.69204
212.87836
212.91610
213.38986
213.45004
213.79306
214.02982
214.03270
214.03570
214.64710
214.91914
214.93000
215.16574
215.46664
215.57536
215.61844
215.63746
215.64910
215.98570
216.03256
216.19984
216.45262
216.69556
216.83926
216.85834
216.87640
217.82002
217.84480
218.49766
218.51146
219.02644
219.51298
219.52630
219.55564
220.23136
220.37962
222.69544
222.71494
222.95230
222.95836
222.96232
223.78786
223.80568
224.85916
225.18316
225.19762
225.20248
225.24586
225.40870
225.91822
225.95134
226.30720
226.43170
226.80340
227.11858
229.61224
229.96366
230.60626
230.69242
231.28630
231.44566
231.45340
232.52266
234.03802
234.06160
234.08212
234.09952
234.12766
234.31864
235.12462
235.13872
235.14874
235.15252
235.16794
236.03944
236.35330
236.42596
236.42944
236.45902
236.50978
236.91190
237.12598
237.59776
237.65224
238.26532
238.36996
238.56556
238.57090
238.57294
238.77556
239.18524
239.20822
239.21284
239.21716
239.71234
239.95654
240.17602
240.41458
240.42478
241.02928
241.52908
241.61566
241.73914
241.76596
241.81570
241.89184
241.97254
242.31592
242.61580
242.70208
242.75680
242.78248
242.87374
243.20074
243.21220
243.21568
243.32638
243.57874
243.60208
243.68944
243.84040
243.85618
244.65946
245.46916
245.47648
245.50270
245.83714
246.01240
246.02284
246.02986
246.23290
246.43312
246.54244
246.61000
246.80920
247.01026
247.29490
247.30270
247.59058
247.61038
247.61194
247.63450
247.69990
247.89706
248.27860
248.32330
248.33038
248.54974
248.60584
248.88700
249.23578
249.24700
249.25936
249.34978
249.45964
249.53962
249.97444
249.97876
249.99256
250.02610
250.03996
250.07290
250.23682
250.28710
250.33642
251.83630
251.86570
251.86960
251.87986
251.92366
252.26662
252.68068
252.76672
252.81004
253.16686
253.23370
253.27450
253.29586
253.38082
253.45312
253.68622
253.85308
254.11090
254.13106
254.17660
254.63344
254.88250
254.91598
254.92606
255.03118
255.66958
255.70030
255.70972
255.76444
255.98380
256.15030
256.28404
256.36396
256.45036
256.96996
257.02648
257.03146
257.04142
257.07460
257.43628
257.44780
257.49316
259.07176
259.08646
259.56736
259.57186
259.60054
259.70146
260.05336
260.30728
260.43412
260.54404
260.95414
261.13060
261.31060
261.43708
261.48064
261.48742
261.73888
261.75388
262.21756
262.26748
262.41754
262.49740
262.63120
263.62414
263.63716
263.67508
263.69752
263.73694
263.87062
263.96086
264.14176
264.21094
264.21802
264.74770
264.90394
265.06030
265.16182
265.67044
265.67686
265.75366
265.93432
266.05786
266.06734
266.07754
266.08990
266.33392
267.16024
267.17254
268.09168
268.09714
268.24078
268.60750
268.75096
268.88770
269.24722
269.28406
269.39440
269.44174
269.55088
269.66020
269.75074
270.35128
271.03690
271.06006
271.46782
271.50412
271.90996
271.91878
271.92436
272.66488
272.66776
273.11014
273.11722
273.13444
273.17782
273.28666
273.41800
273.42688
273.46756
273.48100
273.49642
273.54358
273.63412
273.69724
273.73060
274.18702
274.44454
275.36008
275.36440
275.37034
275.38390
276.02788
276.03208
276.11740
276.13672
276.32764
276.43708
276.99454
277.92358
277.94350
277.96156
278.30092
278.36746
278.48092
278.60086
278.92972
278.96776
279.10102
279.50992
279.54442
279.73078
279.74470
279.75868
280.32082
280.44490
280.64482
280.81756
281.11744
281.22700
281.32696
281.81758
281.92726
282.10390
282.25084
282.36118
282.37540
282.45082
282.59368
282.63688
282.66124
282.76144
282.96130
283.43764
283.44412
283.44622
283.45888
283.49080
283.49452
284.23426
284.52082
285.14452
285.32062
285.32764
285.46354
285.69220
285.76366
285.92050
286.00732
286.02076
286.17808
286.45408
286.52062
286.57816
286.60762
286.85872
287.15092
287.39338
287.42230
287.43082
287.85124
288.15100
288.25102
288.40402
288.45118
288.85102
290.21794
290.56780
290.81044
291.28900
291.72094
291.72556
291.76822
291.83476
291.91174
291.91780
291.95416
291.98776
292.01158
292.05394
292.07722
292.35460
292.68814
293.48464
293.55478
293.60452
294.58474
294.66070
294.82132
294.84214
294.87106
294.87574
295.41406
295.48954
295.50430
295.73332
295.84198
295.85434
295.88146
295.92832
296.08798
296.44426
296.67112
296.78656
296.98126
297.14872
297.21568
297.24418
297.98770
298.06810
298.34548
298.35910
298.46806
298.93138
299.11216
299.20822
299.56126
299.56954
299.57446
299.60272
299.61070
299.61820
299.64586
300.65134
300.81058
300.83200
300.85438
301.01812
301.03204
301.12246
301.24714
301.27582
301.31554
301.31848
301.33360
301.78126
301.78528
301.83832
301.86820
302.93476
302.94412
302.95444
303.03448
303.48178
303.50146
303.52516
303.77740
304.44442
304.50148
304.53454
304.67824
304.76800
305.02072
305.62246
305.62768
305.65138
305.87488
306.00802
306.11788
306.20794
306.33742
306.65128
306.88492
306.90892
306.93268
306.95110
307.10422
307.25176
307.27558
307.72846
307.77088
308.28100
308.31802
308.66170
308.93230
309.07738
309.08146
309.26836
309.71080
309.80146
309.91078
310.16806
310.29712
310.47826
310.49698
310.50604
310.55428
311.31142
311.60176
311.63464
311.71174
311.86474
312.04156
312.37090
312.39442
312.41812
312.73828
312.77092
312.78472
312.91792
313.08466
313.27084
313.28464
313.77094
313.81438
314.01808
314.67706
314.82388
314.82808
315.01474
315.69808
315.72994
315.73744
315.74134
315.74374
315.92044
316.10110
316.40128
316.55368
316.58704
316.95394
317.11612
317.23432
317.65090
317.71774
318.26044
318.40360
318.48898
318.61786
318.77062
318.78436
318.89350
318.96034
319.00366
319.72786
319.76116
319.77190
319.80388
319.94764
319.95070
320.70088
320.70472
320.70766
320.86750
321.60058
321.64402
321.98716
322.14016
323.25040
323.41690
323.48842
323.68360
323.86516
324.09310
324.10714
324.15070
324.15484
324.21688
324.49006
324.51772
324.75052
324.77938
325.24624
325.26592
325.39438
325.50040
325.98076
326.05036
326.09026
326.97754
327.04372
327.56428
327.61960
327.63364
327.74386
327.77740
327.82456
327.88636
328.11448
328.22476
328.28686
328.72468
328.75384
328.79392
329.05972
329.35930
329.38366
329.54026
329.64028
329.75008
330.24124
330.26956
330.41698
330.62764
330.95032
330.95812
330.96238
331.04140
331.12732
331.50994
332.37706
332.43358
332.47618
332.55700
332.71432
333.24346
333.45418
333.47026
334.93984
334.95940
335.03026
335.07346
335.46730
335.81668
335.96968
336.01690
336.04996
336.18340
336.33622
337.27570
337.30774
337.32280
337.38976
337.66054
337.73278
337.83334
338.27596
338.30902
338.31970
338.34520
338.37610
338.38600
338.63938
338.64340
338.73292
339.19090
339.73288
339.73906
340.39210
340.40620
340.73296
341.67034
341.93560
341.94958
342.42238
342.63550
342.88924
342.96886
344.05678
344.12260
344.16598
344.20870
344.30440
344.33248
344.61472
344.67640
344.68006
344.94916
345.26596
345.42370
345.42526
345.43258
345.43888
345.63916
346.04860
346.05376
346.07200
346.90684
346.92568
347.13238
347.24962
347.50210
347.56834
347.58244
347.98288
348.00214
348.04552
348.71218
348.71572
348.81280
349.08262
350.11888
350.15644
350.16580
350.28562
350.57452
350.82364
350.83240
350.84152
350.85664
350.85844
350.93914
351.48028
351.66280
351.79540
351.80686
351.92932
352.37224
352.50196
352.50580
352.70164
352.91596
353.00182
353.46862
353.56894
353.68504
353.79628
353.85910
353.90194
353.92480
353.94538
354.01564
354.23986
354.24568
355.33192
355.81552
355.83244
355.86598
355.89316
356.31862
356.43268
356.61868
357.11854
357.23092
357.24256
357.74890
357.86296
357.98278
358.27252
358.46350
358.48222
358.74292
358.84912
358.99294
359.38684
359.42530
359.44912
359.50654
359.54296
359.58262
359.64910
359.73562
359.88238
360.34582
360.56896
360.74938
360.77902
361.35946
361.48246
361.62280
361.76596
362.43256
362.58508
362.61622
362.68900
362.85370
362.86606
363.26626
363.49516
363.71890
363.85246
364.75318
365.05744
365.18296
365.58316
365.87998
366.20740
366.42700
366.46036
366.93616
366.94690
367.26934
367.81336
368.06998
368.39002
368.40316
368.41420
368.44756
368.45638
368.50018
368.59024
368.60032
368.80012
368.90944
368.96722
369.57646
369.64366
369.68026
370.34344
370.45816
370.60066
370.64398
370.92022
371.61118
371.63734
371.64100
371.66872
371.71738
371.73916
371.85076
371.98744
372.13114
372.42196
372.63712
373.27552
373.41802
373.51816
373.96816
374.18518
374.22850
374.25814
374.33218
374.53198
374.65192
374.71840
374.73772
374.80450
374.81836
374.85160
375.21838
375.36118
375.51862
375.71872
375.72826
375.77200
375.85786
375.88528
376.05226
376.62940
376.86268
377.07652
377.10232
377.26906
377.59204
377.66320
377.91298
378.05560
378.29644
378.39238
378.47362
378.64546
378.79288
379.52266
379.56970
379.93672
380.19448
380.25604
380.33692
380.67016
381.29482
381.35380
381.35644
381.56710
381.62368
381.91006
382.49044
382.61488
382.64416
382.91080
383.85466
383.90110
383.92606
384.35470
384.66508
384.68542
384.73516
384.95506
385.02736
385.23100
385.25536
385.56796
385.85548
385.87498
385.93654
385.94086
386.07964
386.11312
386.22196
386.39164
386.59918
387.03550
387.09922
387.11326
387.14260
387.58558
387.71866
387.74944
387.75298
388.50610
389.41570
389.77312
390.07324
390.59320
390.60682
391.16476
391.17424
391.19392
391.21720
391.25956
391.27372
391.83796
391.94056
392.16022
392.16742
392.56030
393.28990
393.51760
393.52438
393.53230
393.54682
393.59434
393.89014
393.91468
393.91912
394.31848
395.03440
395.04778
395.05888
395.08132
395.09164
395.29162
395.33464
395.45836
395.48140
395.56144
395.57050
395.62978
395.63140
395.63464
395.64880
395.67826
395.93476
396.03472
396.12544
396.17968
396.20146
396.20578
396.29224
396.35770
396.58210
396.65890
396.85870
397.09258
397.25926
397.54930
397.86802
398.59306
399.02188
399.22636
399.45670
399.85984
401.01040
401.05282
401.35306
401.52466
401.93032
402.24076
402.26308
402.26842
402.61726
402.71110
402.79756
402.81124
403.00660
403.01128
403.06504
403.06828
403.09738
403.22110
403.33078
403.44748
403.88422
404.32186
404.33680
404.35498
404.39404
404.43706
404.74168
404.82796
404.83234
405.18466
405.31156
405.72850
405.86140
405.96484
406.53616
406.54264
406.57144
406.61500
406.74526
406.82860
406.84318
407.02852
407.91520
408.71542
409.10248
409.88878
409.92004
410.20978
410.84644
411.29638
411.43270
411.49942
411.93286
411.95440
412.24372
412.89970
412.91464
412.93306
412.98604
413.01424
413.31304
413.31622
413.32036
413.32426
413.35612
413.36350
413.36698
413.49076
413.94994
414.01060
414.26296
414.27310
414.30598
414.33508
414.89284
415.16410
415.20040
415.23508
415.42078
415.45018
416.17384
416.21788
416.30728
416.39794
416.48002
416.96572
417.01480
418.63474
418.85344
418.90036
419.49604
419.50132
419.50882
419.51566
419.94874
420.02584
420.16918
420.56866
420.96880
421.01584
421.03258
421.32628
421.36312
421.36978
421.60972
422.26930
422.54050
422.59234
422.60290
422.90020
422.90758
422.93302
423.56344
423.63334
423.86662
424.47148
424.66696
425.32930
425.40058
425.50054
425.70058
425.76736
425.88682
425.93404
426.01114
426.06724
427.25890
427.28788
427.42462
427.45408
427.59154
427.59466
427.62064
427.68760
427.71640
428.10904
428.41714
428.66140
428.72122
429.10474
429.19816
429.20842
429.21250
429.27520
429.31414
429.32236
429.33778
429.36118
429.41842
429.61858
429.73258
429.87556
429.98098
429.98536
430.11862
430.45654
430.67182
430.70200
430.70518
430.73818
430.81882
430.88548
431.01892
431.11876
431.18566
431.39998
431.44360
431.52964
431.69632
431.80534
431.89618
431.89912
431.99254
432.32074
433.01056
433.23250
433.26796
433.46368
433.52560
433.85020
434.32444
434.35990
434.83702
435.05068
435.09382
435.09742
435.12298
435.13720
435.15070
435.21712
435.27922
435.39454
435.39904
435.41722
435.69376
436.23760
436.45402
436.45696
436.46638
436.52830
436.57060
437.49514
437.55322
438.06730
438.07132
438.10096
438.11452
438.11806
439.31476
439.61152
439.65496
439.79116
439.85512
439.89808
439.95502
440.02162
440.29792
440.35234
440.68828
440.85520
441.05524
441.28852
441.45532
441.71914
441.72652
441.95542
441.98890
442.09288
442.16578
442.64260
442.81780
442.82890
442.84606
444.02962
444.28678
444.59998
445.03972
445.25914
445.42576
445.53616
445.68742
446.03092
446.15974
446.25940
446.66986
446.70352
446.80270
446.81710
447.18388
447.40966
447.46606
447.48880
447.50338
447.59002
448.09018
448.23310
448.32352
448.42360
448.47052
448.49050
448.53712
448.79014
448.83328
449.35264
449.36350
449.73382
449.77744
449.89078
449.93422
450.52414
451.53094
451.53478
451.56424
451.60138
451.64884
451.65574
451.68364
451.70146
452.19214
452.38858
452.67436
452.90776
452.95036
452.96104
453.04108
453.04792
453.14128
453.19426
453.20806
453.22762
453.27484
453.36562
453.37474
453.63706
453.99430
454.02250
454.02736
454.24150
454.38874
454.48042
454.49134
454.49488
454.53268
454.75186
454.79458
455.39482
456.56290
456.95164
457.02526
457.69216
457.72540
457.99198
458.10682
458.37850
458.44480
458.44870
458.61202
458.99866
459.43960
459.55582
459.58918
459.59704
459.62200
459.66220
459.70150
461.27122
462.14872
462.15346
462.17872
462.18658
462.19582
462.22570
462.62926
462.86230
462.91294
463.15276
463.15912
463.26202
463.45858
463.74538
463.86880
464.00206
464.01598
464.70256
464.81956
465.11260
465.24610
465.50464
465.50848
465.51262
465.65962
466.10656
466.12906
466.13290
466.40980
466.54570
466.55236
467.25658
467.27572
467.76580
468.37618
469.19086
469.25962
469.43260
470.13580
470.21242
470.23060
470.25994
470.74972
471.37402
471.50254
471.79324
472.32358
472.33702
472.54642
472.74622
472.93756
472.99996
473.04328
473.56660
473.60998
473.69494
473.69932
474.20014
474.38128
474.74344
474.95296
475.06276
475.27702
475.51036
475.59646
476.26486
476.49370
476.56330
477.08392
477.66970
477.72718
477.91330
478.02712
478.37002
478.38466
478.61830
478.62106
478.64122
479.39404
480.26350
480.29992
480.48664
480.55276
480.56746
480.71368
480.72520
480.74734
481.09060
481.33036
481.34422
481.73002
482.24416
482.27290
482.28736
482.43970
482.63482
482.63674
482.64832
482.67748
482.71192
483.66082
483.92092
483.96724
484.21108
484.21678
484.92748
485.26096
485.28976
485.34712
485.39062
485.63794
485.76088
486.85744
487.04158
487.41094
487.44760
487.51996
488.04742
488.09740
488.43532
488.61118
488.76400
489.22768
489.23068
489.41488
489.42118
489.42784
490.39402
490.40848
490.45630
490.48432
490.52740
490.55026
490.56100
490.71382
490.97452
490.99414
491.03698
491.09434
491.15968
491.89426
492.00388
492.06610
492.38086
492.39196
492.84130
493.48714
493.54426
493.62454
493.65778
493.81102
493.82482
493.95358
494.25364
494.46862
494.59684
494.61454
494.64436
494.65786
494.66356
494.76868
494.93434
494.96386
495.09772
495.13516
495.14080
495.28774
495.29134
495.94588
495.98086
496.22752
496.37032
496.79854
496.80790
496.82758
496.92286
497.33518
497.76388
497.87716
498.35188
498.90088
499.40062
499.44412
499.95838
500.28742
500.29108
500.76346
501.88780
501.96994
501.97456
501.97774
502.11106
503.30362
503.34700
503.47102
503.50768
503.51812
503.54350
503.55100
503.61076
503.76130
503.78440
503.79298
503.81842
504.08050
504.22744
504.31858
505.43428
505.47748
505.59088
505.62022
506.47750
506.60644
507.36448
507.53074
507.66400
508.24150
508.33534
508.49428
509.03098
509.08816
509.20780
509.61790
509.63224
509.99428
510.06112
510.28048
511.06120
511.23820
511.48150
511.62526
511.88080
512.43814
512.54896
512.59180
512.72518
512.76388
512.91106
513.13444
513.33550
513.36874
513.43066
513.43474
513.75490
514.19440
514.22158
514.33444
514.64164
514.81402
514.84624
515.22790
515.33740
515.52796
515.61430
515.72788
515.91844
516.12058
516.12778
516.17050
516.21418
516.22180
516.22852
516.49444
517.11442
517.45768
517.82104
517.82410
517.86760
517.95826
518.01502
518.10142
518.18740
518.94760
518.95726
519.04354
519.04876
519.39760
519.52096
519.76018
519.76414
519.77800
520.94164
520.94344
521.12800
521.40400
521.60410
521.66128
522.43750
522.49516
522.54730
522.58138
523.06240
523.16158
523.20448
523.39732
523.40488
523.82500
523.84756
524.43460
524.45374
524.62060
524.95900
524.96380
524.98498
524.99794
525.00712
525.02542
525.03118
525.04168
525.14962
525.16414
525.17824
525.22090
525.67828
526.16392
526.40248
526.64164
526.64350
527.01448
527.15524
527.32192
527.44090
527.45122
527.69458
527.99476
528.29032
529.19488
529.25224
529.28086
529.38070
529.42804
529.63852
529.65694
529.66456
529.77190
529.96804
530.22508
530.41144
530.43850
530.48116
530.80462
530.82508
530.85934
531.84490
532.36054
532.49782
532.59826
532.66432
532.67044
533.16940
533.18380
533.24218
533.95636
534.14188
534.20932
534.52822
534.55738
534.56740
534.58120
534.63868
534.92830
535.04818
535.12108
535.12828
535.21492
535.34782
535.38586
535.46152
535.63162
535.64224
536.42104
536.43880
536.44228
536.63500
537.00226
537.07828
537.39760
538.13098
538.68094
538.76422
539.12128
539.14120
539.14504
539.15944
539.35660
539.44066
539.45140
539.53114
539.55856
539.58142
539.61808
540.42802
540.68188
540.74758
540.81430
541.46260
541.64782
542.10520
542.85484
542.97820
543.05896
543.17824
543.57808
544.32208
544.33072
545.18794
545.27068
545.76724
545.77330
545.78092
545.79412
546.07054
546.09478
546.10384
546.53656
546.58072
546.72928
546.95182
546.98980
547.16128
547.64818
547.65172
547.68070
547.95772
548.55340
548.76748
549.02416
549.11032
549.15382
549.69280
549.71110
550.05418
550.12630
551.04046
551.06962
551.08408
551.42692
551.45500
551.58436
552.11308
552.29332
552.79996
552.93700
553.36618
553.37644
553.45756
553.48582
554.02924
554.04316
554.08564
554.12368
554.15716
554.32966
554.40970
555.16252
555.33916
555.59554
555.69268
556.00186
556.00558
556.21648
556.64536
556.84996
557.28328
557.47930
557.54548
557.66938
557.68570
557.68882
558.18928
558.48106
558.54172
558.54604
558.67534
559.08898
559.45108
559.69048
560.20516
560.50846
560.69128
560.71618
560.89126
561.03388
561.40108
561.67048
561.67756
561.69490
561.70150
561.87736
562.04386
562.13500
562.38754
562.86430
563.11774
563.35024
563.46472
563.71690
564.20788
564.45724
564.97672
564.98794
565.07050
565.22368
565.23754
565.48816
565.49974
565.50718
565.78144
565.79980
565.90444
565.94794
565.96648
566.13430
566.21110
566.22484
566.61010
566.73370
567.23002
567.38644
567.52252
567.68290
567.76744
567.80362
567.81442
569.22634
569.39248
569.45944
569.58352
569.65912
569.66338
570.23350
570.32752
570.57574
570.59482
570.65632
571.20700
571.24258
571.28542
571.98688
572.15512
572.43802
572.86984
572.89270
573.16372
573.17290
573.23020
573.37306
573.40618
573.41644
573.63190
573.64930
573.71122
573.72286
573.72562
574.10314
574.35394
576.13204
576.43204
576.47584
576.54598
576.58936
576.61552
576.62308
576.62716
577.05610
577.14232
577.57546
577.61374
577.67566
578.10922
578.92264
578.92714
579.00934
579.28216
579.58660
580.23496
580.39270
580.60612
580.70650
580.79224
580.85014
580.95910
581.01004
581.01394
581.04994
581.23966
581.53648
581.69266
582.07912
582.12202
582.42304
582.51670
582.65884
582.77974
582.98986
583.01854
583.03288
583.08064
584.13370
584.21278
584.22376
584.30938
584.34328
584.64766
584.96740
585.80614
585.83026
586.12960
586.14004
586.67356
586.68346
587.19322
587.97748
588.27388
588.52678
588.54724
588.67084
589.05964
589.24720
589.37128
590.20000
590.95780
591.25816
591.30046
591.46030
591.46432
591.47134
591.47464
591.51478
591.54394
591.62014
591.63460
591.73636
591.74404
591.95800
592.00114
592.00510
592.43866
593.01178
593.24560
593.73130
594.09472
594.31762
594.47410
594.48436
594.48826
594.77512
594.80860
594.84178
594.84502
594.87070
594.91786
595.16146
595.28452
595.76170
596.01820
596.03272
596.06140
596.31916
596.69536
596.80888
596.92546
598.00486
598.02928
598.06954
598.07338
598.09882
598.83982
598.98856
599.06974
599.09590
599.12620
599.19262
599.24980
599.29294
599.54962
600.17374
600.49318
600.62272
600.74608
600.81700
600.92992
601.01296
601.04350
601.11412
601.11766
601.13662
601.35670
601.36330
601.36678
601.40368
601.49338
601.99378
602.70928
602.92402
603.91072
604.51096
604.61140
604.64716
604.67470
604.81108
604.86412
604.99726
605.21116
605.29708
605.31124
605.35834
605.49760
605.72806
605.79736
605.84044
606.23584
606.33088
606.56146
606.63130
607.14184
607.68514
607.86232
608.09248
608.29084
608.32264
608.50930
608.72896
608.90002
609.08656
609.09574
609.11518
609.85246
609.85504
609.92938
610.19212
610.19944
610.27216
610.39330
610.40146
610.43290
610.55260
610.55950
610.59592
610.88728
610.98250
611.02960
611.08720
611.21596
611.53906
611.58238
612.13570
612.30316
612.37372
613.01116
613.03696
613.04668
613.18960
613.38328
613.57018
614.13346
614.15638
614.16736
614.18386
614.39092
614.39806
614.40424
614.84746
614.90518
615.14746
615.93136
615.94036
615.97228
615.97672
616.08100
616.18102
616.25800
616.30090
616.31932
616.33414
616.34824
616.47250
616.66204
616.74154
616.75696
616.85848
616.99528
617.01454
617.17828
617.72704
618.20296
618.24466
618.36460
618.43648
618.75130
618.76516
618.78466
619.06510
619.15846
619.19422
619.62280
619.63504
619.66558
619.70932
620.66278
620.82328
620.84284
621.27616
621.32344
621.45592
621.50950
621.85252
622.54948
622.55980
622.58260
622.66186
622.67698
622.72558
622.90624
623.22682
623.72596
623.76934
623.78308
624.06940
624.16918
624.26956
624.37618
624.48328
624.49768
624.52702
625.31314
625.33486
625.42690
625.44172
625.45594
625.61308
625.65028
625.77436
625.84156
626.87068
626.87530
626.99962
627.15718
627.49204
627.60760
628.07116
628.20136
628.54426
628.55896
628.70422
628.89148
629.00152
629.44438
629.50174
629.65960
629.78248
629.78806
630.00190
630.28828
630.82924
631.07878
631.66054
631.67974
631.95274
632.24302
632.26054
632.66626
632.69542
632.82292
632.83270
632.86954
633.07636
633.31978
633.36250
633.37042
633.37654
633.90628
634.37698
634.40602
634.84948
635.02030
635.52052
635.60656
635.66434
635.67502
635.68690
635.70826
635.77360
636.11170
636.17842
636.18274
636.18634
636.30706
636.35428
636.43294
636.51724
636.54532
636.86458
636.97864
636.98758
637.27990
637.44052
637.60894
637.78450
637.97884
638.11684
638.38474
638.62738
639.08110
639.30868
639.32050
639.35644
639.38122
639.87190
639.93850
640.28158
640.93930
641.19676
641.58196
641.59684
641.62528
641.73928
641.90866
642.14968
642.40114
642.43294
642.45904
642.72628
642.95524
643.17010
643.20640
643.32592
643.33540
643.79290
643.83286
643.97002
644.16634
644.19946
644.41444
645.15118
645.35614
645.37048
645.38170
645.38452
645.40000
645.65734
646.05748
646.62442
646.64434
646.83022
646.90048
646.98796
647.49148
647.84440
647.93002
648.12514
648.40216
648.44440
650.18932
650.42584
650.55310
651.13342
651.14032
651.57634
652.08592
652.11922
652.13794
652.16638
652.37656
652.43416
652.54330
652.73356
652.77664
652.83460
653.18140
653.27710
653.32030
653.33464
653.36296
653.93494
654.39124
654.43486
654.45472
654.69178
654.75448
654.84424
654.86404
654.95458
655.29940
655.42144
655.80784
655.81210
655.94098
656.15122
656.42806
656.44666
656.52634
656.53264
656.70448
656.98744
656.99500
657.36190
657.53806
657.60112
657.60898
657.75322
658.18654
658.35238
658.39594
658.43836
658.57600
658.57918
658.73884
659.21554
659.33896
659.51584
659.62066
659.84014
660.23932
660.32986
660.58282
660.75454
660.76906
660.77362
660.88780
661.06366
661.14076
661.38316
661.49722
661.55002
661.91704
662.07040
662.25040
662.77102
663.02848
663.07858
663.85870
663.86170
664.74712
665.21518
665.71558
665.91580
666.40186
666.43564
666.48292
666.48832
666.50614
666.56890
666.64966
667.14958
667.18306
667.25980
667.29634
667.60288
667.61026
667.66030
667.70266
668.00278
668.18980
668.33794
668.39278
668.50324
668.58346
668.85034
668.91484
669.31360
669.33256
669.49588
669.61864
670.08130
670.18714
670.19104
670.42012
671.13460
671.27728
671.29162
671.33452
671.73490
671.76826
672.13540
672.17866
672.21106
672.61606
672.83518
672.87802
672.90070
673.23100
673.23520
673.69330
673.82188
674.00212
674.52274
675.25582
676.60990
676.82290
676.83406
676.99138
676.99618
677.01106
677.14306
677.75374
677.85376
677.98996
677.99656
678.01090
678.02974
678.26254
678.35398
678.55396
678.84046
678.99538
679.02118
679.03108
679.40722
679.54072
680.25730
680.33728
680.34100
680.44120
680.99464
681.98554
682.04848
682.31302
682.57822
682.59658
682.67212
682.85878
682.86250
683.37274
683.51542
683.59570
683.81554
684.08668
684.12976
684.17722
685.03084
685.91692
685.95178
685.95994
686.17072
686.19340
686.20690
686.27380
687.21760
687.25996
687.35092
687.72454
687.99880
688.66084
688.97740
689.02438
689.45206
689.56240
689.61490
689.77468
689.89168
689.92054
689.93440
690.29182
690.37768
690.78556
690.97828
691.27828
691.65238
691.65856
691.73584
691.82248
691.86154
691.87234
691.92136
691.95892
691.97860
692.82256
692.86582
693.26602
693.40210
693.44068
693.74620
693.80938
694.25242
694.42378
694.45216
694.46638
694.47406
694.73296
694.76740
694.82932
694.90990
694.94236
695.09620
695.19634
695.27662
695.32978
695.54332
695.89630
695.95336
695.96374
696.01048
696.11320
696.11962
696.29650
696.31036
696.49642
696.51040
696.59698
696.81106
696.84388
697.68772
697.88350
698.05438
698.19868
698.22724
698.28424
698.96092
699.51808
699.95656
700.04194
700.11286
700.12804
700.32334
700.46320
700.47472
700.62814
700.76674
700.95196
701.02840
701.06164
701.38588
701.86186
702.12874
702.32872
702.37234
702.56620
702.77236
703.15924
703.17850
703.18180
703.18624
703.28758
703.47910
703.53934
703.84558
704.12578
704.33932
704.67484
704.67904
705.04252
705.04960
705.31744
705.32224
705.35548
705.48466
705.53242
705.96568
706.04656
706.05580
706.47550
706.69024
706.99936
707.14324
707.38030
707.48128
707.57698
707.60614
707.61016
707.79064
707.97160
707.97712
708.01078
708.21046
709.26376
709.50796
709.70050
710.03338
710.13670
710.32192
710.50708
710.58406
710.72134
711.48544
711.49744
711.50428
711.51208
711.96622
712.20844
712.42390
712.98166
713.26156
713.27572
713.31490
713.68162
713.83468
714.09598
714.12514
714.16570
714.33904
714.34858
714.55438
714.56818
714.58216
714.72832
714.79234
715.03984
715.41844
715.42582
715.51852
715.70164
715.75186
716.14924
716.28250
716.40838
716.41204
716.42620
716.49820
717.49816
717.50224
718.15060
719.20990
719.21320
719.24320
719.24662
719.62828
719.68600
719.73310
719.78344
719.92876
720.27700
720.28594
720.31528
720.35290
720.62086
720.75760
720.85930
721.41670
721.61644
722.11120
722.15008
722.40316
722.50288
722.80294
722.88346
723.36328
723.37444
723.38068
723.98362
724.12732
724.68520
724.72726
724.83742
724.85350
724.86088
724.87654
725.07028
725.23198
725.25322
725.63386
725.74084
725.76274
725.77648
725.78110
725.82388
725.95966
726.02014
726.35410
726.36874
726.37330
726.37678
726.64342
726.64756
726.65830
726.76276
726.77770
726.79186
727.23412
727.32034
728.00650
728.06476
728.94490
730.73764
730.84216
730.85596
731.05138
731.16112
731.19136
731.29522
731.44372
731.69536
731.73778
731.78068
732.22120
732.23494
732.51100
733.47802
733.51606
733.52512
733.56862
733.66858
733.67290
733.68730
733.70656
734.03536
734.46862
734.55472
734.63530
734.99308
735.00202
735.02632
735.46882
735.62176
735.78910
735.81256
736.09324
736.79890
737.04208
737.08558
737.14642
737.37586
738.38554
738.41488
738.42934
738.65284
738.94390
739.45834
739.53004
739.54408
739.73008
739.93186
740.33908
740.53654
741.06694
741.07972
741.11272
741.14374
741.14596
741.27910
741.76090
742.13062
742.15654
742.20358
742.44640
742.58974
742.60900
742.65622
742.66096
742.78972
742.80394
742.87024
743.00350
743.28982
743.30404
743.64748
743.92318
743.93434
744.12346
744.12700
744.13732
744.18100
744.34768
744.69130
744.69484
744.70462
744.73420
745.10086
745.14724
745.27708
745.62058
745.72108
745.78150
746.02066
746.42380
746.58424
746.60722
746.64970
746.70712
746.71804
746.72086
746.72524
747.07108
747.18322
747.63052
747.67096
747.68776
747.77872
747.80728
747.91096
748.16230
748.19464
748.20358
748.23796
748.45228
749.39542
749.43832
749.63788
749.67124
749.90506
750.15244
750.16774
750.20464
750.50032
750.54328
750.57886
750.95452
750.95788
751.05748
752.20498
752.96866
752.99794
753.04084
753.25480
753.30154
753.47506
753.47914
753.54088
753.55504
753.58354
753.59818
753.62086
753.63178
753.67504
753.70492
754.02166
754.72408
755.49394
756.27148
756.38068
756.40468
756.57130
756.62446
756.66136
756.93544
756.97450
757.32130
757.33564
757.38634
757.64878
757.71508
757.80136
757.97608
757.99078
758.09218
758.20138
758.23504
758.57428
758.63536
758.65468
758.70172
758.74558
759.68824
759.94570
759.98812
760.10434
760.75138
760.76242
761.81218
762.00466
762.19084
762.29602
762.40468
762.47146
762.55726
762.56140
762.70060
762.70486
763.20466
763.64872
763.69108
763.86430
763.98802
764.59588
764.60704
764.61052
764.62132
764.62894
764.70142
765.02122
765.11188
765.28864
765.47800
765.67564
765.96526
766.62166
766.65040
766.66540
766.67932
766.69474
766.88914
766.97938
767.15530
767.30494
767.30866
767.60224
767.80408
768.03208
768.04270
768.23830
768.62452
768.83830
769.15792
769.35778
769.38112
769.41556
769.50508
769.57954
769.58650
769.59124
769.59490
769.63594
769.93486
770.16820
771.40810
771.46252
771.82210
772.09786
772.24144
772.65532
772.69204
772.69924
772.74202
772.76062
772.78432
773.01322
773.02714
773.04178
773.05546
773.07562
773.08480
773.64184
774.18538
774.18880
775.04332
775.32994
775.35166
775.91518
776.17294
776.20582
776.23006
776.43022
776.45884
776.50144
776.60590
776.62522
776.83930
776.85880
777.22570
777.25906
777.43972
777.66358
777.95980
777.96982
778.26088
778.28968
778.29280
778.67410
778.67578
778.68958
778.78960
779.13286
779.14246
779.16400
779.17000
779.17510
779.19412
779.38954
779.39392
779.43688
779.52316
779.54176
779.77624
779.79004
779.86150
780.19018
780.27664
780.29950
780.34786
780.48970
780.50038
780.53362
780.63394
780.70474
780.70966
781.40998
781.64326
781.98664
782.27776
782.76394
783.18382
783.44074
783.46402
784.36816
784.54882
784.77880
784.79410
785.03224
785.14132
786.16546
786.19792
786.66118
786.96280
786.97288
786.98092
787.00492
787.00966
787.02460
787.46884
787.92514
788.32522
788.39206
788.52520
788.58280
788.82538
788.83906
789.08902
789.16828
789.17260
789.18760
789.19210
789.23506
789.37840
789.55894
789.93982
790.06942
790.11196
790.22590
790.86082
791.09902
791.35906
791.38954
791.67274
791.69938
791.76208
792.04264
792.15676
792.42892
792.71902
793.54312
793.80832
794.00074
794.12908
794.47216
794.51014
794.52940
794.60368
794.70580
794.98678
795.30082
795.61750
795.73018
795.82084
796.05364
796.22686
796.46032
796.51708
796.74652
796.76032
797.06026
797.15128
797.16964
797.32684
797.36068
797.40700
797.42254
797.56066
797.61790
797.62216
797.65114
797.72722
797.80108
797.81326
797.84698
798.24778
798.60430
799.08160
799.28626
799.55602
799.92610
799.98094
800.17732
800.21068
800.21380
800.47738
800.86384
800.87752
801.27802
801.30652
801.31072
801.36088
801.91090
802.01092
802.65586
802.70782
802.71862
802.99420
803.32786
803.48824
803.49472
803.65102
803.81398
803.99446
804.22324
804.24244
804.28546
804.45214
804.87100
804.90406
804.98050
804.98230
805.19470
805.28098
805.52794
805.61878
805.68088
806.18128
806.30242
806.32498
806.51146
806.72806
806.93098
807.21160
807.91162
808.00294
808.11184
808.36480
808.37884
808.49782
808.52206
808.68784
808.76938
808.81192
809.03146
809.04520
809.07844
809.15560
809.69830
809.79100
809.79430
809.79796
809.82766
810.34120
810.39514
810.40294
810.41884
810.44272
810.68524
810.77212
810.83158
810.88288
810.92890
811.12570
811.12858
811.28548
811.38568
811.63018
812.02912
812.14414
812.16238
812.21986
812.22430
812.32906
812.67274
812.80066
812.81248
812.82910
812.98306
813.51130
813.61648
813.87460
813.93964
814.88878
814.92640
815.82280
815.84596
816.10336
816.10816
816.36550
816.57916
816.74710
817.31284
817.56238
817.84348
817.95184
817.99912
818.00308
818.71942
819.44890
819.73006
820.09186
820.25650
820.45036
820.47922
820.48234
820.52200
820.90774
821.07922
821.08234
821.10796
821.30896
822.22258
822.46582
822.50962
822.57952
822.64264
822.66586
823.00252
823.01020
823.03234
823.09492
823.12828
823.22332
823.59022
823.98730
824.14258
824.33890
824.64316
824.85388
824.92054
824.92504
824.96770
825.01114
825.26842
825.28228
825.28624
825.56302
825.63988
825.76720
825.98890
826.27324
826.28380
826.35886
826.47964
826.50280
826.51342
827.09818
827.36416
827.81290
828.07000
828.14164
828.18010
828.21334
828.53884
829.01302
829.28284
829.34932
829.42468
829.74322
829.79062
829.93006
829.97254
830.38612
830.51464
830.63020
830.64376
830.77282
830.92048
831.02944
831.07240
831.07624
831.29506
831.38128
831.73978
831.94978
831.95992
832.43662
832.45324
832.46782
832.47256
832.74910
832.90708
833.01316
833.05624
833.13262
833.22034
833.56042
834.14644
834.36598
834.53614
834.54640
834.80416
834.80752
834.86968
834.92584
835.17526
835.82956
835.83286
835.86280
836.01292
836.23918
836.41564
836.47660
836.62948
836.71990
836.75572
837.40084
837.40564
837.79222
837.81634
837.85276
838.38712
838.49938
838.57228
838.77844
839.20660
839.42218
839.52214
839.59270
840.30400
840.33694
840.37960
841.55614
841.64296
841.66630
841.68976
841.70914
841.72906
841.73908
842.03236
842.05198
842.23204
842.46268
842.62930
842.65060
842.90548
843.05266
843.66694
843.68230
843.77632
843.83986
844.02958
844.52932
844.83988
844.85530
844.94992
844.96984
844.97296
845.10244
845.25640
845.39878
845.57026
845.78890
845.99878
846.11260
846.16528
846.19372
846.21250
846.37510
846.44584
846.53668
846.55618
846.59842
846.65596
847.06372
847.36678
847.63228
848.27176
848.63830
848.67208
848.82898
849.11014
849.19564
849.41500
849.70462
849.95764
849.97870
849.98662
850.18192
850.28788
850.36516
850.43908
850.60570
850.86196
851.56978
851.74534
851.89828
851.91226
851.94520
852.03172
852.11200
852.92848
852.96460
853.31452
853.39498
853.61494
853.65580
853.80442
853.84756
853.90534
853.91488
854.42830
854.58556
854.81938
854.86966
855.15430
855.26194
855.54832
855.66832
856.01146
856.03468
856.07368
856.31122
856.57864
856.59172
856.70146
856.72084
856.93480
857.46886
857.82184
857.89774
857.90104
857.92798
857.93116
857.93284
858.22072
858.79450
859.03732
859.15798
859.29460
859.79470
859.94806
860.09470
860.10496
860.13820
860.15626
860.28058
860.42782
860.62762
861.04438
861.04828
861.26716
861.36136
861.36802
861.39754
861.48064
861.61102
862.21114
862.32514
862.46824
862.62130
862.78798
863.15902
863.26432
863.45488
864.01720
864.34078
864.42154
864.99910
865.00330
865.01788
865.04224
865.19422
865.23802
865.28044
865.36090
865.68520
865.71868
865.79410
865.90456
865.93672
866.20462
867.11530
867.20992
867.23038
867.24448
867.39586
867.67312
867.89158
867.91486
867.92086
868.43026
868.55362
868.56370
868.57756
868.79758
868.80178
868.84420
869.33032
869.39740
869.41594
869.68216
869.83018
870.21778
870.23524
870.66094
870.86074
871.26082
871.44904
871.94710
872.17090
872.50474
872.61376
872.61844
872.72776
873.07126
873.07732
873.08566
873.10072
873.11764
873.27754
873.39430
873.40474
873.52642
873.60100
873.86092
874.07758
874.10464
874.12744
874.13428
874.15372
874.54414
874.57138
874.77004
874.77436
874.78210
874.83970
874.84408
875.03038
875.03446
875.22406
875.33998
875.42128
875.60422
875.60758
875.61118
875.61670
875.64436
875.65492
875.80666
875.82142
876.00184
876.11788
876.12928
876.13690
876.13990
876.15088
876.15406
876.19414
876.21598
876.22150
876.23710
876.61402
876.71848
876.73690
876.75094
876.79420
876.89152
877.03234
877.09426
877.33204
877.33708
877.37590
877.43716
877.59430
877.69990
878.18998
878.21440
878.27404
878.29906
878.61868
878.68054
878.74726
878.80138
879.34750
879.53800
879.96652
880.04890
880.38496
880.39684
880.46776
880.51090
880.69696
880.72570
880.73992
880.76866
880.84414
880.95364
880.99702
881.14420
881.33998
881.46394
881.74426
881.74846
881.77762
881.79202
881.96368
881.96866
882.15448
882.62746
882.74110