0.13294
0.61672
0.98602
1.15612
1.30222
1.31296
1.62040
1.64908
1.90090
1.92928
2.07358
2.38726
2.39638
2.75662
2.79658
3.03988
3.34948
3.47014
3.50092
3.51232
3.80950
3.94306
4.02646
4.06276
4.08958
4.09162
4.24588
4.26346
4.41598
4.72282
4.86730
4.92670
5.13310
5.13952
5.44642
5.64340
5.66428
5.95216
7.06942
8.18134
8.91004
9.43420
9.70324
10.45876
10.60342
10.77430
11.62744
11.62936
11.63110
11.69104
11.79094
12.10858
12.39364
12.39520
12.42076
12.61324
12.85780
13.80940
14.15830
14.30368
14.40490
14.52946
14.81788
15.35362
15.36424
15.59728
15.86110
15.98230
15.98992
16.28854
16.48522
16.58470
16.66582
16.69750
16.98796
18.17584
18.47404
18.57580
19.10902
19.13290
19.13968
19.38526
20.06266
20.14042
20.15464
20.35966
20.36554
20.57566
20.68660
21.33892
21.77650
22.07008
22.15516
22.37032
22.49170
23.03524
24.04264
24.21034
24.82630
24.88720
24.89512
25.24930
25.25998
25.64950
26.14576
26.16352
26.42368
26.81662
26.82742
26.92114
27.15730
27.42508
27.43792
27.58780
27.64078
28.06390
28.09372
28.30012
28.30252
28.54714
29.01412
29.21446
29.23198
29.53036
30.32320
30.62194
30.64528
30.65014
30.66388
31.07932
31.32436
31.33348
31.69402
31.72096
32.00122
32.10472
32.15992
32.16586
32.18038
32.20108
32.58874
32.92102
33.02938
33.50044
33.51748
33.67216
33.88894
34.19470
34.22788
34.39474
34.70248
35.19202
35.19538
35.22064
35.47276
35.49208
35.57188
35.68936
35.81848
35.85598
35.88538
35.92282
35.95120
35.95798
36.05878
36.13480
36.19222
36.31870
36.57784
36.70804
36.86260
36.87550
37.02304
37.04152
37.25542
37.27582
37.75210
37.93552
38.23552
38.69596
38.78908
38.80342
38.99212
39.56962
39.58582
39.80620
40.03156
40.32424
40.51954
40.68016
40.99474
41.28700
41.28970
41.29780
41.31880
41.52622
42.06694
42.08386
42.27262
42.32104
42.35020
42.38512
42.74692
42.81730
43.09054
43.11340
43.20046
43.43176
43.44058
43.44472
43.68808
43.73668
43.81396
43.81642
44.14360
44.28688
44.57722
44.71336
44.72992
44.73868
45.16876
45.28240
45.46798
45.69550
46.11814
46.18114
47.15968
47.58310
47.60728
47.65096
47.94286
48.03322
48.11560
48.25540
48.27184
48.37834
48.56200
48.71686
48.89344
49.18624
49.37260
49.40302
49.62232
49.63924
49.65526
49.77604
50.21968
50.31286
50.47912
50.57650
50.70034
51.19450
51.20938
51.23074
51.45694
51.63448
51.83086
52.49050
52.50652
52.52086
52.52362
53.00602
53.01172
54.15436
54.69820
55.05742
55.25218
55.26238
55.47454
55.52032
55.55218
55.87888
56.32504
56.34550
56.40256
56.55964
56.75596
57.40618
57.43510
57.79816
57.88312
57.98596
58.03204
58.30660
58.58218
58.74610
58.76608
59.17714
59.82382
59.82730
60.92380
61.34788
62.08762
62.09386
62.09842
62.46688
63.04318
63.70432
64.70554
64.82134
64.87036
65.26048
66.06202
66.07222
66.51736
66.54958
66.83128
67.21306
67.73308
67.96552
67.97878
68.42884
68.64154
68.65336
68.89996
68.90962
68.91592
69.26998
69.34558
69.38038
69.50842
69.52756
69.53386
69.53596
69.60028
69.62602
69.68374
69.69022
69.87946
69.91798
70.02916
70.06924
70.17190
70.21600
70.31008
70.40026
70.68688
71.15986
71.62474
71.87734
71.88358
71.89402
71.93662
72.57064
72.57580
72.59152
73.24090
73.31362
73.43674
73.51846
73.82764
74.17180
74.28100
74.89144
75.61348
75.90334
76.51360
76.51954
76.52554
76.92268
76.93888
77.17618
77.38204
78.25582
78.28204
78.88240
79.03582
79.35904
79.41310
79.42600
79.58974
79.85590
79.94674
79.97014
80.04634
80.15266
80.28940
80.29750
80.35648
80.47762
80.64934
80.65690
80.69788
81.07996
81.14644
81.28012
81.50698
81.85684
82.94722
83.73760
84.24070
84.26698
84.27106
84.27388
84.50692
84.89044
85.32772
85.66714
85.67482
85.90534
86.11006
87.01816
87.06958
87.34378
87.94558
88.36522
88.37314
88.39510
88.49128
88.76230
89.06776
89.08894
90.12232
90.52402
90.83236
90.85390
90.87832
91.03990
91.33576
91.47292
91.61638
91.75288
91.86916
91.87582
92.27410
92.28598
92.48194
92.61010
92.98678
93.09280
93.20662
93.32404
93.48952
94.29298
94.70818
94.95718
95.18698
95.29114
95.99794
96.03418
96.21400
96.80812
97.19404
97.22068
97.52788
97.89094
98.19094
98.20930
98.22250
98.28574
98.43202
98.66206
100.03426
100.23346
100.23724
100.53256
100.54960
100.71178
101.17864
101.40382
101.60590
102.15340
102.43198
102.53284
102.55606
102.77014
103.07944
103.45636
103.48204
103.49458
103.52296
103.55020
104.73112
106.20154
106.54576
106.81492
106.82152
106.96642
106.96870
107.17138
107.57734
107.78674
108.49144
108.86602
108.90196
109.13884
109.17304
109.27636
109.28254
109.78264
110.06260
110.31640
110.65600
110.75194
111.01672
111.15442
111.40948
111.43282
111.54478
111.55588
111.55972
111.78298
111.80668
111.80950
112.15678
112.36240
112.36732
112.53574
112.55380
112.63168
112.67116
112.77058
112.83040
112.84798
112.88032
112.95496
112.99558
113.00452
113.06494
113.28202
113.44798
113.63782
113.71978
113.75410
113.88772
114.01078
114.01420
114.04444
114.82126
114.86122
115.03150
115.89628
115.91098
116.25370
117.06256
117.49036
117.79678
118.12492
118.29070
118.56754
118.57312
118.65358
118.74778
118.97050
119.45662
119.50720
119.51308
119.62990
119.66344
120.15424
120.64858
121.14730
121.15090
121.38502
121.65520
121.90108
122.46484
122.61880
122.63830
122.64862
122.92372
122.95762
122.95972
123.00856
123.11506
123.16816
123.31882
123.34594
123.63952
123.79660
123.79858
123.81856
123.95020
123.96274
124.01566
124.49914
124.60696
124.83022
124.83190
125.29630
125.47552
125.48032
125.67802
127.17412
127.27444
127.44808
127.46146
127.66750
128.30404
128.31526
128.31730
128.34178
129.16918
129.83446
130.31266
130.38484
130.80922
131.94016
132.17098
132.39226
132.40906
132.63622
132.87988
132.94240
133.00234
133.26958
133.30144
133.42924
133.44082
133.47844
133.53580
133.56328
133.65046
133.70932
133.85320
133.95682
134.06386
134.17282
134.25334
134.30434
134.36032
134.36296
134.69362
134.86798
135.00316
135.09778
135.11002
135.26536
135.43480
135.45820
135.97150
136.01560
136.41808
137.25928
137.26354
137.27494
137.28118
137.29750
137.54206
137.71486
138.44800
138.55198
138.56074
138.58816
138.93130
139.75120
140.18542
140.41912
140.81476
141.06466
141.49876
141.76006
141.97234
142.58152
142.61638
143.01694
143.08990
143.27932
143.46964
143.48824
144.11752
144.27436
144.43696
144.65746
145.09474
145.34776
145.97080
146.12500
147.03400
147.14176
147.35422
147.38086
148.11790
148.36198
148.39210
148.73374
148.74406
148.79542
149.05336
149.36782
150.07618
150.23110
150.25822
150.68254
150.75496
151.32208
151.60072
152.04034
152.24056
152.37118
153.31330
153.67978
154.03348
154.12540
154.33264
154.39240
154.40992
154.42546
154.55854
154.73848
154.75762
154.86652
154.88560
155.02498
155.04718
155.28652
155.73916
156.19702
156.33910
156.35188
156.38218
156.42730
156.62566
157.23310
157.23922
157.90948
158.64292
158.65936
158.71078
158.71444
158.72020
158.74726
158.88610
159.21442
159.21706
159.47074
159.49942
159.53002
159.94918
160.20382
160.54336
160.64830
160.68010
161.28742
161.50444
161.50708
162.23452
162.27508
162.28012
162.57898
163.30066
163.30708
163.59394
163.67440
164.53642
164.55400
164.60758
164.61088
164.62420
164.74078
164.74720
164.86510
164.93908
165.19864
165.23422
165.43900
165.55462
165.69742
165.73846
166.32694
166.41058
166.85464
167.03194
167.28064
167.30092
168.25510
168.81100
168.81892
169.24168
169.24456
169.25452
169.50034
169.68820
170.45176
170.76100
171.09274
171.54520
171.55576
172.25362
172.51852
173.11594
173.32852
173.33278
173.35516
173.66746
173.69248
174.08458
174.09550
174.40138
174.65248
174.94252
175.44970
175.45168
175.48486
175.49254
175.50598
175.60900
175.62688
175.75768
176.21218
176.22604
176.23606
176.25160
176.30254
176.43934
176.67916
176.88874
176.89564
177.01882
177.09670
177.99286
178.18660
178.19008
178.85638
179.24446
179.72614
179.86480
180.07900
180.32332
180.93304
181.35652
181.45402
181.69330
181.79146
181.79308
181.79746
182.26276
182.27680
182.43988
183.50764
183.51442
183.88108
183.89644
183.90070
184.12690
185.33476
185.90902
185.91754
186.95140
186.98710
187.05022
187.08514
187.21492
187.43386
187.52422
187.54708
187.58068
188.47552
188.49184
188.67328
188.67652
188.68504
188.90488
188.93188
189.15454
189.18772
189.24544
189.26962
189.31138
189.42922
190.14790
190.15666
190.54006
190.61866
191.58154
191.58508
191.59684
191.60500
191.61436
191.79808
192.93562
193.06594
193.06852
193.35934
193.57084
194.67016
195.84526
197.37004
197.89924
197.92972
198.20632
198.23278
198.31714
198.37936
198.50656
198.68704
198.79522
198.81610
198.82318
198.99952
199.24276
199.29034
199.41070
199.45060
199.45288
199.81744
200.14594
200.15686
200.56048
200.57608
200.85988
200.92408
202.95688
203.44750
203.46688
203.47414
203.54416
203.71402
204.26704
204.41104
204.83788
204.84238
205.21774
205.23604
205.27162
205.83478
205.85254
205.91512
206.12854
206.13034
206.49922
206.54854
206.64640
206.80630
207.13948
207.19684
207.20128
207.22834
207.28186
207.29566
207.80866
208.54276
209.00944
209.01298
209.10388
209.31850
209.60014
209.76910
210.15988
210.18748
210.52630
210.74128
210.89566
211.12948
211.16872
211.30354
211.97506
212.27410
212.32798
212.36254
212.36572
213.29212
213.52018
213.61138
213.64888
214.13854
214.20394
214.43146
214.98898
215.06098
215.06722
215.67022
215.67862
215.68912
215.69962
215.84914
215.87974
215.96350
217.08934
217.34584
217.36732
217.75018
217.76290
217.78288
218.65678
218.69020
218.71414
218.75134
219.87778
219.88060
221.15458
221.44858
221.56132
221.56348
221.64082
221.64700
221.82718
222.10492
222.41674
222.83218
223.00240
223.00624
223.35976
223.51480
223.89202
223.91590
224.00992
224.01952
224.06332
224.95852
225.03022
225.03586
225.06328
225.54952
225.55870
225.57538
225.58276
225.59830
225.60880
225.94204
225.95614
226.37362
227.32450
227.92900
227.93110
228.00070
228.00220
228.00970
228.04018
228.86842
229.32706
229.39336
229.55398
229.57030
229.92334
229.92790
230.29990
231.41380
231.46792
231.47164
231.56962
231.62254
231.69700
231.76408
232.12054
232.41442
232.42714
232.47748
232.51090
232.51390
232.70050
232.70566
232.73062
233.04166
233.08108
233.10820
233.12812
233.37748
233.42752
233.47192
233.49382
233.72500
234.25096
234.54016
235.28818
235.32868
235.51096
235.59442
235.94902
236.84524
236.85790
236.97208
237.03166
237.52426
238.09678
238.13578
238.45000
238.48198
239.23924
240.26008
240.37582
240.58594
241.42936
241.43926
241.53592
241.55716
241.84624
242.20282
242.61454
242.62852
242.67376
242.83342
242.88616
243.41374
243.74038
243.77698
244.23166
244.39036
244.43356
244.69474
244.88224
244.88800
244.91320
245.16070
245.45848
245.75530
245.90602
246.71272
246.93832
246.96736
247.50940
247.52464
247.57222
247.99342
248.01868
248.49862
248.70910
249.18094
249.19030
250.05832
250.50874
250.67836
250.69312
251.06140
251.79238
251.79814
251.81860
252.66070
252.82126
253.25278
253.82536
253.86526
254.33752
254.42014
254.64166
255.01852
255.19540
255.59278
256.02202
256.35556
256.75744
257.01442
257.04466
257.54950
258.65254
260.04142
260.30956
260.71228
260.78650
261.18136
261.21664
261.28606
261.72142
261.79564
261.85594
262.26508
262.36966
262.37158
262.38574
262.40896
263.25334
263.31640
263.35612
263.36104
263.74744
263.78086
264.16006
264.16246
264.20512
264.44608
264.78844
265.63474
266.08984
266.22358
266.74678
266.76094
267.07096
267.45082
267.47734
267.79978
267.83326
267.92992
268.44334
268.51354
269.55256
269.90716
270.20008
271.10494
271.80034
272.39050
272.57092
272.57752
272.88436
273.23848
273.32914
273.38776
273.87424
274.08586
274.67926
275.63494
275.67730
275.70310
275.76160
275.86864
276.43468
276.91534
276.98530
277.73290
278.50678
278.94022
278.94328
278.94514
278.96092
278.96968
279.14188
280.17970
280.70908
280.72600
281.25934
281.38360
281.38738
281.93656
281.95450
283.47166
283.53004
283.85794
284.30488
284.31028
284.38270
284.39464
284.40328
284.40742
284.41864
284.44402
284.73082
285.13426
286.10812
287.03242
287.06416
287.08156
287.09140
287.33752
287.37484
287.43538
287.44888
287.61610
287.74684
287.91862
288.11494
288.41884
288.73060
288.98374
289.14580
289.16920
290.14600
290.20498
290.29624
290.97184
290.99500
291.00046
291.00232
291.01594
291.53524
291.74416
291.88348
292.52128
292.94596
294.58018
295.52824
296.12320
296.79028
296.98744
297.00286
297.16468
297.48094
297.56338
297.81370
297.85714
297.96094
298.00150
298.03732
298.22344
298.58824
298.65106
298.90138
298.97884
299.23492
299.38492
299.41414
299.42758
299.43472
299.44810
299.47432
299.66920
299.77420
300.63286
300.95848
301.20316
301.55404
301.73194
301.74328
301.74934
302.14924
302.21518
303.08620
303.16378
303.70360
304.09726
304.92994
305.22388
305.26402
305.58712
305.59114
305.62660
306.06358
306.32704
306.47836
307.16032
307.19872
307.27084
307.28404
307.67842
307.83760
308.13226
308.92060
308.96278
309.03574
309.14584
309.41764
309.42706
309.51184
309.60244
309.79504
309.81172
310.60270
310.69588
310.70572
310.72354
310.84252
310.97998
310.98574
311.19250
312.21274
312.22648
312.36262
313.11220
313.12000
313.88134
314.62498
314.63710
315.62380
315.62824
315.93808
316.09954
316.30996
316.78744
316.79134
316.81444
318.26944
319.23154
319.25302
319.76332
319.77922
319.81246
319.89292
320.10034
320.11342
320.11606
320.14318
320.44000
320.65414
320.65858
320.68864
320.86744
320.89342
320.94298
321.33286
321.66472
321.66652
322.04848
322.50190
322.50676
323.83222
324.16876
324.19678
324.56170
324.57424
324.81880
324.89542
325.40116
325.87930
325.92712
326.03950
326.05006
326.75932
327.20200
327.98038
328.28572
328.89022
328.89328
328.93336
328.93966
329.39662
329.41324
329.43982
329.59612
329.77402
329.78812
329.80000
329.80294
329.82814
329.84272
329.90572
329.95768
330.22450
330.30916
331.78690
331.79026
332.18926
332.19478
332.67688
332.68090
332.74162
333.05452
333.14074
333.14812
333.64942
333.77584
334.23196
334.29412
334.92292
334.93948
335.14894
335.34958
335.35948
335.36590
335.82826
336.38404
336.62968
336.77890
336.81046
337.53988
337.55062
337.78504
338.47036
338.87296
338.89636
339.61450
339.66952
339.91750
339.93754
341.08450
341.45458
341.70646
342.00046
342.00940
342.26530
342.27964
342.32872
342.79504
342.89920
343.19056
343.39654
343.40230
343.61008
343.85902
344.18944
344.19466
344.20882
344.81398
345.30016
345.90370
346.27084
346.56844
346.74574
347.80864
347.82484
347.94190
348.57154
348.91090
349.22920
349.82752
350.08342
350.27938
350.70874
351.22726
351.23146
351.31306
351.33130
352.00654
352.09744
352.16098
352.21402
352.67416
352.69486
352.96198
352.98586
353.15812
353.16922
353.18230
353.28214
353.43628
353.55502
353.57188
353.58640
353.61964
353.64328
353.81500
353.82868
354.58594
354.79468
355.03960
355.44838
355.51774
355.59652
356.72854
357.59182
357.61432
357.62974
357.77830
357.79492
357.80176
358.23598
358.45084
358.74736
358.75282
358.78504
359.42920
359.64538
359.68906
360.85294
361.41454
361.59172
361.97680
362.51338
362.60110
362.63092
363.06106
363.30208
363.35032
363.60112
363.60478
363.68164
364.04266
364.14466
364.18708
364.21162
364.29208
364.51294
364.70080
364.73236
364.92634
365.06200
365.12254
365.18320
365.50048
365.63920
365.72386
366.05872
366.54046
366.95704
367.97824
368.09068
368.12164
368.53810
368.94856
368.98444
369.41986
369.66526
369.67564
370.15624
370.41700
371.22148
371.71468
371.91694
372.09424
372.46408
373.01842
373.54174
373.73974
373.78774
373.84204
373.87090
374.16184
374.17468
374.20684
374.22304
374.57632
374.80228
374.81686
375.19774
375.25240
375.54016
376.60774
376.64404
376.96852
377.91142
378.03928
378.15466
378.45586
378.79168
378.79612
379.61332
379.61572
379.64626
380.00506
380.26342
381.46720
381.76078
381.81400
382.22800
382.56448
383.35144
383.36152
383.42320
384.31000
384.32794
384.35212
384.60346
384.61876
384.93964
385.15246
385.29112
385.40236
385.51936
385.74736
386.07484
386.08360
386.79466
386.79814
387.97180
388.03168
388.33528
388.58542
389.23882
389.67994
389.99602
390.50038
390.51154
390.58978
391.31458
391.69474
391.74094
392.03392
392.33152
393.01522
393.45490
393.62464
393.90574
393.91618
393.93178
394.64920
394.66306
394.66528
394.79452
395.66290
395.68360
396.15484
396.19354
396.21874
396.38428
396.61126
396.61432
396.67684
396.67972
397.41400
397.82422
397.90804
398.04856
398.77186
399.08830
399.92542
399.93700
400.63882
400.81168
401.26984
401.52298
402.44608
402.46762
402.53314
403.12036
403.29016
403.29196
403.45168
403.72714
403.73908
404.08366
404.72716
404.82466
405.18742
405.21142
405.60454
406.88530
406.93618
407.14282
407.35072
407.54926
407.94526
408.09562
408.22330
408.23614
408.23944
408.50242
408.64726
408.73540
408.75466
408.79222
409.09270
409.49302
409.56130
410.14960
410.84950
410.87296
410.87776
411.80158
411.82630
411.99886
412.04578
412.06288
412.72726
412.85356
413.43010
413.43334
414.09628
414.51040
414.53566
415.14076
415.18090
415.27102
415.95532
416.38354
416.61022
417.02698
417.28018
417.45778
417.60160
417.63820
417.66544
418.51216
418.95196
418.99492
419.11456
419.51704
419.82238
419.91736
419.93770
420.05206
420.84514
421.49704
421.52884
422.04364
422.96206
422.99452
423.01348
423.74878
424.63516
424.78882
424.82206
425.82196
426.69856
427.04692
427.07572
427.22206
427.75888
427.83640
427.97302
428.04274
428.38126
428.60638
428.67952
428.77264
428.80510
429.43522
429.93844
430.77538
431.26132
431.26396
431.65930
431.92480
432.05242
432.65398
432.66724
432.93886
433.35238
434.52046
434.59210
434.91322
434.92954
434.95708
434.96626
435.60898
435.62968
435.65734
435.69964
435.72880
437.63710
437.67454
437.76208
438.70294
438.71722
438.71968
438.74368
439.63828
439.69414
439.70044
440.19022
440.49370
440.75458
440.78032
441.79732
441.80350
441.82756
442.11250
442.11622
442.30354
442.86106
442.89112
443.70346
443.70820
443.72014
444.12166
444.27406
444.54784
444.59572
445.13632
445.62538
446.13712
446.56588
447.73708
447.74374
447.75910
447.77104
448.10242
449.02870
449.03374
449.27494
449.49484
449.52232
449.59216
449.65126
449.72044
450.10132
450.22990
450.56152
451.02196
451.08178
451.37134
451.76188
452.11174
452.14786
452.16226
452.80948
453.42022
453.51814
453.52912
454.09294
454.11598
454.12210
454.40164
454.46806
454.62904
454.91866
455.62210
455.62402
455.63620
455.67208
455.74942
455.75266
456.13414
456.14854
456.53740
456.92194
457.21294
457.23148
457.29268
457.63840
457.73578
458.28904
458.29216
458.31472
458.31790
458.93806
458.94562
458.98354
459.27688
459.37648
459.51892
459.56926
459.79006
459.95902
460.21354
460.21948
460.22500
460.25530
460.63150
461.32708
461.35504
462.51658
463.10620
463.73626
463.93768
464.55322
464.85988
465.40300
465.56704
466.82416
466.86532
469.18072
469.91692
470.14498
471.10678
471.43516
471.59494
472.33396
473.02168
473.61646
474.01786
474.21736
474.22432
474.54874
474.88318
475.05004
475.66480
475.84558
476.32012
476.50186
476.75800
476.77270
477.78604
477.80914
478.88548
479.09746
479.55784
479.64466
479.69116
480.04864
480.05422
480.08494
480.16174
480.67900
481.17952
481.21474
481.31416
481.61506
481.95820
481.96084
481.97992
482.30818
482.35582
482.45836
482.70838
482.89804
483.09352
483.16498
483.44578
483.85174
484.25206
484.36918
484.69576
484.77256
484.94824
484.95904
485.29552
486.42202
486.42556
486.44608
487.07314
487.16908
487.49596
487.93060
488.13916
488.55256
488.60764
488.61700
489.81850
490.39180
490.84012
490.89562
491.16994
491.29288
491.35336
492.25660
492.74620
492.99424
493.09978
493.32004
494.39026
494.40340
494.55982
495.41440
495.53266
496.23388
496.23694
496.24090
496.24684
496.89790
496.90564
496.92628
497.28550
498.31006
498.97390
498.98398
499.04464
499.78780
500.00734
500.01454
500.07718
500.67802
500.69716
501.16012
501.23752
501.26674
501.62398
501.66766
501.92278
502.34794
502.53520
502.66780
503.39464
503.58088
503.68852
503.70370
503.91640
503.92174
504.07036
505.66006
505.74718
505.75066
505.75690
506.01448
506.61484
506.62540
506.80318
507.04294
507.04798
507.07684
507.79690
507.85402
507.86266
507.86986
507.92284
508.31650
508.53880
509.32720
509.47072
510.36730
510.45064
510.81016
511.43128
512.09788
512.11726
512.22784
513.02788
513.10060
513.77356
513.78034
514.02616
515.39800
515.40046
515.91586
516.08872
516.41026
517.32064
517.33096
517.33738
517.51312
517.55680
517.58386
517.61608
520.17022
520.20028
520.37008
520.64044
521.32774
521.42776
522.06802
522.12406
522.19660
522.31024
522.58570
522.77890
523.21768
523.50340
523.51726
523.54024
523.86412
524.11468
524.81020
524.82376
524.83774
525.02038
525.29434
525.64732
525.76024
525.78124
526.40710
526.52092
526.58578
527.42146
527.44096
527.44456
527.44738
527.44936
527.47120
527.52046
528.34720
528.50152
528.92554
528.95008
529.02550
529.05118
529.05424
529.23478
529.55656
530.01814
530.47852
530.50918
530.92084
530.92306
532.20286
532.21066
532.55416
532.61134
532.98790
533.14888
533.61016
534.39412
534.88774
534.95788
535.17748
535.37284
535.41136
535.80064
536.04436
536.10136
536.41456
536.53528
536.54836
537.17518
537.50872
537.64828
537.94492
537.97954
539.10136
539.10520
539.53282
539.53726
539.53966
539.59222
539.63470
541.64128
541.73566
541.98364
542.24014
542.26642
543.04666
543.53590
543.54046
544.17634
544.34596
544.41670
544.76224
545.12044
545.55394
545.90416
545.94994
546.10048
546.30178
546.78712
546.79270
547.38748
548.07460
548.22316
548.79292
549.01822
549.08764
549.58474
549.61210
549.76918
550.26208
550.46512
550.85236
550.85578
551.12626
551.13208
552.27034
553.32634
553.52080
553.67158
553.68784
554.40514
554.41060
554.44990
554.57680
554.69020
554.76376
555.14446
555.16360
555.44494
555.49396
555.56836
555.60676
555.92182
555.96070
556.05700
556.54474
556.86766
556.86922
557.22478
557.26564
558.12988
558.55786
558.58498
558.58750
558.63196
559.83652
560.58526
561.27352
561.89086
563.37430
563.92738
565.12492
565.40368
565.61350
565.61968
566.03356
566.18758
566.36518
567.12280
567.29650
567.31984
567.37396
567.99556
569.05276
569.12200
569.49286
569.51560
569.56150
569.79244
569.97388
571.30270
571.33030
571.77604
571.87132
572.87326
572.87914
573.51622
573.65812
573.84520
574.22212
574.26658
574.29178
574.76218
576.21706
576.25816
576.29110
576.61840
576.65938
576.88510
576.99136
577.09630
577.26676
577.52782
577.59970
577.63180
577.66522
577.89142
577.92910
578.36206
578.41318
578.41858
578.45176
579.44704
579.45088
579.85576
581.04628
581.37274
582.15442
582.15646
582.16462
582.22342
582.22696
582.24214
582.26710
582.28678
583.43686
583.87120
583.93726
584.39032
584.90020
586.20784
586.57144
587.26852
587.30758
587.35102
587.58796
587.62228
587.96170
588.12808
588.28894
590.16616
590.88886
590.97874
591.40906
591.65476
591.85486
592.66288
593.65996
593.84374
594.23062
594.23722
594.49378
594.73252
595.13572
595.81282
596.73406
597.47806
597.56092
598.01944
598.09966
598.19386
598.21306
598.45306
598.77388
599.03770
599.18332
599.57308
599.59000
599.62084
599.62390
599.94382
600.23992
600.53158
601.20394
602.01154
602.03044
602.24686
603.08764
603.14062
603.42340
604.06318
604.07368
604.71484
604.74022
605.43388
605.45050
608.02462
608.03488
609.04468
609.04762
609.56266
609.81298
609.97510
610.06066
610.22704
610.22950
610.31278
610.76560
610.98310
611.02648
611.22472
611.24362
611.63404
611.84608
612.80044
613.18612
614.16280
614.35306
614.82328
614.83240
615.44998
616.05904
616.75270
616.78996
616.79608
617.31352
617.31922
617.35780
617.68780
617.71180
617.85142
617.88628
617.93590
618.34480
618.36628
618.83734
619.14892
620.07190
620.07586
620.12968
621.52192
621.67066
621.79090
621.80842
621.95158
621.96826
622.04464
622.44550
622.50964
622.81408
623.64628
624.30454
626.10322
626.55742
626.55934
627.48988
627.52714
627.60076
627.60412
628.29490
628.66384
628.72270
628.75390
628.81132
629.24386
630.32008
630.33028
630.34816
630.37156
630.46030
630.46792
630.63880
631.42072
631.92328
631.95052
632.58976
632.86606
632.88436
633.04312
633.67186
633.77956
633.88084
634.38226
635.06662
635.13040
635.30188
635.60674
636.32074
636.43054
636.59296
637.16716
637.87612
638.41042
638.77282
638.77654
640.68034
640.72540
640.73854
641.06560
641.41528
641.50984
641.55850
641.73196
641.77498
642.35566
644.06872
644.28160
644.60284
644.69560
645.15832
645.18286
645.69814
645.70330
645.88480
646.03882
646.87996
647.17990
647.42044
648.44170
648.46606
648.57634
648.57850
648.61930
648.70588
648.80314
649.33528
649.69306
649.77502
649.84804
650.13514
650.55064
650.57458
650.59168
650.59390
651.13414
652.30864
652.55554
653.41306
653.56240
653.93542
654.04696
654.06322
654.39940
654.41602
655.72624
655.94344
656.02258
656.02726
656.14996
656.30830
656.43538
656.79058
657.30598
658.16794
658.17934
658.85902
659.00836
659.02636
659.47540
659.98960
660.51844
660.69736
660.97528
661.80622
661.85632
661.92034
662.70274
662.73598
662.90800
663.48298
663.50962
663.60898
664.19254
664.29250
664.29994
665.48230
665.49640
665.88712
666.02602
666.31552
666.56974
666.61960
666.71974
666.72346
666.72934
667.33060
667.52212
667.74766
667.95334
668.05342
668.16742
668.56420
668.57368
669.00976
669.09466
670.30444
670.91494
671.67466
671.81956
672.84826
673.98106
674.18740
674.92852
675.52882
675.55054
676.66120
676.70506
677.24170
677.53702
677.74420
677.79658
677.83414
677.85202
678.09442
678.31630
678.61150
678.71860
678.77218
679.01104
679.19608
679.24330
679.27996
679.28980
680.85166
680.87872
681.64186
681.84256
681.85888
681.86290
681.86512
681.86698
681.86950
681.87898
682.44202
683.30764
683.31262
683.31688
683.32444
684.05272
684.05920
685.16584
685.46680
685.75582
686.04526
686.06602
686.06878
686.73352
686.75578
687.18940
687.45034
687.80794
687.81640
688.09618
688.55668
688.77508
688.94692
689.04940
689.28988
689.32654
689.77282
690.34204
690.37300
690.45304
691.03324
691.24948
691.35856
691.41868
691.65730
692.27224
692.86276
692.89600
693.52954
693.57886
693.87892
694.66300
695.13838
695.88118
696.21718
696.24568
696.95620
697.10710
697.36642
697.69624
697.69876
698.46904
698.47930
699.41584
699.43342
699.56242
700.10614
700.10980
700.16314
700.20640
700.47286
700.52638
700.53388
701.06968
701.21260
701.24020
701.26762
701.57866
701.58016
701.59906
701.60308
701.66902
702.87148
702.89656
702.94630
703.05094
703.83886
703.95772
703.96234
704.66044
705.19564
705.21274
705.21784
705.22024
705.24706
705.66778
706.44052
706.44646
707.52334
707.58904
708.08074
708.52756
708.57688
709.20700
710.05306
710.55166
710.61712
710.63398
710.98774
711.06298
711.15700
711.40408
712.09072
712.93390
713.43778
713.48026
714.33406
714.46102
716.39728
716.43526
716.73424
716.95378
717.09688
717.10450
717.53470
717.54718
718.19950
718.20502
718.70380
718.78150
719.01520
719.04562
719.12128
719.30086
719.52772
720.00118
720.04762
720.15628
720.73972
721.03492
721.56838
721.83352
722.29732
722.56138
723.65080
723.72142
723.73936
723.78418
724.07752
724.39696
724.58176
725.11660
725.17054
726.56716
727.25200
729.13498
729.44068
729.87100
730.57870
730.97014
731.58658
731.65042
732.69046
733.30066
733.69486
734.39602
734.45284
734.46682
734.49670
734.56768
734.96674
734.97340
735.12244
735.13606
735.18340
735.43036
735.91354
736.06318
736.72966
736.78006
736.86214
737.36146
737.36302
737.87344
738.36850
738.39640
738.41068
738.45346
738.54004
738.54664
738.64936
739.39978
739.46224
739.48564
739.55320
739.75186
740.22640
740.29306
740.42338
740.76886
740.77606
740.79454
741.52222
741.56188
741.56362
742.63036
742.97548
743.78884
743.82202
744.01618
744.17230
744.17434
744.18910
744.19720
744.21304
744.22192
744.53824
745.52380
745.71538
745.75144
746.06884
746.21254
746.62906
746.72122
746.85598
747.00472
747.04150
747.22456
747.27130
748.23766
749.30026
750.04054
750.69316
752.42296
752.69272
753.60604
753.62530
754.97242
754.99618
755.00884
755.01364
755.07970
756.16240
756.42976
756.48514
756.70858
756.84304
756.87484
757.41820
757.48606
758.45164
758.57308
759.69838
760.08232
760.39090
760.56736
761.83150
761.88484
761.94106
762.41806
762.60142
763.08388
763.57228
763.87516
764.47066
764.57380
764.57998
764.59024
764.65396
765.22060
765.22750
765.23602
765.74728
766.03000
766.55692
766.57306
766.67740
767.35624
767.67034
767.68540
768.12316
768.13336
768.27790
768.37594
768.42298
768.55306
768.56872
769.02916
769.03936
769.36996
769.62796
770.20546
770.49856
770.69650
771.09394
771.88612
771.97330
772.11670
772.37980
772.82674
773.11576
773.96254
774.23854
774.59332
774.83602
774.86134
776.42710
776.46184
777.53584
777.55576
777.71002
777.83836
778.26616
778.47598
778.48648
778.86634
778.87828
779.58604
779.59336
779.77744
780.68110
780.93382
781.59826
783.55768
783.56656
783.57274
783.80632
783.81040
784.33516
784.39324
784.42762
784.54882
786.05632
786.10462
786.12298
786.98740
787.00540
788.98486
789.41830
789.86782
790.16758
790.42498
790.75810
791.04880
791.21458
791.45794
791.61802
791.64244
791.73472
792.10876
792.11812
793.13350
794.10202
794.96866
794.97718
795.38734
796.13470
796.23130
796.77916
796.78636
797.13742
797.15422
797.19178
797.57290
798.77098
799.94428
800.28184
800.49424
800.67184
800.69362
801.05416
801.31378
801.77740
802.31752
802.74220
802.76410
802.77184
802.77424
803.49448
803.51290
803.54548
803.77666
805.75390
806.16748
806.21428
806.24128
806.53756
806.76772
807.42796
807.43144
807.79618
808.80844
809.48080
809.99752
810.01912
810.14206
810.38110
810.51394
810.57016
810.65746
810.90130
810.97084
811.85110
812.16100
812.16508
813.10366
813.29206
813.69964
813.71128
813.72346
813.76624
814.14868
814.19458
814.21462
814.63996
814.65184
815.92438
816.00736
816.21412
817.24138
817.27030
817.28014
817.40350
817.42588
817.79668
817.91410
817.92412
818.47996
819.18292
819.40648
819.40984
819.47872
819.51658
819.57808
819.58006
819.81412
820.56814
820.87366
820.88314
821.16304
821.46934
821.52052
821.82034
821.93998
821.96182
822.07930
822.11614
822.12850
822.49666
822.75850
822.78538
822.80716
822.84346
823.07392
823.42546
823.48054
823.63504
823.64644
823.69204
824.58934
825.01108
825.36982
825.96550
826.17550
826.57432
827.24698
827.62846
827.65456
827.66212
827.86522
827.86786
828.20254
828.76474
829.58200
830.24572
830.24866
830.25376
830.25712
830.27044
830.27242
831.54142
831.62866
832.04452
832.83838
833.22742
833.36920
834.08950
834.41680
835.19368
835.40374
836.45302
836.47672
836.57770
836.79712
836.80180
837.74386
837.74632
837.75076
837.92092
838.20958
838.64260
838.72768
838.73968
839.10940
839.17648
839.52064
840.17266
840.21538
840.22840
840.23080
840.23308
840.23698
840.53812
841.00630
841.11172
841.43362
841.43596
841.47310
841.51426
841.87924
841.91746
842.07226
843.25318
843.26014
844.20556
844.21444
844.46854
844.57534
844.68202
846.10582
846.20032
846.75124
847.27810
847.82458
848.30662
848.54722
848.76670
848.84314
849.32500
849.37024
849.42748
849.48724
849.54418
849.55660
850.09720
850.23004
851.29306
851.41528
851.92744
851.93290
852.88090
852.91006
853.03102
853.37512
853.97806
853.98970
854.94088
854.94316
854.96548
854.99302
855.31288
855.35092
855.35686
856.01752
856.49758
856.95976
857.19334
857.31232
858.17272
858.59932
860.54290
860.65792
860.66380
861.20632
861.23626
861.67180
861.67942
862.50982
862.53916
862.57864
863.76196
863.80060
865.13968
865.36924
865.38316
865.92874
865.97866
866.00686
866.03584
866.60512
866.60782
866.86276
867.18586
867.47344
867.62368
868.15060
868.23976
868.36612
868.37380
868.57024
868.58236
868.86574
868.87066
869.21110
869.52640
869.88364
870.15946
870.20704
870.81280
870.90172
871.52110
871.52434
871.52794