0.03126
0.03780
0.88056
0.90552
1.03098
1.04574
1.08840
1.19766
1.20798
1.21074
1.75866
1.78200
1.79532
1.80372
1.81518
1.85178
1.86084
1.95132
2.27532
2.31708
2.34204
2.62578
3.12126
3.14694
3.15240
3.16242
3.21228
3.25956
3.30288
3.45342
3.67122
3.67608
3.72636
3.75288
3.79080
3.79740
3.95652
4.04130
4.14096
4.23720
4.33314
4.46850
4.49814
4.52628
4.54128
4.63332
4.71270
4.74864
4.84974
4.92246
5.07720
5.14170
5.15526
5.28882
5.29278
5.32764
5.45484
5.76048
5.77818
6.07074
6.08514
6.26598
6.40746
6.41166
6.59586
6.59850
6.60894
6.61278
6.62160
6.62586
7.02870
7.17912
7.25724
7.26006
7.26408
7.27866
7.32930
7.46106
7.63014
7.63446
7.65024
7.65564
7.66620
8.10726
8.12988
8.27736
8.29740
8.41296
8.44728
8.68536
8.73030
8.82714
9.09480
9.10920
9.25110
9.28074
9.44886
9.62436
9.74082
9.90162
9.95634
10.07874
10.20888
10.33770
10.45212
10.64916
10.65390
10.65930
10.66578
10.68150
11.13222
11.14752
11.21088
11.22876
11.23944
11.25354
11.35386
11.45208
11.64018
11.77602
11.78736
11.89650
11.96022
12.03960
12.19680
12.35664
12.66678
12.88332
12.92676
12.96078
12.97038
13.22724
13.23324
13.23756
13.35468
13.36134
13.37142
13.37568
13.66056
14.00508
14.10534
14.34204
14.36850
14.37414
14.49120
14.53782
14.68488
14.69070
14.79210
14.79840
14.82804
14.83470
14.85720
14.91168
15.00498
15.09162
15.20022
15.29442
15.33240
15.37728
15.40608
15.42120
15.50676
15.62160
15.69912
15.92244
15.92406
15.96030
16.03506
16.04112
16.08900
16.13250
16.35816
16.38594
16.40034
16.63614
16.85916
16.88886
17.14992
17.38704
17.44326
17.48922
17.49666
17.70378
18.51522
18.52332
18.61440
18.88482
18.92994
19.26600
19.29504
19.50402
19.51788
19.76016
19.78872
19.99632
20.48862
20.54556
20.65614
20.66802
20.70282
20.83218
20.86050
20.88954
20.89752
20.90364
20.91906
20.96622
21.30300
21.55974
21.61728
21.63306
21.76146
21.76464
22.15134
22.17720
22.28982
22.59654
22.65498
22.81866
22.82292
22.83108
23.03256
23.17716
23.19168
23.19930
23.20986
23.22096
23.22450
23.32800
23.40510
23.41860
23.63028
23.63442
23.64516
23.64876
23.77098
23.77416
23.80818
24.14922
24.15444
24.15654
24.16446
24.23748
24.39078
24.68412
24.89256
24.91440
24.98772
24.99174
24.99930
25.06560
25.37706
25.46502
25.50312
25.59234
25.66572
25.68030
25.74252
25.75752
25.76112
25.84206
25.84662
26.09622
26.28336
26.42148
26.43594
26.48070
26.54220
26.59332
26.72160
26.75712
26.76282
26.78670
26.90922
26.93148
26.99520
27.05052
27.09030
27.23664
27.24594
27.38796
27.40818
27.44322
27.61638
27.73734
27.88728
27.91536
27.95952
28.11012
28.27440
28.31016
28.41504
28.42656
28.45692
28.48146
28.80108
28.82196
28.83714
28.85172
29.18208
29.53902
29.54778
29.62164
29.71824
29.76138
29.86818
29.89560
30.02076
30.39054
30.40182
30.45282
30.52554
30.71436
30.82566
30.82824
30.85512
30.86430
30.86916
30.87096
30.87888
30.88176
30.88578
30.89028
30.90468
31.11264
31.48926
31.51242
31.54134
31.57404
31.73352
31.89636
31.99038
31.99662
32.09268
32.12604
32.17692
32.40726
32.44734
32.45814
32.48418
32.49798
32.69178
32.83422
32.99322
33.25194
33.26760
33.27012
33.59148
33.78042
33.79410
33.79788
33.80208
34.04940
34.05612
34.09332
34.10802
34.11216
34.11558
34.13442
34.14420
34.14576
34.16286
34.17054
34.22166
34.43046
34.62492
34.65732
34.70796
34.71522
34.98588
34.98756
35.76546
35.78622
35.79294
35.79450
35.84460
35.84862
35.87730
35.91612
36.09156
36.10110
36.13920
36.30150
36.43002
36.73122
36.75996
37.00056
37.11366
37.13166
37.17234
37.21650
37.24512
37.25958
37.30734
37.33980
37.34676
37.35966
37.36620
37.39092
37.41408
37.56618
37.57350
37.58136
37.67958
37.72416
37.73004
37.73964
37.74660
37.75356
37.79406
37.89396
37.94520
37.95978
37.97424
38.16096
38.31054
38.32458
38.51670
38.52402
38.57184
38.61144
38.63820
38.66058
38.67366
38.68116
38.68854
38.71062
38.73126
38.73936
38.85252
38.88282
39.10218
39.11778
39.23358
39.27462
39.31092
39.35112
39.36036
39.59214
39.74076
39.85176
40.10322
40.12836
40.13202
40.13352
40.30266
40.31214
40.31376
40.38942
40.78248
41.09058
41.11878
41.14572
41.33286
41.35656
41.39208
41.39742
41.49906
41.51292
41.53116
41.54106
41.54274
41.55534
41.56410
41.58558
41.64762
41.66286
42.01842
42.12924
42.58488
42.69330
42.71208
42.84060
42.84282
42.84834
42.89124
42.92592
43.44834
43.47144
43.57686
43.83450
43.86396
43.91382
43.96758
43.97034
44.02560
44.06502
44.24886
44.28840
44.44392
44.46426
44.49408
44.95752
45.46470
45.47760
45.61920
45.75024
45.75300
45.76812
45.77874
45.78594
45.79416
46.03734
46.05618
46.21524
46.35132
46.40964
46.41708
46.42458
46.56618
46.59522
46.61016
46.65018
47.08272
47.28684
47.30298
47.31570
47.59572
47.68026
47.72370
47.78310
47.79606
47.96670
47.99622
48.14646
48.38994
48.63378
48.70380
48.73650
48.74046
48.75336
48.78000
48.85644
49.20114
49.28154
49.29948
49.40430
49.45344
49.61340
49.71942
49.76160
49.79046
49.84740
49.85136
49.86204
49.91238
49.93392
49.94538
49.98114
49.98834
50.00460
50.02020
50.06232
50.06712
50.16210
50.25702
50.37804
50.51124
50.54724
50.69208
50.72370
50.74842
50.76240
50.79834
50.88450
50.90610
50.92038
50.98980
51.09168
51.12186
51.25542
51.27222
51.66252
51.66570
51.67314
51.68022
51.68406
51.70278
51.73536
51.74214
51.74904
51.78558
51.85554
52.08570
52.21332
52.35306
52.67898
52.88010
53.02980
53.05260
53.05590
53.15706
53.16360
53.17146
53.17812
53.20026
53.20536
53.20950
53.24364
53.40006
53.98674
54.58572
54.59136
54.64344
54.65244
54.66804
54.93006
54.95250
54.95946
55.26594
55.67172
55.90278
55.91694
55.95954
56.00178
56.07552
56.10072
56.27196
56.39532
56.41056
56.45832
56.57826
56.68794
56.72118
57.03138
57.03684
57.03858
57.04716
57.21084
57.23214
57.27582
57.40128
57.58854
57.64152
57.64524
57.65226
57.68238
57.93846
57.94254
57.94518
58.02516
58.03608
58.04736
58.32552
58.71090
58.73040
58.73808
58.83366
58.88970
59.04264
59.06946
59.08962
59.09922
59.13930
59.67684
59.67906
59.83296
59.97318
59.97714
59.98992
60.16302
60.16968
60.17610
60.19740
60.22776
60.26232
60.27720
60.29118
60.40050
60.44082
60.46044
60.47724
60.58656
60.66084
60.68712
60.68976
60.70062
60.72714
60.81354
61.05642
61.24176
61.37004
61.63800
61.67082
61.85262
62.04942
62.06400
62.18592
62.59794
62.63724
62.66394
63.17166
63.26022
63.61494
63.62358
63.66510
63.68382
63.71286
63.81402
63.85044
63.95286
64.06488
64.44348
64.45866
64.46166
64.46568
64.47534
64.64562
64.64874
65.06538
65.10312
65.39460
65.60850
65.66646
65.71650
66.07200
66.25230
66.26034
66.52662
66.65478
66.73206
66.78324
66.81600
66.82362
66.83952
66.99384
67.12650
67.30524
67.44066
67.45506
67.65444
67.69080
67.75422
67.90038
67.90446
68.38392
68.46978
68.50440
68.50770
68.53356
68.78664
68.95134
68.96688
69.28416
69.62004
69.67794
69.73464
69.90534
70.10574
70.12920
70.16136
70.20522
70.28508
70.54884
70.57590
70.58502
70.59198
70.60296
70.62864
70.63914
70.82502
70.83354
70.84878
70.85538
70.89204
71.09220
71.30016
71.55750
71.58978
71.59434
71.61906
71.62752
71.67948
71.68794
71.69148
71.70612
71.76954
71.77236
71.78520
71.79570
71.81766
71.82840
71.83500
72.02964
72.06564
72.07338
72.11580
72.14970
72.22206
72.25206
72.25836
72.39546
72.42180
72.43770
72.48750
72.70890
72.75066
72.75894
72.76836
72.77784
73.00470
73.06614
73.13598
73.14978
73.19700
73.31622
73.38174
73.50870
73.74588
73.74990
73.89030
74.14488
74.15130
74.15916
74.29632
74.35884
74.42376
74.43342
74.43702
74.48064
74.68824
74.72466
74.73540
75.33150
75.43410
75.60810
75.62064
75.75318
75.84840
75.85104
76.08192
76.08480
76.10376
76.11102
76.42482
76.46022
76.70040
76.75650
76.77888
76.78374
76.91466
77.01120
77.30436
77.39064
77.54940
77.56788
77.71902
77.79042
78.11994
78.12756
78.16830
78.20190
78.20424
78.21246
79.22628
79.36938
79.43496
79.44258
79.85640
80.08542
80.09154
80.09934
80.24916
80.56044
80.67876
80.68638
80.71548
80.85672
80.96436
81.06666
81.23574
81.25038
81.32670
81.33264
81.35664
81.47286
81.53358
81.53916
81.68940
81.69384
81.90240
82.10130
82.14444
82.29348
82.30002
82.37982
82.65006
82.65924
82.68870
82.70298
82.80102
82.89054
82.91724
82.93098
82.95618
82.95996
83.04486
83.10702
83.11596
83.11800
83.23578
83.33208
83.42352
83.53272
83.75520
83.93148
83.94426
84.43086
84.60192
84.63870
84.69546
84.91740
85.04520
85.06272
85.06932
85.07826
85.21698
85.22442
85.28202
85.32564
85.42422
85.78770
85.98252
86.01228
86.03202
86.05914
86.06292
86.08140
86.21862
86.33952
86.39262
86.40138
86.40318
86.87382
86.89554
87.20514
87.56280
87.59850
87.65436
88.02510
88.05486
88.10544
88.16526
88.21272
88.21920
88.44384
88.69116
88.69920
88.72752
88.93572
89.00652
89.07054
89.07624
89.23704
89.29728
89.57916
89.58120
89.60004
89.64246
89.65842
89.67084
90.13698
90.14058
90.33612
90.35754
90.59988
90.60756
90.68712
90.86442
90.98730
91.01292
91.02078
91.45860
91.49478
91.68144
91.71666
91.75056
91.80192
92.15154
92.51784
92.53080
92.54502
92.57394
92.75154
92.78922
92.88138
92.89458
92.98158
93.17802
93.27294
93.27954
93.33060
93.45156
93.64254
93.92610
93.93066
93.93228
94.11552
94.12452
94.29534
94.32414
94.32840
94.56816
94.70898
94.72332
95.11224
95.31918
95.49564
95.56818
95.57604
95.58318
95.60046
95.60688
95.61642
96.30630
96.33276
96.36210
96.38358
96.39168
96.40530
96.53316
96.78570
97.16238
97.22736
97.27680
97.41318
97.42020
97.45698
97.68696
98.12772
98.13510
98.14176
98.15064
98.17356
98.24004
98.40672
98.61408
99.05808
99.08064
99.26400
99.27090
99.31392
99.32136
99.35088
99.39018
99.51804
100.04340
100.20438
100.22904
100.24056
100.24464
100.24752
100.30224
100.32348
100.36422
101.20830
101.39730
101.41812
101.42838
101.70960
101.88906
102.05820
102.10452
102.10860
102.15960
102.17400
102.18216
102.36564
102.37212
102.38628
102.39168
102.73140
102.75270
102.77526
102.80136
102.97446
103.01202
103.02696
103.11882
103.13256
103.18188
103.22526
103.31010
103.34604
103.39566
103.45284
103.48578
103.48866
103.82436
104.34228
104.54604
104.98248
105.02616
105.04458
105.04938
105.11076
105.23070
105.26946
105.35454
105.40416
105.83436
106.01220
106.12740
106.16352
106.24758
106.49082
106.52988
106.57374
106.61340
106.64250
106.77486
106.78980
106.82688
106.84812
106.87008
106.87704
107.03760
107.05014
107.15028
107.46396
107.66424
107.76684
107.78820
107.79090
107.79846
107.80776
108.04608
108.35850
108.50466
108.69378
108.70092
108.75096
109.00578
109.03680
109.14876
109.23528
109.34400
109.34856
109.35138
109.49520
109.59366
109.60776
109.77834
109.79472
110.10552
110.20152
110.20812
110.45742
110.47230
110.48280
110.49498
110.53734
110.58042
110.58444
110.59122
110.64462
110.82954
111.10872
111.23184
111.24948
111.25368
111.80244
111.85272
112.37814
112.48878
112.49472
112.78254
112.80312
112.84218
113.04312
113.05308
113.06142
113.14302
113.26716
113.67978
113.69184
113.76792
113.79726
113.90310
113.99850
114.04122
114.16356
114.35136
114.36942
114.41976
114.44148
114.49536
114.59670
114.64710
114.71982
114.73452
114.79116
114.80280
114.81372
115.03362
115.06410
115.06806
115.10754
115.19718
115.22646
115.25754
115.56588
115.75836
115.77060
115.86366
115.90704
115.91004
116.27094
116.34804
116.36094
116.37012
116.40528
116.41260
116.41716
116.44122
116.59644
116.72604
116.74908
117.12456
117.16410
117.26352
117.65526
117.67704
117.68712
117.92844
117.93564
117.94278
118.26504
118.30134
118.39476
118.43712
118.43886
118.53414
118.66524
118.67922
118.72134
118.76106
118.76478
119.29476
119.30226
119.43150
119.45172
119.45364
119.46138
119.61522
119.63814
119.66076
119.72322
119.74470
119.74770
119.81958
119.88180
120.28548
120.46620
120.47766
120.48774
120.56694
120.62784
120.63216
120.77238
120.88188
120.97476
121.11894
121.56876
121.61580
121.61868
121.73184
122.00232
122.08254
122.24664
122.58864
122.61546
122.61978
122.62212
122.64126
122.70504
122.73954
122.74638
122.77254
122.77566
122.78988
123.29670
123.43974
123.69066
123.71334
123.71964
123.87306
124.16778
124.62744
124.86312
124.87080
124.97010
124.99974
125.03436
125.27772
125.30484
125.31372
125.32710
125.36340
125.45616
125.46330
125.60310
125.60814
125.74044
125.75850
125.76438
125.76654
125.76984
125.77146
125.79948
125.81814
125.83206
125.84016
126.05028
126.22092
126.24276
126.28464
126.36186
126.44202
126.54288
126.58320
126.59544
126.61812
126.66042
126.75660
126.77970
127.08414
127.12776
127.32012
127.32828
127.35702
127.62366
128.10060
128.34486
128.38806
128.39172
128.40546
128.41350
128.43834
128.44200
128.58024
128.61198
128.62608
128.67186
128.68008
129.15150
129.25284
129.25896
129.49506
129.60120
129.60912
129.78084
129.91200
129.93084
129.96240
130.29378
130.40856
130.42434
130.56072
130.57896
130.59792
130.61784
130.62588
130.66572
130.97472
131.26806
131.40966
131.47452
131.56890
131.92566
132.04572
132.07572
132.51870
132.61050
132.94656
132.95262
133.03332
133.32588
133.33986
133.34478
133.36314
133.45596
133.61970
133.63986
133.71234
133.74912
133.99308
133.99986
134.00256
134.00706
134.59098
135.01386
135.02874
135.03546
135.07110
135.11406
135.24984
135.26532
135.29226
135.30666
135.33066
135.40302
135.44892
135.60672
136.22046
136.22922
136.23606
136.24380
136.24644
136.45776
136.53402
136.53720
136.61064
136.61340
136.62168
136.63674
136.74270
136.76034
136.83030
136.84260
136.87680
136.87902
137.04732
137.07300
137.21658
137.23884
137.27070
137.38764
137.48538
137.68722
137.87598
138.06696
138.18708
138.19368
138.51918
138.72072
138.73044
139.03416
139.56018
139.96500
139.97226
139.97502
140.10366
140.11440
140.34774
140.69724
140.70150
140.71320
140.85048
140.96808
141.07614
141.33978
141.65436
141.68388
141.71076
141.83964
141.88176
141.97254
142.04736
142.11792
142.14192
142.15122
142.38306
142.51158
142.52634
142.57758
142.58808
142.59546
142.62114
142.76364
142.77792
143.09184
143.09904
143.15490
143.62680
143.68248
143.68554
143.69940
143.91024
143.92164
143.94954
143.96226
144.58506
144.59586
144.61428
144.79956
145.04946
145.64238
145.67928
145.68288
145.70844
145.76268
146.00196
146.21034
146.21694
146.60196
146.60850
146.62650
146.62944
146.63274
146.64318
146.65212
146.67150
147.30972
147.33924
147.38178
147.41574
147.43188
147.45024
147.66660
147.67326
147.75966
147.77406
147.82428
147.83652
147.93684
147.98154
148.03206
148.05348
148.25334
148.28712
148.32366
148.33032
148.39806
148.44006
148.47372
148.67430
148.71726
148.83642
148.88946
148.90866
148.92342
148.95240
149.12724
149.43654
149.44302
149.46240
149.48574
149.68794
149.70492
150.06054
150.41730
150.44694
150.59562
150.60378
150.60852
150.64734
150.68796
150.69762
150.70098
151.04052
151.07718
151.24104
151.29090
151.78302
151.99710
152.04108
152.12766
152.19744
152.20476
152.21190
152.24712
152.55048
152.56356
152.57136
152.57832
152.58414
152.76540
153.12510
153.13440
153.19854
153.21426
153.22140
153.68142
153.72876
153.73212
153.76446
153.77874
154.23504
154.25004
154.73520
154.74150
154.78554
154.80804
155.23644
155.51418
155.52114
155.70858
155.72472
155.75526
155.83806
156.00576
156.00864
156.01230
156.03126
156.05118
156.17658
156.61566
156.67632
156.67962
156.75822
156.80160
157.21530
157.24560
157.33824
157.64598
157.73760
157.78368
157.92300
157.93026
157.93686
158.28204
158.59524
158.72634
158.75334
158.76276
158.79234
158.81010
159.17574
159.19248
159.31554
159.41052
159.45282
159.74466
159.83970
159.88230
160.28298
160.30518
160.33416
160.42350
160.42614
160.43304
160.48212
160.69392
160.74738
160.75464
160.85958
161.29776
161.58342
161.87652
161.99724
162.00786
162.05166
162.17808
162.29298
162.32070
162.39702
162.41970
162.63066
162.65688
162.83088
162.83880
162.84246
162.87096
162.90042
163.21416
163.50780
163.86444
163.87488
163.88532
163.94430
163.96452
164.08566
164.10078
164.63664
164.64456
164.65086
164.85102
165.23034
165.29556
165.80130
165.82362
166.11774
166.20192
166.20474
166.22328
166.26900
166.30224
166.40094
166.42332
166.43118
166.43688
166.59840
166.60482
166.61508
166.62498
166.64994
166.71606
166.93896
166.95408
166.95780
167.04684
167.05410
167.05788
167.10186
167.33166
168.02316
168.03474
168.04122
168.06804
168.07452
168.24552
168.66126
168.94626
169.26210
169.30194
169.35462
169.36890
169.37604
169.40388
169.41018
169.41804
169.48968
169.50216
169.51890
169.70148
169.98996
169.99608
170.09142
170.24280
170.26188
170.28018
170.39706
170.55420
170.59698
170.69184
170.71308
170.86134
170.89956
170.90160
170.92878
170.96850
171.03498
171.25560
171.29790
171.48402
171.51150
171.53496
171.69054
172.13280
172.19190
172.27116
172.31820
172.44042
172.67712
172.68492
172.72908
172.74354
172.83384
172.85604
172.85982
173.18628
173.47320
173.50872
173.56398
173.57928
174.23568
174.25038
174.58674
174.59022
174.66288
175.03596
175.04352
175.06476
175.07292
175.07994
175.08390
175.09074
175.28688
175.41048
175.43082
175.49406
175.68000
175.88028
176.01894
176.04564
176.05956
176.61702
176.66058
176.82408
176.83212
177.42138
177.51708
177.57576
177.59736
177.63420
178.26936
178.27728
178.28220
178.29918
178.34772
178.35978
178.68414
179.58360
179.58726
179.61240
179.97084
179.97426
179.99730
180.00690
180.01104
180.01524
180.02568
180.02850
180.04764
180.05880
180.09144
180.09792
180.34800
180.37062
180.39156
180.61356
180.67074
180.74952
180.81120
180.92694
180.93510
181.08762
181.18506
181.19778
181.20174
181.23816
181.24896
181.31202
181.32834
181.33608
181.41366
181.41966
181.50756
181.52256
181.55538
181.56390
181.59936
181.73550
181.74258
181.82196
182.07876
182.09292
182.10804
182.28504
182.64324
182.88438
182.93988
183.38856
183.48084
183.49206
183.50238
183.61572
183.71562
183.77268
184.20342
184.24626
184.26156
184.32960
184.33332
184.39542
184.40262
184.65960
184.70592
185.03622
185.52402
185.68170
185.75904
185.81748
185.96016
185.96748
186.08238
186.23898
186.66894
186.70368
186.74562
186.78924
187.01232
187.41228
187.46766
187.48074
187.50396
187.59966
187.63416
187.64100
187.65480
187.66656
187.66986
187.67184
187.72374
187.72950
187.74996
187.78980
187.83318
188.09094
188.13006
188.16108
188.18328
188.19972
188.21250
188.53350
188.68320
188.92020
189.02736
189.22062
189.26412
189.50628
189.58056
189.59532
189.67500
189.67818
190.22580
190.66500
190.68444
191.20422
191.30634
191.38596
191.47188
191.64732
191.94468
191.97828
192.00720
192.08886
192.12306
192.17748
192.19356
192.34134
192.35898
192.36906
192.42156
192.45060
192.51426
192.52128
192.55122
192.59040
192.60114
192.60834
192.67296
192.75090
192.80532
192.85242
192.93096
193.10124
193.24458
193.41516
193.42884
193.57986
193.61508
193.82190
193.90074
193.94460
194.20866
194.63754
194.64432
194.65878
194.67384
194.69838
194.71722
195.27510
195.38190
195.58956
195.70398
195.79638
195.93282
196.00398
196.00992
196.18596
196.63638
196.71948
196.81212
196.92636
196.93074
196.96992
196.97640
197.97000
197.97498
197.98014
197.98722
198.02742
198.26922
198.38460
198.38682
198.70020
198.71112
198.74088
198.77790
199.02678
199.04424
199.04754
199.05096
199.06644
199.23486
199.82736
199.91760
199.97988
200.02008
200.02806
200.05704
200.07786
200.53890
200.54616
200.57862
200.59308
200.68896
200.69838
200.70168
200.74386
200.77026
200.97138
201.04416
201.30666
201.42288
201.45786
201.46938
201.50070
201.50580
201.55812
201.78726
202.08570
202.31388
202.40808
202.44534
202.63806
202.65390
202.78824
202.79514
202.85196
202.88178
202.89216
202.92558
202.94448
202.99464
203.09574
203.10618
203.11638
203.18604
203.19852
203.23554
203.24826
203.45910
203.48844
203.58858
203.61018
203.72520
203.73972
203.74218
203.76666
203.81244
203.88888
204.00276
204.01050
204.35916
204.46608
204.72246
204.73290
204.78840
204.79914
205.08942
205.63254
205.67574
205.78170
205.92600
206.13948
206.14710
206.22306
206.22984
206.27664
206.29908
206.73426
206.74482
206.78430
206.79444
206.83524
206.83884
206.88588
206.88948
206.90418
206.91594
206.93352
207.27978
207.34152
207.34572
207.77712
207.78150
207.78468
207.85638
207.96384
208.03038
208.05354
208.06590
208.46790
208.66314
208.66554
208.67130
208.67610
208.68480
208.69194
209.12748
209.49000
209.49780
209.50422
209.50674
209.52834
209.79834
209.82108
210.30162
210.50754
210.80736
210.97362
211.06374
211.07082
211.25178
211.25910
211.26174
211.27890
211.70412
211.88748
211.90188
211.92318
212.13144
212.15928
212.46774
212.49534
212.50104
212.68182
212.88156
212.91012
212.92182
212.95170
213.36276
213.40284
213.41754
213.43446
213.52524
213.77862
213.91584
213.92058
214.12518
214.25514
214.30590
214.32420
214.48164
214.61388
214.63710
214.73958
214.75398
214.78500
214.82652
214.83162
214.84734
214.86546
214.88082
214.95306
214.95564
214.98324
215.13312
215.14008
215.15472
215.18994
215.19582
215.20272
215.20536
215.31972
215.34642
215.52582
215.54160
215.61630
215.67510
215.67960
215.71944
215.74674
215.98218
215.98920
216.03666
216.19008
216.34104
216.63228
216.66978
216.78390
216.87588
217.01346
217.09812
217.11738
217.13754
217.18386
217.39002
217.41252
217.45344
217.47528
217.48746
217.51068
217.51938
217.52586
217.56948
217.72848
217.95228
217.96878
218.00718
218.41032
218.99268
219.05802
219.08034
219.09504
219.09738
219.10512
219.55092
219.62376
219.63120
219.66714
219.76614
220.10760
220.35720
220.41768
220.42206
220.54152
220.59024
220.59492
220.61046
220.66470
220.77714
220.78110
220.80018
221.13072
221.22468
221.24346
221.28798
221.32482
221.38698
221.65770
222.19536
222.19788
222.20262
222.21882
222.22464
222.23136
222.23544
222.94518
223.00710
223.54188
223.58940
223.59636
223.60398
223.61802
223.66632
223.91094
223.91808
223.97532
223.98258
223.99626
224.00280
224.00826
224.15508
224.39016
224.67486
225.22236
225.22944
225.24978
225.28944
225.29322
225.34602
225.36852
225.43806
225.44880
225.66624
225.68610
225.71232
225.74886
226.38936
226.39206
226.89996
226.90650
227.03556
227.05002
227.39226
227.42172
227.64228
227.64984
227.65710
227.82684
227.87568
228.09570
228.39840
228.41376
228.42210
228.42522
228.42912
228.47178
228.68646
228.91812
229.03590
229.10688
229.13352
229.30932
229.34274
229.36782
229.37892
229.68624
229.74468
229.79298
230.25216
230.28762
230.32590
230.66940
230.98524
231.06012
231.15006
231.17466
231.44376
232.09662
232.21734
232.26864
232.43928
232.46580
232.62276
232.63374
232.66032
232.66548
232.66884
232.71942
233.16798
233.18184
233.57532
233.57790
233.66034
233.75388
234.04758
234.06510
234.44622
234.45204
234.47622
234.49782
234.50868
234.52032
234.68016
235.30518
235.57056
235.82832
236.05908
236.07702
236.11284
236.14776
236.57040
236.61366
236.68518
236.71074
236.85738
236.87118
236.93580
236.94156
236.94792
236.98500
237.00822
237.09204
237.26328
237.34830
237.39102
237.52110
238.16694
238.40106
238.71522
238.90782
239.05872
239.80842
239.89542
240.22380
240.29250
240.85572
241.08864
241.14690
241.18206
241.19232
241.29480
241.31808
241.53192
241.55832
241.81776
242.11086
242.14638
242.25498
242.48868
242.59860
242.60232
242.60544
242.78916
243.46866
243.49848
243.50178
243.51942
243.53256
243.74622
244.04076
244.15632
244.35984
244.38162
244.71612
244.73652
244.87038
244.88304
244.94100
245.27682
245.40594
245.68974
245.89158
245.92038
245.92746
245.93862
246.66354
246.76998
246.77460
246.77928
246.78480
247.34370
247.53054
247.61154
247.72140
247.72830
247.73670
247.80432
247.80786
247.91532
247.93272
247.97178
247.97520
247.99758
248.00910
248.02872
248.03640
248.17284
248.18964
248.52060
248.59782
248.62500
248.63070
248.64138
248.69454
248.78106
248.94972
248.97360
249.22332
249.33036
249.42420
249.56760
249.59310
249.59508
249.62832
250.27386
250.28796
250.52826
250.64682
250.69008
250.70082
250.71162
251.48916
251.62608
251.63106
251.63406
251.64684
251.65218
251.66814
252.33798
252.40728
252.42576
252.75450
253.22190
253.23600
253.24872
253.25814
253.29360
253.31784
253.32816
253.33776
253.39416
253.43226
253.53492
253.64070
254.15934
254.79642
254.82534
254.82894
254.91444
255.63672
255.64428
255.75672
255.78552
255.90024
256.15542
256.17264
256.51020
256.62192
256.63692
256.65132
256.67316
256.71588
257.02956
257.04030
257.05860
257.06268
257.10240
257.10642
257.17920
257.35176
257.67228
257.79282
257.79972
257.97996
258.18534
258.19296
258.26928
258.29076
258.47364
258.61734
258.85920
258.98040
259.21632
259.25922
259.26564
259.31334
259.32384
259.34958
259.43814
259.67556
259.80810
259.80966
259.81272
259.81920
259.82508
260.00274
260.01012
260.01384
260.13078
260.15004
260.15364
260.22630
260.31750
260.39706
260.40078
260.40420
261.36042
261.37434
261.39060
261.40386
261.41148
261.55284
261.64830
261.65574
261.77634
262.06032
262.06548
262.07334
262.09050
262.11990
262.17570
262.38360
262.39602
262.41696
262.42038
262.72050
262.74090
262.76376
263.02992
263.03706
263.09058
263.45340
263.45862
263.46294
263.48634
263.49894
263.54832
263.59158
264.36906
264.51480
264.52218
264.52560
264.58458
264.67104
265.05690
265.53012
265.72818
265.80762
265.85394
265.86492
265.88496
266.05086
266.21574
266.25048
266.49414
266.50458
266.85780
266.86500
266.97774
266.99934
267.00138
267.00630
267.06156
267.08454
267.48666
267.52764
267.76164
267.79446
267.86532
267.87762
268.13784
268.42140
268.61232
268.76118
268.96038
269.13858
269.15928
269.16666
269.64012
269.73366
269.88258
270.24042
270.32766
270.33912
270.34926
270.42828
270.44616
270.46188
270.58176
270.67836
270.70644
270.72564
270.73278
270.76824
270.82692
271.06788
271.08642
271.36206
271.42572
271.48878
271.50642
271.52244
271.72782
271.72950
272.26266
272.44044
272.50548
272.51232
273.00474
273.18564
273.38940
273.40554
273.52848
274.02678
274.19460
274.21092
274.38024
274.38546
274.38858
274.40334
274.47882
274.74264
274.80900
275.00364
275.30658
275.48388
275.51220
275.62332
275.63046
275.94432
275.95254
275.97396
275.97798
275.99490
276.18072
276.32352
276.50388
276.60978
277.04346
277.14618
277.15806
277.36026
277.38060
277.48020
277.48830
277.49154
277.64562
277.79586
278.24748
278.29596
278.34648
278.46744
278.56686
278.58846
278.78280
278.79030
278.79762
278.82354
279.24132
279.24966
279.39792
279.74748
279.88074
279.88452
279.88632
279.90432
280.68798
280.79736
280.80450
280.84764
280.90722
280.93482
280.94466
281.12352
281.13426
281.19816
281.20494
281.21172
281.31084
281.33178
281.61876
281.72808
281.88882
281.99112
281.99364
282.01272
282.04116
282.30120
282.45366
282.52152
282.59442
282.60132
282.61098
282.61536
282.70698
282.76056
282.77148
282.82824
282.83604
282.94404
282.97830
283.03806
283.08498
283.18842
283.36452
283.47114
283.58604
283.60410
283.61502
284.01486
284.59122
284.60166
284.61510
284.65740
284.66484
284.68674
284.72256
284.94150
284.97258
284.98008
285.10206
285.13620
285.43716
285.44508
285.45186
285.58062
285.63768
285.70950
286.20162
286.27644
286.28604
286.38792
286.53780
286.68270
286.81890
287.28360
287.67618
287.70612
287.73846
287.97654
288.02514
288.51852
288.64206
288.68184
288.79818
288.88920
289.03524
289.54746
289.89846
289.91784
290.03394
290.06178
290.13156
290.82690
290.82978
290.83896
290.84934
290.85648
290.86104
291.19266
291.52152
291.88872
292.24512
292.31040
292.32906
292.49862
292.53456
292.54176
292.55622
292.56390
292.57140
292.62234
292.74432
292.74846
292.86600
292.87218
292.87632
293.00106
293.00610
293.10186
293.19258
293.36442
293.41380
293.49264
293.58924
293.92962
294.08862
294.20658
294.41598
294.52764
294.54582
294.55344
294.60780
294.67548
294.69438
294.70992
294.80946
295.05240
295.66008
295.88100
296.27610
296.28252
296.29062
296.34372
296.54628
296.56068
296.56842
297.27066
297.28134
297.30036
297.43692
297.56046
297.58554
298.46172
298.51752
298.52328
298.53048
298.53318
298.56834
298.58100
298.58688
298.59054
298.59258
298.62312
298.62822
298.66710
298.67502
298.89024
298.90386
299.09190
299.10552
299.11344
299.12700
299.14320
299.17650
299.18988
299.19384
299.20458
299.37612
299.49312
299.74944
300.08292
300.16434
300.20022
300.22626
300.26202
300.26592
300.28434
300.47646
300.66720
300.69054
300.84942
300.91170
301.29888
301.81404
302.07132
302.12154
302.13714
302.13900
302.31378
302.67756
302.70744
303.05724
303.16680
303.17082
303.18138
303.21456
303.26832
303.29526
303.30906
303.39408
303.43674
303.45444
303.51636
303.52404
303.64806
303.68646
303.69414
303.70116
303.70890
303.71856
303.72714
303.73122
303.74388
303.75084
303.75378
303.89400
303.93828
303.94512
304.05024
304.84422
304.88748
304.92348
305.62398
305.74566
305.78862
305.79114
305.86962
305.89536
305.91096
305.92464
305.95374
305.95848
305.96712
306.21114
306.26118
306.28932
306.30126
306.32880
306.33660
306.66726
306.84432
306.94134
306.98862
306.99996
307.41126
307.45200
307.48548
307.50090
307.60344
307.60584
307.67538
307.71648
307.73544
307.74642
307.82952
307.83372
308.07534
308.16222
308.39232
308.55318
308.98254
308.98446
308.99166
308.99886
309.35826
309.75546
309.92526
309.92694
309.93576
309.93936
309.94344
309.96588
309.98520
310.05582
310.34868
310.76544
310.83600
311.00208
311.03556
311.35848
311.46054
311.61498
311.73666
311.84304
311.95818
311.96568
312.00222
312.13008
312.19944
312.22896
312.25782
312.46860
312.81648
313.03746
313.24536
313.30098
313.31742
313.31910
313.34406
313.39578
313.44234
313.46808
313.47252
313.61592
313.67844
313.70028
313.90536
313.90842
313.91628
314.86290
315.06684
315.08718
315.08970
315.10200
315.10566
315.10890
315.13146
315.73326
315.88848
315.90390
315.92526
315.95334
315.95700
316.11972
316.56222
316.56984
316.57632
316.61076
316.82556
317.01942
317.05560
317.16930
317.43438
317.73618
318.10692
318.12390
318.12774
318.19830
318.26340
318.70590
318.73578
319.07070
319.08612
319.14738
319.24272
319.27086
319.29288
319.30542
319.33488
319.36188
319.73556
319.80054
320.10366
320.10684
320.12478
320.12742
320.23722
320.24436
320.75142
320.93406
321.30828
321.33618
321.35766
321.39108
321.50034
321.84708
321.85806
321.94116
322.22490
322.30746
322.93518
322.94322
323.28792
323.39820
323.60388
323.61588
323.69868
323.71044
323.99514
324.01050
324.05340
324.59790
324.60198
324.67026
324.67488
324.70128
325.08888
325.17768
325.30314
325.34064
325.34436
325.39776
325.48254
325.48866
325.55364
325.60410
325.60992
325.88148
325.98162
326.02530
326.11818
326.38104
326.39772
326.40054
326.45538
326.51784
326.53428
326.54160
326.73654
326.79288
327.14232
327.42240
327.48558
327.50712
327.87162
327.90480
328.04172
328.05648
328.07070
328.07820
328.08504
328.25682
328.38186
328.39086
328.48644
328.50450
328.50594
328.52064
328.56402
328.57044
329.19210
329.39250
329.42844
329.48568
329.50464
329.58360
329.59068
329.60514
329.62998
330.02844
330.09444
330.34278
330.42876
330.43650
330.45000
330.47142
330.76152
331.49694
331.50510
331.51578
332.00292
332.02494
332.03202
332.18268
332.19408
332.29608
332.46870
332.49726
332.50572
332.56662
332.70462
333.13248
333.18216
333.33006
333.33780
333.34092
333.34512
333.35358
333.62886
333.64512
333.99618
334.00410
334.23234
334.48920
334.52622
334.54056
334.54494
334.56618
334.68924
334.75440
334.76052
334.82370
335.04696
335.30556
335.31270
335.38992
335.48382
335.56026
335.94702
335.94882
335.95998
335.97300
336.00612
336.01956
336.03300
336.04218
336.06042
336.10554
336.16716
336.16980
336.27264
336.28224
336.28992
336.41958
336.46248
336.52722
336.58326
336.61020
336.65628
336.67002
337.10178
337.12704
337.33278
337.33440
337.40436
337.41402
337.66704
337.75704
338.64024
338.67978
339.43026
339.43740
339.44406
339.57522
339.59382
339.82410
339.90042
339.97026
339.97842
340.02960
340.04298
340.07280
340.12596
340.13766
340.22358
340.95210
340.95972
340.97244
341.00982
341.07036
341.07312
341.08092
341.09904
341.28744
341.29128
341.29422
341.33046
341.42430
341.47356
341.53200
341.60730
341.60964
342.20400
342.21828
342.33858
342.34224
342.36744
342.54450
342.55254
342.55596
343.00398
343.01130
343.03278
343.31124
343.33992
343.34700
343.36098
343.41150
343.41312
343.74090
343.86090
343.86744
343.93446
344.31108
344.46030
344.64060
344.69766
344.74962
344.79750
344.85570
344.87046
344.88102
344.98392
345.20460
345.28452
345.29280
345.30636
345.55482
345.69120
345.73404
345.93258
346.13478
346.27038
346.28430
346.32420
346.36842
346.39308
346.43970
346.61838
346.63290
346.73070
346.86186
346.92090
346.95726
347.16294
347.16456
347.17830
347.30016
347.36400
347.42760
347.45190
347.45688
347.57220
347.64066
347.66358
347.72592
347.82264
348.15072
348.27408
348.28674
348.31758
348.35694
348.87426
348.89490
348.90756
348.92394
348.96972
348.98616
349.74426
349.76178
349.77606
349.78026
349.78818
349.81938
349.83084
349.87824
350.13456
350.26476
350.57586
350.63064
350.69412
350.73222
350.76036
350.93190
350.93646
350.95308
350.95866
350.98170
351.00150
351.01110
351.01488
351.20874
351.22350
351.23820
351.34734
351.94692
351.95298
351.96060
352.08150
352.09038
352.09212
352.15164
353.04078
353.09040
353.19108
353.21922
353.23824
353.24004
353.24232
353.30964
353.34168
353.36094
353.36772
353.39502
353.94846
353.98470
353.99784
354.00276
354.00672
354.11112
354.12120
354.13206
354.27474
354.74760
354.93870
355.24866
355.44312
355.62120
355.83480
355.84122
355.84542
356.22192
356.22924
356.49174
356.50260
356.95170
356.97108
356.98500
356.99364
356.99904
357.08520
357.22722
357.23892
357.53508
357.62922
357.66930
357.78816
357.80784
357.82104
357.82494
357.82794
357.83004
357.86532
357.94956
358.00356
358.00716
358.24212
358.24392
358.25814
358.52262
358.58046
359.01492
359.01738
359.02908
359.24424
359.40864
359.41566
359.42178
359.47752
359.48490
359.48898
359.96892
360.25854
360.54630
361.04580
361.07142
361.08054
361.09062
361.25316
361.28868
361.31262
361.36866
361.48134
361.68888
361.69638
361.78572
361.79964
361.84752
361.85442
361.86828
361.87572
361.90302
361.91538
361.92366
361.93212
361.93794
361.93974
361.99164
361.99530
362.29572
362.74656
362.75250
362.77704
363.36180
363.43194
363.43386
363.45774
363.47364
363.78024
363.79212
363.95868
363.96540
364.17546
364.34148
364.37856
364.39752
364.44180
364.44642
364.46340
364.46724
364.64904
364.69242
364.92504
364.97592
364.99668
365.18556
365.34186
365.34618
365.37228
365.54364
365.69598
365.86500
365.89902
365.97900
366.38610
366.40746
366.51570
367.14648
367.17948
367.28772
367.30818
367.43664
367.44630
367.46442
367.47168
367.47882
367.48590
367.72494
367.73958
367.75026
367.88670
368.31330
368.38602
368.39952
368.48478
368.58102
368.71596
368.80326
368.81538
368.81922
368.83026
368.96244
368.98086
369.03402
369.03894
369.09654
369.20196
369.29868
369.40200
369.43656
369.52284
369.71268
369.72948
369.74514
370.27884
370.28922
370.48944
370.58286
370.61610
370.69662
370.83276
370.95234
371.06646
371.08158
371.08926
371.09610
371.41020
371.41296
371.43186
371.61228
371.61882
371.73948
372.21942
372.34878
372.37080
372.69906
373.03578
373.09128
373.10082
373.68192
373.70376
373.72968
373.74798
373.83438
373.84938
373.85610
373.88592
374.06286
374.56362
374.57136
374.85870
374.87154
374.89170
375.18582
375.22884
375.23508
375.37776
375.73608
376.00992
376.70808
376.75206
376.75566
376.76640
376.77822
376.78914
376.80876
376.81128
376.81356
376.84392
376.88748
376.92210
377.36322
377.38566
377.40954
377.45208
377.86566
377.88582
377.91522
378.69666
378.69834
378.70878
378.71970
378.86880
379.21530
379.38930
379.63920
379.65420
379.66248
379.73058
379.74504
380.03928
380.06154
380.10420
380.22492
380.31894
380.35344
380.42034
380.43810
380.73192
380.82708
380.88888
381.09864
381.11934
381.21156
381.22392
381.23250
381.32520
381.33930
381.34788
381.44664
381.49284
381.54156
381.62280
381.66882
381.77574
381.87048
381.90600
381.91866
381.94170
382.01946
382.12746
382.14210
382.29816
382.45422
382.92996
382.96218
383.11434
383.14110
383.14524
383.64174
383.89182
384.00768
384.43590
384.58512
384.77922
384.78534
384.79518
384.91494
384.92940
384.93768
385.69536
385.70868
385.71816
385.74504
385.75314
385.87206
385.94208
385.96476
386.07318
386.50764
386.51556
386.51994
386.52318
386.52900
386.53284
386.56506
386.57778
386.95206
386.99382
387.04860
387.06762
387.08904
387.11100
387.11430
387.11838
387.51576
387.94470
388.10832
388.38216
388.56228
388.66110
388.79748
388.88916
388.89726
389.32524
389.32884
389.36028
389.36808
389.49456
389.51922
389.52636
389.53152
390.10500
390.21744
390.25452
390.27762
390.83370
390.88446
390.94224
390.97158
391.04154
391.43532
391.44282
391.44936
391.60506
391.80582
391.99212
392.05794
392.34786
392.44128
392.44776
392.47710
392.48478
392.49510
392.51190
392.53794
392.57730
392.60634
392.70504
392.81370
392.83452
392.97414
392.98122
393.00054
393.01368
393.02112
393.05760
393.09156
393.09510
393.12894
393.13464
393.46728
393.58518
393.61476
393.73524
393.92634
393.93780
393.94992
393.96390
394.22886
394.29126
394.29792
394.74192
395.61726
395.65050
396.01116
396.04038
396.46458
396.52176
396.52812
396.53958
396.54384
396.55038
396.55638
396.55932
396.61218
396.62820
396.69606
396.71136
396.73050
396.74112
396.75072
396.76662
396.83484
397.25232
397.27290
397.29480
397.41774
397.43004
397.48830
397.52442
397.79262
398.16336
398.53374
398.91990
398.94000
399.16098
399.28284
399.37674
399.42792
399.57612
400.41222
400.43376
400.47054
400.52358
400.81998
401.05182
401.36970
401.41608
401.48364
401.49276
401.53224
401.56908
401.57280
401.58336
401.71356
401.78550
402.29166
402.37716
402.41520
402.41868
402.46254
402.48426
402.48654
402.49920
402.50088
402.50580
402.50958
402.51684
402.54288
403.33902
403.62150
403.79352
403.81278
403.82706
403.84302
403.84494
403.96458
403.97868
404.02002
404.08680
404.34456
404.39358
404.52876
404.55588
404.56032
404.57592
404.74620
404.76612
404.77416
404.78028
404.92272
404.94570
405.32322
405.48726
405.53580
405.75246
405.87642
406.18800
406.29438
406.31940
406.32642
406.47150
406.53264
406.81566
407.03934
407.43882
407.77524
407.80404
408.19848
408.21252
408.23580
408.23844
408.26838
408.30018
408.35478
408.36870
408.38922
409.09836
409.27002
409.28298
409.29834
409.33608
409.47594
409.89744
409.90872
410.05458
410.06154
410.09118
410.09856
410.54214
410.73552
411.05628
411.14154
411.24780
411.29214
411.58974
411.63576
411.67116
412.46370
412.51452
412.53210
412.73514
412.74426
412.75758
413.00880
413.08788
413.22978
413.23764
413.24514
413.24886
413.41446
413.42232
413.48100
413.94450
414.00180
414.02988
414.21564
414.55266
414.61566
414.85824
414.89244
414.93168
415.13064
415.35978
415.38282
415.52784
415.53168
415.58172
415.71456
415.73070
415.75992
415.78506
415.83018
415.85298
415.96758
416.03256
416.03670
416.04714
416.09526
416.13954
416.17710
416.21898
416.28210
416.33748
416.36292
416.38128
416.47464
416.48976
416.65122
416.65806
416.67720
416.70378
416.86062
417.15066
417.15372
417.16842
417.18702
417.19716
417.49680
417.58068
417.61092
417.64032
417.67686
417.68880
417.75384
417.94128
418.13256
418.18182
418.19298
418.27722
418.36950
418.38036
418.53396
418.69728
418.72716
418.83342
418.87632
419.00970
419.05620
419.06724
419.08644
419.69172
419.71440
419.82846
419.95362
419.97840
419.99634
420.01368
420.03420
420.04818
420.43224
420.57708
420.62100
420.90036
420.96324
421.01388
421.24818
421.61640
421.62030
421.80024
422.06280
422.10030
422.17212
422.17530
422.70330
422.72388
422.90766
422.93718
422.93994
423.01584
423.02268
423.29058
423.30174
423.51342
423.75216
424.02396
424.06296
424.06518
424.07346
424.12794
424.15890
424.16682
424.17738
424.51644
424.53018
424.53792
424.54578
424.55220
424.63278
425.04684
425.18574
425.28846
425.51280
425.52936
425.65290
426.17598
426.39120
426.54270
426.61686
426.61932
426.81846
426.88158
426.90048
427.00950
427.08942
427.10106
427.13544
427.18266
427.21200
427.21572
427.22610
427.40334
427.96560
427.97964
427.98402
428.45472
428.55396
428.56128
428.58432
428.70588
428.73858
429.08466
429.08766
429.11082
429.15156
429.25614
429.30564
430.04892
430.07802
430.13550
430.47852
430.57770
431.07936
431.08542
431.62374
431.62764
431.63832
432.09846
432.21120
432.26520
432.31998
432.45090
432.48798
432.52932
432.53880
432.62142
432.62958
432.83112
432.87168
432.98820
433.07160
433.08534
433.10106
433.12026
433.69416
433.76790
433.77408
433.78296
433.79538
433.82412
433.83696
434.09484
434.11710
434.13108
434.66052
434.67444
434.93280
435.00504
435.20676
435.20976
435.32670
435.66012
435.71892
435.76692
435.80310
435.81066
435.81750
435.82572
435.85464
435.86904
436.04046
436.05486
436.06320
436.17534
436.20324
436.79178
436.79610
436.80978
436.82580
436.88298
437.21976
437.25744
437.26902
437.27610
437.33964
437.34318
437.36934
437.39364
437.65962
437.71374
437.72616
437.74806
437.77086
437.77794
438.06270
438.07632
438.08310
438.17274
438.19866
438.22482
438.22710
438.24720
438.25668
438.39918
438.41310
438.44232
438.60414
438.70626
438.82836
438.83472
438.85656
438.95340
438.96102
439.01802
439.09098
439.14912
439.30512
439.40880
439.80276
439.81116
440.06478
440.31570
440.32944
440.39946
440.50956
440.82852
440.95146
441.07320
441.24624
441.44466
441.50136
441.58740
441.90804
442.18632
442.30548
442.36638
442.38792
442.50552
442.53786
442.54476
442.68072
443.19150
443.20134
443.47596
443.95434
444.03750
444.10752
444.10974
444.13128
444.20958
444.36102
444.37986
444.46074
444.81732
444.84702
444.91908
445.29804
445.30500
445.33722
445.35672
445.36014
445.38996
445.39662
445.46784
445.53954
446.40468
446.41152
446.41362
446.41992
446.64714
446.88000
446.92320
447.16962
447.19122
447.68418
447.70590
447.84264
447.85710
447.86142
447.89232
447.89748
447.89982
447.90762
447.93792
447.95538
447.98196
448.02222
448.05954
448.06572
448.07610
448.10550
448.11342
448.11684
448.11984
448.12824
448.13538
448.13958
448.32756
448.35696
448.69296
448.82844
449.28624
449.33580
449.47746
449.49222
449.49972
449.52840
449.54778
449.54970
449.60412
449.97210
450.05184
450.06210
450.27948
450.30246
450.32934
450.38004
450.38532
450.40128
450.45216
450.47340
450.47928
450.49620
450.69492
451.09524
451.11636
451.12260
451.12692
451.17174
451.38810
451.60860
451.65216
451.69524
452.12526
452.14746
452.27772
452.28876
452.29194
452.31768
452.82660
452.83116
453.30792
453.31560
453.42450
453.43206
453.96120
454.52478
454.53294
454.67700
454.69788
454.93986
455.39136
455.42520
455.55144
456.04710
456.09978
456.10704
456.11730
456.23370
456.58932
456.61380
456.61686
456.67320
456.94194
456.96384
456.97086
457.14240
457.44294
457.53642
457.57890
457.58514
457.59288
457.61370
457.84926
458.53542
458.61558
458.64240
459.05118
459.06624
459.52776
459.57150
459.57936
459.58290
459.81180
459.81498
460.05234
460.05894
460.17246
460.18014
460.25856
460.54878
460.58658
460.59378
460.65114
460.86108
461.08632
461.08884
461.10288
461.10894
461.82492
462.04092
462.10818
462.50736
462.52482
462.79320
462.79692
462.80748
462.81786
462.84684
462.86802
462.87894
463.01820
463.05468
463.22088
463.22874
463.23906
463.33014
463.34466
463.50462
463.99782
464.03424
464.80542
464.82636
464.83266
464.83752
465.04080
465.09042
465.12006
465.43644
465.93468
465.96984
466.10004
466.22010
466.39968
466.45686
466.48458
466.54950
466.55760
466.59030
466.64070
466.97112
466.99956
467.00796
467.01054
467.02122
467.03640
467.22690
467.68986
467.74242
467.82258
467.99316
468.07980
468.12324
468.12810
468.13626
468.13908
468.14340
468.24354
468.86280
468.87960
468.89508
468.93018
468.98604
468.99300
468.99936
469.06554
469.07886
469.15152
469.80420
469.86222
469.87698
470.34492
470.38818
470.82432
470.97618
470.99526
471.00150
471.03864
471.12108
471.18648
471.18816
471.21810
471.23856
471.24642
471.27186
471.27726
471.44754
471.49530
471.79548
471.81066
471.81708
472.21758
472.26060
472.38804
472.40166
472.40418
472.41594
472.62480
472.78434
472.99224
473.11020
473.12502
473.19720
473.23680
473.29716
473.34762
473.52060
473.70420
473.75472
474.00474
474.01230
474.02088
474.04800
474.06726
474.12708
474.20016
474.24696
474.33408
474.34848
474.36816
474.37746
474.38820
474.66726
474.70530
474.86370
474.90342
474.92520
474.93402
474.98352
475.09050
475.12644
475.15278
475.18314
475.22634
475.24668
475.45662
475.52628
475.53660
475.54938
475.74912
475.85010
475.97838
475.98978
476.00340
476.03538
476.22198
476.58834
476.59278
476.93574
476.94324
476.95134
477.30084
477.39270
477.47718
477.67950
477.69906
478.02306
478.04664
478.08876
478.18932
478.20696
478.50162
478.54518
479.05146
479.05734
479.08194
479.58054
479.60244
479.62110
479.70846
479.72736
479.77716
479.78472
479.79186
480.30810
480.33804
480.34584
480.68814
480.95040
481.01598
481.09104
481.71096
481.73166
481.78326
482.09706
482.15970
482.82630
482.83332
482.95968
483.03306
483.15528
483.16002
483.17688
483.40602
483.55530
483.57660
483.60588
483.60894
483.91800
484.08732
484.11336
484.12902
484.15542
484.16952
484.24362
484.29066
484.30134
484.30656
484.34208
484.44192
484.96380
484.97076
484.97796
485.10342
485.11860
485.14974
485.16966
485.35722
485.67120
485.88642
485.96904
486.06546
486.09786
486.10422
486.13626
486.32856
486.42912
487.01958
487.04622
487.05396
487.05900
487.06488
487.07190
487.09272
487.14522
487.15068
487.17108
487.21332
487.26426
487.70244
487.70820
487.71216
487.73634
487.79106
487.80900
487.85208
487.95900
488.00184
488.06610
488.95566
489.01962
489.04170
489.40272
489.69642
489.87378
489.88092
489.89472
489.90276
489.92010
489.92376
489.95394
490.00350
490.02342
490.03584
490.04028
490.05072
490.10982
490.11264
490.13430
490.14132
490.17510
490.20648
490.77702
490.82376
490.85988
490.90572
490.99650
491.03946
491.65566
491.66694
491.66934
491.86848
491.94840
492.22656
492.25866
492.26316
492.60654
492.62262
492.63288
492.75504
492.83244
492.84720
492.85818
492.87678
493.12872
493.38450
493.50972
493.63194
493.72506
493.73316
493.88442
493.92048
493.95534
493.97148
494.50632
494.50836
494.55810
494.56530
494.57040
494.58492
494.59164
494.59566
494.61360
494.61810
494.62080
494.65044
494.86200
494.86482
494.87178
494.87814
494.92812
494.94402
494.96862
495.05430
495.07008
495.09168
495.17088
495.40728
495.82836
495.83580
495.84576
495.85044
495.85716
495.86466
495.87654
495.87930
495.88704
496.01004
496.02468
496.05822
496.08330
496.08702
496.12944
496.13682
496.18500
496.29756
496.30032
496.31814
496.34394
496.38666
496.46454
496.48650
496.49562
496.52922
496.53600
496.66584
496.70280
496.98822
497.00928
497.28066
497.28930
497.30916
497.31558
497.48040
497.65200
497.81574
497.82396
497.84484
497.85282
497.85900
497.89224
498.07650
498.08004
498.30948
498.32382
498.37476
498.38172
498.41526
498.53484
498.53850
498.54456
498.91764
498.94560
498.98814
498.99432
499.00392
499.00800
499.08912
499.31208
499.31580
499.32456
499.38204
499.42590
500.32542
500.44176
500.47482
500.49774
500.50866
500.51280
500.66802
501.12528
501.14790
501.28998
501.46896
501.53928
501.64986
501.76824
502.13406
502.17738
502.69662
503.05644
503.15748
503.37714
503.89950
503.90712
503.92032
503.92710
503.92914
503.97132
503.98338
504.26652
504.57192
504.77538
504.79302
504.87996
504.95598
505.04376
505.05294
505.22220
505.30116
505.47246
505.57896
505.58646
505.62198
505.63638
505.69428
506.07570
506.09856
506.11014
506.11656
506.16648
506.18844
506.22906
506.25204
506.27352
506.55804
506.57202
506.58720
506.59416
506.72880
506.75514
506.80908
506.82858
506.85198
506.86824
507.00912
507.10944
507.11496
507.12246
507.12654
507.14838
507.15228
507.15930
507.19272
507.19560
507.20250
507.32178
507.46566
507.54678
507.56400
507.76176
507.77544
508.01064
508.10622
508.11372
508.12470
508.24482
508.35276
508.38888
508.63854
509.14680
509.16066
509.17488
509.18184
509.21118
509.25426
509.43576
509.45376
509.64600
509.66700
510.05358
510.16152
510.35484
510.67044
510.68394
510.89724
510.96984
511.00338
511.24704
511.65612
511.91016
511.91448
511.94130
511.98894
512.09040
512.12106
512.14884
512.21376
512.55678
512.61270
512.61990
512.89266
512.89950
513.10722
513.14298
513.48522
513.82152
514.01940
514.27554
514.31922
514.32270
514.33512
514.33746
514.34166
514.34664
514.38480
514.40568
514.43328
514.58544
514.79262
514.80024
514.80816
514.91574
515.13468
515.33022
515.36568
515.70174
515.84532
515.96820
515.97984
516.02334
516.02514
516.02790
516.03450
516.06768
516.11604
516.44568
516.55578
516.71520
517.57422
517.65396
517.67160
517.68252
517.80864
517.84590
518.01684
518.04012
518.04492
518.06232
518.07678
518.08248
518.26488
518.33124
518.52456
518.53812
518.59632
518.60082
518.76684
518.93172
518.94726
518.96034
519.11592
519.27462
519.36282
519.50490
519.77562
519.90498
520.27650
520.40028
520.40262
520.41006
520.48284
520.73772
520.83990
521.19912
521.23224
521.23572
521.25066
521.27706
521.29782
521.30004
521.30244
521.30628
521.34072
521.59080
521.61030
521.82102
521.92134
521.94996
522.07668
522.10632
522.28962
522.42234
522.72168
522.80076
522.86334
523.08600
523.10046
523.45086
523.50162
523.51482
523.52088
523.52256
523.54362
523.62288
523.78674
523.79412
524.08482
524.10678
524.14416
524.14692
524.19318
524.21568
524.25948
524.39418
524.71566
524.75016
525.29502
525.29874
525.30198
525.33870
525.49014
525.50028
525.78090
525.93708
525.94722
525.95952
525.99582
525.99894
526.03248
526.25928
526.26672
526.34736
526.36080
526.36506
526.80960
526.87524
527.43210
527.50380
527.52264
527.56044
528.29826
528.44964
528.55902
528.89808
528.92874
528.93438
528.94128
529.01916
529.05732
529.07664
529.14282
529.30464
529.30614
529.33638
529.35816
529.36956
529.56942
529.58040
529.59132
529.60086
529.60482
529.62834
529.75710
529.93254
529.96416
529.98132
529.98732
529.99134
530.01876
530.03640
530.17200
530.41368
530.64864
530.65554
530.66982
530.69130
530.73426
530.77770
530.78544
530.82018
531.02736
531.04278
531.06438
531.28596
531.60066
531.60480
531.61518
531.62094
531.62352
531.83562
532.00698
532.19754
532.35462
532.35750
532.40340
532.41144
532.41480
532.48536
532.96428
533.23056
533.44446
533.62590
533.62818
533.63028
533.63544
533.63694
533.64438
533.64774
533.65938
534.00810
534.02520
534.38046
534.55878
534.60246
534.87204
534.89484
534.93030
534.93810
534.95964
534.97446
534.98100
534.98868
534.99240
535.03542
535.09416
535.73802
535.85868
535.93710
535.94424
535.94856
535.95954
536.00160
536.27502
536.56482
536.60124
536.60328
536.71140
536.92338
536.93070
536.94006
536.94732
536.97390
537.10482
537.53922
537.54084
537.54600
537.78480
537.79032
538.08372
538.09770
538.24824
538.29768
538.31112
538.32486
538.33074
538.33386
538.52724
538.68948
538.71960
538.82700
538.82958
538.84128
538.90488
538.90674
538.94748
539.62044
539.64024
539.68464
539.68740
540.14178
540.14958
540.17724
540.32256
540.47988
540.55662
540.59394
540.65646
540.66444
540.72738
540.89910
540.92034
541.05660
541.10676
541.19148
541.19616
541.28736
541.45338
541.46070
541.46460
541.50132
541.60308
541.71576
541.93434
541.96374
542.33622
542.34312
542.76870
542.83716
542.93490
542.93652
543.00822
543.02340
543.05238
543.34368
543.37962
543.38376
543.44094
543.83016
543.97368
544.00314
544.03098
544.20972
544.28706
544.44480
544.52034
544.89624
545.12052
545.13498
545.18100
545.46954
545.48112
545.51670
545.60424
545.79642
545.84064
545.84706
546.71184
546.83046
547.08384
547.15974
547.16136
547.24038
547.41204
547.42710
547.48368
547.49658
547.58358
547.59912
547.83978
547.94076
547.97322
548.06322
548.12304
548.22882
548.23782
548.23968
548.24190
548.26914
549.06456
549.27132
549.45600
549.57906
549.60696
549.61092
549.62982
549.63432
549.65664
549.66408
549.85740
549.87318
550.07136
550.09356
550.23564
550.24284
550.67022
550.70754
551.12322
551.31198
551.39940
551.40678
551.48688
551.51388
551.52960
551.54982
551.95782
551.96970
551.97306
552.01548
552.14670
552.39474
552.70254
552.74616
552.79260
553.00188
553.22928
553.32456
553.34610
553.40136
553.74462
553.75422
553.76652
553.79082
553.88064
553.92366
554.20320
554.31030
554.33268
554.36904
554.40948
554.60346
554.66760
554.98086
555.01038
555.04614
555.11292
555.33408
555.33942
555.37446
555.39690
555.80358
555.81150
555.82188
555.83388
555.84930
556.14660
556.15422
556.17552
556.26750
556.27530
556.29648
556.38258
556.44678
556.56300
556.77324
557.39004
557.40246
557.40612
557.41968
557.52660
557.78298
558.16344
558.17034
558.21414
558.36420
558.37986
558.41094
558.46236
558.48450
558.79350
559.13622
559.38318
559.43052
559.65084
559.92090
559.95780
559.96452
559.98216
559.98678
559.99044
559.99260
559.99470
560.06226
560.25126
560.35050
560.35362
560.89470
560.92776
561.37308
561.42372
561.43536
561.69348
561.69498
561.73668
561.83790
561.88098
562.03146
562.21824
562.22760
562.24890
562.25742
562.34430
562.34610
562.35270
562.35666
562.37424
562.38024
562.38774
562.41606
562.60188
562.67418
562.69710
562.83864
562.91088
563.09496
563.10204
563.21064
563.30562
563.58126
564.00372
564.08832
564.56136
564.56802
564.57588
564.59478
564.61872
564.62544
564.62952
564.74730
564.75390
564.77478
565.31802
565.39638
565.40244
565.91940
565.97652
566.76276
566.97768
567.11958
567.38682
567.42192
567.42564
567.61488
567.61956
567.91212
567.92226
567.92874
567.93138
567.94872
568.18584
568.19874
568.36266
568.44342
568.46988
568.54530
568.54842
568.73328
568.91334
569.05926
569.07312
569.67252
569.68698
569.73018
569.97972
570.05670
570.06474
570.07314
570.07626
570.11634
570.35730
570.36858
570.37254
570.93042
570.98082
571.00200
571.01694
571.03740
571.64478
571.64790
571.82412
571.86618
571.87428
571.94370
571.95762
572.02362
572.03046
572.35998
572.83740
572.86014
573.40140
573.43968
573.45402
573.50094
573.57702
573.61080
573.77088
573.80010
573.81030
573.86106
573.97530
574.00302
574.00734
574.02858
574.04070
574.04754
574.10478
574.24038
574.25502
574.29858
574.31250
574.65762
574.73838
574.74138
574.79832
574.87404
575.09136
575.32824
575.34168
575.34522
575.34834
575.35638
575.69802
575.79084
576.10560
576.26274
576.38796
576.43470
576.64854
576.65634
576.74262
576.77190
576.77706
576.87786
576.99168
577.29144
577.75590
577.85166
577.85592
577.87830
577.91850
577.92120
577.92588
577.93974
577.95918
577.97310
577.97982
577.99128
578.00826
578.01270
578.01648
578.75352
578.81244
579.11916
579.40776
579.47418
579.48150
579.72372
580.04646
580.05930
580.19136
580.34364
580.35984
580.39380
580.40058
580.72368
580.83348
580.92408
581.40978
581.42418
581.45262
581.46732
581.47494
581.58810
581.70078
581.70978
581.73954
581.88642
581.96796
581.97030
581.97426
582.19686
582.42486
582.50466
582.51024
582.57558
582.78108
583.03938
583.06884
583.64166
583.68060
583.68876
583.69020
583.91118
584.14170
584.20416
584.25420
584.26956
584.34282
584.37534
584.41164
584.66124
585.34182
585.39828
585.81282
585.82128
585.89514
585.89928
585.91218
585.91998
585.97122
585.97920
586.14198
586.27830
586.29288
586.32024
586.42110
586.43508
586.49316
586.51740
586.52172
586.61490
586.69902
586.74234
586.74996
586.75782
586.82154
586.84260
586.84584
586.89516
587.12958
587.13990
587.14278
587.32032
587.50668
587.56494
587.60244
587.61924
587.63508
587.71542
587.73702
587.74854
587.77182
588.02178
588.02886
588.03738
588.12996
588.17946
588.30156
588.30714
588.42168
588.43008
588.45072
588.73032
588.94386
589.25880
589.26660
589.39380
589.45878
589.47300
589.67364
589.75044
589.78698
589.97376
590.12346
590.13714
590.21502
590.38956
590.41032
590.48856
590.69952
591.16800
591.41016
591.57438
591.71412
591.74010
591.85098
591.86742
591.87522
592.20444
592.39674
592.70760
592.77798
592.85484
593.36226
593.47872
593.49042
593.49720
593.59740
593.69790
593.72226
593.74740
593.76204
594.09126
594.34842
594.38496
594.62760
594.63450
594.79806
594.89928
594.90642
594.92802
594.93186
594.94212
594.94614
595.64856
595.65132
595.66308
595.67160
595.78014
595.82346
595.82670
595.85682
595.86078
595.93530
595.94910
595.96656
595.97886
596.33538
596.46696
596.49330
596.85828
596.87004
596.91390
596.97294
596.98494
596.99430
597.00684
597.01416
597.02778
597.08604
597.09360
597.21540
597.45750
597.71748
597.72876
597.74316
597.81744
597.96156
597.98700
598.18326
598.33902
598.58790
598.93086
599.00166
599.01690
599.07354
599.28132
599.28666
599.34036
599.36634
599.41026
599.63694
599.66598
599.67348
599.97648
600.13938
600.33120
600.58278
600.84096
601.07694
601.24374
601.24830
601.59444
601.59786
601.81062
601.82808
601.86816
601.90344
602.25468
602.55378
602.56122
602.58414
602.82528
602.84178
602.85486
602.86278
603.00324
603.01788
603.03276
603.09882
603.14202
603.26172
603.43512
603.51906
603.54456
603.59772
603.64392
604.30182
604.56918
604.65570
605.10612
605.19300
605.19726
605.20710
605.22378
605.60046
605.88684
605.89140
606.03090
606.46044
606.58212
606.61074
606.61524
606.63486
606.85716
606.87888
606.95898
606.97938
607.01538
607.10664
607.20084
607.34526
607.41114
607.76700
607.80798
607.83648
607.85634
607.87350
608.10978
608.15262
608.43924
608.44512
608.46750
608.47470
608.49570
608.51232
608.52630
608.62296
608.77320
608.77716
608.78958
608.79630
608.81100
608.82504
608.83308
608.83692
608.84736
608.90196
609.03060
609.05970
609.10302
609.35208
609.50334
609.55320
609.61812
609.74730
609.94524
610.27080
610.30980
610.31826
610.32120
610.52376
610.61796
610.71774
610.88784
610.89042
611.02134
611.03754
611.31348
611.32050
611.33982
611.35494
611.39748
611.66802
611.68212
611.70774
612.13524
612.19512
612.29778
612.44256
612.45498
612.53544
612.56754
612.62790
612.65292
612.71484
612.92484
613.19790
613.21488
613.32186
613.32618
613.59780
613.68900
613.86474
613.90296
613.92972
613.99416
614.02842
614.03574
614.06190
614.12850
614.14782
614.15676
614.21382
614.22744
614.24880
614.26416
614.42196
614.54262
614.73462
615.09198
615.33570
615.38604
615.85950
615.87216
615.96600
616.11600
616.33986
616.36500
616.37934
616.43064
616.43652
616.48074
616.49970
616.50828
616.72980
616.81878
617.42934
617.50188
617.51610
617.80950
618.22206
618.80274
618.89556
618.90240
619.38348
619.39056
619.41240
619.49334
619.54014
619.57404
619.61058
619.63596
619.65834
619.78320
619.95018
620.07444
620.09688
620.16066
620.19684
620.24064
620.26656
620.34678
620.36118
620.38008
620.64144
620.80500
620.85126
621.36396
621.37458
621.42966
621.44832
621.45192
621.45600
621.46968
622.00518
622.12494
622.13592
622.27068
623.03556
623.04258
623.11914
623.12754
623.14854
623.21190
623.21874
623.24178
623.41830
624.05190
624.12516
624.14124
624.22794
624.23556
624.24948
624.41514
624.60780
625.18188
625.22976
625.23642
625.27284
625.37226
625.37964
625.40184
626.08746
626.21550
626.31732
626.32620
626.33040
626.33280
626.35752
626.37090
626.37402
626.41620
626.42622
626.43252
626.44026
626.44758
626.90280
627.04482
627.08310
627.09600
627.15276
627.53040
627.65250
628.28478
628.29654
628.31652
628.35708
628.36668
628.39986
628.48254
628.85292
629.14686
629.19684
629.21136
629.23374
629.55546
629.56170
629.58078
629.58468
629.60490
629.61072
629.69184
630.19692
630.28656
630.29028
630.29592
630.34314
630.34734
630.36330
630.41982
630.66222
631.47678
631.53720
631.58814
631.59096
631.60896
631.65150
631.83132
631.84902
631.85664
632.12874
632.18724
632.25318
632.35422
632.36874
632.54076
632.72340
632.90874
633.12540
633.14340
633.15864
633.16548
633.18726
633.19032
633.19404
633.20148
633.39486
633.40674
633.42822
633.44250
633.52494
633.54354
633.55128
633.55992
633.56436
633.85512
633.91020
634.38696
634.40124
634.53720
635.02254
635.07354
635.12364
635.12808
635.13150
635.13810
635.26620
635.54004
635.55894
635.57220
635.60544
635.60904
635.63784
635.83176
636.11736
636.12432
636.13242
636.17880
636.18798
636.40920
636.42834
636.45240
636.46752
636.50790
636.63840
637.17540
637.18134
637.46448
637.83990
638.20902
638.22024
638.37492
638.63256
638.81784
638.82636
639.08340
639.10260
639.13182
639.13332
639.17904
639.41940
639.44490
639.46710
639.49938
639.50580
639.53622
639.54966
639.55602
639.55956
639.57252
639.65394
640.15632
640.35720
640.35918
640.37100
640.37616
640.57674
640.63734
640.92756
641.17788
641.18502
641.19570
641.21370
641.41332
641.43732
641.89422
641.92524
641.93142
641.97024
641.99898
642.02154
642.10680
642.13590
642.29958
642.38652
642.44880
642.80376
642.88410
642.89892
642.92052
642.95664
643.05804
643.20444
643.20660
643.22952
643.29108
643.32090
643.35006
643.57032
643.86726
643.87908
643.88406
643.88730
643.89660
644.06670
644.09838
644.10174
644.12058
644.12304
644.15136
644.16306
644.16696
644.18466
644.21460
644.22342
644.35152
644.52360
645.21354
645.21708
645.24738
645.28782
645.30978
645.33270
645.33804
645.34956
645.35964
645.54480
645.57366
645.75840
645.94980
646.08222
646.23060
646.71798
646.80396
647.02428
647.12472
647.27472
647.39700
647.60148
647.60778
647.78454
647.93418
647.97450
647.98140
648.02478
648.24708
648.37818
648.38274
648.60126
648.94824
648.99180
649.24506
649.25928
649.27890
650.18538
650.24844
650.61306
650.64486
650.82732
650.84190
650.84922
650.94300
650.94798
651.27036
651.72600
651.75234
651.79938
651.82206
651.85872
652.24416
652.25160
652.26072
652.26612
652.27110
652.27932
652.28238
652.29330
652.44246
652.44984
653.42544
653.66622
654.20892
654.22398
654.23028
654.23718
654.25572
654.25950
654.28650
654.30294
654.30960
654.31362
654.51126
654.51582
654.52074
654.52980
654.54072
654.59850
654.65862
654.68910
654.78834
654.90270
654.98598
655.00368
655.13160
655.16820
655.20408
655.20924
655.22316
655.25958
655.35282
655.50384
655.57338
655.68732
655.72602
655.85322
655.95270
655.99584
656.09664
656.27556
656.30544
656.32662
656.38806
656.41464
656.54622
656.62572
656.80026
657.27444
657.32556
657.35442
657.68334
657.73446
657.77796
657.79086
657.79296
657.80772
657.81036
658.38390
658.49730
658.57122
658.58526
658.79754
658.83588
658.87842
658.91142
658.99860
659.00334
659.01018
659.02032
659.34918
659.36022
659.70312
659.70708
659.88438
659.89122
659.91408
660.04158
660.09300
660.19356
660.20034
660.37038
660.48630
660.50418
660.51504
660.54918
661.03692
661.38708
661.45788
661.51440
661.64376
661.73910
661.85004
662.12070
662.25036
662.56746
662.60796
662.82096
663.07506
663.08892
663.12540
663.15138
663.22422
663.29340
663.30876
663.33078
663.33732
663.34368
663.35190
663.45864
663.60102
663.62148
663.62922
663.63294
663.65772
663.66084
663.83118
664.08138
664.11702
664.13136
664.73736
664.74426
664.82460
664.83798
665.21628
665.24982
665.36046
665.42232
665.97768
666.04632
666.05736
666.10788
666.16998
666.24708
666.25026
666.25422
666.31176
666.80466
666.83358
667.12158
667.28388
667.73484
667.73790
668.03430
668.31528
668.34702
668.35602
668.36154
668.37864
668.42130
668.90064
668.97162
669.34224
669.34848
669.48558
669.57792
669.63378
670.11534
670.17882
670.49208
670.90824
670.95168
670.95954
671.39196
671.39808
671.40036
671.40192
671.40702
671.65098
671.85834
671.86086
671.86512
671.86812
671.87898
671.89194
672.28824
672.42108
672.47802
672.52908
672.55176
672.60186
672.68220
673.02816
673.03704
673.05354
673.06500
673.06902
673.07544
673.08840
673.15860
673.18218
673.28826
673.45926
673.46190
673.48896
673.79514
673.80198
673.80558
673.87122
674.07000
674.47488
674.49912
674.53176
674.57304
674.58930
674.61102
674.61900
674.62494
674.63244
674.70504
674.71020
674.72220
674.73102
674.73300
674.74188
674.76204
674.76414
675.09594
675.11088
675.11802
675.14748
675.41778
675.66210
675.66936
676.16802
676.32648
676.34484
676.36572
676.40286
676.40694
676.49736
676.74180
676.89786
676.90584
676.92336
676.92588
676.99146
676.99890
677.07294
677.08446
677.10516
677.45640
677.60508
677.64102
677.73570
677.93610
678.39840
678.44280
678.50580
678.51240
678.58236
678.62694
678.71292
679.19250
679.20240
679.41390
679.47198
679.52982
679.58520
679.61400
679.63164
679.64994
679.82220
679.89954
680.32800
680.32956
680.34750
680.35848
680.36544
680.37198
680.38758
680.39142
680.42964
680.43900
680.60694
680.62266
681.11586
681.22290
681.26610
681.67416
681.81036
681.82398
681.83970
682.18242
682.69644
682.70190
682.74294
682.77324
683.17878
683.21250
683.26704
683.29554
683.63370
683.68956
683.81862
683.84466
684.32604
684.33270
684.97740
684.98142
685.50072
685.52250
685.53264
685.54020
685.54584
685.55334
685.56102
685.56582
685.57668
685.58364
685.58658
685.58988
685.93248
685.95660
686.16948
686.17404
686.17632
686.18088
686.36934
686.73966
686.87478
686.88456
686.88972
686.90040
687.62220
687.63666
687.66282
687.70620
687.74982
687.90624
688.02600
688.05264
688.30380
688.30938
688.31940
688.37796
688.48680
688.53654
688.55574
688.56384
688.58772
688.61418
688.64196
689.05608
689.06022
689.11050
689.11368
689.12184
689.15052
689.16264
689.22906
689.45058
689.60682
689.62878
689.77290
689.77668
689.93730
689.97156
689.97876
689.99376
690.03018
690.03474
690.15084
690.56604
690.68988
690.73980
690.81630
691.16772
691.43046
691.59480
691.61748
691.62336
691.64118
691.74552
691.96752
692.47452
692.51682
693.21072
693.35316
693.36714
693.46950
693.71034
694.01004
694.04664
694.07322
694.63476
694.65696
694.96206
695.33928
695.52738
695.54718
695.55378
695.59356
695.63328
695.64042
695.71044
696.00354
696.15606
696.17082
696.29436
696.32016
696.33408
696.34116
696.36312
696.68508
697.00698
697.56360
697.71960
698.22936
698.48586
698.90622
699.19692
699.25158
699.26928
699.28614
699.35262
699.37692
699.67854
699.69690
699.85182
700.04658
700.08018
700.12452
700.12752
700.30854
700.38678
700.61802
700.64394
700.67322
701.19696
701.78952
701.79648
701.80344
701.82342
701.83176
701.86770
701.87868
701.89794
701.92878
701.93136
701.93448
701.96058
702.17478
702.40440
702.94746
702.95112
702.97662
703.04040
703.13466
703.16712
703.17402
703.29048
703.36914
703.38144
703.41060
703.43484
703.59078
703.82526
703.89450
704.56968
704.72502
704.74392
704.74776
704.75526
704.76972
704.82036
704.82654
705.14034
705.48294
705.92790
705.93468
705.94962
706.16334
706.50000
706.52736
706.53444
706.56294
706.58604
706.59240
706.71378
706.73268
706.73454
707.23296
707.28006
707.28378
707.91882
707.92764
707.94336
708.00834
708.07710
708.26586
708.36672
708.40998
708.99162
709.03806
709.04148
709.05060
709.06014
709.08018
709.24494
709.25652
709.28676
709.31304
709.35174
709.40250
709.41342
709.41696
709.48008
709.48692
709.56972
709.62702
710.05242
710.06748
710.08674
710.27484
710.34252
710.35080
710.35734
710.49612
710.65218
710.77614
710.80152
710.96406
710.97480
711.00288
711.04050
711.07464
711.09294
711.31116
711.38958
711.75270
711.75612
711.79590
711.92760
711.93120
711.93312
711.93930
712.72608
713.68986
713.79918
713.80590
713.83506
713.88924
713.92632
714.33378
714.48318
714.48888
714.50544
714.51222
714.55152
714.63492
714.64200
714.64374
714.69180
714.71538
714.74238
714.83268
714.84108
714.85188
714.85710
714.87120
714.88452
714.89184
714.95244
715.06092
715.49220
715.72890
715.80498
715.81920
715.85532
715.86288
715.88082
715.90986
716.02224
716.37168
716.39496
716.40648
716.41566
716.44458
716.46606
716.46762
716.46906
716.74086
717.08586
717.40866
717.42210
717.44490
717.45060
717.69210
717.70140
717.84408
717.91572
717.95826
718.04460
718.08528
718.13058
718.13736
718.37538
718.82274
719.16840
719.17536
719.48082
719.50674
719.52348
719.68866
719.69922
719.73258
719.93964
719.94726
720.01824
720.32394
720.33882
720.36552
720.37650
720.38190
720.54822
720.55014
720.69720
720.70134
720.72456
720.74118
720.78708
720.79524
720.88818
721.07406
721.43964
721.58898
721.69104
721.84020
722.74140
722.84364
722.96994
722.97408
722.97744
722.99046
723.58650
723.59364
723.61188
723.61830
723.62070
723.63312
723.64788
723.65838
724.06092
724.08564
724.09842
724.30710
724.54452
724.69308
724.69938
724.70736
724.70934
725.12730
725.34372
725.44308
725.45688
725.51652
725.56392
725.59284
725.63670
726.05310
726.27660
726.30714
726.31590
726.32688
726.33528
726.36276
726.39942
726.44322
726.45738
726.64218
726.98196
727.02198
727.43748
727.47336
727.56636
727.87170
727.87944
728.48874
728.78808
728.81004
728.83566
728.83728
728.83884
728.84970
728.85396
728.86140
729.13848
729.21660
729.23016
729.30474
729.31278
729.32454
729.33804
729.36060
729.36576
729.37242
729.41580
730.01820
730.04520
730.04784
730.05804
730.08150
730.11768
730.38504
730.38810
730.39620
730.40286
730.65426
730.70436
730.82484
730.92816
730.97538
730.98342
731.12676
731.18118
731.21232
731.28138
731.28516
731.28816
731.34606
731.37846
731.42640
731.43960
731.44812
731.46906
731.53824
731.64078
731.68062
731.68428
731.94510
731.95488
731.97234
731.98284
732.09324
732.10698
732.12174
732.34704
732.54168
732.85752
733.32378
733.33020
733.33452
733.35678
733.83732
734.17308
734.30202
734.32734
734.33076
735.29142
735.57894
735.59106
735.59982
735.61404
735.87216
735.88056
736.23078
736.23894
736.24302
736.27332
736.31664
736.32318
736.35636
736.36038
736.38972
736.39518
736.40034
736.43088
736.46484
737.10162
737.17410
737.23710
737.33010
737.35914
737.49594
737.51418
737.52240
737.53662
737.91600
737.93124
737.93310
737.93754
737.95242
738.34608
738.42582
738.46560
738.50310
738.52968
738.83298
738.88950
739.18272
739.22322
739.25334
739.26222
739.26690
739.27104
739.27320
739.27554
739.27986
739.35114
739.49040
739.68840
739.74990
739.77984
739.80198
739.82658
740.25516
740.48268
740.51880
740.53380
740.54070
740.54988
740.55408
740.56878
740.58366
741.09366
741.11946
741.14850
741.15546
741.73284
741.73446
741.76296
741.87690
741.88530
741.88902
741.92844
742.08378
742.11984
742.15524
742.18422
742.28580
742.41234
742.42692
742.45266
742.68114
742.69164
742.69920
742.74276
742.97052
743.00352
743.07612
743.25588
743.30364
743.42880
743.56464
744.22146
744.40848
744.41262
744.42162
744.50790
744.51528
745.20816
745.99536
746.00994
746.13510
746.19402
746.47824
746.53596
746.53770
746.54436
746.78100
746.80872
746.86722
746.92548
747.08268
747.09024
747.10176
747.10422
747.11514
747.13098
747.15528
747.18696
747.19614
747.20166
747.21090
747.26136
747.28104
748.46760
748.47564
748.58718
748.72530
748.72848
748.73070
749.14668
749.34618
749.39280
749.40204
749.41170
749.41746
749.44098
749.44452
749.44890
749.74824
750.37458
750.38484
750.58692
751.18452
751.19184
751.20408
751.24926
751.26126
751.27980
751.29000
751.30740
751.63344
751.76832
751.77000
751.89414
752.34492
752.36412
752.37924
752.40012
752.40666
752.41326
752.42688
752.44392
752.45928
752.55060
752.58414
752.58672
752.63994
752.64396
752.81448
752.91360
752.91894
752.92728
752.94006
752.95764
753.14334
753.27822
753.28554
753.55116
753.64368
753.74238
753.76362
753.85710
753.86322
754.14726
754.21422
754.22250
754.25040
754.27950
754.85976
755.34378
755.40312
755.43690
755.62362
755.71566
755.71818
755.75166
755.75928
755.76666
755.78832
755.83194
755.83626
755.88288
756.15906
756.50064
757.13490
757.13676
757.17024
757.18044
757.57764
757.82586
757.84704
757.90992
758.52588
758.53326
758.64720
758.67618
758.74788
758.92374
759.12444
759.12720
759.13806
759.14172
759.21198
759.26754
759.61854
759.65754
759.77286
759.77766
759.80304
759.82920
759.83328
760.16274
760.20618
760.29204
760.56912
760.68606
760.70814
760.79952
760.93608
761.06922
761.49852
761.56344
761.88294
762.36432
762.52272
762.55680
762.56616
762.57504
762.83028
762.84906
762.85212
763.10034
763.11918
763.44312
763.46550
763.47300
763.47666
763.77342
763.79538
764.01534
764.05962
764.14518
764.31234
764.43768
764.65188
764.77266
764.78268
765.07602
765.09582
765.31524
765.33936
765.36126
765.49608
765.51600
765.77490
765.87288
766.23774
766.25238
766.25724
766.27218
766.27386
766.28844
766.72506
767.03748
767.04450
767.05608
767.07330
767.09496
767.11608
767.53356
767.65968
767.72610
767.74698
768.50736
768.51882
768.55146
768.55464
768.59862
768.61326
768.66834
768.67602
768.68280
768.68646
768.74166
768.76860
768.79026
769.14912
769.16346
769.32138
769.32954
769.34034
769.34616
769.35078
769.39554
769.46604
769.49622
769.53498
769.53888
769.56120
769.57602
769.61232
770.15676
770.59230
770.61360
770.74686
770.75370
770.92188
770.92908
770.93664
770.94036
771.35802
771.86442
771.87192
771.89904
771.97590
772.00110
772.02246
772.02612
772.04952
772.06524
772.53714
772.58550
772.63548
772.65204
772.69206
772.81650
773.21262
773.22276
773.24328
773.58798
773.63568
773.77596
774.10272
774.14436
774.17250
774.31614
774.33774
774.34404
774.34674
774.48114
774.48480
774.61722
774.62994
774.64002
774.64362
774.66942
774.68706
774.77034
775.14504
775.71012
775.71744
775.83318
775.84776
775.86318
775.86678
775.87374
775.96920
776.26002
776.39514
776.43624
776.44818
776.46636
776.49516
776.69640
777.11250
777.36798
777.36966
777.44112
777.45312
777.46038
777.46734
777.46968
777.47802
777.49050
777.53874
778.22508
778.24704
778.26900
778.27608
778.28982
778.34820
778.43496
778.88334
778.98252
779.05464
779.09886
779.10396
779.54994
780.09246
780.09834
780.10644
780.10842
780.11994
780.19266
780.21408
780.54366
780.60384
780.62484
780.62730
780.62910
780.74058
780.75096
780.94392
780.99852
781.44948
781.47720
781.50774
781.82742
782.03754
782.21802
782.47020
782.59068
783.03852
783.05892
783.99066
784.02378
784.06626
784.09704
784.48020
784.56792
784.57194
784.70958
784.76004
784.79532
784.87218
784.90242
784.91652
784.96122
785.00118
785.01522
785.08164
785.18784
785.19408
785.41728
785.42514
785.53956
785.56794
785.59704
785.61072
785.71044
785.98260
786.01884
786.19080
786.27564
786.28176
786.35340
786.53130
786.56700
786.74268
786.74976
786.75432
786.90756
786.96144
786.97500
786.97848
786.98892
787.01628
787.39782
787.69134
788.02014
788.05938
788.13174
788.90556
788.90940
788.96112
789.01488
789.01992
789.03654
789.04116
789.04932
789.05982
789.06384
789.08448
789.08886
789.10698
789.13272
789.19338
789.20394
789.27090
789.28890
789.34308
789.67188
789.90660
789.93660
789.94272
790.13670
790.52940
790.67160
790.88904
791.45256
791.76618
791.77308
791.79330
791.80578
791.84448
791.90268
792.23790
792.31542
792.36702
792.83076
793.06452
793.07562
793.09836
793.10082
793.16760
793.20348
793.30626
793.33020
793.62702
793.65306
793.87896
794.23860
794.25588
794.27448
794.40324
794.47608
794.52300
794.58330
794.63952
794.69616
794.80848
794.83194
794.84616
794.86626
795.30384
795.43632
795.44676
795.45102
795.45858
795.89700
795.90480
795.91836
795.93276
795.94380
795.96918
796.26048
796.30356
796.49124
796.51266
796.58400
796.88478
796.91316
797.38038
797.40354
797.41062
797.48400
797.49732
797.60664
797.61384
797.65008
797.84232
797.85654
797.86404
797.87052
798.14208
798.18342
798.19512
798.25518
798.64062
798.77310
799.27296
799.30662
799.31712
799.32252
799.74660
799.75080
799.97250
799.98174
800.00394
800.01630
800.22066
800.23122
800.24988
800.26854
800.78064
801.03120
801.05364
801.05814
801.06468
801.12984
801.13332
801.14418
801.42318
801.44490
801.46668
801.47460
801.53712
801.75408
802.12332
802.30188
802.32756
802.34088
802.36080
802.43784
802.44552
802.45218
802.69026
802.71510
802.75758
803.02404
803.30172
803.33082
803.67630
803.71878
803.73066
803.80998
804.00132
804.04434
804.06732
804.21576
804.33420
804.51192
804.70344
804.72636
804.74766
804.79032
804.79656
804.80376
804.81174
804.89808
804.90330
805.00464
805.01892
805.07526
805.47660
805.48026
805.54548
805.70538
805.97886
806.10402
806.24058
806.25366
806.26218
806.83362
806.87100
807.50658
807.65556
807.67800
807.69828
807.70638
807.71070
807.71826
807.72156
807.72810
807.99858
808.02852
808.15098
808.40784
808.41414
808.47690
808.90764
809.52912
809.67168
809.67474
809.68020
809.69262
809.70990
809.71488
810.31560
810.43092
810.45666
810.71076
810.71928
811.07424
811.27764
811.28532
811.31124
811.35804
811.58166
811.62516
811.63224
811.71774
811.75392
812.37612
812.66658
812.66952
812.67462
812.68890
812.70846
812.72022
812.73528
812.76840
812.78946
812.87490
813.43236
813.51918
813.64146
813.75312
813.81522
813.88260
813.95166
813.99846
814.11870
814.12626
814.16262
814.54896
814.79022
814.84848
814.90548
814.94178
814.95396
814.96572
815.02926
815.06304
815.07642
815.08212
815.09022
815.40582
815.56638
815.64150
815.65572
815.66256
815.67102
815.67420
815.68884
815.69844
815.71038
815.72574
815.94558
815.95242
816.00120
816.03408
816.07944
816.08118
816.36876
816.44862
816.45306
816.47850
816.49248
816.68562
816.72900
816.98556
816.98910
817.00386
817.00668
817.21260
817.21764
817.22094
817.24266
817.25418
817.31418
817.33452
817.34916
817.65240
817.86390
817.92180
818.17218
818.18124
818.18304
818.35338
818.57922
819.02382
819.03042
819.03966
819.04254
819.33048
819.48042
819.52428
819.62946
819.65886
819.95214
820.65978
820.66524
820.66824
820.67430
821.12436
821.13816
821.15976
821.17992
821.18460
821.20248
821.34714
821.35248
821.38878
821.40330
821.45688
822.19770
822.26916
822.82284
822.82614
822.83046
822.90300
823.59042
823.67640
823.90464
824.56854
824.65824
824.72298
824.79228
824.81700
824.86410
825.01350
825.34716
825.35814
825.36660
825.60942
825.88446
825.91032
825.91404
825.93372
825.99234
826.00116
826.00554
826.11312
826.22010
826.23312
826.23642
826.25730
826.27188
826.32102
826.71390
827.45532
827.60724
827.63688
827.65188
827.68956
828.15762
828.17682
828.18042
828.25752
828.48066
828.53100
828.56076
828.60078
828.60798
828.75960
828.80118
828.82242
828.82566
828.83688
828.84354
828.85170
828.88278
828.88674
828.89700
828.90888
829.16748
829.23684
829.66614
829.67106
829.67316
829.67712
829.68276
830.05188
830.06730
830.08152
830.08842
830.09490
830.38830
830.45922
830.50386
830.50704
830.78346
830.79336
831.28956
831.40446
831.76764
832.11078
832.15482
832.17732
832.19028
832.21554
832.48254
832.51098
832.52874
832.58988
832.67700
832.86798
832.89414
833.03394
833.77116
833.78148
834.10626
834.11298
834.58272
834.58680
834.60492
834.63804
835.22784
835.26132
835.82154
835.84086
836.25054
836.28630
836.52102
836.52798
836.53380
836.76162
836.79378
836.79948
837.13584
837.15174
837.47886
837.50100
837.52332
837.53016
837.53736
837.92808
837.94326
837.95880
837.97578
837.98712
838.04262
838.04472
838.05228
838.09488
838.13184
838.14684
838.16070
838.16550
838.20948
838.34472
838.36746
838.49388
839.18874
839.19480
839.19870
839.21004
839.23818
839.47296
839.48832
839.49486
839.51148
839.63124
839.63880
839.66244
839.70174
839.70948
839.74470
839.85906
840.07314
840.08124
840.48882
840.53982
840.79524
840.92550
841.01592
841.23936
841.26126
841.29816
841.35954
841.38966
841.75092
841.92588
842.35500
842.36664
842.47014
842.95092
842.96862
843.05712
843.05952
843.06168
843.14928
843.19212
843.23460
843.27090
843.28908
843.89622
843.92814
844.25220
844.76478
844.77186
844.84674
844.86144
845.35140
845.37540
845.53890
845.54244
845.82168
845.89374
845.91492
845.92224
845.93694
845.95164
845.95812
845.97588
845.97966
846.03492
846.05052
846.75156
846.83850
846.84480
846.86034
846.96654
847.00878
847.02540
847.03014
847.05960
847.07862
847.11018
847.33008
847.73304
847.74462
847.76784
847.88244
848.05488
848.05944
848.41632
848.54532
848.57610
848.73906
849.07854
849.11832
849.25278
849.39588
849.41016
849.49980
849.59034
849.61710
849.67608
849.75552
849.78894
849.79272
849.79734
849.83292
850.00284
850.07598
850.43622
850.44276
850.52622
850.82634
850.84020
851.04516
851.04936
851.05362
851.06460
851.07540
851.09550
851.12640
851.14278
851.18304
851.29878
852.52776
852.57042
852.59430
852.61254
852.61974
852.63252
852.67890
852.71442
852.75588
853.22316
853.23018
853.26972
853.56270
853.70700
853.96506
854.01246
854.02302
854.04240
854.12934
854.20632
854.20998
854.21322
854.23524
854.24358
854.26392
854.42238
854.60082
854.77920
855.37548
855.37920
855.45018
855.50010
855.52986
855.72912
855.73662
855.76644
855.79488
855.83490
856.33686
856.35408
856.37328
856.47366
856.98072
857.07336
857.08806
857.09580
857.13882
857.51736
857.52456
857.56950
857.57994
857.63058
857.63874
857.94582
858.02382
858.22422
858.24156
858.24510
858.24786
858.34020
858.55374
858.57720
858.69102
858.77730
859.29168
859.36200
859.48320
859.49070
859.67358
859.84008
860.09778
860.13708
860.41782
860.42502
860.43408
860.47674
860.49444
860.53398
861.08454
861.12702
861.25638
861.31488
861.36222
861.46722
861.47490
861.67788
861.68454
861.81396
862.18350
862.19886
862.23552
862.26804
862.27548
862.27788
862.32606
862.37106
862.37784
862.38468
862.41450
862.42758
862.44936
862.47018
862.51386
863.04144
863.07762
863.11404
863.73186
863.75784
863.81094
863.81394
863.81826
863.82978
863.86410
863.87940
863.88786
863.89074
864.24210
864.26472
864.29742
864.36612
864.37320
864.37998
864.46536
864.96078
864.97134
864.99450
865.00092
865.06506
865.27998
865.32360
865.51530
865.56570
865.71786
865.74456
865.74774
865.89522
866.16480
866.20830
866.22372
866.27004
866.31012
866.35068
866.36820
866.45238
866.45916
866.46582
866.48052
866.50980
866.52840
866.53842
867.12480
867.41496
867.49104
867.69660
867.70020
867.70296
867.71904
867.83478
868.07520
868.08924
868.11876
868.19442
868.22052
868.38864
868.83216
868.84830
868.88262
868.91250
868.96092
869.01948
869.06160
869.17104
869.29710
869.37450
869.37816
869.53152
869.74830
869.97570
870.04236
870.06186
870.22542
870.26214
870.58404
870.62670
870.63342
870.64536
870.99786
871.11978
871.61214
871.61862
871.62048
871.63158
871.64388
871.66254
871.66560
871.66890
871.69086
871.72074
871.73466
871.95918
871.97196
872.05902
872.06226
872.06970
872.30472
872.64282
872.93952
872.94492
872.94948
872.99904
873.01248
873.04404
873.06492
873.07176
873.08664
873.12552
873.22242
873.38688
874.84500
875.00928
875.03052
875.06676
875.16510
875.17968
875.18412
875.21598
875.38674
875.93592
875.95782
875.99400
876.03684
876.05220
876.06018
876.06558
876.07614
876.63864
876.66078
876.66762
876.67242
876.67548
876.68262
876.72996
876.76674
876.78564
876.82590
876.88128
877.03254
877.14678
877.23738
877.25556
877.33290
877.50954
877.52634
877.73922
877.75692
877.83732
878.04708
878.10396
878.27640
878.28000
878.33358
878.41254
878.72046
878.73270
878.81154
879.03384
879.04152
879.66048
879.69966
879.70686
879.81654
879.82092
879.84042
879.85482
879.98364
880.05042
880.09350
880.11384
880.22274
880.24452
880.33170
880.33410
880.39008
880.46676
880.51188
880.53984
880.62696
880.63068
880.63458
880.73286
880.82712
880.91388
880.93524
880.95930
881.01990
881.05026
881.22738
881.42694
881.43582
881.60712
881.77860
881.95494
882.44412
882.51660
882.52320
882.52470
882.53004
882.54336
882.58488
882.59838
882.62340
882.74472
883.00110
883.35390
883.35732
883.37118
883.40124
883.44330