0.00460
0.32818
0.38530
1.18768
1.22350
1.23772
1.32028
1.35166
1.35958
2.14462
2.15188
2.17828
2.23456
2.51482
2.72446
2.75764
2.80456
2.95462
3.31840
3.41116
3.48088
3.56056
3.65344
3.77758
4.48480
4.51102
4.66816
5.26270
5.29420
5.73148
5.94406
6.36394
7.26802
7.49398
7.62106
7.69726
8.12104
8.59444
8.59816
9.06328
9.14350
9.16402
9.28486
9.41488
9.41758
9.81406
9.91108
9.92758
9.96970
9.97870
10.41148
10.41370
10.58806
10.60870
10.63762
10.64410
10.65142
10.85032
10.90138
10.99438
11.10760
11.94700
12.10492
12.11128
12.11752
12.12538
12.46756
12.50848
12.51598
12.52066
12.67744
12.95434
13.00108
13.69396
14.04406
14.12746
14.30176
14.31814
14.39626
14.48398
14.49124
14.54092
14.56870
14.68186
14.69680
15.10834
15.17458
15.21964
15.25696
15.27076
15.27718
15.31954
15.39934
15.44674
15.53458
15.55450
15.73486
15.74392
15.77074
15.94366
16.33618
16.34146
16.37428
16.43464
16.96336
17.52712
17.62684
17.83876
18.04372
18.79360
19.19854
19.40026
19.43092
19.54336
19.59532
19.61758
19.71724
20.02942
20.61724
20.85994
20.93830
21.16618
21.78970
21.83302
21.83710
22.10974
22.28392
22.96678
23.57854
23.61190
23.95294
24.17554
24.47044
24.75604
24.82738
25.10002
25.15150
25.49896
25.52158
25.54966
25.55632
25.64956
25.80532
26.13442
26.17822
26.18278
26.25868
26.37928
26.39980
26.41402
26.44948
26.54182
26.61592
26.94454
26.96494
27.03940
27.04882
27.06580
27.07054
27.15814
27.32056
27.36088
27.65062
27.72472
27.74404
27.80812
28.05868
28.40320
28.44136
28.75198
28.92184
29.77474
29.78128
29.82202
29.82442
29.94340
29.94826
30.58168
30.58834
30.59812
31.43140
31.44064
31.44478
31.45432
31.85434
31.94044
32.08114
32.32396
32.39110
32.50744
32.54350
32.55550
32.83084
32.84800
32.85994
32.87380
32.98054
33.52066
33.56908
33.62080
33.66418
33.79348
33.79768
33.80068
34.09312
34.18360
34.50676
34.81378
34.83508
34.85032
34.94716
35.21410
35.29012
35.30410
35.32126
35.55658
35.60674
35.62018
35.62360
35.89924
36.60028
36.67324
36.67978
36.73624
36.80656
36.97330
36.99724
37.08040
37.29274
37.30300
37.58716
37.63510
37.65634
37.65982
37.69402
37.77802
37.87306
37.88038
37.94632
37.99270
38.11408
38.15632
38.19976
38.21686
38.56642
38.78068
38.82316
38.84254
38.98972
39.18934
39.26380
39.31660
39.45322
39.60880
39.90208
40.02568
40.41814
40.41988
40.46140
41.08906
41.33914
41.35366
41.36128
41.85562
42.15562
42.16336
42.16990
42.38254
42.48268
42.55570
42.70582
42.83908
42.89956
43.29148
43.29814
43.33606
43.34260
43.44922
43.49908
43.84192
43.89898
43.97500
44.14900
44.57944
44.62894
44.69752
44.70214
45.11284
45.15538
45.42946
45.81466
45.81874
45.83626
45.85156
45.87202
45.88720
46.52914
46.57204
47.35978
47.78182
47.90974
48.21712
48.22378
48.43798
48.59578
48.63076
48.72442
48.94534
49.01536
49.60498
49.90504
49.93162
50.66068
50.69848
51.03832
51.38806
52.01350
52.10116
52.32142
52.36228
52.53394
53.14120
53.45506
53.87830
53.89126
54.13654
54.17914
54.32884
54.77890
55.41244
55.43080
55.75156
55.80784
56.06524
56.10190
56.17150
56.64580
56.67886
56.68174
56.78176
57.16222
57.20410
57.22336
57.23158
57.35236
57.43174
57.49588
57.52444
58.54540
58.73824
58.91812
58.93384
59.10472
59.23192
60.14848
60.23380
60.30526
60.30910
60.31756
60.41860
60.42916
60.43852
60.49270
60.56248
60.58396
60.59116
60.65530
60.79138
60.83830
60.86272
61.02622
61.06234
61.08526
61.09114
61.20490
61.24606
61.40494
61.49908
61.60492
61.81288
61.85650
61.86922
61.89172
61.91296
61.94146
61.97692
62.03374
62.04640
62.05402
62.38594
62.46304
62.53132
62.69170
63.12220
63.24874
63.87238
64.02964
64.07326
64.12906
64.37200
64.43872
65.17906
65.73934
65.87992
66.22546
66.26026
66.28006
66.39472
66.44638
66.95908
66.96106
66.96364
67.15330
67.39672
67.99660
68.01832
68.06806
68.14672
68.16604
68.48974
68.49508
68.52292
69.14716
69.19990
69.53308
69.87058
69.87586
70.03060
70.03252
70.38982
70.65646
70.67044
70.71994
70.72624
70.74034
70.80724
70.81402
70.92340
70.95010
70.95634
71.00662
71.11582
71.12410
71.14252
71.36158
71.51086
71.67784
71.76394
71.86384
72.12058
72.25690
72.31318
72.41458
72.52060
72.57088
72.59122
72.61468
72.66376
72.70078
72.86470
73.07362
73.63792
74.04334
74.13754
74.29372
74.41738
74.48080
74.49484
74.50690
74.51596
74.52526
74.94034
75.00958
75.54394
75.56056
75.56578
75.58678
75.77716
75.82426
75.83164
75.86770
76.12402
76.48168
76.58158
76.61254
76.66042
76.68832
77.24596
77.24758
77.82562
77.94094
78.10504
78.11074
78.30520
78.30802
78.38164
78.69100
78.86080
78.89884
79.08424
79.51984
79.64884
80.09908
80.23924
80.25580
80.54914
80.72542
80.72800
80.74930
80.89132
81.39388
81.77944
81.87280
82.09864
82.47886
82.56610
82.60108
82.70584
82.99978
83.40904
83.41630
83.53804
83.54482
83.55238
83.56654
83.57272
83.63824
83.77822
83.80876
83.83216
84.03898
84.14554
84.20944
84.22354
84.25918
84.49546
84.51196
84.51604
84.55900
84.56578
84.89326
84.90268
84.92392
84.94552
84.95938
85.04554
86.52622
87.06676
87.11728
87.37000
87.37690
87.80266
88.05718
88.08436
88.08958
88.12678
88.13416
89.12056
89.67742
89.68366
90.37378
91.05172
91.34404
91.44436
91.53430
91.55452
91.55788
91.57030
92.10160
92.52148
92.67352
92.75980
92.84458
93.44524
93.64510
93.66454
93.99568
94.00030
94.09780
94.13182
94.26934
94.29202
94.29508
94.38874
94.40086
94.45462
94.46020
94.50274
94.55194
94.59526
94.59814
94.89244
94.96174
95.23618
95.24314
95.25286
95.28148
95.41894
95.43910
95.63932
95.76214
96.08950
96.11932
96.20326
96.96262
96.97030
97.00372
97.56286
98.27044
98.31352
98.42068
98.67724
98.87680
98.92060
99.09664
99.40696
99.44974
100.00744
100.38406
101.15044
101.22934
101.28514
101.31400
101.31724
101.43058
101.46400
101.57428
102.72046
102.73234
102.89572
103.58134
103.59778
103.96516
104.06794
104.52400
104.55952
104.84596
104.88184
105.09862
105.19858
105.31978
105.33214
105.43198
105.56848
105.65146
105.66790
105.75910
105.76162
105.76876
105.89908
106.31590
106.88242
107.02510
107.57368
107.80714
107.95990
108.00598
109.10620
109.15750
109.15990
109.35520
109.37716
109.60798
109.84300
109.94152
109.95796
110.15992
111.45136
111.87526
111.93454
111.94858
112.46848
112.54234
112.64260
112.83844
113.79322
113.82580
113.83336
113.83858
113.84614
114.00922
114.03838
114.13876
114.15268
114.80314
114.83146
115.13920
115.36306
115.38442
115.50556
115.51780
115.52044
115.87732
116.16046
116.46088
116.48362
116.66062
116.75632
116.91742
117.07744
117.10714
117.18670
117.43558
117.54124
117.55012
117.85672
117.88702
117.97048
118.20016
118.20712
118.22782
118.26430
118.47730
118.53742
118.55746
118.62106
118.63744
118.65106
118.66462
118.83106
118.87102
118.93750
119.03548
119.81494
119.84476
119.92900
120.05230
120.07150
120.37828
120.41266
120.63814
120.66526
120.69598
120.70972
121.12174
121.24822
121.26022
121.27966
121.29598
121.45204
121.78144
122.14648
122.22658
122.74618
122.88958
122.98954
123.12550
124.04710
124.11688
124.13788
124.16956
124.29796
124.30396
124.39006
124.79734
124.81078
124.85452
125.09764
125.17636
125.43406
125.92384
126.29992
126.74086
126.97054
126.98464
127.52152
127.53346
127.54414
127.59106
127.84252
127.89412
127.90198
127.96564
127.98682
128.20930
128.22202
128.71534
129.01588
129.04438
129.28264
129.30838
129.51610
129.91600
130.55932
130.60318
130.61656
131.41690
131.49022
131.73292
131.85310
132.46714
132.57646
132.58300
132.71716
132.88336
132.91924
133.73434
133.80364
134.17720
134.43442
134.57740
134.63428
134.84416
134.87728
134.91964
134.96374
135.32092
135.33442
135.37786
135.43498
135.45598
135.76096
135.76330
135.87124
135.88492
135.93292
136.71784
136.74244
136.88536
137.08540
137.11258
137.22136
137.32810
137.43562
137.66572
137.67196
138.03148
138.09382
138.19282
138.64552
138.89542
139.55290
139.67908
139.98922
140.17318
140.19316
140.21920
140.43820
140.44648
140.45344
140.74606
141.09616
141.10372
141.10588
141.10900
141.11764
141.15382
141.27304
141.45400
141.62350
142.49296
142.54024
142.99054
142.99684
143.61808
143.62312
143.89384
143.93488
144.08458
144.28060
144.78562
145.03378
145.33840
145.34758
145.37836
145.38106
145.59808
145.74442
146.01478
146.19808
146.21332
147.28774
147.34234
147.38230
147.38812
148.03072
148.08814
148.33840
148.93930
149.00950
149.53270
149.54656
149.80990
149.83870
149.90908
150.38140
150.38950
150.41188
150.46006
150.48274
150.68764
150.72982
150.81658
150.89728
150.94972
151.12420
151.32400
151.82578
151.98310
152.15026
152.91682
152.93404
152.98798
153.97162
154.05742
154.56808
154.95508
154.96528
155.54170
156.25924
156.35914
156.39802
156.45922
156.49432
156.94990
157.15222
157.19308
157.25200
157.58974
157.83874
158.12662
158.14252
158.29600
158.60998
158.79616
159.04624
159.35338
159.42394
159.42676
159.91066
160.16062
160.22002
160.80346
160.81258
160.92034
161.12800
161.15392
161.20222
161.20660
161.21116
161.30848
161.34148
161.42560
161.44702
161.47060
161.54008
161.55394
161.66866
161.68168
161.68756
161.78746
161.82826
161.85526
161.89768
162.03250
162.05464
162.26812
162.33736
162.59200
162.61210
162.62098
162.71458
162.84208
162.89098
162.90490
162.95452
162.98290
163.00612
163.01452
163.07548
164.22922
164.63572
164.95780
164.96290
165.00658
165.01582
165.02968
165.03532
165.05290
165.22240
165.39922
165.46582
165.76180
165.89980
165.91516
165.92920
166.13002
166.68022
166.72252
167.21650
167.23780
167.25940
167.26840
167.27302
167.35336
167.36392
167.83060
168.30418
168.37360
168.47344
168.63268
169.08160
169.39090
170.38486
170.39836
170.42500
170.72752
170.80492
170.81278
170.81866
170.84884
170.85346
171.54136
171.64822
171.69166
171.84916
171.90820
172.04194
172.24228
172.52944
172.57816
172.66888
172.94944
173.24008
173.29240
173.39218
173.39992
173.51506
173.59228
173.61562
173.64508
173.74252
174.04306
174.13648
174.70030
175.44598
176.51722
177.16054
177.52750
177.54724
177.76864
177.83182
177.84724
178.05214
178.61122
178.65514
179.76946
179.84188
180.21238
180.46990
181.20364
181.41250
181.54372
181.54606
181.68982
181.91374
181.93048
181.97038
181.99930
182.21320
182.60686
183.04984
183.06106
183.06880
183.08650
183.10114
183.11098
183.16144
183.34348
183.86164
183.88096
184.57222
184.85218
185.15104
185.25148
185.66242
185.67274
186.11584
186.41296
186.78256
186.79672
187.23022
188.11678
188.13346
188.14720
188.18326
188.19046
188.20672
188.79094
188.91172
189.02020
189.78424
189.95242
190.02508
190.29184
190.35532
190.43494
190.75108
190.77124
191.54242
191.57896
191.59264
192.39244
192.43876
192.46348
192.59320
192.66628
192.83134
193.34392
194.16652
194.53828
194.54332
194.88730
194.90176
194.90824
194.95174
195.10984
195.15640
195.27364
195.29470
195.30424
195.38746
195.40408
195.60142
195.75388
196.04518
196.05994
196.10278
196.46074
196.61206
197.10526
197.46916
197.48200
197.71906
197.72632
198.05554
198.14920
198.40138
198.89086
198.92026
199.01092
199.37602
200.00686
200.62660
200.81950
201.14830
201.19858
201.25780
201.28648
201.35752
201.54808
201.55318
201.56554
202.07470
202.12012
202.12234
202.12798
202.44334
202.45180
202.45756
202.49434
203.74498
203.75272
203.76592
203.82376
203.86966
204.14266
204.83656
204.84454
205.44052
205.45126
205.48102
205.72684
205.78774
205.80304
205.80772
205.81294
205.81816
205.84732
206.01820
206.21080
206.22406
206.24746
206.29678
206.32750
206.33968
206.45746
206.58400
206.60398
206.61082
206.66080
206.69050
206.71864
206.72482
206.79460
207.02788
207.09736
207.10522
207.50284
207.52348
207.57544
208.14064
208.15534
208.53538
208.75582
209.04292
209.26282
209.95870
210.68020
211.09720
211.30486
211.78834
211.89250
212.32210
212.80126
213.02260
213.02554
213.02866
213.50914
213.51532
213.98248
214.71604
215.50324
215.50564
215.73316
216.18352
216.36760
216.39130
216.40432
216.68356
216.79132
217.23430
217.27162
217.28428
217.41544
217.47964
217.52698
217.53400
217.58452
217.84180
217.86406
218.14222
218.77588
218.86186
218.93482
218.98510
219.09256
219.15610
219.19930
219.37216
219.39292
219.74926
219.83530
220.81198
220.88650
221.37970
221.42242
221.82928
221.84410
222.95032
223.33750
223.51204
223.59676
224.07580
224.07790
224.52526
225.42916
225.46978
225.82558
226.51378
226.56826
226.57612
226.67026
227.01394
227.04856
227.41330
227.51002
228.03490
228.04546
228.38644
228.39118
228.65614
228.74878
228.77188
228.84814
228.88372
229.20790
229.24156
229.26466
229.27204
231.04270
231.26728
232.15096
232.59376
232.63456
232.76020
232.78942
232.98886
233.16070
233.19664
233.20990
233.21764
233.99734
234.08836
234.10546
234.11812
234.33850
234.46876
234.94828
234.95278
235.58422
235.61908
235.74010
237.31384
237.37834
237.40012
237.62098
238.43128
238.44790
238.45234
238.45582
238.48564
238.54804
238.67272
238.67968
239.56222
240.01600
240.23320
240.50068
240.69394
240.75772
240.84628
240.90268
241.17430
241.49656
241.58104
241.65808
241.67368
241.68694
241.72504
241.87396
242.06740
242.18464
242.26138
243.03094
243.71632
243.80224
244.23292
244.42660
244.46008
244.46680
244.58656
244.59802
245.03974
245.08636
245.32744
246.76384
246.80482
247.24096
247.47154
247.70632
247.82170
248.27224
248.38012
248.80894
249.45166
249.50032
249.50656
249.55636
250.15342
250.23094
250.46464
251.54380
251.55802
251.58106
251.61550
251.67460
251.70550
251.72452
251.76046
251.76562
251.80336
251.87458
251.87644
251.92474
252.02518
252.03292
252.06844
252.13258
252.15436
252.26584
252.30472
252.39808
252.45232
252.91120
253.05598
253.07584
253.13326
253.30756
253.37842
253.41676
253.46218
253.55500
254.48392
254.64352
255.12718
255.56332
255.73498
256.63564
256.65142
256.67170
256.92856
257.07838
257.09284
257.27878
257.58658
257.82256
257.97598
258.61072
258.61534
259.00468
259.15714
259.93048
260.54770
260.55514
260.57476
260.67448
261.58186
261.98914
262.04164
262.43164
262.61872
262.73308
262.77292
262.80334
262.95400
263.00986
263.25682
263.65690
263.66338
264.32608
264.33106
264.42016
264.61720
265.68466
265.82062
266.22094
266.22748
266.73838
266.74180
267.10858
267.44326
268.20304
268.56028
268.83640
268.95322
268.95724
269.02966
269.03494
269.08660
269.56120
270.19648
270.29482
270.78754
271.32568
271.33324
271.36384
271.37542
271.38904
272.50366
272.51296
272.55532
272.73226
272.84638
273.12754
273.17836
273.47554
273.82606
273.90562
274.57588
274.61296
274.62796
274.71388
274.95016
274.95664
275.01424
275.34286
276.06382
276.18424
276.87406
276.89584
276.90316
276.90502
277.41574
277.91524
278.15830
279.30550
279.33790
279.35944
279.38650
279.39226
279.40282
279.51832
279.63988
279.73240
280.30954
281.09080
281.18278
281.21944
281.91472
281.94988
281.96962
281.98936
282.66568
282.67696
282.99688
283.43512
283.44724
283.76386
284.21218
284.25802
284.26660
284.32864
284.33602
284.43532
285.82936
285.87250
285.89344
286.88488
288.21010
288.21640
288.23338
288.27736
288.33688
289.31464
289.33108
289.36168
289.49800
289.78288
289.85548
289.97458
290.17480
290.24794
290.48896
290.68126
290.79856
291.09868
291.10528
291.25588
291.54892
291.77260
292.07314
292.39240
292.45636
292.48642
293.09344
293.13508
293.22340
294.00124
294.01462
294.03412
294.14326
294.84730
295.66714
295.68160
295.81654
296.00062
296.06410
296.17330
296.30836
296.32486
296.33380
296.34424
296.59906
296.80402
296.85844
297.01024
297.03214
297.05164
297.49654
297.52534
297.66790
297.67516
297.68116
297.79444
297.82558
298.22572
298.45918
298.68190
299.12602
299.32510
299.75554
299.88256
300.03364
300.79828
300.83446
300.84016
301.64152
302.65342
302.66344
302.66656
302.77030
302.90710
303.59140
303.60694
303.69508
303.84232
304.33834
304.37878
306.28906
306.30922
306.31582
306.35236
306.37366
306.51160
306.53158
306.56620
306.57958
306.68938
306.88264
306.89584
306.97990
307.06366
307.25326
307.27552
307.63912
307.64680
307.80640
307.88980
307.91794
307.97560
308.03320
308.05672
308.16862
308.33344
308.95978
310.59100
310.79512
310.98526
311.04850
311.52748
311.56456
311.71474
312.21076
312.21538
312.39910
312.55564
312.86164
312.89218
313.06876
313.90864
314.06638
314.50936
314.99974
315.75316
315.79624
315.81898
316.39972
316.40362
316.58878
316.72540
316.95364
316.96750
317.11792
317.43904
317.58052
317.59072
317.71822
317.79280
318.16048
318.26092
318.47728
318.72748
319.02112
319.43458
319.63450
320.05408
320.67832
321.85324
322.73830
322.82254
324.12598
324.15124
325.18714
325.39618
325.42648
325.53832
325.99630
326.03998
326.06284
326.53294
326.55400
326.56036
327.43732
327.45532
327.46096
327.47986
327.50068
327.50416
327.54004
327.58768
327.59002
327.91228
328.13014
329.74768
330.06370
330.59350
330.75004
331.67320
331.93042
331.95766
332.10766
332.50750
332.53804
332.57164
332.57800
332.72320
333.13846
333.43126
333.71542
334.23070
334.49776
334.51732
334.53106
335.25778
335.26498
335.36230
335.48848
335.53150
335.66770
336.07666
336.70546
337.31488
337.67062
337.67500
338.09164
338.30104
338.36446
338.44174
338.46736
338.49160
338.49832
338.52220
338.57674
338.59840
338.65456
338.67112
338.68624
338.75572
338.82844
338.87236
338.88586
338.95564
339.04186
339.07216
339.10570
339.19864
339.23596
339.37234
339.41512
339.61486
339.62230
339.62914
341.20132
341.23618
341.32234
342.18940
342.32206
342.36526
342.90154
342.91828
343.01524
343.75876
343.78192
343.95682
344.68678
344.69824
344.71534
345.06832
345.68950
345.94846
346.04842
346.15444
346.16548
346.21054
346.80574
346.87960
347.24188
347.34106
347.35582
347.54218
347.91382
347.97250
348.40138
348.40606
348.41992
348.44374
348.54274
348.56200
348.78616
348.82978
348.83656
348.86284
348.86494
349.26484
349.76500
349.88440
349.99192
350.02234
350.21506
350.43160
350.53006
350.53882
350.55130
350.56846
350.59336
350.63830
350.68168
350.70112
350.70994
350.75884
351.31468
351.38152
351.41674
351.43150
351.98170
352.03882
352.21762
352.32412
352.36768
352.68166
352.83124
352.88224
352.96024
353.38858
353.57494
353.63164
354.10246
354.13894
354.14908
354.18874
354.72184
355.00522
355.55776
355.57468
355.61176
355.62448
355.79782
356.04766
356.34892
356.39788
356.44798
356.65540
356.69806
357.22432
357.93808
358.06378
358.10062
359.03824
359.07382
359.15986
359.57746
359.63044
359.86540
359.87398
359.95768
360.23038
360.34636
360.58756
360.71632
360.77362
360.83746
360.84490
360.87040
360.93658
361.06780
361.46014
361.55992
361.57360
361.64452
362.64682
362.65858
362.82976
363.03244
363.14008
363.46132
363.56278
363.57640
363.58984
363.59632
363.76282
363.86278
364.14304
364.15366
364.16044
364.16998
365.03284
365.11228
365.25742
365.29864
365.54872
365.66314
365.76922
366.11200
366.16984
366.39298
366.51226
366.72592
366.73768
366.76606
367.54354
367.73602
367.88578
368.62966
368.80210
369.04444
369.05878
370.10890
370.54426
370.71454
370.86784
370.90324
370.93876
370.98034
371.25178
371.25784
371.26678
371.28934
371.31052
371.31838
371.59678
371.63038
371.64724
371.97682
372.09640
372.11020
372.36766
372.51154
372.54640
372.58072
372.79144
372.96652
373.11922
373.17670
373.18396
373.54096
373.88380
374.08360
374.34034
374.41948
374.42158
374.57614
374.76220
375.15652
375.17866
375.19270
375.57856
375.63592
375.70006
376.69168
377.52142
377.57236
378.31534
378.33436
378.53818
378.59500
378.87394
379.31506
379.32256
379.33150
379.34080
379.41718
379.42438
379.44364
379.46698
379.63114
379.73098
380.09458
380.27326
380.88226
380.88724
380.89276
381.28306
381.42574
381.68290
381.68974
381.83230
382.45288
382.49650
382.53196
382.56580
382.81174
382.83850
383.11924
384.77854
384.78772
384.80782
384.81316
385.12846
385.57792
385.67068
386.09362
386.11384
386.14306
386.57248
386.58664
386.81248
387.14326
387.97876
387.98080
388.47136
388.58770
388.62466
389.16754
389.26798
389.27494
389.66092
389.69620
389.72518
390.71662
390.81028
390.89752
390.94054
391.62658
391.66924
392.18932
392.19916
392.48224
392.53912
392.96338
392.99074
393.01192
393.33448
393.36076
393.43558
393.70636
393.79162
393.90028
393.96436
394.07536
394.12150
394.28362
394.34338
394.36390
394.37152
394.45756
394.58086
394.77772
394.78792
394.79446
395.02564
395.23006
395.37076
395.67322
395.95666
396.09376
396.42298
396.65050
396.68938
397.54552
397.64476
397.66390
397.85440
398.84458
398.91112
399.50344
399.53794
399.66064
400.05418
400.64296
400.65298
400.92934
400.93432
401.80474
401.86972
401.97610
402.00022
402.01822
402.05584
402.41194
402.63310
402.82792
403.04926
403.42816
403.90756
404.20726
404.31502
404.34124
404.35762
404.41504
404.91898
405.04462
405.09526
405.20086
405.22180
405.24292
405.24676
405.56662
405.66766
405.69382
405.90934
406.04260
406.15330
406.23628
406.29556
406.49950
406.66660
406.71034
406.77484
407.53186
407.68198
408.29074
408.43174
408.51190
408.78796
409.35376
409.68064
409.86358
409.87930
410.20300
410.21992
410.98396
411.37672
411.62140
411.64324
411.78556
411.81916
412.05700
412.57840
412.82134
412.89196
412.92856
412.95832
412.99216
413.00554
413.02576
413.75758
413.78692
413.90056
414.15118
414.15826
414.24154
414.25012
414.25684
414.28654
414.97894
415.03786
415.08112
415.31602
415.32388
415.52056
415.52818
415.54294
415.75840
415.79488
415.80394
415.90966
416.47318
416.58946
416.80900
417.12538
417.21754
417.34834
417.89350
417.91174
417.92632
418.38220
418.44034
418.51726
418.53808
418.99096
419.04748
419.10388
419.17066
419.32792
419.33308
419.60464
419.65006
419.65468
419.79712
419.87104
419.97076
419.97730
420.06982
420.10696
420.17710
420.42058
421.15618
421.22056
421.30312
421.37896
422.23930
422.68558
422.71456
422.71636
422.89480
423.16414
423.51388
423.55342
423.66400
424.69420
424.88698
424.90858
424.94464
425.06038
425.71672
425.95300
425.95978
426.31684
426.75262
426.84970
426.91600
427.00570
427.11034
427.12336
427.17616
427.21876
427.27534
427.28302
427.43434
427.56892
427.58290
427.59190
427.60522
427.61332
427.78852
427.81882
427.88944
428.17492
428.22478
428.30572
428.56954
428.57482
428.64106
429.07732
429.14740
429.44110
429.46372
429.50704
429.63406
429.73114
430.30660
430.67620
430.75000
431.10598
431.85580
431.95870
431.97076
431.98000
432.12226
432.17278
432.30592
432.34564
432.62848
433.00186
433.07206
433.56538
433.65208
433.73788
433.74580
433.75270
434.13766
434.37838
434.38480
435.00406
435.23074
435.86116
436.06084
436.41670
436.42432
436.69648
436.76026
437.21920
437.22670
437.25562
437.26936
437.32618
437.35528
437.91886
437.92588
437.95522
437.99578
438.01930
438.60634
438.61894
438.71242
438.81916
438.84700
438.90220
438.93538
439.28962
439.31806
439.32844
439.50052
439.51120
439.52080
439.53466
439.54816
439.74760
439.79164
439.80724
440.18422
440.19502
440.22790
440.24164
440.42758
440.48464
440.49328
440.50810
441.35020
441.84364
442.27390
442.51954
442.63726
443.24920
443.28028
443.42332
443.53018
444.58936
444.63202
444.78832
445.19632
445.22872
445.23706
445.34812
446.78050
446.78842
446.81116
446.89762
447.23986
447.44662
447.64186
447.98290
448.32034
448.94872
449.06254
449.06998
449.42890
449.55766
449.58646
449.59216
449.61502
449.70832
449.76988
449.79844
450.36778
450.39280
450.82156
450.86890
450.88114
450.89452
451.22164
451.33078
451.36396
451.38514
451.39468
451.53034
451.94392
452.80738
452.83816
453.09220
453.65350
453.75952
453.87538
453.88060
453.90322
453.95992
453.97318
453.98086
454.91956
454.93300
455.68918
455.96818
455.98192
456.01612
456.14170
456.18250
456.46150
456.52828
456.53236
457.19752
458.33146
458.66422
458.95690
459.60856
459.61432
459.67306
459.70624
460.29424
460.30864
460.71748
460.72204
460.75666
460.82278
461.21926
461.27962
461.45896
461.80894
464.14678
464.30914
464.81926
465.26890
465.31930
465.63550
465.85942
465.96250
465.96844
466.04086
466.05526
466.09168
466.40470
466.82830
467.42818
467.44906
467.45542
467.54938
467.83450
467.99860
468.50038
468.69406
469.49980
469.60030
470.42344
470.57368
470.60218
470.63878
470.69896
470.77342
470.78272
470.99242
471.14578
471.30874
471.38206
471.42568
471.53920
471.92218
471.92506
472.00222
472.38142
472.71868
472.86058
473.00494
473.44726
473.46364
473.98324
474.19030
474.22000
474.39634
474.72022
474.82654
474.97048
475.56256
475.67614
475.89052
476.19172
476.50390
476.56918
476.61922
477.23542
477.26404
477.42784
477.44344
477.48520
477.84412
477.84862
477.93538
478.49374
478.57462
478.61452
478.72966
478.74370
478.75738
478.77226
478.78720
479.07322
479.12998
479.15074
479.22952
479.57152
479.83822
480.14572
480.27358
480.83566
481.47472
481.48234
481.51060
481.52488
481.59772
481.91848
481.94536
482.15452
482.21794
482.67070
482.83078
482.83720
483.43978
483.48964
483.54046
483.83350
483.85408
484.28314
484.52512
484.55992
484.65550
484.70326
484.73272
484.75366
485.54248
485.54884
485.55514
485.75500
486.06226
486.42106
487.17994
487.19122
487.90066
487.90780
488.19274
488.85202
488.90272
488.90902
489.00208
490.33252
490.33492
490.40254
490.82494
490.86772
491.25370
491.27692
491.43736
491.47720
491.48146
491.48578
491.49070
491.57452
491.59372
491.64106
491.71708
491.73106
491.77846
491.80738
491.96026
491.98984
492.03994
492.19726
492.38254
492.40480
492.57646
492.81346
492.92662
493.02334
493.03270
493.24906
493.27936
493.61998
493.84234
494.04844
494.72500
494.74318
495.19546
495.36424
495.46420
495.65512
495.67186
495.97126
496.96588
497.54872
497.57140
497.83672
498.24988
498.28570
498.29530
498.31462
498.32884
498.62854
498.85276
498.99496
499.05256
499.42510
499.63804
499.79386
499.81840
500.12434
500.60404
500.79400
501.39766
501.66700
501.67180
501.69580
501.71236
501.73330
501.74788
501.76870
501.78358
501.88372
501.88990
501.92596
501.94018
502.53580
502.63492
502.64200
502.79572
502.84534
502.89490
502.90468
502.91920
502.94602
503.01280
503.06338
503.09176
503.21146
503.21884
503.25418
503.27080
503.27584
503.28298
503.28940
503.60620
503.68354
503.74156
503.77042
503.82778
503.94928
503.98768
504.34396
504.49150
504.54064
504.96520
505.13692
505.19350
505.24354
506.00662
506.33638
506.64370
506.65132
506.67304
507.26626
507.43624
507.72262
507.80278
507.86566
507.91618
507.94600
508.02946
508.34536
508.50076
508.52194
508.59592
509.25232
509.46664
509.47432
509.48182
509.49802
509.95318
509.98918
510.25414
510.31156
511.12672
511.47010
512.10010
513.07840
513.51244
513.69304
513.74212
514.09954
514.12132
514.13524
514.24264
514.29226
514.44586
514.45576
514.47154
514.52116
514.52890
514.55062
514.57900
514.73218
514.94380
514.95118
514.95910
514.97560
515.29354
515.35768
515.37088
515.46544
515.68978
515.70862
516.00106
516.09376
516.10084
516.13762
516.73540
516.94420
517.05388
517.16704
517.20316
517.85302
518.03584
518.04406
518.68954
519.05230
519.08308
519.12412
519.66910
519.73966
519.88924
519.90388
519.91966
520.48978
520.59604
520.63990
521.05912
521.12506
521.36842
521.65618
522.00574
522.00862
522.09154
522.66460
522.70546
523.62826
523.64296
523.65496
524.21422
524.34418
524.40778
524.45782
524.76544
524.77402
524.86396
525.05452
525.42388
525.53056
525.54442
525.72148
525.77116
525.98788
526.23760
526.41634
526.95142
526.96636
527.02528
527.69662
527.84644
527.89006
527.90368
528.30832
528.45364
528.65386
528.97618
529.41244
530.61130
530.82862
530.94226
531.99244
532.01434
532.03492
532.04290
532.33522
532.60858
533.50840
533.51434
533.54416
533.55646
533.68624
533.82790
533.86384
533.99404
534.01534
534.44452
534.47110
534.75154
534.82990
535.10158
535.13044
535.17286
535.25746
535.26058
535.26700
535.45126
535.66804
535.69366
535.74640
536.09332
536.46796
536.56042
536.65354
536.67688
536.88328
536.91658
537.09082
537.20374
537.26728
537.93916
537.97648
538.08910
538.12942
538.30336
538.98256
539.01970
539.18332
539.19898
539.33344
539.33992
539.77108
540.44926
540.64978
540.76624
540.88444
541.03552
541.27834
541.29946
541.50808
541.52962
541.60528
541.77058
541.85680
542.12230
542.42458
542.50828
542.51452
542.55832
542.65090
543.17116
543.22156
543.27454
543.57160
543.75826
544.17988
544.20304
544.20754
544.25836
544.26544
544.40746
544.41544
544.64824
544.86046
544.87432
545.17390
545.27416
545.31670
545.66068
545.77438
545.84350
545.97154
546.03148
546.07198
546.07510
546.23122
546.37690
546.39796
546.43144
546.44734
546.54676
546.81112
546.82378
546.88006
546.96136
547.21690
547.23304
547.46020
547.50364
547.59034
547.63390
548.04754
548.09746
548.33746
548.75656
548.78530
548.93332
549.24022
549.40672
549.96358
549.99856
550.20580
550.82002
550.82308
550.82956
552.20842
552.68002
552.87232
552.91612
552.92890
553.00828
553.40224
553.50856
554.29582
555.38212
555.71032
555.78796
555.89530
556.08808
556.24708
556.28782
556.31860
556.34830
556.44178
556.45426
556.46218
556.47100
556.51846
556.59064
556.61824
556.62622
556.64134
556.66318
556.66846
556.71088
556.90468
557.01886
557.34778
557.40478
557.50444
557.71132
557.77648
557.84794
557.97832
558.06088
558.17080
558.21172
558.54766
559.17028
559.45666
559.54120
559.58434
559.82794
559.92838
560.42074
560.43484
560.47066
560.83702
560.87794
561.24430
561.30808
561.32806
561.38020
561.39448
561.40786
561.67330
562.18762
562.23736
562.24402
562.25842
562.58044
562.83676
563.32648
564.02446
564.21772
564.26692
564.34438
565.09570
565.61974
565.95328
566.16316
566.16940
566.41060
566.43214
566.47432
566.56354
566.71030
566.73160
566.87686
567.07666
567.11938
567.36904
567.39826
567.67714
567.74026
567.81292
567.83608
568.17688
568.38592
568.83640
568.94344
569.02228
569.19310
569.45032
569.50660
569.61460
569.62930
569.63608
570.09346
570.17926
570.47944
570.48610
570.49264
570.50266
570.62908
570.89320
570.94288
571.09444
571.12366
571.34302
572.15320
572.22886
572.48176
573.03214
573.05452
573.50920
573.85912
573.95158
573.97564
574.08514
574.12114
574.25854
574.56796
574.91860
575.12554
575.15452
575.22544
575.76142
575.96782
576.13168
576.16780
576.23470
576.72826
576.78868
576.87760
576.88444
577.29178
577.33426
577.38394
577.46104
577.49854
577.57972
577.59454
577.64152
577.70050
577.76290
577.78270
577.79176
577.86406
578.00794
578.02096
578.04142
578.38414
578.39812
578.67172
579.07126
579.09382
579.12970
579.15802
579.17200
579.90052
580.21402
580.28674
581.00314
581.01664
581.03728
581.09410
581.22322
581.41684
581.71684
581.74642
582.07426
582.07606
582.61798
582.65998
582.67408
582.89392
583.03918
583.51654
583.55410
583.84156
583.84750
583.93066
584.28340
584.37436
584.52406
584.58304
584.62630
584.63314
584.64076
584.68348
584.99086
585.56998
585.87676
585.94054
586.54348
586.81426
586.86928
586.89082
586.89250
586.94962
586.99090
587.00722
587.11000
587.42854
588.50656
588.66292
588.79372
588.79990
588.84352
588.86500
589.17970
590.07994
590.10904
590.11684
590.14342
590.75992
591.27394
591.40990
591.57688
591.58318
591.63940
592.62382
593.13964
593.39068
593.44042
593.54968
594.09052
594.11260
594.14038
594.14626
594.14914
594.62674
594.87634
595.14022
595.19512
595.36936
595.41394
595.69906
595.79200
595.79944
595.86340
596.19298
597.00724
597.07012
597.07312
597.29926
597.80206
597.94312
598.33522
598.34908
598.38718
598.40074
598.42354
598.77340
598.82332
598.91584
599.02330
599.04298
599.10310
599.11588
599.31604
599.55940
599.57368
599.58898
599.98540
600.15838
600.16588
600.41644
600.55930
600.63292
600.73192
600.74338
600.84976
600.86332
601.04734
601.14574
601.21270
601.26712
601.49458
601.53604
601.68988
601.80256
601.81810
601.91098
601.95946
602.08978
602.31562
602.36578
602.40970
602.52604
602.63008
602.64010
602.67670
602.68870
602.88220
603.51850
604.00918
604.06336
604.81876
605.08222
605.32300
605.36560
605.38516
605.44900
605.45632
605.66836
605.68552
606.00634
606.00808
606.09496
606.11116
606.36202
606.60640
606.80794
606.99274
607.01422
607.02196
607.04362
607.10806
607.67284
607.82266
607.90816
607.91380
609.10882
609.15346
609.16078
609.17296
609.22852
609.28174
609.38932
609.50272
610.10926
610.23880
610.26778
610.30282
610.31002
610.38196
610.66066
610.66852
610.70902
610.73926
610.75252
610.77430
610.86886
610.87786
610.98934
610.99204
611.04400
611.15338
611.25544
611.27530
611.32552
611.39626
611.42080
611.43958
611.50594
611.58208
611.58880
611.61868
611.67484
611.68948
611.92528
611.93188
611.93950
611.94964
612.63190
612.71266
612.82732
613.16488
613.48498
613.65580
613.69858
614.28466
615.09862
615.26530
615.36238
615.42238
615.52258
615.53470
615.86530
616.06504
616.16512
616.47472
616.48564
616.49626
616.50106
616.50868
616.66564
617.09542
617.27902
617.52238
617.75872
617.81848
617.82334
618.21490
618.30772
618.45832
618.93898
619.21174
619.28152
619.33936
619.63156
619.78900
619.85542
619.87522
620.75578
620.82064
621.09814
621.21238
621.69826
621.83920
622.09138
622.14478
622.17544
622.34782
622.40554
622.42678
622.48930
622.49872
622.51468
622.56472
622.64848
622.82494
622.84810
622.87816
623.05576
623.05846
623.06254
623.06812
623.23438
623.36470
623.37538
623.44816
623.59192
623.73106
623.82214
623.96476
624.29824
624.32206
624.42214
624.45484
624.52114
624.55150
624.87226
625.02226
625.26448
625.33420
625.46506
625.87204
625.92238
626.35204
626.76412
626.77120
627.52450
627.53092
627.53854
627.93856
628.06732
628.16716
628.50994
628.55974
628.78906
628.83118
628.83820
628.84792
628.99648
629.00824
629.05960
629.23864
629.25358
629.85376
629.86144
629.87452
629.88148
629.92660
629.94058
630.08386
630.26164
630.34144
630.65494
630.89746
631.26142
631.27582
631.28314
631.68370
632.52844
632.54284
632.60482
632.64082
632.81446
632.82124
632.84236
632.91274
632.95618
633.00004
633.12076
633.12802
633.22744
633.23722
633.25654
633.27094
633.40654
633.47926
633.50500
633.56410
633.60730
633.67126
633.70654
633.81388
634.18564
634.38694
634.62862
634.68400
634.74448
635.13034
635.27992
636.02362
636.09472
636.26644
636.42988
637.04944
637.07374
637.14382
637.29670
637.91146
638.13268
638.21296
638.25388
638.60356
638.90374
639.05374
639.14662
639.21046
639.21298
639.86692
639.87634
640.23238
640.26292
640.31266
640.66270
640.69906
640.70860
640.92712
640.94890
641.75608
641.82004
642.14182
642.25606
642.43888
642.47260
642.55594
642.92878
643.22848
643.92172
643.93624
644.05888
644.07244
644.47852
644.72842
644.79160
644.88736
644.95132
644.97880
644.99524
645.00880
645.03094
645.15268
645.19498
645.20182
645.26470
645.60112
645.64456
645.83068
645.87370
645.90166
646.06630
646.08100
646.28104
646.29490
646.30966
646.54504
646.78048
647.07544
647.09446
647.10214
647.30188
647.33788
647.36806
648.31228
648.31834
648.36124
648.81826
648.88036
649.01392
649.04098
649.79128
649.82038
649.82710
649.85020
649.97848
650.41330
650.42662
650.56786
650.88424
650.93440
651.25678
651.32038
651.35692
651.77992
651.78574
651.80026
652.10728
652.23688
652.34098
652.34314
652.55062
652.68688
652.73572
652.74352
652.75048
652.84306
652.99828
653.07904
653.24326
653.25082
653.39350
653.40046
653.63638
653.92918
653.99320
654.05344
654.27358
654.36688
654.36988
654.54562
654.78814
654.83020
654.86656
654.93814
655.00924
655.11664
655.41682
655.43800
655.66702
655.86664
656.23876
656.30290
656.36206
656.51650
656.58928
656.82316
656.97586
657.17566
657.21820
657.29566
657.31888
657.73906
657.74200
657.76192
657.92542
658.29616
658.32664
658.33876
658.46176
658.74928
658.75402
658.78546
658.79968
658.85650
658.89196
659.06872
659.64910
659.97832
659.99170
660.00580
660.98002
660.99406
660.99892
661.04926
661.11532
661.17754
661.31536
661.62748
661.75786
661.82062
662.33656
662.39830
662.40124
662.81524
662.97406
663.31510
663.48436
663.50788
663.55000
663.67402
664.19380
664.21078
665.08792
665.59762
665.68096
665.87740
665.91688
665.93986
665.94664
666.01162
666.04030
666.05296
666.11140
666.25996
666.29836
666.35638
666.39034
666.52336
666.53080
666.60394
666.65404
666.66304
666.83056
667.10398
667.16194
667.33996
667.38928
667.56394
667.61932
667.62628
667.72084
667.74214
667.76362
667.79716
667.90642
668.63314
668.91370
668.93008
669.17032
669.26986
669.31360
669.76504
669.79672
669.83290
669.93460
669.94210
670.09168
670.26328
670.29910
670.40602
670.58626
670.71334
670.72192
670.74928
670.76290
670.97206
671.08642
671.22208
671.42962
671.82244
671.98864
672.01210
672.35038
673.07434
673.12162
673.12570
673.15906
673.18090
673.25218
673.44562
673.69558
674.05144
674.18776
674.21806
674.59852
674.60440
674.61184
674.62060
675.08272
675.11842
675.15280
675.17410
675.18088
675.26194
675.75412
675.76174
675.96532
676.13260
676.15444
676.20412
676.25398
676.28146
676.30438
676.30936
676.38442
676.40422
676.49026
676.50370
676.52074
676.60366
676.83250
677.58394
677.83048
677.84884
677.86378
677.87014
677.96356
678.02764
678.17770
678.59302
678.61342
679.28632
679.35022
679.79278
679.80070
679.85044
679.90030
679.93600
679.94392
679.94908
680.09236
680.46928
680.48614
680.74186
680.74972
680.78596
680.87980
681.17674
681.22936
681.29494
681.44488
681.91660
682.25986
682.29568
682.41604
682.60186
682.68814
682.79536
682.96702
682.99312
683.01106
683.07916
683.08216
683.31088
684.01816
684.03220
684.16888
685.08880
685.10410
685.11880
685.15564
685.16014
685.75060
685.78408
685.79188
686.09752
686.56996
686.74816
686.79142
686.87638
687.26242
688.10422
688.14082
688.21480
688.22164
688.29994
688.34842
688.56694
688.62280
689.03590
689.07808
689.25010
689.47408
689.51404
689.76640
689.79940
689.87656
690.32260
690.36610
690.56596
690.57328
690.60868
691.25200
691.46614
691.58026
691.65844
691.76560
691.81600
692.33944
693.03202
693.11212
693.13894
693.15652
693.16558
693.17560
693.19492
693.24628
693.27430
693.56812
694.12246
694.12858
694.13590
694.16164
694.16746
694.60552
694.94056
694.95598
695.08432
695.74780
695.79766
695.82490
695.85052
695.87170
695.93416
695.99770
696.03100
696.36460
696.54742
696.65524
696.71422
696.72064
696.92626
696.94792
697.01428
697.25668
697.42162
697.42786
697.65754
697.77166
697.86406
698.07130
698.13718
698.14432
698.15746
698.17156
698.19466
698.20744
698.52784
698.55910
698.56414
698.74984
698.75710
698.77156
698.85754
698.87140
698.91628
698.95696
699.05722
699.10354
699.32296
699.42856
699.71638
699.80710
699.88732
699.97354
700.14436
700.18744
700.45912
700.47082
700.48018
700.63018
700.70878
700.73008
700.78072
700.80076
701.23732
701.53900
701.75308
701.96746
702.10366
702.19648
702.31042
702.32326
702.48310
702.55318
702.89608
702.99682
703.05370
703.28260
703.29676
703.95370
704.17648
704.56282
705.37012
705.37708
706.02664
706.51282
706.79320
706.86970
706.87888
707.07268
707.08666
707.56522
707.67898
708.23188
708.23668
708.25150
708.26506
708.27928
708.31510
708.32200
708.48616
708.57862
708.58558
708.62890
708.68626
708.77254
708.86938
708.87154
708.88642
708.89572
709.05010
709.05766
709.11220
709.27924
709.28650
709.40302
709.41214
709.46500
709.63606
710.02984
710.07604
710.32378
710.34532
710.36032
710.43886
710.59552
711.86938
712.34596
712.38124
712.38898
712.48846
712.61452
713.09830
713.35738
713.45470
713.56156
713.71972
713.86168
714.42076
714.48142
714.72658
714.76426
714.85528
714.87778
714.89350
714.90484
714.93550
715.47778
715.93546
716.01388
716.02144
716.03116
716.25658
716.33536
716.38540
716.40220
716.43544
716.57812
717.21538
717.31258
717.32146
717.33664
717.35188
717.41386
717.75664
717.91528
719.05168
719.07790
719.62738
719.73052
719.87272
720.12430
720.16090
720.61714
720.64042
720.65422
720.68950
720.76054
720.85240
720.86794
720.90154
721.06822
721.12534
721.36810
721.43152
721.64680
721.71784
721.86058
722.19136
722.20444
722.21050
722.26918
722.32456
722.49700
722.78398
722.80594
722.85574
722.96794
723.32716
723.37702
723.43354
723.47722
724.01332
724.08442
724.24120
724.31956
724.85614
725.29372
725.52820
725.63404
725.63662
726.53422
726.55090
726.78592
726.85084
727.02244
727.25758
727.89316
728.04532
728.05720
728.25970
728.90998
729.03838
729.08698
729.30988
729.55960
729.60358
729.68128
730.03246
730.05976
730.28914
730.56664
730.57636
730.64686
730.65328
730.66888
730.68352
730.80952
730.95034
731.09716
731.19568
731.27602
731.35324
731.39548
731.58364
731.60470
731.77600
732.01216
732.27598
732.48994
732.53320
733.54960
733.62580
733.66918
733.79200
734.25934
734.29228
734.54614
734.56570
735.22072
735.34948
735.88906
736.26580
736.41574
736.48156
736.48864
736.50166
737.10196
737.13130
737.70820
738.03178
738.04408
738.04786
738.05164
738.41812
738.57436
738.66022
738.73174
739.03180
739.14814
739.16428
739.27444
740.37850
740.38222
740.41084
740.47384
740.66788
740.69068
740.88382
740.91154
741.00496
741.15466
741.48430
741.54706
741.56014
741.57682
741.86926
741.91996
741.92872
741.99712
742.03348
742.03996
742.04818
742.16920
742.38388
742.39138
742.39804
742.44946
742.47070
742.59772
742.70494
742.85074
743.14444
743.15668
743.30698
743.47048
743.65714
743.66446
743.70682
743.75050
743.89276
743.91412
743.92750
744.15058
744.51400
744.66406
744.75640
744.92296
745.18054
745.69282
745.97284
746.12272
746.53672
746.55250
746.57254
746.58628
746.64394
746.69332
746.82298
747.00844
747.48898
747.56602
747.57250
747.58786
747.72370
747.88000
747.93262
748.04548
748.48876
748.58932
748.64236
748.74550
748.77532
749.33908
749.46934
749.86294
750.26878
750.27634
750.31180
750.56884
750.79846
750.81430
750.90526
750.91954
750.95476
751.14868
751.59850
751.66246
751.70500
751.90738
751.91422
751.97878
751.99834
752.09860
752.13382
752.27116
752.53516
752.58340
752.80510
752.97808
752.99290
753.02878
753.11218
753.32854
753.42118
753.52828
753.62110
753.62860
753.68818
753.79198
753.82834
754.08520
754.10722
754.25740
754.32118
754.36450
754.45840
754.50718
754.53760
754.67110
754.72822
754.90708
755.08726
755.24476
755.28736
755.30728
755.32810
755.38756
755.43730
755.47348
755.58790
755.73730
755.88094
755.89480
756.18706
756.26116
756.33736
756.44464
756.50668
757.10356
757.48954
757.51786
757.82500
757.84414
757.84696
757.84882
757.87000
757.90342
758.15350
758.16022
758.18224
758.20336
758.56102
758.73934
758.74690
758.77678
759.38410
759.45316
759.48376
759.50284
759.54130
759.58306
759.62728
760.03366
760.57720
760.78654
760.91944
760.92724
760.94908
760.95586
761.19352
761.36980
761.80522
761.81968
761.83996
762.00046
762.00676
762.03586
762.32200
762.53554
762.63598
762.64228
762.83554
762.84928
762.85780
762.91438
762.92938
762.93616
762.97036
762.98602
763.02172
763.04350
763.12906
763.14334
763.17184
763.20118
763.30654
763.31596
763.39318
763.50910
763.76440
763.80988
763.83112
763.89310
763.91512
763.95982
765.37846
765.75172
766.04602
766.39570
766.41484
766.42594
766.45972
766.55194
766.62520
766.74202
766.80946
766.88260
767.11210
767.19526
767.20906
767.51098
767.56822
768.42568
768.45364
768.46870
768.72580
769.14700
769.21036
769.21540
769.21942
769.76092
769.94824
770.14162
770.63494
770.98342
771.17044
771.33478
771.34228
771.52810
771.84184
772.03450
772.05868
772.15114
772.50106
773.00830
773.63698
773.66758
774.00820
774.24430
774.45088
774.45388
774.49174
774.50320
774.51712
774.53038
774.53422
774.60052
774.62440
774.63004
774.64732
774.66766
774.69424
774.81736
774.92356
774.93040
774.93778
775.01710
775.21732
775.22452
775.22638
775.31086
775.31614
775.38094
775.38694
775.41760
775.49392
775.58722
775.66054
775.67452
775.83478
775.93360
776.25976
776.40304
776.48056
776.71696
777.26392
777.31774
777.32686
777.43354
777.69094
777.81052
778.18330
778.19746
778.29712
778.67692
778.91914
779.21830
779.23294
779.40604
779.49010
780.29284
780.29956
780.30676
780.75526
780.75850
780.76222
780.77866
780.85936
780.93562
780.96322
781.19182
781.24168
781.27942
781.40650
781.76542
781.83964
781.87918
782.41528
782.43628
782.44726
782.47294
782.50600
782.59246
782.90896
783.30880
783.50914
783.52252
783.68902
783.69874
783.74584
783.76504
783.79378
783.80860
783.81514
784.45132
784.45840
784.48912
784.55248
784.58872
784.59532
784.66756
784.68808
784.72348
784.82494
784.88158
784.89532
785.41084
785.77498
786.54736
786.58492
786.60496
786.63124
786.63388
786.98362
787.04722
787.26382
787.57126
787.64446
787.65448
787.67044
788.33314
788.34700
788.38336
788.47096
788.54236
789.05686
789.16336
789.35698
789.46330
789.56338
789.63676
789.65410
789.95710
790.34392
790.35058
790.36570
790.37164
790.41328
790.99942
791.13724
791.25634
791.32318
791.47960
791.48674
791.69230
791.69926
791.70340
791.77192
791.79280
792.08692
792.35962
792.49558
792.67912
793.34578
793.52872
793.58530
793.60258
793.66684
793.75348
793.91044
793.92514
793.94584
794.03206
794.14564
794.25970
794.27578
794.28904
794.29546
794.53894
794.78140
794.78962
794.92420
795.26956
795.34522
795.34804
795.66916
795.68134
795.76864
795.84796
795.86182
795.91900
796.02688
796.05244
796.08550
796.11160
796.13572
796.16908
796.25260
796.36846
796.52596
796.61152
796.79776
796.82584
796.90522
796.91908
796.92352
796.92820
796.94800
797.01916
797.17516
797.22814
797.29744
797.45656
797.61814
797.63842
797.72662
797.81878
797.84878
797.85844
798.21418
798.57766
798.62086
798.62770
798.67768
798.80650
798.82786
798.87838
798.92128
799.28506
799.39450
799.49446
800.13502
800.17096
800.18494
800.49424
800.69284
800.73016
800.88742
801.24358
801.30148
801.64414
801.84922
802.18714
802.62706
802.63960
802.75276
802.76014
802.77394
802.86022
802.90114
803.06680
803.23930
803.31010
803.59018
803.71036
803.76058
803.77396
803.79316
803.82268
803.86720
803.89600
804.00370
804.14632
804.57634
804.66004
805.45324
805.54342
805.56292
805.62448
805.65556
805.72612
805.74796
805.78294
805.82650
805.83400
805.84012
805.88794
805.92400
805.97656
806.19760
806.23372
806.32660
806.36374
806.38360
806.44288
806.46256
806.51314
806.55586
806.56882
806.57566
806.59066
806.63344
806.75296
806.78632
806.89996
806.96986
806.97760
807.01948
807.11362
807.20002
807.45472
807.75634
808.25668
808.34992
809.31328
809.76034
809.77282
809.79946
810.49492
810.58246
810.61576
810.84460
811.27990
811.30876
811.32418
811.33258
812.10184
812.51122
812.73166
812.92462
812.96866
813.36826
813.42472
813.45886
813.89146
814.05316
814.40560
814.41064
814.43902
814.47904
814.48198
814.53214
814.58206
814.60126
814.65496
814.67446
814.82716
814.86988
814.99864
815.12530
815.34862
815.67520
815.69206
816.06430
816.14812
816.38356
816.44080
816.71488
816.79084
816.79924
816.95740
817.01482
817.54078
817.65736
817.75036
817.75708
818.74456
818.80096
818.80702
818.86444
819.23644
819.37768
819.41386
819.43708
819.65686
819.72346
819.98098
820.20790
820.44604
820.62352
821.29132
821.31550
821.40358
821.41696
821.53084
821.56636
821.86696
821.95312
822.03304
822.08206
822.10318
822.48970
822.92386
823.24696
823.34680
823.58944
823.67578
823.74658
823.87546
823.88914
824.20552
824.20996
824.22658
824.36302
824.37538
824.60560
824.62648
824.83912
825.04762
825.15568
825.42964
825.56296
826.02496
826.08304
826.10530
826.31518
826.32232
826.39282
826.47220
826.49044
826.65100
826.69348
826.71484
826.90066
827.09446
827.13496
827.31586
827.56258
827.61262
827.91526
827.97196
828.12934
828.32944
828.37186
828.38884
828.82948
828.92932
829.22152
829.62916
829.71682
829.87912
829.89592
829.99570
830.01502
830.02180
830.02906
830.10274
830.34556
830.63158
830.94556
831.03784
831.13798
831.16846
831.20890
831.22864
831.23062
831.64402
831.68176
831.69544
831.77410
832.14550
832.28320
832.34050
832.35286
832.36198
832.40422
832.72576
832.78114
833.02588
833.02762
833.05426
833.61196
833.69776
833.71804
833.99788
834.02116
834.11164
834.39178
834.41314
834.42070
834.71140
834.72070
834.87808
834.90412
835.30414
835.32826
835.36378
835.37044
835.37812
835.42084
835.45468
835.71460
835.98436
836.14408
836.19130
836.67802
837.15784
837.43714
837.47770
837.58024
837.77776
838.08670
838.15858
838.45108
838.54468
838.73674
838.83664
839.38960
839.44432
839.55334
839.75320
839.84398
839.85040
840.40744
840.41836
840.75436
841.41988
841.42750
841.56070
841.62244
841.89850
842.01070
842.09992
842.15128
842.15758
842.17576
842.25586
842.41318
842.57728
842.69686
842.87704
842.93632
842.96284
843.14836
843.27568
843.34366
843.37960
843.38596
843.51310
843.61918
843.91036
843.91300
843.91966
844.18474
844.66936
844.94338
845.04982
845.11678
845.25736
845.88568
845.92210
846.13582
846.22198
846.63580
847.05118
847.30984
847.36444
847.37920
847.44580
847.52242
847.52872
847.56670
847.58542
847.82530
847.84768
848.17114
848.26870
848.31232
848.55202
848.56606
848.65960
848.86600
849.18832
849.20968
849.64558
849.70810
849.74572
850.07536
850.46818
850.67584
850.83454
851.17078
851.43454
851.48464
851.61934
851.71768
851.91784
852.82030
853.03426
853.04104
853.09150
853.10824
853.44172
853.58416
854.13400
854.31724
854.36062
854.45020
855.10756
855.13630
855.14278
855.42340
855.49366
855.50746
855.54988
855.99370
856.00006
856.21726
856.23016
856.48624
856.81438
857.05960
857.12302
857.17372
857.21614
857.23570
857.24914
857.25706
857.32786
857.43268
857.68702
857.72350
858.63232
858.66106
858.66700
858.73252
858.85168
859.08544
859.18216
859.43194
859.48204
859.54672
859.80196
859.86190
859.86856
859.93126
859.98232
860.07556
860.11066
860.18194
860.34100
860.37586
860.42554
860.43190
860.71204
860.74240
860.80582
860.81794
861.19882
861.24082
861.24628
861.26212
861.40582
861.44482
862.04824
862.33414
862.40548
862.44052
862.60714
862.69114
863.19772
863.20540
863.52076
863.62828
864.00496
864.01408
864.02170
864.05782
864.07102
864.46390
864.52774
864.74302
864.77140
864.77368
864.82162
864.87784
865.03714
865.53094
865.62382
865.91608
865.98706
865.99360
866.00740
866.03038
866.04478
866.06632
866.08786
866.63002
866.63278
866.72350
866.74672
866.75344
866.82982
866.85958
866.86660
867.93262
867.94660
867.95386
868.36936
868.40344
868.45978
868.47478
868.59610
868.72474
868.75336
868.81276
868.82038
868.82908
868.85356
869.03212
869.11240
869.32702
869.33260
869.33812
869.35348
869.38636
869.50348
869.51758
869.61880
869.64052
869.65510
869.67448
869.77456
869.78926
869.80312
869.92612
870.01264
870.03178
870.08914
870.38926
870.41518
870.41968
870.80470
870.82846
870.84844
870.85552
871.00570
871.04836
871.05472
871.19830
871.40542
871.51978
871.94290
872.29780
872.61286
872.69908
872.92522