0.06328
0.08656
0.20860
0.30568
0.58894
0.63904
0.78250
0.79636
0.79900
0.83914
0.88876
0.96292
0.97528
0.99628
1.18876
1.32226
1.48264
1.64632
1.77508
2.07484
2.07952
2.09128
2.12212
2.13232
2.32948
2.36266
2.68222
2.99134
3.01144
3.03238
3.04516
3.09874
3.22162
3.25792
3.34132
3.46246
3.47950
3.48196
3.53830
3.57208
3.59872
3.70810
3.80788
3.82918
3.84112
3.85108
3.87880
3.90790
3.95488
3.98818
3.99844
4.14112
4.24582
4.26244
4.32160
4.34854
4.39120
4.61140
4.62178
4.82890
4.92418
4.94110
4.96510
4.97152
5.10754
5.13784
5.26498
5.48524
5.55466
5.58790
5.77804
5.78032
5.78794
5.92114
6.10450
6.62104
6.63772
6.68500
6.88756
6.92392
6.95446
7.05436
7.14670
7.17394
7.22842
7.34068
7.35868
7.37392
7.47814
7.55734
7.56340
7.57390
7.58746
7.63750
7.80460
7.95436
8.29468
8.32090
8.63008
8.67082
8.69026
8.73724
8.74036
8.74774
8.77054
8.87068
8.90392
8.99782
9.01768
9.47062
9.58714
9.59002
9.90382
10.00366
10.15360
10.30642
10.31344
10.32040
10.34008
10.39438
10.40632
10.50376
10.58974
10.69720
10.71100
10.75360
10.75648
11.19436
11.28388
11.38708
11.41066
11.43952
11.48968
11.59774
11.60620
11.61106
11.67316
11.69008
11.83672
11.92282
11.94718
11.98660
12.18676
12.31258
12.43666
12.43960
12.56998
12.68662
12.83656
13.03672
13.15324
13.51378
13.52884
13.53946
13.56988
13.57738
13.63654
13.68940
13.90318
13.98664
14.03926
14.05576
14.37280
14.43658
14.88628
14.94670
15.04660
15.04930
15.06976
15.31492
15.36016
15.63616
15.68638
15.71962
15.73918
15.86668
15.88624
15.91954
16.13134
16.16944
16.22680
16.26682
16.63894
16.67230
16.71946
16.77214
16.81942
16.93888
16.96924
16.97224
16.99618
17.07214
17.25682
17.74330
17.76304
17.80252
18.21928
18.60250
18.88102
19.03564
19.20256
19.31632
19.33594
19.55512
19.71262
20.08858
20.21884
20.23570
20.23852
20.51902
20.57182
20.83546
20.88298
20.90218
20.90512
20.93524
20.95510
21.07150
21.19744
21.26860
21.31894
21.35956
21.65470
21.66874
21.75190
21.75496
21.77152
22.08262
22.55218
22.58530
22.62142
22.86868
22.87150
23.06158
23.38528
23.53528
23.56846
23.61190
23.75932
23.77786
23.85844
23.98228
24.02140
24.31846
24.39532
24.41920
24.42472
24.44896
24.55186
24.62134
24.63802
24.70822
24.82474
24.83500
24.88474
24.91846
25.04518
25.04908
25.14862
25.19248
25.19524
25.22104
25.22758
25.34254
25.35808
25.51834
25.59262
25.59532
25.63486
25.65166
25.65910
25.67470
25.78774
25.90168
25.94236
25.95442
26.08492
26.28496
26.59504
26.69512
26.96824
27.04510
27.06064
27.09502
27.44536
27.45424
27.50410
27.75442
27.77542
27.92110
28.24522
28.54198
28.60174
28.64218
28.77112
28.81186
28.99486
29.02126
29.13742
29.16778
29.18770
29.23480
29.31802
29.40154
29.42080
29.53456
29.68492
29.71150
29.75878
29.79214
29.85124
30.05098
30.05878
30.26152
30.63712
30.78712
31.03468
31.25386
31.31782
31.38466
31.43734
31.72534
31.75132
31.92064
32.18434
32.19070
32.21788
32.24092
32.36770
32.56756
32.65102
32.80084
32.84782
32.88442
32.88688
32.97520
33.16120
33.24352
33.29164
33.44164
33.45070
33.60070
33.72778
33.75370
33.87502
33.96436
33.97786
34.01752
34.04446
34.05112
34.05820
34.10818
34.22026
34.23418
34.28434
34.61740
34.71730
34.81438
34.85368
34.94788
35.20372
35.38384
35.55346
35.58676
35.64736
35.65030
35.80054
36.00070
36.03370
36.17758
36.44608
36.51706
36.58384
36.67468
36.70312
36.78250
36.84880
36.96712
37.00720
37.02898
37.08676
37.12468
37.13392
37.20964
37.25038
37.26706
37.30030
37.32628
37.33660
37.37368
37.43668
37.48378
37.48666
37.49260
37.66702
37.68634
37.78366
37.81972
37.98364
38.08372
38.13664
38.14372
38.18404
38.34724
38.36974
38.40700
38.46664
38.49376
38.51074
38.64106
38.66980
38.75326
38.88652
38.92006
39.03352
39.06976
39.11668
39.46966
39.78322
39.89278
39.89716
39.92710
39.93634
40.44076
40.84762
40.84978
41.04976
41.23348
41.31028
41.53312
42.03322
42.08314
42.28312
42.74944
42.78574
42.89956
42.94948
43.04968
43.16632
43.21936
43.32652
43.34962
43.41616
43.43278
43.46632
43.51618
43.60102
43.60270
43.62298
43.84942
44.02036
44.24746
44.39326
45.04714
45.42676
45.50674
45.82324
45.82510
45.83920
46.05334
46.07050
46.17634
46.23262
46.33276
46.40974
46.43440
46.44310
46.51888
46.53256
46.54666
46.55194
46.60954
46.69012
46.73266
46.89928
46.94938
46.98910
47.01886
47.02630
47.13262
47.29294
47.33236
47.37484
47.38234
47.40442
47.40934
47.42332
47.54914
47.55610
47.56876
47.57332
47.64898
47.68252
47.81422
47.84902
47.96860
48.04486
48.18520
48.26554
48.31564
48.33988
48.35638
48.52582
48.64906
48.81568
49.43242
49.46272
49.46530
49.47310
49.51558
49.64236
49.70806
49.84864
50.02288
50.03230
50.38204
50.51242
50.65618
50.66536
50.72470
50.94862
51.16792
51.18202
51.30130
51.33178
51.46534
51.99832
52.03486
52.08940
52.12288
52.36810
52.38472
52.43626
52.59100
52.60864
52.91524
52.92262
52.94848
52.95130
53.07418
53.14876
53.17864
53.22832
53.24848
53.34820
53.49070
53.50090
53.62510
53.64520
53.67268
53.70754
54.06778
54.18148
54.19852
54.28174
54.39826
54.70096
54.75568
54.92224
55.02220
55.30924
55.88158
55.92256
55.95304
56.54080
57.46762
57.53128
57.54808
57.64810
57.74818
57.85540
57.97858
58.03132
58.08154
58.08418
58.16476
58.16740
58.42216
58.45732
58.46494
58.48120
58.52794
58.54828
58.69810
58.70104
58.75090
58.76158
58.86844
58.91740
58.96468
59.03872
59.04070
59.07724
59.37394
59.50084
59.59540
59.84788
59.86504
59.88142
59.95846
59.98138
59.99182
60.06190
60.11758
60.86500
61.33900
61.43140
61.74796
61.86760
61.95028
62.23138
62.30554
62.68138
62.74810
62.87842
62.98882
63.02506
63.10558
63.16768
63.31480
63.38116
63.48154
63.51466
63.59806
63.68128
63.76126
63.83140
64.03126
64.19158
64.28128
64.49800
64.70296
64.72504
64.86484
64.90096
65.22238
65.24824
65.30542
65.34796
65.38138
65.62486
65.74564
65.89792
66.03118
66.07834
66.24190
66.63142
66.67774
66.88150
66.89350
67.03144
67.26748
67.40104
67.48132
67.50550
67.69060
67.75072
67.81468
68.00248
68.07124
68.14846
68.18122
68.25532
68.25826
68.36728
68.38138
68.41756
68.48140
68.58112
68.75542
68.78116
68.81452
68.86462
69.08140
69.23146
69.28114
69.29788
69.42514
69.43108
69.53158
69.66454
69.69790
69.72820
69.74800
69.77506
69.86164
69.88774
69.90724
69.96454
70.18774
70.19818
70.36468
70.45078
70.47124
70.48600
70.53130
70.58776
70.62130
70.63906
70.68136
70.79182
70.89820
70.93114
70.94194
71.03392
71.05534
71.07208
71.14780
71.26024
71.26750
71.28136
71.28430
71.33548
71.34790
71.40820
71.43418
71.45830
71.49802
71.69770
71.72212
71.76142
71.88778
71.98150
72.01486
72.09808
72.23410
72.25816
72.26458
72.46756
72.56158
72.56488
72.63880
72.66760
72.68128
72.88858
72.92860
72.93784
72.96454
73.03138
73.09162
73.33414
73.48108
73.75810
73.76440
73.78114
73.81762
73.84810
74.21464
74.22100
74.27488
74.29168
74.36758
74.62210
74.87206
75.09790
75.41470
75.63130
75.79810
75.81718
75.85066
75.96742
75.98866
76.01776
76.08598
76.08886
76.18114
76.24360
76.24798
76.39774
76.51468
76.61464
76.71472
76.81456
76.88140
77.06452
77.24812
77.41468
77.43862
77.44522
77.45092
77.46736
77.48152
77.61454
77.87782
77.88112
77.97208
78.14776
78.21454
78.31456
78.54802
78.57736
78.59812
78.61462
78.66742
78.73138
78.93124
79.14772
79.26328
79.26880
79.30060
79.33390
79.38118
79.43092
79.45060
79.48414
79.49800
79.53124
79.59052
79.63102
79.88134
79.94134
79.98112
80.16058
80.19160
80.74768
80.88868
80.98102
81.03520
81.25060
81.28846
81.30526
81.55786
81.61444
81.63394
81.77800
81.86740
81.88120
81.88834
81.90118
82.02802
82.03420
82.05988
82.22344
82.40050
82.48120
82.52182
82.63102
82.73110
82.80970
82.82464
82.86736
82.95514
83.01718
83.07478
83.21452
83.32480
83.34760
83.35492
83.41420
83.54776
83.56726
83.59120
83.60056
83.64790
83.65048
83.89768
83.98102
84.16456
84.50038
84.54742
84.88390
84.96448
85.01410
85.30510
85.48078
85.79740
85.82074
85.92442
85.97158
86.02162
86.05384
86.08090
86.43364
86.49766
86.51404
86.75794
86.76112
86.77054
86.78110
86.80048
86.81410
86.83834
86.94772
86.96098
86.98828
87.05494
87.39730
87.83080
87.85048
87.88366
87.96430
88.01404
88.10488
88.21420
88.23070
88.25488
88.31446
88.31710
88.33360
88.35772
88.51408
88.54732
88.62454
88.62862
88.69012
88.72078
89.08090
89.19130
89.20486
89.26396
89.31424
89.38354
89.62750
89.70034
89.97472
90.03094
90.14764
90.18082
90.46036
90.49516
91.01416
91.03822
91.09006
91.22164
91.24120
91.31986
91.34746
91.43092
91.44766
91.51720
91.99762
92.07442
92.13106
92.28106
92.36446
92.40052
92.47798
92.50084
92.53390
92.54812
92.58394
92.59150
92.60056
92.66446
92.71426
92.74786
92.78110
92.88118
92.94484
93.15520
93.17464
93.23092
93.25486
93.27820
93.30748
93.32182
93.38404
93.51460
93.55072
93.62176
93.68386
93.75034
93.85780
94.02772
94.11418
94.16410
94.20052
94.25044
94.25518
94.28158
94.31002
94.32130
94.41736
94.46452
94.55704
94.93390
94.96006
94.97224
95.13844
95.20840
95.25826
95.33608
95.37508
95.42212
95.47804
95.51452
95.66728
95.69800
95.71204
95.81746
95.93122
95.93410
96.20860
96.28126
96.42490
96.63130
96.73156
97.57504
97.58146
97.59298
97.64170
97.69810
97.79812
97.93150
98.13898
98.19814
98.54824
98.64838
98.71504
98.94514
98.95852
98.96542
98.97256
99.01798
99.02518
99.22696
99.25276
99.26512
99.44860
99.90142
100.15924
100.25140
100.33186
100.36522
100.50544
100.51546
100.79866
100.81792
100.82530
100.88182
100.89586
100.89874
100.93942
100.98208
101.02270
101.07274
101.15152
101.33518
101.58490
101.74876
102.03952
102.09238
102.14866
102.48214
102.61540
102.67492
102.70378
102.73234
102.91846
102.99862
103.01560
103.01854
103.02292
103.08880
103.10626
103.29880
103.53880
103.58518
103.60180
103.67584
103.78858
103.87300
103.93978
103.94266
104.05162
104.05834
104.31262
104.32582
104.36908
104.42596
104.59252
104.60194
104.61586
104.65954
104.68288
104.76586
104.77228
104.78260
105.02242
105.16588
105.29908
105.49924
105.58276
105.71590
105.77338
105.78274
105.96598
106.45342
106.57342
106.62628
106.63576
106.70212
106.74304
106.76872
106.84942
107.01616
107.05252
107.08216
107.11318
107.13274
107.23528
107.30230
107.41888
107.54950
107.59198
107.70226
107.71624
107.90860
108.06904
108.21610
108.33568
108.34030
108.52372
108.54034
108.60982
108.77368
109.04956
109.05706
109.17358
109.17550
109.20988
109.23574
109.25992
109.33588
109.43278
109.47652
109.47832
109.88332
110.04706
110.06644
110.09998
110.23336
110.34976
110.42350
110.46646
110.65732
110.86654
110.88334
110.93602
111.13744
111.16000
111.19054
111.26944
111.41962
111.51940
111.52594
111.76642
111.94060
111.94468
112.05034
112.06966
112.09276
112.14100
112.19374
112.21690
112.23634
112.33372
112.63630
112.79110
112.93378
112.98766
113.08618
113.54296
113.59114
113.69740
113.87620
113.95960
114.01984
114.17650
114.19396
114.19792
114.20326
114.21070
114.33376
114.38374
114.53362
114.58786
114.59122
114.62182
114.68572
114.70048
114.73384
114.76738
114.82018
114.86734
114.95344
114.98392
115.00804
115.01440
115.06756
115.31752
115.39042
115.41718
115.52476
115.60084
115.62058
115.63390
115.64914
115.82038
115.92790
115.95112
115.95376
115.98418
116.03416
116.07034
116.07484
116.10208
116.12050
116.33704
116.44726
116.45368
116.48890
116.56780
116.58430
116.66764
116.98162
117.14812
117.41812
117.55852
117.63454
117.66808
117.75886
117.77698
118.10146
118.15906
118.16812
118.33474
118.41172
118.51804
118.90906
118.95844
118.99144
119.05444
119.30596
119.32816
119.35150
119.70928
119.84554
119.98786
120.00262
120.04270
120.10180
120.21856
120.38788
120.53536
120.78814
120.80200
120.85216
120.96868
121.01938
121.02160
121.02898
121.04272
121.10224
121.13560
121.39288
121.40182
121.45222
121.50958
121.51132
121.56262
121.77190
122.10994
122.19586
122.23858
122.26894
122.41270
122.59342
122.65282
122.76904
122.87668
122.88592
122.91910
122.94340
123.00520
123.07216
123.09802
123.12202
123.13588
123.48586
123.56926
123.80278
123.82978
123.83590
123.88600
123.88894
123.98626
124.01932
124.04650
124.06492
124.06648
124.07230
124.11316
124.13632
124.17688
124.45294
124.53004
124.67242
124.68622
124.74838
124.90288
124.97998
125.05312
125.08648
125.21344
125.25994
125.33392
125.40298
125.43934
125.54398
125.59666
125.69872
125.75326
125.77312
125.79580
125.83948
125.91070
125.92408
126.03658
126.09400
126.10336
126.12748
126.13960
126.16078
126.18298
126.33664
126.37762
126.41368
126.50008
126.55366
126.59326
126.63700
126.65674
126.68956
126.70630
126.72292
126.73672
126.90622
126.94432
127.09882
127.20352
127.20634
127.26724
127.38994
127.40350
127.78702
127.93720
128.12038
128.18740
128.28736
128.35678
128.37352
128.60668
128.81758
128.82052
128.90398
129.00388
129.05404
129.06058
129.06412
129.07798
129.09028
129.19042
129.28732
129.42790
129.43132
129.44032
129.54034
129.54940
129.55702
129.56170
129.56440
129.60400
129.78724
129.90406
129.97372
130.00414
130.17826
130.43770
130.45432
130.55716
130.75702
130.84678
130.90462
131.03764
131.11480
131.12392
131.19514
131.45734
131.70478
131.90740
131.97424
132.20488
132.24094
132.32164
132.34750
132.50764
132.67144
132.71506
133.04116
133.17160
133.22452
133.23820
133.30474
133.50520
133.55488
133.86448
133.87924
133.88860
134.20810
134.47198
134.55526
134.59786
134.80822
134.83882
134.98888
135.11920
135.12232
135.12520
135.28882
135.42214
135.89176
135.93916
135.99964
136.10578
136.17220
136.27264
136.31224
136.44940
136.55590
136.75594
136.76620
136.83940
136.84684
136.85872
136.87564
136.88476
136.88938
136.90606
136.99972
137.04220
137.12272
137.43940
137.44720
137.53966
137.54692
137.65264
137.66368
137.70604
137.72302
137.75626
137.79250
137.83654
137.98534
138.01372
138.05914
138.10654
138.15628
138.42328
138.63070
138.78988
139.07074
139.09750
139.10356
139.11352
139.15636
139.20646
139.23250
139.32616
139.67368
139.69306
139.69750
139.70722
139.71412
139.80712
139.82638
139.87366
139.97668
139.98106
140.04010
140.10676
140.29054
140.42650
140.57374
140.73442
140.88322
140.91010
140.96752
141.00748
141.30730
141.41488
141.48430
141.50728
141.61042
141.61762
141.82402
141.93184
141.96346
141.97390
141.97906
142.10740
142.11028
142.46032
143.02456
143.04124
143.16454
143.25160
143.30404
143.64136
143.64580
143.78188
143.81080
143.81728
144.01840
144.06112
144.15808
144.29158
144.84460
144.87772
145.10098
145.13254
145.14160
145.31578
145.32508
145.34842
145.44502
145.45846
145.49494
145.55848
145.73488
145.74460
145.96162
146.15878
146.19868
146.26300
146.39524
146.44504
146.49214
146.66818
146.77822
146.98498
147.06178
147.37240
147.39544
147.49252
147.54994
147.75922
147.77122
147.77878
148.22620
148.26676
148.28632
148.39288
148.80028
148.82248
148.82470
148.84756
149.02168
149.02606
149.08666
149.34712
149.39290
149.40976
149.44594
149.62618
149.72920
150.07660
150.15994
150.22660
150.29614
150.43588
150.46270
150.50722
150.59626
150.62038
151.14364
151.41790
151.47418
151.53448
151.55584
151.65382
151.75726
151.99366
152.02726
152.23636
152.49406
152.59402
152.91346
153.01078
153.01354
153.07750
153.19420
153.26818
153.35068
153.65182
153.82780
154.14430
154.30420
154.58530
154.85500
155.12056
155.13088
155.26432
155.33548
155.39476
155.57806
155.60494
155.86156
155.86894
155.92822
155.94928
156.23866
156.31900
156.38770
156.48868
156.72832
156.75256
156.82834
156.84526
156.86182
157.04512
157.04800
157.14160
157.15558
157.29496
157.31194
157.36210
157.56946
157.59814
157.60588
157.61488
157.62562
157.62874
157.67854
157.76212
157.82248
157.84534
157.85548
157.86208
157.87132
158.01946
158.10886
158.20738
158.24680
158.25184
158.32876
158.34070
158.36182
158.47912
158.48512
158.50192
158.60566
158.62870
158.64064
158.74846
158.75224
158.77870
158.81494
158.83270
159.03922
159.13582
159.24262
159.38656
159.39586
159.46252
159.59566
159.61510
159.62440
159.63922
159.65512
159.66244
159.84562
159.86260
159.87928
159.98224
160.01248
160.07914
160.42018
160.98262
161.20366
161.44642
161.55808
161.82034
161.94640
162.19936
162.20554
162.22060
162.23290
162.25288
162.29008
162.38914
162.47986
162.52042
162.53008
162.56614
162.60586
163.08916
163.23298
163.25434
163.31332
163.44952
163.45606
163.46332
163.49680
163.51636
163.58656
163.68730
163.72288
163.79686
163.93036
164.18014
164.26378
164.32102
164.40430
164.46370
164.59714
164.70448
164.71060
164.88676
164.90032
164.92390
164.93476
164.99710
165.04474
165.10918
165.13324
165.45460
165.69082
165.79528
165.80128
165.85036
165.86470
165.89392
165.93070
165.93364
166.22434
166.99102
167.12440
167.21428
167.25796
167.31430
167.48104
167.51440
167.53414
167.54092
167.76724
167.86450
167.89120
167.89762
167.92756
168.09778
168.19090
168.27202
168.28642
168.35818
168.45064
168.45520
168.48796
168.50056
168.50530
168.53848
168.54784
168.57424
168.62212
168.66118
168.71458
168.76726
168.84778
168.91462
168.97474
168.98842
169.07464
169.07860
169.10062
169.11748
169.27870
169.28380
169.29784
169.40518
169.42186
169.60090
169.76446
169.84162
169.89778
169.90450
169.90822
169.96720
170.21470
170.22844
170.38786
170.41492
170.49802
170.50978
170.55076
170.67496
170.69176
171.34570
171.47398
171.51490
171.73138
171.74836
171.89566
172.01488
172.04836
172.53136
172.53430
172.54852
172.55848
172.63450
172.71778
172.73158
172.77700
172.88452
172.90108
172.94824
173.38156
173.54818
173.57842
173.70130
173.73454
173.78152
173.81476
173.86492
174.00136
174.00586
174.01252
174.13906
174.57544
174.60586
174.66508
174.67708
175.02556
175.03654
175.04254
175.11808
175.14118
175.19854
175.28194
175.33936
175.46806
175.47712
175.54846
175.73200
175.82722
175.88932
176.02258
176.10400
176.15134
176.15572
176.17876
176.36230
176.37904
176.41516
176.42272
176.60128
176.80156
176.86810
176.95906
176.98192
177.10126
177.12274
177.14410
177.34888
177.47926
177.49246
177.53944
177.56824
177.69874
177.77266
177.80506
177.96076
178.02460
178.08178
178.09186
178.21546
178.25140
178.28182
178.29874
178.39906
178.43848
178.48228
178.50160
178.56820
178.75894
178.77898
178.85914
178.88200
178.89226
178.89892
178.90624
178.99402
179.19892
179.21548
179.23210
179.23522
179.36830
179.41846
179.44870
179.49922
179.57920
179.74888
179.78206
179.78974
179.89282
179.93956
179.95630
180.05914
180.06244
180.07306
180.15172
180.21544
180.23500
180.41548
180.43636
180.44242
180.46546
180.57436
180.65188
180.76846
181.70176
181.72588
181.75660
181.84900
181.87168
182.23972
182.24884
182.33224
182.49934
182.56264
182.90170
182.91100
182.93974
183.16564
183.21106
183.35194
183.37324
183.37600
183.43252
183.55210
183.71866
183.94900
183.98584
184.16578
184.28986
184.34914
184.51558
184.63252
184.89916
184.98544
185.26600
185.34484
185.34922
185.46244
185.68990
186.08542
186.13270
186.21880
186.23248
186.58960
186.83230
186.99922
187.02628
187.09006
187.13266
187.17610
187.23226
187.50586
187.71850
187.97332
188.08264
188.20660
188.33248
188.34616
188.35936
188.37640
188.54932
188.56588
188.61580
188.65642
189.17968
189.19954
189.24628
189.27376
189.43288
189.57958
189.84268
189.90226
189.92986
189.95218
189.96574
190.00192
190.14940
190.29928
190.31614
190.33270
190.48552
190.50226
190.52344
190.63984
190.66582
190.68274
190.71604
190.75852
190.78276
190.91884
191.11606
191.34910
191.36566
191.48266
191.61604
191.63278
191.69956
191.71900
191.74180
191.86588
192.26614
192.28258
192.33244
192.52630
192.74926
193.25224
193.32526
193.34962
193.35220
193.61596
193.86604
194.29198
194.30968
194.40598
194.41012
194.42614
194.65696
194.76904
194.91610
195.05680
195.16618
195.53272
195.71626
195.73258
195.85678
195.93286
195.99934
196.03282
196.04938
196.18288
196.26586
196.52626
196.53238
196.54306
196.61602
196.63570
196.64296
196.67350
196.68280
196.69006
196.94944
196.96588
196.98022
196.98238
196.99654
197.03284
197.04202
197.06608
197.09572
197.09938
197.12638
197.23288
197.61646
197.91610
197.94640
198.07348
198.22360
198.63292
198.72646
198.76588
198.77164
198.81886
198.87640
198.93304
198.98302
199.01602
199.07902
199.22362
199.38004
199.39960
199.40890
199.44748
199.49002
199.52650
199.54972
199.65262
199.76140
199.90984
199.94956
200.05210
200.09968
200.27284
200.32636
200.39038
200.44978
200.48302
200.51602
200.54968
200.84968
200.95708
200.98288
201.04948
201.18568
201.19960
201.23320
201.27640
201.37378
201.46894
201.69322
201.79972
201.80242
201.83584
201.92644
202.02664
202.03282
202.10992
202.20988
202.51618
202.55710
202.59328
202.61662
202.66000
202.69054
202.69954
202.78030
202.79044
202.84978
203.01658
203.03956
203.09950
203.23306
203.33314
203.37304
203.40256
203.41630
203.49976
203.54950
203.55892
203.58304
203.65708
203.79046
203.86630
204.09982
204.10954
204.22384
204.34630
204.55258
204.59980
204.65278
204.83326
204.89662
204.89986
205.11664
205.39990
205.42396
205.46932
205.57390
205.58620
205.60738
205.71646
205.82140
205.84252
206.22406
206.27704
206.33326
206.39992
206.50282
206.62414
206.83342
206.87404
206.93362
207.13354
207.33334
207.39700
207.68650
207.80020
208.18618
208.31350
208.31656
208.33336
208.35022
208.46674
208.65292
208.80034
208.84996
209.25310
209.61682
209.68354
209.86360
209.95762
209.96698
209.99398
210.04108
210.04420
210.13624
210.32344
210.37348
210.48364
210.50680
210.57718
210.60304
210.77440
210.78352
210.87712
210.90958
210.93382
210.96688
210.98080
211.01698
211.03378
211.08652
211.10692
211.17364
211.32616
211.34134
211.41082
211.43032
211.45792
211.48384
211.54126
211.61710
211.62652
211.63654
211.64284
211.79398
211.80016
211.83352
211.87354
211.93354
211.96690
212.08690
212.20018
212.25328
212.26108
212.31226
212.35312
212.50780
212.51080
212.60320
212.67742
212.68408
212.76538
212.78656
212.80036
212.82730
212.91070
213.42028
213.45052
213.50332
213.61078
213.72652
213.88384
214.30792
214.31068
214.40800
214.48408
214.55080
214.80352
214.86724
215.03692
215.07460
215.13406
215.20060
215.40352
215.41504
215.50078
215.75056
215.75788
215.98678
216.19126
216.33670
216.35332
216.38380
216.39046
216.51724
216.62470
216.95812
217.20076
217.28404
217.42756
217.53400
217.59394
217.62016
217.78384
217.95034
217.96738
218.08666
218.11714
218.12056
218.12386
218.31994
218.35072
218.43826
218.45536
218.59132
218.95072
218.98372
219.32002
219.47470
219.51742
220.06438
220.22746
220.70032
220.71064
220.80046
221.32012
221.42344
221.43388
221.54830
221.59114
221.66722
221.71690
221.73418
221.75794
221.90332
221.91238
221.92450
222.08980
222.22918
222.51712
222.52738
222.55786
222.57448
222.60076
222.82462
222.85012
222.89302
222.93676
223.05046
223.11706
223.26058
223.29124
223.29706
223.45048
223.56058
223.66972
223.95766
223.96402
224.10790
224.17636
224.20354
224.65972
224.70040
224.72422
224.89462
224.90056
225.05038
225.21676
225.31678
225.35776
225.37000
225.43336
225.51070
225.52012
225.52432
225.57460
225.60760
226.15774
226.16062
226.16992
226.18360
226.18846
226.20340
226.33054
226.35478
226.81726
226.85974
226.87426
226.90684
226.99738
227.54572
227.72446
227.81062
227.83654
227.96986
228.02626
228.45958
228.46726
228.49270
228.50776
228.51058
228.53404
228.54412
229.00954
229.05028
229.20016
229.29766
229.30054
229.47430
229.48396
229.50322
229.67716
230.15056
230.77714
230.79310
230.96428
231.08668
231.13360
231.31708
231.55960
231.59674
231.72730
231.76972
231.81718
231.95050
231.96418
231.98368
232.03372
232.08652
232.14112
232.16692
232.18372
232.22740
232.26988
232.28698
232.29118
232.29736
232.30768
232.32730
232.38508
232.48654
232.60012
232.64392
232.70332
232.74394
232.84024
233.20318
233.23366
233.25028
233.30050
233.36710
233.53330
233.55970
233.65324
233.71972
234.19102
234.35050
234.45778
234.78364
234.86692
234.96058
235.05046
235.08346
235.40014
235.47730
235.48324
235.60744
235.71694
235.77730
235.89106
235.89712
235.93648
235.94740
235.98340
236.03380
236.10322
236.26708
236.27608
236.31706
236.68642
236.90026
236.95024
237.01678
237.09574
237.15040
237.55018
237.70006
237.71068
237.88648
238.00300
238.06696
238.07710
238.11676
238.16044
238.17712
238.19008
238.38340
238.40002
238.41700
238.45312
238.45630
238.48636
238.49092
238.49284
238.51672
238.57702
238.58638
238.95016
239.18350
239.33638
239.36686
239.51980
239.77426
239.85034
239.86672
239.88352
239.97412
240.00976
240.09688
240.17704
240.36700
240.38350
240.51964
240.66676
240.70006
240.71668
240.78988
240.91678
240.98362
241.01680
241.03342
241.33354
241.36936
241.38334
241.73362
241.76206
241.78336
242.32936
242.59990
242.61046
242.64076
242.73946
242.78632
242.86666
242.88322
242.94976
243.01954
243.09994
243.26674
243.29056
243.29344
243.31378
243.50926
243.61642
243.68338
243.84970
243.88330
244.09972
244.23136
244.23334
244.25248
244.28626
244.31620
244.53310
244.62676
244.64050
244.64974
244.66000
244.71010
244.73632
244.85716
245.00644
245.03596
245.28316
245.39062
245.44636
245.45740
245.51344
245.54050
245.72380
245.74978
245.86666
245.86912
246.25708
246.27364
246.35722
246.39346
246.44326
246.49960
246.56764
246.57988
246.61612
246.62380
246.68308
246.71650
246.78304
246.96622
247.06930
247.42576
247.43716
247.54342
247.59352
247.80982
247.87276
247.94968
248.22382
248.31652
248.56630
248.71900
248.74978
248.83300
248.91928
249.09970
249.14326
249.59314
250.15714
250.21918
250.24960
250.51930
250.66624
251.01640
251.18596
251.39974
251.44972
251.59972
251.78290
251.82976
251.89324
252.03316
252.09946
252.11932
252.13306
252.31900
252.33868
252.58552
252.59626
252.59962
252.65998
252.73306
252.83572
252.93328
252.99988
253.01920
253.34050
253.41652
253.42900
253.56622
253.61008
253.62376
253.66360
253.67686
253.68310
253.69624
253.73320
253.82392
253.83568
253.90276
253.94998
253.96636
254.01658
254.01910
254.02660
254.06620
254.06938
254.16352
254.28274
254.28598
254.36980
254.45260
254.49058
254.51644
254.54242
254.57656
254.60236
254.63596
254.71012
254.86012
254.88316
254.91676
254.95000
254.95264
255.03310
255.05020
255.08332
255.09046
255.35260
255.47386
255.72064
255.75742
255.77884
255.89350
255.96676
255.98728
255.99994
256.23334
256.31932
256.81942
256.98358
257.18320
257.23348
257.32714
257.53582
257.53978
257.55274
257.55646
258.05002
258.16030
258.19084
258.26962
258.38338
258.45028
258.45286
258.87424
259.10770
259.13062
259.14250
259.38622
259.40050
259.46680
259.67428
259.75324
259.78324
259.81042
260.26696
260.28358
260.40016
260.64100
260.86738
260.93668
260.95036
261.25030
261.40018
261.53374
261.70054
261.80650
261.81022
261.83380
261.94420
262.02466
262.08676
262.35334
262.75066
263.12470
263.34130
263.36446
263.36728
263.43124
263.43670
263.65066
263.75326
263.82934
263.85718
263.87446
263.88670
263.97388
263.98690
264.00064
264.01726
264.06718
264.08380
264.12508
264.25042
264.27916
264.30334
264.33628
264.36070
264.43402
264.51712
264.58396
264.61420
264.70360
264.71098
264.77476
264.82468
264.88684
265.03690
265.04734
265.10800
265.18708
265.31080
265.37488
265.42744
265.43386
265.45366
265.46734
265.47484
265.54786
265.72030
265.84312
266.03710
266.05084
266.11732
266.38696
266.88712
266.91760
266.94166
267.01768
267.09142
267.14782
267.15094
267.35374
267.40372
267.45100
267.58414
267.71740
267.72022
267.82798
267.84160
268.02034
268.06738
268.18420
268.19668
268.50376
268.55842
268.67038
268.74778
268.76116
269.05096
269.07976
269.12050
269.17234
269.27050
269.31766
269.33434
269.34178
269.36482
269.37046
269.61130
269.61772
269.71774
269.91766
269.97052
269.99446
270.01786
270.10078
270.22516
270.23122
270.47974
270.60064
270.70084
270.82048
271.04170
271.16776
271.21768
271.23106
271.36780
271.43446
271.45852
271.55110
271.71766
271.95112
271.95442
271.97038
272.13436
272.66776
272.76772
273.01036
273.02968
273.03190
273.15544
273.36766
273.47956
273.49066
273.50128
273.55864
273.86776
274.00498
274.15390
274.25848
274.27084
274.40116
274.46296
274.53466
274.81768
274.83778
274.87540
274.88020
274.93726
274.96768
275.00380
275.07064
275.13100
275.14636
275.23180
275.27800
275.31490
275.35144
275.36776
275.40100
275.76802
275.79448
275.87782
275.89720
275.90098
275.92066
275.98474
276.01126
276.07060
276.20122
276.24346
276.43420
276.47062
276.68434
276.90382
277.02694
277.05388
277.08442
277.15846
277.20124
277.23424
277.27072
277.33744
277.37788
277.40122
277.40392
277.47526
277.48438
277.52056
277.55110
277.58164
277.58434
277.68712
277.79488
277.82518
277.83712
277.89352
278.22520
278.55844
278.56786
279.13720
279.26782
279.40132
279.41764
279.42790
279.50848
279.55126
279.61036
279.83434
279.88450
279.90400
279.91780
280.19380
280.44184
280.48450
280.51744
280.91770
280.93420
281.05390
281.12680
281.60116
281.73436
281.80840
282.08722
282.18442
282.18712
282.21754
282.23734
282.23956
282.26326
282.37810
282.41788
282.53452
282.58426
282.61132
282.80764
283.00114
283.00390
283.07086
283.08070
283.08442
283.18450
283.27066
283.36768
283.40386
283.48438
283.63462
283.79182
283.90102
284.00116
284.11804
284.67064
284.78422
284.93746
285.01792
285.15412
285.20398
285.25126
285.29032
285.46156
285.64372
285.67516
285.75874
285.77074
285.79192
285.93460
286.20124
286.23454
286.27030
286.29490
286.33744
286.61800
286.65130
286.77520
286.81780
286.88470
286.93462
286.93756
287.04478
287.08450
287.10118
287.41804
287.45398
287.63752
287.71780
287.80402
287.88454
287.89192
288.01804
288.23470
288.58432
288.59662
288.60118
288.65116
288.75124
288.76138
288.80110
288.98452
289.21792
289.25866
289.27714
289.37074
289.52050
289.63474
289.65424
289.67986
289.85404
290.05120
290.08942
290.12416
290.12842
290.18428
290.30872
290.53732
290.55136
290.58136
290.71024
290.80114
290.82070
290.93452
290.98450
291.05152
291.06520
291.16780
291.26302
291.30130
291.36034
291.36778
291.37066
291.43456
291.55126
291.61768
291.68494
291.70402
291.73456
291.78460
291.80860
291.85132
291.86764
292.01782
292.13440
292.14460
292.18732
292.28458
292.30108
292.38730
292.70110
292.74364
292.75840
292.76794
292.80394
292.89382
292.90114
292.91320
293.05132
293.54086
293.64460
294.18214
294.32704
294.55858
294.65866
294.70120
294.73432
294.80422
294.85120
294.96772
295.05106
295.11112
295.15108
295.18438
295.38706
295.39462
295.44448
295.58440
295.71754
295.75414
295.77064
295.78426
295.79164
295.90096
295.98448
296.06764
296.16166
296.17078
296.32798
296.36110
296.39824
296.41132
296.48440
296.49652
296.50390
296.51770
296.65126
296.79808
296.83450
296.93728
297.02776
297.17068
297.18442
297.19450
297.20848
297.32782
297.35764
297.40114
297.40390
297.45130
297.50842
297.53428
297.53722
297.55822
297.58738
297.59632
297.60754
297.66748
297.86464
297.89458
297.99346
298.01782
298.20382
298.44436
298.49458
298.56772
298.63426
298.63714
298.81762
298.89154
299.04442
299.28694
299.50102
299.55376
299.57020
299.57770
299.62696
299.64184
299.77516
299.91742
299.98702
300.08416
300.10102
300.28702
300.50374
300.95062
301.47028
301.62004
301.91716
302.05378
302.08696
302.11720
302.16730
302.30068
302.46070
302.47456
302.58670
302.75032
302.76730
303.17752
303.21718
303.25048
303.59290
303.65782
303.68680
303.84124
304.31998
304.45048
304.78372
304.85050
304.95334
304.98028
305.41696
305.41966
305.51698
305.60026
305.61700
305.61994
305.63644
305.75032
305.76700
305.94286
305.95768
305.98342
306.02374
306.04102
306.10018
306.17728
306.41956
306.45016
306.46702
306.48634
306.50302
306.63334
306.68980
306.83350
306.87694
306.98338
307.03324
307.08640
307.30756
307.50724
307.54084
307.68592
307.74736
307.76662
307.78612
307.79080
307.79230
307.80004
307.96942
307.97686
308.06944
308.07412
308.11006
308.12692
308.14552
308.19994
308.28292
308.32702
308.38354
308.61670
308.74066
308.77678
308.81644
308.91676
308.93326
308.96662
309.11038
309.11644
309.19984
309.21316
309.21646
309.30934
309.37396
309.37654
309.64330
309.87556
310.18312
310.29232
310.33588
310.39972
310.59952
310.60264
310.65256
310.72366
310.73584
310.78306
310.99966
311.06332
311.07268
311.11642
311.12356
311.14960
311.16622
311.28004
311.29978
311.34040
311.50996
311.53564
311.55706
311.71912
311.73604
311.91898
311.94934
312.41596
312.55966
312.66592
312.66886
312.76756
312.77872
312.79276
312.81622
312.86914
312.92530
313.11592
313.51594
313.78270
313.79284
313.93252
313.93558
313.97212
314.00218
314.63998
314.73526
314.77510
314.87314
315.01594
315.07228
315.11986
315.19924
315.23998
315.34276
315.34444
315.64564
315.66556
315.75202
316.20190
316.56982
316.57588
316.65166
316.79890
317.03218
317.17306
317.19580
317.26564
317.48212
317.86240
317.97580
318.08224
318.13210
318.31552
318.43498
318.46534
318.57172
318.65320
318.70186
318.78940
318.79264
318.79438
318.80626
318.98206
319.19248
319.27564
319.39900
319.43224
319.48174
319.63954
319.71802
319.77238
319.81534
320.00164
320.10166
320.21824
320.28496
320.40148
320.41546
320.41822
320.64850
320.66800
320.68492
320.70160
320.79844
320.86528
320.93470
320.96806
320.98474
321.01228
321.03820
321.08494
321.08956
321.09838
321.10156
321.18220
321.19882
321.21538
321.23164
321.26506
321.27274
321.30154
321.34228
321.51814
321.53200
321.56524
322.06534
322.13188
322.15138
322.23196
322.30594
322.40884
322.42744
322.44118
322.63186
322.74868
323.18944
323.44858
323.54506
323.54836
323.62918
323.86522
324.04858
324.31534
324.31930
325.16524
325.28194
325.43188
325.44868
325.63474
325.64842
325.68496
325.75486
325.89226
325.96486
325.99870
326.26546
326.32588
326.38456
326.40130
326.49868
326.53180
326.74840
326.81818
326.91808
326.93470
327.12178
327.13186
327.13462
327.42718
327.58198
327.73162
327.88180
327.90586
327.91534
327.92548
327.97534
328.31506
328.72432
328.78180
328.79206
328.90876
329.08474
329.27524
329.41516
329.51506
329.53198
329.58172
329.67250
329.76136
330.22534
330.30142
330.30856
330.37264
330.69376
330.73174
330.81262
330.90586
330.92542
330.99856
331.02256
331.16794
331.34212
331.46230
331.55776
331.71628
331.73200
331.78198
331.78948
331.80868
331.81642
331.84618
331.91818
331.92250
332.03152
332.06938
332.07244
332.11492
332.12272
332.17264
332.18926
332.26510
332.34550
332.39824
332.52862
332.53204
332.55874
332.62528
332.78182
332.81494
332.82946
332.99860
333.10132
333.23182
333.26806
333.31810
333.39826
333.44842
333.49822
333.52510
333.54220
333.55120
333.55486
333.66496
333.67930
333.68932
334.01776
334.28854
334.41520
334.49842
334.53166
334.79836
334.97134
334.97488
334.98202
335.07430
335.21566
335.24518
335.31526
335.53462
335.76196
335.79844
335.80144
335.83156
335.84224
336.16516
336.25756
336.28930
336.33196
336.64852
336.89830
336.91534
336.97528
337.05172
337.08178
337.09630
337.31500
337.34866
337.56790
337.62928
337.64842
337.66816
337.91788
337.94854
338.10586
338.15872
338.35114
338.36542
338.49832
338.71522
339.03178
339.08938
339.27544
339.38488
339.45898
339.54856
339.81526
339.83206
339.83506
339.84226
339.89866
339.96532
340.06528
340.06804
340.07260
340.09870
340.21522
340.25146
340.61830
340.65514
340.68178
340.76542
341.18194
341.21548
341.27278
341.28202
341.31514
341.44852
341.56528
341.58202
341.64862
341.69884
341.74870
341.79496
341.80198
341.83210
341.84866
342.13198
342.20920
342.24856
342.33208
342.37564
342.39238
342.40618
342.56530
342.57892
342.58972
342.60808
342.71974
342.78946
342.80932
342.97282
342.98926
343.16572
343.23208
343.28506
343.33240
343.34884
343.38214
343.40176
343.40902
343.45186
343.47568
343.48966
343.53226
343.65166
343.66552
343.83184
343.85188
343.85794
343.95904
344.03518
344.06836
344.11834
344.21536
344.24632
344.41570
344.50942
344.52298
344.53966
344.58964
344.62582
344.65306
344.68504
344.71846
344.80912
344.82472
345.03226
345.04906
345.08260
345.21874
345.24634
345.33214
345.36280
345.74920
346.04938
346.12594
346.16122
346.65958
346.87942
346.91344
347.06854
347.58544
347.98690
348.00202
348.08356
348.14950
348.16888
348.17656
348.17824
348.19960
348.22924
348.28252
348.31900
348.36856
348.51640
348.62626
348.64294
348.74938
349.02628
349.05220
349.06612
349.21600
349.26886
349.32226
349.41616
349.47382
349.54948
349.75984
349.78294
349.81408
350.10592
350.18302
350.20234
350.28292
350.33284
350.38294
350.74060
350.80234
350.82352
350.88040
351.04222
351.08596
351.11650
351.16912
351.32698
351.33292
351.49960
351.58624
351.66004
351.72388
351.75988
352.06954
352.07830
352.10740
352.13290
352.14988
352.16938
352.18612
352.29958
352.43320
352.47682
352.53322
352.66660
352.75906
352.78978
352.88326
352.93324
352.94368
352.99078
353.01670
353.05306
353.08606
353.13016
353.16946
353.18320
353.20744
353.21362
353.25304
353.29084
353.30746
353.38342
353.40298
353.90758
353.91028
354.11668
354.33622
354.50038
354.57724
354.61696
354.62446
354.66682
354.78376
354.81970
354.89572
354.90022
354.91684
354.94546
354.96676
355.08640
355.11976
355.20016
355.69690
355.78354
355.96720
356.01706
356.05024
356.18668
356.21986
356.25034
356.45044
356.84764
356.91976
356.98402
357.05044
357.06736
357.15046
357.27748
357.28804
357.29662
357.30064
357.45052
357.45352
357.53674
357.97018
358.01734
358.18462
358.23670
358.28692
358.43452
358.43686
358.46104
358.48390
358.74436
358.98412
359.23714
359.36506
359.38168
359.41756
359.98426
360.07516
360.14482
360.30112
360.33430
360.46774
360.48706
360.81784
361.21780
361.26784
361.52818
361.54486
361.54852
361.59190
361.75390
361.86160
361.89208
362.08156
362.28190
362.28754
362.33452
362.33758
362.35414
362.41150
362.50144
362.65420
362.71204
362.82556
362.87836
363.04528
363.14494
363.23482
363.26836
363.27112
363.31816
363.37882
363.51088
363.60886
363.61852
363.84142
363.89542
364.12564
364.13512
364.13794
364.16848
364.26826
364.27102
364.35922
364.52554
364.53796
364.60462
364.82776
365.06416
365.19982
365.21854
365.25220
365.30584
365.45476
365.47186
365.47540
365.51602
365.57596
365.60194
365.71882
365.73814
365.76394
365.77132
365.85196
365.93830
365.95948
365.98810
366.09298
366.15214
366.16876
366.34306
366.35212
366.40198
366.79570
366.87196
366.88618
367.20970
367.48834
367.55512
367.61866
367.65250
367.67194
367.80232
368.16442
368.25244
368.46934
368.68876
368.73574
368.82670
368.82856
368.83582
368.84602
368.86924
368.95264
369.00256
369.04510
369.40936
369.75268
369.83614
369.88612
370.49350
370.70266
370.81990
370.86958
371.18980
371.25280
371.57716
371.91070
372.02716
372.23938
372.48652
372.58942
372.75616
373.18660
373.21978
373.33960
373.48036
373.63666
373.73434
373.75630
373.84612
374.22004
374.23810
374.25034
374.57698
374.59006
374.62342
374.78962
374.98060
375.14122
375.23986
375.33712
375.37672
375.40180
375.40678
375.42052
375.48712
375.75346
375.80092
375.81760
375.84928
375.95410
375.98704
376.28716
376.59478
376.82056
376.87342
377.03980
377.30692
377.64490
377.82562
377.83132
378.79510
378.86620
379.00456
379.52836
379.79074
379.90354
380.29774
380.56198
380.62120
380.91478
381.17878
381.29086
381.31486
381.50752
382.11670
382.78180
382.78546
383.88844
383.89756
383.94874
384.02944
384.03838
384.05542
384.50494
384.53830
384.66544
384.91546
385.37476
385.38838
385.39144
385.83130
385.91446
386.02210
386.04880
386.07178
386.16460
386.27200
386.34628
386.42212
386.59798
386.80540
387.05818
387.08464
387.11968
387.14920
387.24634
387.39190
387.76006
387.76312
388.35550
388.40596
388.44202
388.50562
388.87252
388.87528
389.12284
389.44978
389.88190
390.08944
390.12538
390.16354
390.17272
390.22594
390.28636
390.48496
390.49972
390.80638
391.13950
391.17598
391.20658
391.20946
391.22272
391.32298
391.34272
391.36588
391.37614
391.53958
391.57618
391.58980
391.63960
391.75642
391.78978
391.88980
391.92592
392.28988
392.38972
392.44750
392.78260
392.84008
392.87338
392.99008
393.04000
393.15688
393.17332
393.48280
393.50956
393.54016
393.60688
394.05070
394.09312
394.10446
394.19014
394.19950
394.24066
394.36894
394.57348
394.62658
394.67656
394.80712
394.98574
395.00992
395.09728
395.22376
395.25232
395.26054
395.28118
395.32672
395.40388
395.42686
395.44042
395.51014
395.58616
395.61466
395.69344
395.75998
395.81728
395.85478
395.90746
396.07396
396.20398
396.42418
396.48436
396.59758
396.75286
396.76186
396.90070
396.97420
397.05748
397.24354
397.40752
397.51960
397.54072
398.12458
398.12752
398.15782
398.16502
398.24104
398.29126
398.34082
398.66074
399.11074
399.11512
399.16522
399.17446
399.31078
399.51838
399.52438
399.57232
399.84142
399.88822
399.91558
400.15810
400.32484
400.37488
400.40338
400.50826
400.68196
400.69198
400.70770
401.12482
401.20828
401.27488
401.34436
401.37166
401.38906
401.39452
401.57506
401.86582
402.09178
402.23536
402.32512
402.42202
402.43558
402.44176
402.47512
402.56596
402.62518
402.94174
403.00120
403.01128
403.05856
403.24498
403.34182
403.70866
404.15872
404.44204
404.44486
404.55892
404.65900
405.00892
405.04504
405.12844
405.14260
405.16906
405.29248
405.49996
405.67102
405.67864
405.77578
405.85918
405.87862
405.99232
406.17586
406.38604
406.39240
406.40614
406.60018
406.66654
406.74532
406.85008
406.88608
406.94554
406.95916
407.10940
407.12284
407.23342
407.36224
407.38336
407.41228
407.65498
407.65954
407.68300
407.69290
407.74930
407.75170
407.77570
407.82622
407.92600
408.06838
408.07612
408.09292
408.15940
408.30946
408.31684
408.36982
408.37642
408.39286
408.41248
408.46558
408.51688
408.53548
408.59266
408.62608
408.80662
408.85654
408.90028
408.90298
408.94318
409.05976
409.08376
409.13656
409.15528
409.16248
409.16698
409.18078
409.20676
409.25032
409.29304
409.34302
409.35670
409.48384
409.95958
410.00056
410.02918
410.04274
410.09008
410.09572
410.14294
410.25052
410.55952
410.62918
410.63158
410.64316
410.70334
410.74300
410.76250
410.79604
410.85976
410.89588
411.24310
411.45964
411.51262
411.53074
411.57646
411.86734
412.07656
412.08754
412.12204
412.80988
412.81276
412.89760
412.93402
412.97644
412.98682
413.03398
413.21002
413.23696
413.36914
413.55244
413.62954
413.70082
413.97958
414.15730
414.18412
414.19636
414.26296
414.26566
414.27022
414.28696
414.39622
414.56008
414.62014
414.67918
414.75106
414.77062
414.87676
414.95998
415.02664
415.29328
415.91014
415.92682
416.09338
416.17666
416.25370
416.26030
416.27680
416.30992
416.32024
416.60686
416.62678
416.73412
416.85988
416.92030
416.94622
417.13594
417.19342
417.19642
417.21004
417.23704
417.24358
417.29464
417.40390
417.41020
417.47974
417.50674
417.53728
417.65584
417.72970
417.92662
418.11028
418.17688
418.18420
418.22206
418.29628
418.35286
418.37686
418.41010
418.42666
418.44322
418.48702
418.50364
418.58854
418.62664
418.65994
418.69330
418.82956
418.92202
418.93690
418.94650
419.02960
419.16298
419.31298
419.51266
419.58418
419.83714
419.95366
420.11260
420.12958
420.27658
420.32386
420.41284
420.59344
421.02646
421.03054
421.10986
421.36744
421.44778
421.49626
421.62646
421.65994
422.05990
422.12920
422.23132
422.59330
422.67046
422.87692
423.44326
423.52024
423.64306
423.74314
423.79336
423.85996
423.96970
423.99784
424.00078
424.15042
424.53400
424.62016
424.96630
425.06722
425.14618
425.16250
425.17630
425.17918
425.19016
425.19316
425.35048
425.67346
425.67892
425.68408
425.78686
425.84602
425.88382
426.40984
426.47632
426.56716
426.74278
426.75514
426.86722
426.88654
427.20028
427.21258
427.35622
427.61878
427.65046
427.69078
428.03650
428.10952
428.12596
428.13640
428.35930
428.45962
428.46700
428.47666
428.51242
428.52904
428.75200
428.80930
428.88628
428.92738
428.92900
428.94562
429.01690
429.07606
429.13630
429.20026
429.33652
429.34270
429.36958
429.40018
429.44278
429.50968
429.66232
429.68368
429.71236
429.75952
429.83272
429.86968
429.95950
430.09264
430.10200
430.10974
430.11700
430.14274
430.42192
430.54570
430.64560
430.70212
430.71676
430.77886
430.80010
430.80934
430.88320
430.95934
430.96684
431.01238
431.13352
431.20918
431.22610
431.26966
431.37604
431.45950
431.54272
431.59546
431.65276
431.73646
432.03610
432.06220
432.06676
432.10660
432.24550
432.24994
432.29542
432.40918
432.47584
432.57868
432.59542
432.61570
432.62332
432.72874
432.74260
433.04254
433.08316
433.23610
433.44244
433.70896
433.84246
433.89550
433.98604
434.00002
434.05438
434.05894
434.22874
434.36188
434.37868
434.41192
434.49250
434.54230
434.56648
434.57536
434.79232
434.82568
434.83588
434.84230
434.85634
434.89504
434.96656
434.97580
435.27544
435.35896
435.37558
435.46186
435.51550
435.54232
435.54892
435.55900
435.66940
435.74236
435.75604
435.75862
435.77830
436.30246
436.34518
436.36630
436.71628
436.90864
437.00902
437.16016
437.17246
437.22832
437.52556
437.57548
437.66128
437.86918
438.07840
438.09226
438.15886
438.18292
438.18916
438.35128
438.70228
438.77542
438.78502
438.83560
438.85918
438.88270
439.05142
439.07548
439.07860
439.29634
439.35202
439.55878
439.91800
440.22544
440.51512
440.52502
440.81806
440.97496
441.10594
441.19174
441.40852
441.44200
441.61150
441.74482
441.75874
441.79186
441.97534
441.99850
442.33582
442.37524
442.42240
442.45870
442.50868
442.53022
442.71586
442.76896
442.77490
442.82524
443.01154
443.07826
443.20210
443.26612
443.28526
443.38882
443.41594
443.49196
443.80264
443.80882
443.81878
443.84524
443.90218
443.94196
444.00196
444.02878
444.07228
444.16888
444.27832
444.32518
444.36142
444.50122
444.91804
445.26790
445.29478
445.34506
445.67554
445.69198
445.95874
446.25856
446.40862
446.51164
446.60878
446.80888
446.81620
447.09472
447.12808
447.14206
447.17530
447.22522
447.32530
447.48286
447.62830
447.83566
447.94198
448.06156
448.23562
448.39936
448.44508
448.46800
448.59484
448.70236
448.72534
449.19208
449.52832
449.67544
449.90866
450.10870
450.17842
450.36154
450.61162
450.68284
450.70894
450.73876
450.78280
450.79480
450.82534
450.91912
450.95260
450.95884
451.06618
451.29226
451.45876
451.62826
451.70272
451.72852
451.76170
451.79668
451.84882
452.04220
452.06158
452.08180
452.12560
452.15266
452.19214
452.27842
452.29228
452.37220
452.38270
452.59978
452.61928
452.69506
452.87542
453.10156
453.15238
453.17884
453.20242
453.20914
453.23956
453.27562
453.27856
453.30892
453.46150
453.47548
453.49528
453.52558
453.61168
453.62560
453.72550
453.74212
453.74968
453.77266
453.84208
453.84862
453.89212
453.89974
453.90244
453.98308
454.00900
454.04698
454.17826
454.24486
454.29982
454.32562
454.35892
454.54528
454.61920
454.75900
454.76638
454.80910
454.88302
454.90882
454.97554
454.98586
455.05882
455.12290
455.36182
455.38312
455.39218
455.40214
455.44234
455.44534
455.46928
455.57842
455.59222
455.65150
455.72572
455.73592
455.98588
456.33514
456.41662
456.47578
456.49246
456.51190
456.60904
456.70264
456.74242
456.77578
456.85930
456.89242
456.92584
456.95920
457.66972
457.70920
458.10262
458.11948
458.31676
458.59540
458.75938
458.80288
458.88628
458.89552
459.34546
459.47584
459.47872
459.79246
459.82300
459.93532
459.95770
459.97900
460.19278
460.32574
460.41856
460.79992
460.96960
461.24542
461.25922
461.31202
461.36674
461.41678
461.62600
461.65012
461.80924
461.89996
461.95012
462.12604
462.30928
462.34552
462.53524
462.59266
462.60004
462.65926
462.72604
462.83350
462.93028
462.96244
462.97594
463.04530
463.23256
463.24912
463.39006
463.47880
463.51966
463.55950
463.56694
463.57606
463.63990
463.70914
463.71250
463.84576
463.85470
463.85938
464.09290
464.15536
464.19280
464.21242
464.43088
464.50924
464.68366
464.77150
464.79946
464.83360
464.84728
464.86918
464.98648
465.10024
465.47632
465.49582
465.77626
465.84292
465.96226
466.12618
466.22908
466.25938
466.35040
466.42624
466.45024
467.06248
467.06986
467.09290
467.46232
467.52664
467.57914
467.60728
467.66236
467.74300
467.77900
467.90050
467.99590
468.26242
468.30046
468.34300
468.47638
468.61270
468.66256
468.66982
468.81706
468.82636
469.14598
469.26898
469.29586
469.29754
469.30990
469.36720
469.45996
469.47652
469.52302
469.55506
469.74322
469.89304
469.91716
470.14006
470.23654
470.24314
470.34598
470.44318
470.75956
470.78848
470.79286
470.87650
470.90062
470.94580
471.02650
471.05974
471.12652
471.40966
471.61672
471.62644
471.64300
471.65398
471.76264
471.99052
472.12942
472.17016
472.19314
472.36258
472.42654
472.49308
472.64302
472.85986
472.96894
472.99624
473.15992
473.24338
473.32648
473.46430
473.48368
473.50336
473.54602
473.74744
473.75710
473.80366
473.87662
474.00940
474.02650
474.06304
474.07648
474.26386
474.28690
474.31684
474.33400
474.37636
474.41728
474.59614
474.68836
474.76300
474.79330
474.82942
474.85984
474.97384
475.00258
475.36006
475.37368
475.45684
475.62682
475.64734
475.99636
476.02636
476.37394
476.52028
476.71990
476.72392
476.77690
476.86006
476.91010
476.94310
477.20992
477.23410
477.24994
477.37942
477.46000
477.47668
477.49336
477.52642
477.67672
478.00990
478.01296
478.07680
478.28860
478.69360
478.84330
478.86262
478.89358
478.97674
479.06296
479.07934
479.09344
479.19034
479.19616
479.24326
479.26012
479.26888
479.30998
479.37358
479.42650
479.46916
479.48398
479.72650
479.94328
480.06274
480.16720
480.34312
480.55978
480.94318
481.25998
481.81720
481.87942
482.03416
482.14318
482.39308
482.70346
482.71744
482.72020
482.75248
482.75536
482.78386
482.81896
482.84326
482.90992
483.57670
483.62944
483.64612
483.75244
483.84334
484.01710
484.02922
484.16278
484.74328
484.78570
484.79956
484.81978
484.84618
484.98394
485.00968
485.01274
485.01712
485.02948
485.05342
485.14606
485.29330
485.36650
485.37652
485.57674
485.59306
485.62642
485.64322
485.68660
485.71654
485.79604
485.90332
486.07636
486.12922
486.19300
486.19978
486.20974
486.33568
486.46264
486.59302
486.73288
486.87652
486.97624
487.02358
487.17010
487.17610
487.19272
487.20070
487.48846
487.49590
487.57006
487.61242
487.62634
487.78666
487.84318
487.87378
488.36284
488.47018
488.50048
488.65678
488.82010
488.90338
489.27658
489.59308
489.91882
489.93400
489.94018
489.94600
490.20952
490.22944
490.26268
490.30036
490.44316
490.46260
490.46662
491.04586
491.08372
491.38534
491.40646
491.50312
491.53366
491.56690
491.60014
491.64298
491.69590
492.00958
492.01258
492.16240
492.36982
492.51436
492.56710
492.57616
492.58342
492.62614
492.89566
493.17628
493.35964
493.37914
493.40338
493.42666
493.53382
493.55950
493.59286
493.60930
493.75924
494.04280
494.21254
494.29276
494.49286
494.60938
494.97634
495.07906
495.19258
495.29572
495.39292
495.42916
495.45310
495.52906
495.79558
495.82354
495.82630
495.85342
495.86236
495.87898
495.90292
496.15936
496.26688
496.32610
496.33630
496.49248
496.51990
496.55206
496.64560
496.67620
496.72906
496.90480
496.96954
496.97962
497.05570
497.08630
497.09524
497.18614
497.25916
497.28328
497.31658
497.32306
497.34988
497.37610
497.38516
497.42866
497.55010
497.75944
497.78500
498.02890
498.05602
498.45298
498.54544
498.79894
498.83608
499.00294
499.14244
499.57570
499.67338
499.94236
500.07568
500.28580
500.34220
500.39230
500.49964
500.55244
500.56204
500.59972
500.69986
500.72560
500.75872
500.77576
500.78320
500.91178
501.11176
501.19972
501.46648
501.48214
501.52558
501.57850
501.69232
501.99208
502.13554
502.19218
502.19866
502.23544
502.24198
502.60882
502.65244
502.68580
502.69210
502.71808
503.16610
503.31172
503.38276
503.44492
503.57542
503.70226
503.86150
503.87986
503.90872
503.92798
503.97820
504.05818
504.22510
504.24208
504.27526
504.33544
504.39172
504.42526
504.75214
504.75874
504.82516
504.85846
505.34164
505.47508
505.54186
505.69474
505.75816
505.76584
505.84912
505.86880
505.89160
505.90240
505.95826
505.98514
505.99450
506.04142
506.10094
506.20810
506.22502
506.22820
506.32774
506.40574
506.51122
506.54428
506.56840
507.04174
507.31114
507.48214
507.50356
507.52486
507.59134
507.65158
507.70804
507.78136
507.81172
507.81742
507.82480
507.87490
507.93490
508.21996
508.24126
508.26544
508.28206
508.28494
508.33132
508.47460
508.49872
508.50064
508.56082
508.60786
508.74412
508.80796
508.85782
508.94428
508.97734
509.06068
509.16688
509.19106
509.22484
509.26552
509.68192
509.74408
509.81056
509.95762
510.36694
510.44374
510.68170
510.69106
510.72430
510.84100
510.89092
511.21426
511.27768
511.28194
511.28356
511.74814
511.75744
512.12416
512.12704
512.14078
512.19082
512.32408
512.55742
512.61664
512.81746
513.02092
513.41446
513.57682
513.64048
513.69328
513.75736
513.90718
513.94342
513.95992
514.15990
514.17676
514.25716
514.52380
514.86718
514.94014
514.95970
515.02354
515.15032
515.45698
515.48248
515.50042
515.51410
515.51710
515.56720
515.70964
515.74018
515.85202
515.92624
516.02338
516.18994
516.22048
516.23068
516.23992
516.24292
516.26404
516.27316
516.32974
516.68062
516.70960
516.72346
516.95656
516.98272
516.98476
517.00198
517.09264
517.20910
517.35640
517.37314
517.42582
517.45936
517.61662
517.64242
517.67596
517.77298
518.03650
518.04220
518.06656
518.07556
518.11366
518.24248
518.24608
518.32312
518.38948
518.47570
518.48668
518.58940
518.70658
518.75866
518.77288
518.84596
518.95888
519.18034
519.20908
519.22264
519.23920
519.31816
519.41056
519.53452
519.66634
519.76978
519.79486
519.85894
519.86056
520.05574
520.13920
520.15570
520.33144
520.34962
520.37206
520.43008
520.43272
520.44952
520.50862
520.65568
520.67998
520.71514
520.78894
520.80892
520.82524
520.86616
520.91320
520.93540
520.96312
521.05540
521.13910
521.17210
521.18914
521.19826
521.21602
521.27506
521.37208
521.42224
521.47222
521.49646
521.63422
521.67484
521.75542
521.98246
522.06304
522.22222
522.47212
522.53866
522.54610
522.63880
522.79150
522.84598
522.85522
522.95824
523.14868
523.16722
523.22194
523.27480
523.29124
523.32178
523.33852
523.37488
523.43860
523.62172
523.67452
523.67914
523.78834
523.89526
523.91530
524.05804
524.09860
524.18848
524.38834
524.68852
524.74582
524.82160
524.95486
524.96890
524.97112
524.98096
525.05470
525.15484
525.19834
525.26878
525.27160
525.32890
525.98794
526.03510
526.20466
526.30756
526.32124
526.37422
526.38154
526.43788
526.45732
526.52122
526.74052
526.87792
526.90456
526.91362
527.04088
527.10766
527.22406
527.33764
527.44834
527.45734
527.49064
527.55742
527.58748
527.87398
527.90458
528.18772
528.33766
528.40408
528.42382
528.65440
528.98110
528.99250
529.02370
529.37062
529.49512
529.51450
529.68754
529.69012
529.77802
529.96126
530.05660
530.13382
530.17348
530.20384
530.25676
530.28088
530.51116
530.56444
530.57974
530.60374
530.62726
530.63710
530.75392
530.77324
530.84692
530.90404
530.90668
531.02020
531.02338
531.12718
531.13732
531.19912
531.20638
531.27028
531.29002
531.34432
531.42766
531.44896
531.57772
531.58684
531.60646
531.61102
531.85636
531.92008
531.99424
532.20334
532.22656
532.26832
532.40362
532.46098
532.62004
532.75600
532.90348
533.11972
533.21986
533.31964
533.46334
533.68666
533.73652
533.81668
533.95288
534.02992
534.06958
534.08656
534.10606
534.28606
534.57220
534.65572
534.66484
534.69670
534.70294
534.95554
534.96940
535.10266
535.11958
535.16914
535.22236
535.25128
535.28878
535.66330
535.67860
535.73866
535.76932
535.81924
535.83586
535.88860
536.25538
536.54320
536.57944
536.60092
536.75230
536.95228
536.95972
536.96134
536.97190
537.04618
537.16912
537.40204
537.56908
537.64282
537.69796
537.76882
537.88834
537.96880
538.10494
538.19278
538.25200
538.40206
538.47142
538.50154
538.52518
538.54546
538.60942
538.63564
539.00494
539.03806
539.61184
539.66578
539.69266
539.84740
539.85838
540.10456
540.16102
540.20188
540.28228
540.37480
540.46558
540.47854
540.52582
540.61822
540.65914
540.66190
540.68776
540.70438
540.78772
540.81196
540.81538
540.88498
540.88792
540.91810
540.93472
540.95464
540.99148
541.07860
541.13908
541.14226
541.17874
541.22722
541.25140
541.35436
541.48768
541.52548
541.67566
541.73482
541.80448
541.85146
541.86814
541.87114
541.89892
541.93774
542.03770
542.07838
542.21176
542.28754
542.34502
542.68726
542.85148
542.95156
543.06526
543.25138
543.35128
543.45844
543.48496
543.51808
543.56488
543.76774
544.20382
544.21540
544.23748
544.40110
544.51120
544.85092
545.00074
545.33416
545.45068
545.65378
545.89336
545.93434
545.95384
545.95828
545.97028
546.01108
546.08428
546.08926
546.20068
546.20374
546.40066
546.44152
546.52030
546.58396
546.62026
546.65080
546.65350
546.67486
546.67666
546.68422
546.89416
546.93112
547.35088
547.42942
547.50064
547.54024
547.55350
547.58824
548.00044
548.09416
548.18392
548.19442
548.43388
548.45038
548.68366
548.88664
548.94802
548.98666
549.41716
549.52438
549.60034
549.74026
549.78382
549.81706
549.91726
550.21696
550.36684
550.48366
550.58356
550.62748
550.65058
550.66990
550.70026
550.72366
550.75294
550.81696
550.85038
550.90306
551.01682
551.08354
551.14114
551.18356
551.25760
551.27326
551.37448
551.43604
551.47450
551.52010
551.60014
551.60800
551.63350
551.73358
551.88364
551.95936
551.98330
552.01696
552.11032
552.12442
552.17728
552.22414
552.23374
552.40024
552.58630
552.60424
552.76972
553.01044
553.01212
553.13056
553.13344
553.18624
553.20046
553.28002
553.33474
553.34998
553.51666
553.63348
553.68340
553.68622
553.70014
553.79740
553.79992
553.83040
553.86682
553.93000
553.93318
554.11954
554.45758
554.50018
554.51656
554.54068
554.64358
554.65036
554.72404
554.95006
555.00916
555.04384
555.13330
555.15280
555.38302
555.78310
555.80002
555.83308
556.01950
556.03156
556.14994
556.16674
556.18318
556.21444
556.32382
556.45276
556.46926
556.53610
556.58620
556.60726
556.64980
556.68346
556.79338
556.91938
557.46688
557.58610
557.74342
557.75734
557.75968
557.79970
557.80276
557.94058
558.14056
558.16942
558.29992
558.38614
558.54340
558.60484
558.60748
558.68332
558.75244
558.93586
559.31020
559.35004
559.40278
559.46638
559.49254
559.49974
559.52380
559.57684
559.98034
560.06938
560.07280
560.21662
560.58316
560.63608
560.80006
561.03328
561.18874
561.19648
561.20728
561.23320
561.43318
561.66628
561.69358
561.71920
561.74092
561.77872
561.81010
561.89068
561.91648
561.91936
561.93340
562.03300
562.13620
562.19074
562.24972
562.31014
562.45012
562.53334
562.56646
562.64374
562.65034
562.72414
562.77694
562.80280
562.86652
562.91020
562.91950
562.93348
563.01940
563.02720
563.38006
563.41984
563.45260
563.48794
563.49370
563.50000
563.55010
563.55286
563.56666
563.57680
563.65294
563.70004
563.81944
564.04258
564.08632
564.11038
564.16936
564.19072
564.22576
564.31660
564.43336
564.66682
564.78622
564.89998
564.95008
564.95758
565.13602
565.14664
565.39990
565.45738
565.71670
565.74358
565.74844
565.75924
565.81654
565.93612
566.00014
566.03332
566.16964
566.49082
566.63344
567.04366
567.04546
567.13618
567.27004
567.47086
567.48358
567.58348
567.65008
567.76690
567.97612
567.99988
568.16692
568.26688
568.27450
568.37614
568.60306
568.62436
568.66666
568.81216
568.86682
568.88374
568.95022
569.06710
569.15950
569.45020
569.94106
569.98348
570.13366
570.17908
570.23356
570.81412
570.93370
570.95032
571.21072
571.34110
571.47430
571.58644
571.65058
571.88380
572.00524
572.03386
572.13382
572.16994
572.18356
572.20786
572.50774
572.75044
572.86996
572.98018
573.05050
573.06994
573.09088
573.10972
573.13702
573.45040
573.45322
573.46708
573.64132
573.68068
573.85048
573.87742
573.97000
574.06222
574.13398
574.15066
574.21726
574.23142
574.24132
574.27414
574.30330
574.47766
574.53370
574.68412
574.71754
574.75792
574.97356
575.06716
575.16406
575.18098
575.18800
575.25790
575.28670
575.37028
575.45068
575.58706
575.63410
575.68420
575.77750
575.78356
575.91754
575.93986
576.13678
576.18394
576.18676
576.22024
576.38680
576.43402
576.46744
576.51730
576.78394
576.81754
577.01734
577.20376
577.22770
577.26730
577.32010
577.39078
577.86778
577.96768
578.16460
578.18410
578.25088
578.28424
578.36728
578.59438
578.63440
578.75380
578.97790
579.00118
579.11752
579.20110
579.20848
579.22060
579.30112
579.32512
579.46150
579.72796
579.80116
579.82504
579.82702
580.01752
580.18450
580.33732
580.53286
580.55536
580.58416
580.61788
580.64182
580.71130
580.91776
581.14816
581.25112
581.28460
581.32066
581.33440
581.74468
581.79202
581.85118
582.00868
582.05404
582.27538
582.31804
582.35116
582.45850
582.46156
582.52108
582.58756
582.80404
582.91150
582.95416
583.18732
583.30396
583.36780
583.38472
583.40404
583.42102
583.47112
583.49800
583.57066
583.63192
583.71784
583.78210
583.79818
583.85878
583.90882
583.91050
584.15884
584.16148
584.17276
584.17822
584.21038
584.23456
584.26804
584.33752
584.35786
584.43742
584.53708
584.54488
584.57530
584.61772
584.77810
585.06568
585.35404
585.46792
585.49888
585.51766
585.60862
585.75124
585.76810
585.85870
586.06780
586.07536
586.08442
586.25410
586.27072
586.43452
586.45132
586.51144
586.78750
586.87534
586.95388
586.97062
586.99174
587.15422
587.16760
587.31784
587.40424
587.55862
587.58466
587.88454
587.89192
587.99380
588.18466
588.20998
588.21748
588.63442
588.65134
588.67540
588.90106
589.08466
589.19182
589.28734
589.31128
589.37530
589.38724
589.40110
589.43452
589.75102
589.86772
589.89382
589.93846
589.95412
590.05390
590.15110
590.41756
590.70388
590.79178
590.80102
590.84500
590.88418
590.91550
591.05086
591.06016
591.44182
591.57514
591.58060
591.97798
592.00090
592.01356
592.01548
592.05856
592.44196
592.83718
592.92514
593.05102
593.14450
593.21752
593.40376
593.46292
593.48308
593.50360
593.53054
593.60386
593.62684
593.70388
593.75098
593.91766
593.94856
594.04450
594.05110
594.09460
594.12772
594.16756
594.20392
594.35362
594.36160
594.43732
594.44452
594.53716
594.55090
594.57424
594.59470
594.60370
594.63430
594.68428
594.80080
594.84178
594.85066
594.85846
594.93082
594.99958
595.28410
595.35082
595.37512
595.41118
595.43452
595.47508
595.52050
595.70104
595.70374
595.70824
595.76122
595.91116
596.05816
596.70484
596.78710
596.81770
597.00838
597.01798
597.39172
597.45094
597.48412
597.50452
597.51130
597.54496
597.55828
597.58732
597.62050
597.71548
597.71788
597.76756
597.78424
598.13422
598.13716
598.23430
598.26754
598.31764
598.42516
598.52512
598.68430
598.78420
598.83436
598.87534
599.04808
599.45092
599.56762
599.75368
599.83432
599.96104
599.97046
599.99458
600.01528
600.05380
600.07504
600.08728
600.11782
600.15088
600.23728
600.27052
600.58108
600.70858
600.73438
600.80086
600.86758
600.93712
600.95716
600.98728
600.98890
601.07518
601.46764
601.48420
601.49464
601.52104
601.53730
601.65088
601.77802
601.78414
601.79440
601.91146
601.97056
601.98448
601.98724
602.02192
602.06776
602.11138
602.56780
602.64190
602.83444
602.93440
602.96764
603.00100
603.02050
603.04192
603.13432
603.16144
603.34162
603.34468
603.35398
603.45118
603.67420
603.67804
603.68434
603.89632
603.90388
603.96778
604.02040
604.05376
604.25092
604.47778
604.58422
604.76476
604.77070
604.85122
605.02042
605.05570
605.06446
605.14144
605.42038
605.45110
605.48434
605.52808
605.53702
605.77042
605.83462
605.86762
605.87050
605.97790
606.10096
606.43726
606.56782
606.59452
606.62026
606.63436
606.70108
606.87052
606.92674
607.05070
607.28428
607.42504
607.66738
607.77256
607.93402
608.01748
608.28424
608.33494
608.33722
608.34136
608.40508
608.55100
608.55376
609.23122
609.27058
609.32920
609.40840
609.55078
609.67678
609.83428
609.95080
609.98410
610.18408
610.26724
610.33426
610.36762
610.56724
610.80982
610.88410
611.00818
611.03398
611.20384
611.48032
611.59432
611.59810
611.70076
611.86738
611.90068
612.14050
612.73408
612.84016
612.88396
612.95050
613.09420
613.16734
613.37782
613.61770
613.75048
613.81726
613.89166
614.02018
614.20360
614.33698
614.52664
614.55088
614.55994
614.58400
614.58688
614.75074
614.77930
614.90350
615.21724
615.59422
616.50046
616.60054
616.67764
616.94290
617.15812
617.20054
617.30806
617.32066
617.37028
617.39326
617.42470
617.52148
617.77030
617.78368
617.80990
617.90974
617.99146
618.02914
618.10048
618.17782
618.20338
618.28402
618.43384
618.68380
618.69154
618.71098
618.72760
618.76726
618.83422
618.91384
618.92764
619.05088
619.13404
619.17028
619.38394
619.58380
619.65052
619.78678
620.12476
620.15086
620.38702
620.53402
620.83678
620.88382
621.04018
621.06166
621.06712
621.15052
621.17026
621.28690
621.40060
621.53404
621.55366
621.63712
621.68698
622.00060
622.32034
622.40344
622.49350
622.60066
622.60828
622.87504
622.90384
622.91092
622.96750
623.05108
623.07490
623.15824
623.22784
623.31742
623.32048
623.36752
623.41744
623.45068
623.66752
623.76748
623.82484
623.83396
623.86750
623.98408
624.06736
624.07048
624.31726
624.32680
624.33694
624.38668
624.39418
624.53404
624.57040
624.75394
624.90382
625.30102
625.32490
625.37038
625.43422
625.50094
625.70374
625.71760
625.78468
626.00098
626.00590
626.05114
626.69038
626.74198
626.76760
626.77498
626.80570
626.81026
626.91742
626.92054
626.98432
626.99170
627.13462
627.23908
627.26782
627.28138
627.31156
627.31366
627.37522
627.50734
627.52048
627.52792
627.57058
627.75112
627.88456
628.00060
628.02058
628.08706
628.27504
628.27780
628.35382
628.37056
628.43446
628.56790
628.65118
628.77040
628.96792
629.13442
629.68726
630.00400
630.12448
630.14512
630.20158
630.28732
630.50140
630.73168
630.91816
630.94048
630.95908
631.03462
631.13464
631.94506
632.13742
632.15572
632.17162
632.18080
632.38456
632.45128
632.61802
632.74762
632.79166
633.10426
633.37114
633.49504
633.54502
633.63784
633.71356
633.79240
633.80146
634.24522
634.36204
634.90126
635.56840
635.57104
635.59552
635.65174
635.70154
636.23524
636.24238
636.38500
636.53782
636.65164
636.93790
637.18504
637.23496
637.32118
637.43806
637.56202
637.56844
637.62766
637.63804
637.82140
637.88512
638.02588
638.05612
638.08504
638.15176
638.15476
638.16208
638.23786
638.30170
638.31106
638.35156
638.39434
638.40472
638.51212
638.59798
639.06844
639.25930
639.27610
639.34870
639.40462
639.51118
639.52600
639.60244
639.88522
640.38532
640.38826
640.67872
640.87606
641.13838
641.67616
641.70202
642.10216
642.10504
642.12616
642.22924
642.27628
642.47806
642.55204
642.78832
642.80506
643.01884
643.09576
643.27618
643.31890
643.36576
643.84498
643.92946
643.93840
643.95382
644.22196
644.56642
644.61898
644.68822
644.73856
644.74588
644.79634
644.80882
644.85214
644.86654
645.15982
645.37186
645.45256
645.45526
645.55990
645.56272
645.62194
645.64324
645.69640
645.76912
645.93580
646.03582
646.05544
646.05988
646.20250
646.31902
646.32664
646.42210
646.51948
646.58260
646.61902
646.94344
647.14522
647.20252
647.26312
647.31700
647.34352
647.61946
647.77222
647.81944
647.83900
647.86042
647.89804
647.94616
648.00550
648.03406
648.17212
648.20920
648.30562
648.36304
648.36946
648.46018
648.47224
648.52702
648.57982
648.60292
648.65542
648.71956
648.72994
648.74374
648.75934
649.07218
649.08622
649.10578
649.14550
649.17238
649.35298
649.36930
649.38592
649.48636
649.56982
649.60276
649.77976
650.14696
650.23636
650.60620
650.63140
650.65294
650.88022
650.88916
650.93914
650.94982
651.12898
651.15304
651.15724
651.17992
651.21982
651.22270
651.41980
651.46978
651.70606
651.86986
651.94402
652.35316
652.41520
652.43014
652.45306
652.52284
652.63954
652.78666
652.81078
652.81984
652.90342
652.91998
652.97752
652.98664
653.00062
653.02000
653.06992
653.12008
653.34430
653.81836
653.82748
653.93680
653.98672
654.02278
654.19420
654.19858
654.21070
654.27340
654.32008
654.33700
654.33976
654.40348
654.95038
654.97300
654.98668
655.08706
655.17316
655.22050
655.23688
655.40344
655.42012
655.49734
655.52032
655.66000
655.66384
655.75390
655.88242
655.93684
656.12044
656.18698
656.27332
656.31124
656.40100
656.42806
656.49466
656.70502
656.80684
656.81698
656.82346
656.88724
656.90380
656.94004
657.05386
657.28726
657.32080
657.47350
657.53272
657.54940
657.70402
657.72394
657.76150
657.76420
658.21456
658.23766
658.35928
658.37200
658.54030
658.64494
658.76176
658.78744
658.82122
658.89058
658.92118
658.93768
658.94056
658.98796
659.00836
659.02846
659.13022
659.13772
659.17822
659.41780
659.55448
659.56612
659.77108
659.92408
660.00460
660.13126
660.22408
660.32128
660.35158
660.39064
660.39856
660.41200
660.54424
660.57124
660.60454
660.65452
660.66388
660.76204
660.83818
660.85120
660.85822
660.93160
660.93808
661.05448
661.24096
661.25194
661.33798
661.34242
661.40440
661.52902
661.67146
661.94572
661.95196
662.07160
662.09842
662.12464
662.14558
662.17144
662.27896
662.29558
662.35480
662.42158
662.57914
662.82166
662.93542
662.98540
663.07474
663.09136
663.19594
663.21844
663.22444
663.51544
663.58858
663.75802
663.80506
663.83512
664.12192
664.20334
664.22470
664.22638
664.30504
664.33858
664.38862
664.44622
664.49158
664.52950
664.54648
664.58866
664.63852
664.64158
664.70542
664.77946
664.79608
664.94170
664.97488
665.10532
665.19628
665.22196
665.32510
665.42512
665.44618
665.67508
665.85544
666.03910
666.04852
666.05914
666.26182
666.27256
666.27502
666.28282
666.30556
666.31576
666.32512
666.87526
666.92242
666.95608
666.99190
667.25860
667.43938
667.47262
667.58002
667.59226
667.77556
667.78936
667.95616
668.05606
668.21248
668.30614
668.32282
668.48296
668.77558
668.85310
668.88682
668.97304
669.14242
669.38350
669.45940
669.52330
669.52966
669.55006
669.61678
669.62308
669.67306
669.76654
669.82318
669.84910
669.86674
669.90916
669.95650
670.02334
670.09264
670.19008
670.20184
670.24732
670.25356
670.35004
670.53532
670.54738
670.55350
670.56694
670.65676
670.77634
670.78354
670.79284
670.82332
670.87348
670.88974
671.09314
671.33398
671.34298
671.35678
671.52370
671.54014
671.60674
671.79940
671.84020
671.84764
671.95054
672.05704
672.19348
672.40702
672.56908
672.61936
672.62416
672.62668
672.66478
672.79060
672.85744
673.04068
673.06756
673.12666
673.18816
673.50106
673.62412
673.65754
673.81732
673.84384
674.01046
674.26048
674.27422
674.39860
674.58454
674.64400
674.76838
675.07456
675.42088
675.43828
675.71560
675.77482
675.79150
676.06084
676.07470
676.10350
676.26838
676.32760
676.60546
676.72516
676.77502
676.79452
676.84462
676.85848
677.05834
677.13868
677.14222
677.14930
677.26138
677.30386
677.32810
677.44486
677.69488
677.73562
677.74498
677.79502
677.80210
677.82820
678.07552
678.40894
678.44236
678.49228
678.64528
678.67576
678.71194
678.83968
678.85888
678.87622
678.91852
678.97882
679.37584
679.38340
679.39546
679.46086
679.59286
679.60930
679.61962
679.72618
679.87900
679.91704
680.28064
680.32606
680.49580
680.50960
680.77942
681.09004
681.19600
681.37684
681.44632
681.45994
681.52936
681.54346
681.65992
681.67666
681.90100
681.96742
681.97960
682.06288
682.13314
682.18420
682.27960
682.31950
682.35388
682.42696
682.46026
682.50388
682.54660
682.59640
682.66954
682.70410
682.82992
682.91056
683.00122
683.02696
683.08444
683.14378
683.21356
683.23000
683.28394
683.57728
683.76082
683.84698
683.87470
684.34450
684.51094
684.61108
684.64414
684.74434
684.75838
685.05184
685.11874
685.14454
685.21864
685.24444
685.31416
685.32754
685.35202
685.44736
685.65496
686.11138
686.17180
686.28544
686.29474
686.37802
686.56132
686.63566
686.78110
687.03856
687.12826
687.19660
687.23584
687.32842
687.55516
687.71170
687.81460
687.93130
688.04956
688.24534
688.34560
688.35160
688.80898
688.93168
689.32144
689.42428
689.59828
689.70286
689.74294
690.04546
690.06250
690.17152
690.37144
690.66226
690.66958
690.69856
690.73192
690.89854
690.90982
690.95596
691.13206
691.29580
691.53964
691.57276
691.58656
691.58938
691.66546
691.67632
691.69876
691.71550
691.75516
691.81258
691.84870
691.85602
692.00302
692.02936
692.09590
692.09998
692.10244
692.10628
692.12914
692.23216
692.30818
692.32906
692.42008
692.43850
692.46250
692.52940
692.54884
692.76244
692.86930
692.89612
693.00028
693.21286
693.23212
693.24604
693.26296
693.32962
693.35350
693.43216
693.53974
693.58972
693.61258
693.64990
693.68980
693.69172
693.71536
693.87682
694.01284
694.07092
694.22032
694.26562
694.37944
694.39606
694.44004
694.44616
694.59910
694.72960
695.12962
695.16586
695.18986
695.20666
695.22310
695.36284
695.39608
695.39908
695.48878
695.51602
695.53714
695.55418
695.56024
695.64328
695.74636
695.77936
695.82334
695.99638
696.09640
696.17974
696.25402
696.34636
696.55690
696.71596
696.80380
696.90682
696.90850
696.91036
696.92974
697.13254
697.38274
697.59958
697.62334
697.63294
697.91314
698.07082
698.07988
698.12380
698.26336
698.31028
698.36638
698.39044
698.44948
698.51626
698.53126
698.56318
698.59954
698.76322
698.84698
699.04678
699.08746
699.23296
699.49972
699.83290
699.94684
700.09690
700.30870
700.45678
700.49674
700.58764
700.83322
701.02360
701.09692
701.15428
701.16352
701.22088
701.48020
701.54686
701.84314
701.88310
701.91370
702.12286
702.16648
702.18046
702.26650
702.43060
702.58774
702.61342
702.70714
702.78046
702.82114
702.95404
703.21648
703.27426
703.27786
703.34986
703.39078
703.39702
703.41652
703.43326
703.46056
703.54690
703.58038
703.76362
703.89718
703.91662
703.96366
704.02378
704.03050
704.13322
704.16994
704.19694
704.23054
704.26648
704.28322
704.51380
704.53294
704.87110
704.91664
704.97406
705.00598
705.12766
705.22390
705.29692
705.53296
705.73570
705.74974
705.80710
705.94714
706.02124
706.18042
706.28320
706.30738
706.39066
706.42744
706.49038
706.55914
706.57576
706.63318
706.64350
706.70146
706.75438
706.76374
706.77586
707.13022
707.37100
707.61370
708.12406
708.13966
708.14218
708.23338
708.30430
708.73306
708.79990
708.93976
709.03330
709.06354
709.18042
709.37284
709.38010
709.41622
709.68322
709.69048
709.77100
709.98328
710.19256
710.31064
710.32090
710.33776
710.44672
710.61346
710.66644
710.73772
711.01642
711.08776
711.18316
711.53434
711.60898
711.68056
711.77086
711.87106
711.92248
712.37080
712.45414
712.48750
712.62010
712.67302
712.84714
713.06998
713.22988
713.33758
713.53294
713.56654
713.77864
713.94202
714.02992
714.11644
714.22270
714.37996
714.40264
714.43006
714.44680
714.61024
714.63760
714.74680
714.83080
714.92368
714.99028
715.18306
715.20412
715.21636
715.23274
715.28746
715.35676
715.39426
715.40602
715.44958
715.68742
715.72084
715.72636
715.80700
715.90702
715.91026
716.10418
716.16346
716.31328
716.51626
716.58016
716.65090
716.76334
716.77978
716.89648
717.17758
717.24664
717.24946
717.41332
717.76318
717.84970
717.85684
717.88354
717.89956
717.91336
717.98254
718.01662
718.19020
718.24204
718.29646
718.39936
718.52038
718.53760
718.59946
718.79662
718.88014
718.89640
719.22982
719.28262
719.44012
719.45674
719.51314
719.54926
719.61310
719.62522
719.62948
719.68870
719.77984
720.06280
720.07708
720.11572
720.37948
720.57952
720.64006
720.77050
720.84928
720.94642
720.96298
721.02958
721.03714
721.50550
721.60636
721.62034
721.62958
721.64620
721.91290
722.13694
722.23240
722.43994
722.54614
722.83366
722.97940
723.06568
723.31978
723.44602
723.62296
723.75364
723.75658
724.04590
724.06270
724.07320
724.09900
724.12000
724.20664
724.29610
724.49602
724.51570
724.51930
724.52920
724.53676
724.60630
724.95616
724.96240
724.98190
725.03656
725.06278
725.13214
725.13952
725.25892
725.26258
725.27182
725.43952
725.52904
725.57926
725.70928
725.72914
725.73670
725.74576
725.89606
725.89840
725.93206
726.12268
726.13654
726.18310
726.29590
726.31534
726.54268
726.64864
726.65524
726.66256
726.82912
726.86230
726.99868
727.04848
727.17892
727.24564
727.33192
727.56988
727.58644
727.71970
727.72882
727.79554
727.86520
728.27914
728.31514
728.32246
728.58190
728.94538
729.58540
729.91192
729.93160
729.98152
730.11940
730.37212
730.62862
730.63480
730.74814
730.75924
730.78882
730.79320
730.81204
730.82938
731.03776
731.23126
731.39536
731.72842
731.96170
732.11920
732.13558
732.31822
732.33568
732.34786
732.58114
732.63856
732.82198
732.92824
733.01140
733.12084
733.21432
733.24300
733.26436
733.36126
733.48846
733.57174
733.77820
733.82806
733.87216
734.11120
734.19454
734.22802
734.45500
734.47816
734.53552
734.55484
734.69758
734.83540
734.90836
735.18178
735.21862
735.22150
735.24946
735.29452
735.32806
735.34462
735.44740
735.46234
735.46534
735.77038
735.78796
735.83068
736.06108
736.23802
736.26406
736.37782
736.40206
736.44034
736.46104
736.48216
736.51102
736.58794
736.59730
736.62790
736.68712
736.72300
736.72768
736.84864
736.94434
736.96378
737.04148
737.11102
737.18794
737.22472
737.26372
737.31094
737.37748
737.38810
737.44714
737.48104
737.49418
737.52124
737.54434
737.57134
737.60440
737.74414
737.75170
737.77120
737.81056
737.81410
737.91382
738.03508
738.06388
738.11836
738.16096
738.16384
738.21832
738.39394
738.41512
738.44692
738.52108
738.78772
738.83038
738.95434
739.35826
739.40146
739.46086
739.55392
739.85152
739.86076
740.10820
740.11510
740.23750
740.31808
740.33020
740.34424
740.41348
740.47720
740.58478
740.66068
740.76784
740.78140
740.78392
740.79382
740.81806
740.83018
740.99680
741.14422
741.23644
741.50404
741.62698
742.25104
742.38196
742.39666
742.60414
742.74346
743.16310
743.44396
743.55040
743.61694
743.65414
743.67238
743.74648
743.75416
743.77078
744.06034
744.16030
744.16348
744.27988
744.51034
744.56008
744.70078
744.89632
744.97678
744.98458
745.05388
745.56034
745.76038
745.92700
746.16766
746.22982
746.23732
746.26030
746.31298
746.41018
746.46754
746.47408
746.65096
746.71036
746.74636
746.77192
746.77408
746.79346
746.81020
746.82658
746.85100
746.92678
747.01024
747.53704
747.59638
747.61696
747.63718
747.64660
747.85108
747.87676
747.88420
747.97054
747.97684
748.08358
748.12648
748.17658
748.31296
748.31752
748.38592
748.40764
748.41952
748.49344
748.58704
748.74346
748.82032
749.01310
749.02672
749.14486
749.19346
749.30362
749.46646
749.62660
749.94340
750.33436
750.36766
750.38704
750.40078
750.66004
750.82708
750.96016
750.98716
751.12690
751.14622
751.28692
751.36006
751.37710
751.42960
751.44334
751.54636
751.71304
751.78426
751.79344
751.99354
752.00992
752.12962
752.18716
752.29348
752.59654
752.64982
752.75362
752.77678
752.87950
753.01762
753.11008
753.51298
753.52966
753.70990
753.72970
753.78610
753.87976
754.01296
754.24342
754.44700
754.47982
754.53844
754.81000
754.84342
754.91020
754.98886
754.99768
755.05096
755.25100
755.26756
755.44330
755.56654
755.94334
756.02968
756.06766
756.14644
756.15094
756.51310
756.52684
756.66760
756.84388
757.01002
757.01758
757.09378
757.14346
757.44352
757.59358
757.61764
757.89334
757.96732
757.99090
758.00056
758.03206
758.04358
758.21308
758.32366
758.46310
758.52682
758.55394
758.59354
758.84350
758.87980
758.95096
758.97670
758.98420
759.01018
759.04354
759.17062
759.29386
759.30106
759.40102
759.55306
759.63628
759.66286
759.67684
759.68140
759.72676
759.78724
759.92056
759.94366
759.95260
759.96034
759.96706
760.09354
760.11046
760.17076
760.21780
760.23454
760.25734
760.33732
760.45096
760.51330
760.63450
760.65100
760.74664
760.77712
760.85398
760.87720
760.93444
761.06758
761.06962
761.16628
761.25100
761.29342
761.41042
761.66788
761.77066
761.89360
761.95744
762.14368
762.34378
762.36316
762.46048
762.51022
762.58720
762.86038
762.99382
762.99658
763.03738
763.04386
763.04668
763.05010
763.15108
763.43446
763.49374
763.84102
763.94662
763.97236
764.11774
764.20114
764.21794
764.53438
764.57692
764.67064
764.72692
765.12694
765.17266
765.39394
765.69004
765.69682
765.81772
766.21036
766.22992
766.44664
766.75114
766.82422
766.82980
767.01328
767.47060
767.49676
767.56042
767.62420
767.62882
767.76784
768.03748
768.22720
768.46048
768.59794
768.64132
768.70396
768.79402
768.84976
768.94384
769.00402
769.16056
769.18756
769.27672
769.31086
769.33642
769.41346
769.70794
769.72732
769.78750
769.81060
769.82092
769.85044
769.87732
769.94392
769.94686
769.95622
769.98778
770.01796
770.03476
770.21056
770.25808
770.36062
770.47744
770.52724
770.56066
770.58460
770.77066
770.79418
771.32740
771.52120
771.57100
771.58480
771.58768
771.81352
772.27090
772.39408
772.56082
772.82122
772.86076
772.95466
772.96372
773.07298
773.20882
773.32756
773.35606
773.36110
773.39422
773.43496
773.62738
773.68042
773.71996
773.79700
773.80144
774.17764
774.32746
774.41998
774.44770
774.58780
774.69448
774.71092
774.91378
774.97774
774.99928
775.07110
775.09180
775.12762
775.28050
775.47454
775.53040
775.77772
776.09140
776.09410
776.10892
776.29714
776.31124
776.37028
776.41402
776.59732
776.74456
776.83054
776.89426
776.94736
777.11080
777.28066
777.32140
777.61840
777.67762
777.71128
777.81856
777.82162
777.86104
777.87784
777.88984
778.04440
778.11394
778.16086
778.23088
778.32772
778.36402
778.76074
778.86118
778.87750
778.92748
778.96114
779.05150
779.12788
779.13046
779.23102
779.26090
779.41846
779.59750
779.67742
779.68702
779.69422
779.70850
779.74720
779.81392
779.83522
779.92306
780.00436
780.02032
780.03406
780.11830
780.19066
780.23518
780.41122
780.55150
780.55360
780.59866
780.66106
780.76858
780.92794
781.13824
781.24126
781.34392
781.44736
781.55080
781.61830
781.73704
781.83688
781.97770
782.24434
782.31118
782.48824
782.53516
782.70358
782.74450
782.84740
783.01108
783.14434
783.18826
783.20362
783.24742
783.31402
783.34744
783.36100
783.56392
783.63034
783.63250
783.64456
783.67780
783.80056
783.88978
783.90478
784.00180
784.03522
784.26856
784.28806
784.29742
784.41100
784.47148
784.49740
784.51396
784.53076
784.56400
784.59730
784.64464
784.78534
784.81396
784.94452
785.11402
785.21722
785.26408
785.44456
785.57782
785.79442
785.80180
785.82760
785.84446
785.87152
785.89438
785.90194
785.96386
786.31840
786.36106
786.66400
786.73432
786.76864
786.84442
787.03444
787.12036
787.17784
787.18528
787.21114
787.47808
788.01130
788.21836
788.27770
788.33464
788.34448
788.41846
788.43526
788.44750
788.53816
788.84428
789.00484
789.06388
789.17776
789.59428
789.64738
789.65752
789.68068
789.81100
789.83800
790.01410
790.25782
790.26124
790.27888
790.28518
790.31116
790.33258
790.42738
790.43542
790.46086
790.55188
790.64728
790.86394
790.86856
791.14726
791.19448
791.22790
791.32162
791.41390
791.54716
791.60464
791.63068
791.67454
791.94454
792.04438
792.06844
792.10636
792.16402
792.29104
792.37798
792.46420
792.51718
792.77476
792.82036
792.96400
793.25188
793.56100
793.59136
793.59730
793.68070
793.93960
793.94704
794.06098
794.12740
794.21104
794.24440
794.24728
795.11752
795.17128
795.19126
795.31384
795.61402
795.82738
795.92188
796.14730
796.36078
796.49734
796.79428
796.84432
796.92766
797.16130
797.16382
797.25184
797.78530
797.94436
798.04432
798.08536
798.11092
798.15478
798.18040
798.51856
798.55462
798.57484
798.74740
798.76090
798.82780
798.83518
798.84436
798.89728
798.94456
799.17466
799.27132
799.30426
799.46098
799.49440
799.50184
799.56412
799.63504
799.66108
799.67116
799.93522
800.64472
800.65480
800.68798
800.72128
800.99458
801.20818
801.21772
801.28072
801.45850
801.78088
801.79726
801.79912
801.91408
801.92776
801.94444
801.94756
801.98410
802.09732
802.11136
802.26406
802.28074
802.34734
802.45222
802.52542
802.58458
802.69462
802.72048
802.87174
802.91422
802.96108
803.14468
803.21110
803.21860
803.24140
803.41414
803.42812
803.45884
803.56864
803.59168
803.59744
803.62810
803.64934
803.68528
803.94496
804.05482
804.13084
804.20212
804.29470
804.33094
804.48820
804.53536
804.54754
804.55510
804.58834
804.62824
804.63088
804.76864
804.79450
804.97792
805.11148
805.41874
805.57816
805.73818
805.78558
805.86862
806.19088
806.19472
806.34772
806.35222
806.40220
806.43838
806.51464
806.52976
806.68078
806.79472
806.86438
806.91448
806.93566
806.95258
807.07186
807.16888
807.26158
807.37846
807.43858
807.49486
807.65230
807.65410
807.70492
807.74170
807.80686
807.81154
807.89488
808.07848
808.19488
808.27210
808.27540
808.27846
808.29772
808.40440
808.41448
808.48594
808.57534
808.81468
808.96408
808.96648
809.03590
809.04520
809.08276
809.10424
809.21170
809.31184
809.61184
809.66464
809.78596
809.83594
809.88754
809.92840
809.98138
810.32836
810.53890
810.59794
810.72850
810.89260
810.94822
810.96208
811.00456
811.02466
811.02844
811.03144
811.03498
811.20730
811.22236
811.46446
811.46866
811.56754
812.11492
812.24530
812.37226
812.39812
812.46214
812.51182
812.52868
812.59546
812.62870
812.63794
812.64076
812.71498
812.78632
812.99842
813.11494
813.25594
813.30292
813.32218
813.33346
813.36226
813.39550
813.55576
813.57478
813.59866
813.73186
813.77146
813.77422
813.87898
813.96958
813.97132
813.99586
814.00594
814.04860
814.06522
814.47874
814.48636
814.50316
814.53826
814.57240
814.66198
814.66960
814.67902
814.72588
814.74562
814.77268
814.91254
815.04574
815.12908
815.21962
815.29582
815.44552
815.77264
815.81248
815.87908
816.34582
816.45586
816.53632
816.77902
816.83944
816.85312
817.10020
817.17268
817.18930
817.20316
817.20610
817.26526
817.41982
817.43938
817.62898
817.76986
817.78618
817.80328
817.87906
817.89574
818.07448
818.18668
818.19592
818.20768
818.29918
818.59588
818.66566
818.77990
818.78986
819.22282
819.29998
819.39604
819.43672
819.70240
819.71272
820.13056
820.16278
820.17970
820.22932
820.24612
820.27948
820.38868
820.44898
820.46296
820.59904
820.75348
820.86280
821.07202
821.15356
821.46280
821.61292
821.71282
821.76298
821.79610
822.01594
822.03994
822.04900
822.09910
822.14920
822.17308
822.43696
822.53734
822.56998
822.64930
822.72946
822.84916
822.94930
823.15996
823.17364
823.18252
823.21942
823.25680
823.36318
823.51588
823.55386
823.56310
823.91302
823.97326
824.05396
824.07622
824.09938
824.11006
824.12020
824.25262
824.25604
824.26984
824.33314
824.44636
824.56300
824.67976
824.68750
824.72050
824.79928
824.94658
825.01336
825.02074
825.03268
825.12970
825.14662
825.22078
825.29932
825.31306
825.39370
825.62974
825.63256
825.63718
825.66088
825.72358
825.83002
826.02328
826.03738
826.46758
826.49968
826.69672
826.84024
826.98268
827.06350
827.09020
827.18740
827.19682
827.26330
827.27992
827.56630
827.72992
827.81626
827.96338
828.01342
828.05614
828.26326
828.42598
828.43300
828.49042
828.49708
828.58024
828.84412
828.88012
829.26754
829.41352
829.43032
829.44682
829.56640
829.58770
829.64422
829.69984
829.87372
829.88332
829.94704
830.01634
830.03026
830.09998
830.15710
830.16370
830.26378
830.36362
830.43022
830.63800
830.66392
830.74738
830.79988
830.96356
830.97286
830.99704
831.59734
831.63040
831.74734
831.86392
832.08040
832.30012
832.31728
832.49728
832.60018
832.64998
832.71418
832.75648
832.77316
833.04742
833.09074
833.28034
833.79742
833.93356
834.06688
834.39724
834.44854
834.48076
834.66406
834.78058
834.96682
835.10044
835.16410
835.22440
835.28380
835.30036
835.33372
835.38814
835.43062
835.70506
835.71874
835.72690
835.74772
835.88062
835.99744
836.05492
836.13538
836.19472
836.22436
836.23822
836.24014
836.28106
836.29738
836.35486
836.41408
836.64118
836.69698
836.70676
836.78074
836.78368
836.80498
836.80780
837.02818
837.15796
837.16414
837.19738
837.21790
837.36418
837.64114
837.66430
837.70768
837.74764
837.81418
837.98104
838.01434
838.26448
838.31416
838.32466
838.41424
838.42480
838.42864
838.46434
838.58098
838.70020
838.73386
838.86436
838.89766
839.04550
839.16724
839.18398
839.25484
839.35054
839.63848
839.76730
839.85790
839.95804
840.52180
840.55810
840.58852
840.61558
840.62182
840.78124
840.98134
841.08130
841.23844
841.32502
841.33156
841.34842
841.36732
841.37176
841.50070
841.60060
841.69798
841.71742
841.75528
841.76716
841.77214
841.79014
841.84786
842.06446
842.08414
842.33866
842.34136
842.49538
842.59792
842.73136
842.73424
842.74138
843.08140
843.27208
843.30826
843.37792
843.66490
843.80062
843.80722
843.96478
844.06762
844.10092
844.10272
844.19152
844.30468
844.43176
844.55830
844.58152
844.74808
844.80742
844.84810
845.03146
845.18146
845.27212
845.41456
845.44828
845.46460
845.53414
845.57122
845.61760
845.71762
845.73154
845.79526
845.93446
845.98186
846.30454
846.33148
846.50296
846.68452
846.74200
847.02520
847.04350
847.06480
847.11922
847.17232
847.45594
847.57924
847.74826
847.78816
847.82530
847.94842
847.97548
848.07430
848.23804
848.30590
848.38144
848.58454
848.62888
848.63182
848.76514
848.76772
848.83150
848.89822
848.95126
848.96986
849.05860
849.08182
849.19846
849.40132
849.46510
849.66490
849.78148
849.85126
849.88186
849.91216
850.09846
850.25254
850.27528
850.34842
850.44514
850.86532
850.90120
851.03476
851.35894
851.42272
851.48476
851.49454
851.50906
851.53804
851.83300
852.21514
852.22270
852.38932
852.49396
852.64408
852.69856
852.73942
852.76810
852.77254
852.82264
853.14886
853.26514
853.36540
853.44412
853.55140
853.95886
854.04898
854.13502
854.15158
854.22454
854.25610
854.36812
854.68204
854.68942
854.78194
854.83180
854.88496
855.01546
855.60604
855.84868
855.89878
855.98212
856.01524
856.16530
856.52542
856.53220
856.56826
856.59880
856.62760
856.95898
857.04874
857.05804
857.06224
857.12572
857.18230
857.22286
857.25190
857.28514
857.39236
857.45170
857.71546
857.75614
857.76844
857.78530
858.08200
858.09262
858.20194
858.23212
858.29266
858.60148
858.67576
858.76564
858.77302
858.83212
858.89908
858.92572
859.03972
859.06570
859.07236
859.08928
859.09876
859.12930
859.21558
859.23232
859.24432
859.26268
859.26550
859.34884
859.35628
859.42540
859.48246
859.63504
859.68964
859.71868
859.76566
859.87564
859.99258
860.01532
860.02588
860.03578
860.08234
860.14906
860.29906
860.74894
860.86582
860.87008
860.89894
861.07954
861.09274
861.28528
861.31582
861.33238
861.43228
861.45826
861.51838
861.71584
861.76300
861.79906
862.19932
862.22038
862.23532
862.33540
862.63252
862.94278
862.95034
862.95934
862.96876
862.98838
863.00356
863.13256
863.26606
863.41582
863.42332
863.50222
863.57944
863.64322
863.89924
864.06874
864.20962
864.34918
864.55228
864.63256
864.84922
864.86620
864.96592
865.00678
865.14304
865.18276
865.23268
865.42630
865.70230
865.75600
865.78564
866.22982
866.44954
866.52658
866.67556
866.88574
867.11914
867.16648
867.19300
867.27664
867.38302
867.50260
867.54034
867.56926
867.64966
867.70636
867.86626
867.99046
868.05898
868.06630
868.06924
868.11646
868.16644
868.21918
868.44526
868.48318
868.49998
868.50628
868.51030
868.71964
868.79068
868.84984
868.85296
868.88608
868.90768
869.06686
869.14978
869.18620
869.19352
869.33326
869.36698
869.41960
869.42686
869.45020
869.60758
869.73334
869.85124
869.85520
869.86984
869.88634
869.92966
869.98636
870.00916
870.24988
870.34090
870.38644
870.39394
870.42628
870.44398
870.55732
870.66400
870.67714
870.78640
870.90718
870.92008
870.94840
871.22728
871.23070
871.31020
871.40788
871.41994
871.47004
871.48378
871.76068
871.95052
872.18686
872.19748
872.29414
872.33704
872.61748
872.71732
872.93104
872.93824
872.94478
872.96746
872.99404
873.08704
873.18700
873.19456
873.23716
873.35836
873.37012
873.43714
873.90082
873.95092
874.06462
874.15840
874.40854
874.52062
874.73464
874.93468
874.93744
875.06146
875.06356
875.08462
875.11822
875.22532
875.23468
875.38762
875.58472
875.58748
875.62090
875.76820
875.83474
876.11830
876.18790
876.23518
876.44146
876.54832
876.63496
876.63784
876.64714
876.66226
877.19590
877.28080
877.28536
877.28830
877.30510
877.58518
877.64152
877.64560
877.64740
877.65946
877.70488
878.07892
878.13838
878.18560
878.22640
878.24554
878.25010
878.25964
878.28166
878.47156
878.51254
878.58544
878.65534
879.07186
879.10222
879.76918
879.77938
879.80242
879.85540
879.96472
880.04356
880.05268
880.16926
880.17580
880.26304
880.39342
880.56952
880.69540
880.88620
880.99648
881.23912
881.26930
881.31646
881.43904
881.48914
881.52250
881.54866
881.59378
881.68288
881.70574
881.77270
881.78644
881.82724
881.83180
881.85316
882.35338
882.58036
882.62752
882.78658
882.85312
883.02298
883.20370
883.27024
883.33066
883.36558
883.61668
884.19154
884.20660
884.32786
884.34754
884.42026
884.52328
884.55370
884.55634
884.63710
884.67754
884.74030
884.77798
884.83996
884.85376
884.95372
885.26140
885.38092
885.82072
885.83752
885.94024
886.01806
886.07110
886.07740
886.13746
886.17112
886.19482
886.19782
886.40710
886.46164
886.61446