0.04288
0.15364
0.19276
0.20668
0.34108
0.39946
0.51352
0.59266
0.85678
0.86296
0.88984
1.13698
1.55668
1.61266
1.74442
1.79284
2.08012
2.09284
2.10190
2.13694
2.23468
2.41594
2.43682
2.45656
2.72338
2.85820
2.88676
3.09442
3.33718
3.44278
3.46426
3.73966
3.79600
3.80188
3.92956
4.01992
4.10938
4.17994
4.22482
4.27324
4.43872
4.65814
4.67956
4.69678
4.75954
4.76554
4.79638
4.87480
4.90372
4.92334
5.07292
5.15938
5.17924
5.19532
5.25922
5.38084
5.56798
5.58970
5.65324
5.70934
5.73094
5.88970
5.99734
6.03958
6.14500
6.21076
6.22486
6.33976
6.34606
6.52306
6.59638
6.69598
6.75496
6.77584
7.02580
7.05538
7.06858
7.13338
7.29610
7.42570
7.54876
7.65658
7.67572
7.98658
8.01286
8.16226
8.16514
8.25616
8.26822
8.45578
8.50600
8.56966
8.61244
8.71966
8.74996
8.76982
8.99908
9.02440
9.22684
9.34204
9.34858
9.61222
9.64972
9.68506
9.85618
10.06648
10.07908
10.31506
10.34998
10.38418
10.44964
10.59814
10.87894
10.94338
10.97170
11.00584
11.40118
11.64508
11.66596
11.74348
11.85178
12.01816
12.03016
12.04354
12.25798
12.47998
12.58786
12.63130
12.85228
12.88858
12.94462
13.01686
13.06894
13.12216
13.28368
13.33114
13.35700
13.42984
13.57480
13.63870
13.65232
13.71610
13.80238
14.09656
14.12428
14.23390
14.35528
14.39008
14.45236
14.50972
14.81866
14.86132
15.04600
15.48934
15.49534
15.53830
15.61138
15.68914
15.69748
15.70060
15.73222
16.14748
16.32622
16.44034
16.51810
16.79716
16.83820
16.86718
17.00500
17.03224
17.13466
17.15518
17.16868
17.19118
17.32156
17.53996
17.74714
17.77780
17.83372
17.90500
18.00508
18.03520
18.10510
18.12820
18.14116
18.36832
18.50656
18.63454
18.67000
18.69976
19.12144
19.42138
19.42408
19.43794
19.54084
19.90744
19.95622
20.08456
20.40742
20.56498
20.57128
20.67754
20.72764
20.89966
20.90452
20.92912
21.39394
21.58798
21.60124
21.73780
21.83818
21.84364
21.89386
22.12294
22.25128
22.50844
22.53790
22.63714
22.68760
22.78246
23.13238
23.13796
23.24542
23.36674
23.67406
23.70316
23.74036
23.81764
23.96056
24.48250
24.52522
24.61078
25.08256
25.22086
25.86112
25.94806
26.01304
26.22070
26.24038
26.46298
26.49106
26.55376
26.86312
26.87062
26.91274
27.18460
27.30580
27.32668
27.47692
27.58414
27.62074
28.04224
28.06456
28.17688
28.22692
28.24966
28.43596
28.55680
28.80124
28.81450
28.94314
28.95058
29.07820
29.28610
29.38708
29.42074
29.45050
29.48716
29.55676
29.57314
29.61586
29.89162
30.08392
30.21628
30.33568
30.43702
30.44944
30.63232
30.70054
30.88726
30.91546
31.19380
31.26352
31.29322
31.30918
31.34368
31.43074
31.57288
31.78966
31.85986
32.12302
32.23198
32.56258
32.56660
32.58796
32.63182
32.65252
33.01774
33.02458
33.10318
33.21862
33.25996
33.33850
33.56218
33.68980
33.82990
33.84304
33.88186
33.93946
33.96112
34.05988
34.10266
34.11946
34.39714
34.43350
34.88320
34.95496
35.10460
35.45476
35.46844
35.67628
35.72002
36.03334
36.17752
36.24694
36.31180
36.70972
36.71932
36.77002
36.78628
36.79234
36.81280
36.88636
37.15558
37.20748
37.29310
37.40548
37.44838
37.47760
37.52104
37.56328
37.60156
37.72210
37.82110
37.84660
37.96642
38.69284
38.87116
38.95282
39.00880
39.12832
39.13330
39.15652
39.23608
39.24508
39.27934
39.34366
39.38188
39.40816
39.58000
39.61336
39.76450
40.03738
40.25890
40.29934
40.31608
40.47352
40.50268
40.69366
40.86610
40.87984
40.92202
40.93096
41.00230
41.07592
41.12404
41.16658
41.25118
41.41054
41.56012
41.60266
41.63836
41.76016
41.89600
41.94640
41.96740
41.99476
42.12190
42.15274
42.31582
42.56878
42.58840
42.62452
42.67474
42.81814
42.83884
42.93850
42.96016
43.01164
43.22578
43.23226
43.52548
43.53832
43.65430
44.04016
44.14600
44.16892
44.22850
44.24740
44.25514
44.41306
44.50468
44.59750
44.76280
45.15520
45.26134
45.30496
45.57784
45.59716
45.63832
45.84184
45.91408
46.01374
46.02022
46.03432
46.44910
46.55818
46.69924
46.95808
47.08552
47.09770
47.17822
47.21572
47.22148
47.28688
47.29444
47.34220
47.37796
47.47786
47.64310
47.80210
47.87782
47.92306
47.98534
48.37918
49.01572
49.25962
49.33708
49.34464
49.40176
49.53052
49.53694
49.60180
49.68088
49.70164
49.73986
49.75774
49.83064
49.91476
50.03098
50.13766
50.25892
50.28514
50.35192
50.47426
50.60194
50.73094
50.98846
51.12610
51.33862
51.51550
51.52462
51.59560
51.90190
52.07512
52.28206
52.35970
52.38208
52.42522
52.61128
52.61836
52.62526
52.65448
52.86142
52.95604
53.04184
53.13970
53.20186
53.21848
53.27782
53.46850
53.56108
53.57002
53.64724
53.67790
53.86210
53.86984
53.91076
53.94814
54.37612
54.59128
54.63400
54.64114
55.06288
55.11520
55.13578
55.18498
55.51222
55.59862
55.62082
55.74874
55.97110
56.30734
56.45848
56.48530
56.65054
56.67928
56.73496
56.74390
56.75806
57.12202
57.33646
57.51982
57.52936
57.68704
57.70162
57.85756
57.93670
58.07236
58.08628
58.10170
58.11520
58.15168
58.23754
58.43788
58.50772
58.56334
58.67452
58.80136
58.88764
58.98754
59.00902
59.09536
59.20144
59.35138
59.48086
59.55286
59.70148
59.71798
59.75032
59.89654
60.00178
60.00850
60.41968
60.50128
60.69490
60.79714
60.87994
61.15390
61.16668
61.18120
61.26820
61.27414
61.32484
61.71076
61.75378
61.76068
62.06800
62.16172
62.21800
62.35420
62.71768
62.74054
62.96752
62.98438
63.05404
63.10534
63.14806
63.32692
63.34108
63.38422
63.50380
63.63436
63.81280
63.83446
63.86296
63.99790
64.01770
64.29064
64.41352
64.66246
64.69174
64.69630
65.04334
65.11138
65.14294
65.27050
65.28322
65.31418
65.43544
65.48434
65.58400
65.67010
65.68996
65.97784
66.00844
66.02938
66.04306
66.12004
66.12910
66.27100
66.28084
66.32626
66.52786
66.55792
66.63472
66.64342
66.65992
66.67894
66.68662
66.74296
66.77968
66.82216
66.85822
67.00702
67.07302
67.09324
67.30000
67.48840
67.78774
67.97314
68.02924
68.26678
68.28028
68.32342
68.76202
68.78794
68.86048
68.88010
68.93026
68.93734
68.96680
68.97274
68.98018
69.00292
69.00952
69.05464
69.13120
69.17326
69.30268
69.53194
69.58942
69.63898
69.81670
69.88984
69.99658
70.07416
70.30618
70.33192
70.37392
70.40860
70.44664
70.46782
70.58290
70.80334
70.97530
71.06134
71.36896
71.42518
71.51116
71.51992
71.54926
71.79898
72.19702
72.33520
72.38428
72.42478
72.44134
72.67630
72.72496
72.81868
72.90550
73.07764
73.30438
73.31224
73.37758
73.40638
73.41550
73.90564
73.93456
74.06218
74.49262
74.49874
74.67112
74.68474
74.79262
74.89156
74.89858
75.09376
75.18484
75.19852
75.42178
75.44818
75.47860
75.57178
75.58636
75.60112
75.65734
75.74866
75.81412
75.87808
75.88768
75.89824
75.95734
76.19374
76.45120
76.47214
76.48156
76.49518
77.00992
77.22400
77.36644
77.51524
77.61778
77.62282
77.69518
77.85388
77.86738
77.87386
77.88022
77.88778
77.92348
77.94424
78.00892
78.04534
78.05230
78.09496
78.10816
78.21028
78.45118
78.52378
78.95266
78.98152
79.06894
79.18732
79.21750
79.38268
79.81744
79.94014
79.94680
80.16064
80.43118
80.54020
80.82616
80.86162
80.94766
81.31756
81.34138
81.39070
81.41734
81.49138
81.49906
81.53386
81.64138
81.67078
81.71170
81.74788
81.84766
82.02790
82.04770
82.35550
82.37098
82.40458
82.42036
82.57810
82.81948
82.87012
82.94176
82.99792
83.02732
83.06332
83.12044
83.20546
83.49790
83.74324
83.75056
83.79964
83.82022
84.04360
84.08746
84.48592
84.84178
85.01452
85.02352
85.18096
85.19272
85.32994
85.38568
85.54462
85.59964
85.61488
85.61746
85.69360
85.72222
85.91446
86.06470
86.41606
86.45854
86.47516
86.48098
86.80216
86.84524
86.91454
87.08122
87.28744
87.31642
87.45238
87.68920
87.81736
87.83140
87.83794
88.13122
88.20436
88.22392
88.26898
88.32628
88.47106
88.62400
88.76542
88.83118
88.88308
89.12512
89.19058
89.28112
89.36836
89.72632
89.93302
90.13138
90.13426
90.15976
90.19606
90.19786
90.22534
90.34084
90.40480
90.58900
90.69226
90.88288
91.10386
91.13410
91.14826
91.19818
91.29202
91.48132
91.49032
91.63138
92.14816
92.49784
92.50588
92.82850
93.06370
93.14932
93.31180
93.37846
93.57088
93.66472
93.83128
93.85708
93.89212
93.96508
94.01488
94.10710
94.15090
94.24996
94.27138
94.39366
94.53160
94.62124
94.67140
94.75726
94.79290
94.87180
95.11492
95.35894
95.64988
95.68036
95.85868
96.19510
96.28156
96.67432
96.80230
96.86494
96.92374
97.13836
97.16500
97.18138
97.21198
97.22410
97.23778
97.27390
97.37410
97.46872
97.48180
97.53148
97.83160
97.89724
97.93054
98.12512
98.20924
98.24092
98.41180
98.51752
98.71186
98.86786
98.87422
99.26212
99.50458
99.72400
99.95530
100.04872
100.17118
100.18408
100.34800
100.40512
100.78480
100.79116
100.83976
100.86040
101.06212
101.28358
101.34874
101.43484
101.51986
101.54146
101.68480
101.69242
101.84278
101.90770
101.93494
102.01558
102.09904
102.12754
102.20620
102.22036
102.39910
102.42184
102.47734
102.60646
102.62266
102.74380
102.79306
102.86254
102.92818
102.95842
103.12204
103.35184
103.49428
103.51534
103.70806
103.87210
104.21578
104.50072
104.50690
104.51584
104.71594
104.76592
104.89156
105.11608
105.13636
105.20212
105.44932
105.50218
105.83566
105.87382
106.01602
106.10992
106.17514
106.26748
106.71130
106.73284
106.75516
107.03926
107.16892
107.26132
107.40304
107.41018
107.51590
107.53162
107.65996
107.78302
108.03322
108.31768
108.33310
108.68320
108.77572
108.85426
108.94060
109.27696
109.48318
109.49746
109.52806
109.56646
109.61950
109.87276
110.03938
110.07850
110.10562
110.14114
110.19004
110.21350
110.22718
110.53324
110.86318
110.91976
110.95006
110.99278
111.10654
111.20704
111.29254
111.54538
111.67852
111.75718
111.93076
112.20604
112.26880
112.32916
112.45048
112.75720
112.82314
112.83058
112.95052
113.05030
113.08414
113.19286
113.53954
113.58490
113.72422
113.76622
113.98864
114.00988
114.24580
114.35080
114.68704
114.71008
114.73696
114.74032
114.74320
114.76612
114.79534
114.90250
114.96748
114.98098
115.04608
115.23862
115.29478
115.41004
115.63108
115.70398
115.71022
115.78870
116.00374
116.43916
116.56780
116.63116
116.88442
117.04642
117.23914
117.38236
117.56182
117.98446
118.10494
118.77562
118.79836
118.82692
118.85410
118.97080
119.55718
119.79862
119.87824
119.95618
120.07150
120.15442
120.16996
120.34168
120.37126
120.64894
120.72106
120.78994
120.85750
120.92122
120.97150
121.05838
121.07884
121.11436
121.20652
121.37146
121.50058
121.75852
121.89898
121.98526
122.10190
122.13538
122.21548
122.35102
122.48710
122.65780
122.68828
122.85202
122.85934
123.10384
123.34486
123.35206
123.58786
123.59476
123.65380
123.80884
123.94492
123.95884
123.97816
124.12378
124.48570
124.78132
124.96138
125.11612
125.17516
125.23858
125.29570
125.47534
125.50264
125.73304
125.79010
125.86630
125.88268
126.05278
126.08872
126.12568
126.24790
126.25312
126.30424
126.32554
126.45922
126.61324
126.69646
126.70384
126.71128
126.73276
126.81832
126.93880
127.34056
127.54810
127.56172
127.77580
127.82230
127.95430
128.00560
128.57722
128.70562
128.77726
128.96956
129.42898
129.47122
129.55720
129.77824
129.80608
129.82126
130.04260
130.14286
130.23526
130.31284
130.35610
130.42156
130.45012
130.67908
130.71526
130.72894
130.76494
130.81510
130.88638
130.97278
130.98652
131.05024
131.07256
131.39428
131.42866
131.48698
131.49370
131.53654
131.90974
131.92276
131.92918
132.00232
132.54316
132.57280
132.79582
132.83074
132.91582
132.97984
133.00798
133.03840
133.08076
133.13056
133.17940
133.25368
133.32010
133.43080
133.52278
134.20348
134.22916
134.43880
134.52526
134.69266
134.71744
134.78998
135.05344
135.09640
135.10372
135.11740
135.21046
136.05682
136.18396
136.24012
136.38304
136.40368
136.41658
136.54018
136.61740
136.67692
136.89808
136.93432
136.94044
136.97044
137.02060
137.07022
137.27074
137.87494
137.88442
137.93380
138.01294
138.17752
138.21778
138.24964
138.32062
138.36340
138.40564
138.77098
138.90586
139.11502
139.24396
139.26316
139.30720
139.48624
139.56304
139.58272
139.62106
139.73470
139.83016
139.88626
139.94380
140.12116
140.19370
140.20048
140.37874
140.49382
140.53696
140.54404
140.72128
141.02164
141.05764
141.09364
141.13096
141.13786
141.98776
142.21084
142.22284
142.37674
142.41652
142.44370
142.45156
142.53208
142.74694
142.77424
142.81648
143.04694
143.18986
143.29732
143.34538
143.74720
143.81632
143.82376
143.96836
144.31720
144.32566
144.33442
144.35350
144.51856
144.56164
144.66844
144.91858
144.95476
145.15468
145.23826
145.60480
145.81870
145.88464
145.89106
145.90498
145.91134
145.98076
145.99708
146.03374
146.09728
146.24764
146.27746
146.34730
146.60410
146.63350
147.11416
147.29182
147.42784
147.44164
147.48526
147.49192
147.70564
147.90652
147.92092
148.09132
148.14814
148.37200
148.43578
148.82908
148.83412
148.99954
149.00788
149.12230
149.27092
149.40844
149.61664
149.67874
149.83558
149.97268
150.07264
150.15118
150.39556
150.62254
150.66208
150.66622
150.67240
150.80146
150.81496
151.39516
151.56640
151.58932
151.63942
151.64536
152.04544
152.08840
152.23246
152.66848
152.69080
152.71204
152.77468
152.78968
153.12298
153.36694
153.38962
153.43312
153.49630
153.73990
154.02436
154.06162
154.10626
154.11940
154.21816
154.27588
154.42618
154.44610
154.47310
154.48330
154.58986
154.78990
155.26150
155.55574
155.66848
155.84116
155.89174
156.09016
156.12616
156.25678
156.51850
156.54178
156.54934
156.65680
156.70660
156.87652
156.88612
156.91498
156.92638
157.04698
157.05718
157.13530
157.31374
157.51348
157.75678
157.86388
158.08594
158.28730
158.33548
158.38564
158.88046
158.90716
158.92096
158.95726
158.97682
159.25720
159.50116
159.55006
159.63754
159.65746
159.69244
159.83770
159.84724
160.14370
160.18186
160.18684
160.21678
160.22980
160.30252
160.56022
160.74508
160.81678
160.85038
160.90936
161.18098
161.25346
161.44714
161.75200
161.83072
162.26728
162.43096
162.46072
162.53356
162.56686
162.61726
162.67456
163.18102
163.45462
163.55782
163.66108
163.74700
164.06392
164.34826
164.37742
164.60512
165.05068
165.12016
165.16486
165.17668
165.18532
165.19174
165.29146
165.41992
165.42676
165.89932
165.96124
165.97786
166.02808
166.09180
166.10590
166.52890
166.59808
166.68562
166.70620
166.79962
166.87768
167.08594
167.17222
167.17780
167.18566
167.25112
167.44192
167.49184
167.60080
167.62792
167.87434
168.09196
168.12220
168.20110
168.42232
168.58738
168.62716
169.09378
169.18822
169.20910
169.25104
169.28026
169.47988
169.65148
170.00896
170.13106
170.17558
170.33926
170.35888
170.46652
170.58178
170.65264
170.65900
170.67460
170.73892
170.79508
170.80138
170.86180
170.89630
170.91670
171.11788
171.22576
171.28132
171.36784
171.93946
172.01188
172.06822
172.18270
172.21816
172.61788
172.69810
172.73266
172.79140
173.06206
173.47612
173.48284
173.57596
173.58958
173.61202
173.87302
174.11356
174.11776
174.12742
174.18982
174.37732
174.72010
175.22782
175.32022
175.79980
175.92148
175.98550
176.08564
176.12254
176.14186
176.19274
176.27938
176.87770
177.09994
177.20968
177.44314
177.59362
177.63682
177.71560
177.85198
177.92920
177.96628
178.08214
178.35862
178.40884
178.69600
178.73698
178.97950
179.00014
179.10220
179.27338
179.38984
179.49598
179.70238
179.87998
179.95990
180.20992
180.26002
180.40246
180.48118
180.59614
180.81016
180.84676
180.91006
180.91792
181.03864
181.05526
181.09030
181.54726
181.73152
181.83976
181.89616
181.91920
182.21026
182.31904
182.32678
182.38294
182.72680
182.82700
183.00508
183.31288
183.61186
183.77710
183.89044
184.15714
184.19356
184.25632
184.58590
184.77676
185.00680
185.05714
185.17696
185.69320
185.93602
185.94994
185.99344
186.35710
186.42958
186.60718
186.99340
187.04344
187.12300
187.21618
187.25854
187.29370
187.44322
187.64368
187.67980
187.69348
187.71664
187.79506
187.85236
187.85974
187.88854
187.91494
188.05318
188.06644
188.11588
188.34346
188.35288
188.40892
188.42944
188.56678
188.57350
188.61004
188.68714
188.78854
188.79604
188.83144
188.84530
188.95984
188.96620
189.22372
189.28858
189.34618
189.35254
189.60370
189.63880
189.73840
189.80224
189.98296
190.15390
190.35976
190.48834
190.61908
190.91278
190.92538
190.98136
191.06920
191.16148
191.31952
191.41150
191.51890
191.52658
191.58334
191.58988
191.59618
191.61274
191.84020
191.84758
192.46600
192.51916
192.52708
192.56278
192.57670
192.89026
193.14970
193.18306
193.22650
193.56280
193.99228
194.13334
194.14936
194.28436
194.52958
194.64352
195.03436
195.08602
195.26446
195.42070
195.42958
195.44338
195.63562
195.95782
196.02256
196.10146
196.17244
196.32976
196.62196
196.65040
196.82176
196.83736
196.85302
196.99492
197.10286
197.31670
197.60920
197.61676
197.66008
198.06034
198.29986
198.35290
198.39514
198.40282
198.56020
198.57724
198.96058
199.21714
199.22692
199.32382
199.32628
199.33294
199.37572
199.38352
199.39660
199.42612
199.46170
199.55308
199.61056
199.63336
199.66066
199.71832
199.76068
199.88002
200.06164
200.10322
200.13934
200.16832
200.26942
200.29000
200.57710
200.83408
200.89684
200.97124
201.14698
201.15448
201.43300
201.61846
201.82756
201.92728
201.97000
202.15054
202.17748
202.22740
202.29880
202.36216
202.45000
202.59700
202.61578
202.77766
202.97758
203.06386
203.11072
203.27926
203.29246
203.31532
203.32036
203.32732
203.44420
203.81374
204.30622
204.42010
204.44914
204.46294
204.48058
204.53704
204.55810
204.65644
204.66424
204.72130
205.04344
205.05778
205.07758
205.32256
205.52296
205.78696
205.87258
205.95766
206.27812
206.38702
206.53714
206.56564
206.57284
206.62486
206.98096
207.17362
207.29476
207.32368
207.33676
207.53110
207.84508
207.95398
207.96766
208.02334
208.31596
208.37536
208.70284
208.74664
208.82530
209.17510
209.25424
209.55430
209.71180
209.76196
209.79538
209.81188
209.84782
210.01186
210.09088
210.52078
210.53446
210.59812
210.69814
210.75586
210.96874
211.00570
211.11214
211.34848
211.52662
211.59250
211.66300
211.74172
211.92778
211.96282
212.08510
212.60500
212.61520
212.99848
213.04114
213.77926
213.83578
213.88486
213.92932
214.17940
214.73674
214.75804
215.22952
215.57212
215.57884
215.67460
215.71594
215.74516
215.75218
215.82352
215.83870
216.03658
216.22510
216.24568
216.30820
216.80566
216.93892
216.97372
216.97564
217.01974
217.03918
217.08280
217.16626
217.35340
217.38022
217.47586
217.55290
217.59520
217.71016
217.73956
217.83928
217.87702
217.93012
217.94686
217.99696
218.22694
218.43940
218.56066
218.56768
218.59822
218.77558
218.90404
218.93350
219.03310
219.30370
219.57760
220.16386
220.39732
220.53370
220.55038
220.67056
221.07772
221.22622
221.51590
221.62210
221.88370
222.03514
222.06466
222.29290
222.37822
222.55726
222.81460
222.89356
222.89974
223.00864
223.19344
223.26484
223.88716
223.89484
224.57284
225.07408
225.17308
225.21682
225.33778
226.13824
226.16716
226.26070
226.91098
227.17624
227.18242
227.23234
227.28226
227.46850
227.55556
227.59600
227.62462
227.87500
228.06838
228.28240
228.39616
228.40516
228.45586
228.46864
228.53512
228.87556
228.94042
228.99628
229.10506
229.30618
229.46878
229.65604
229.74256
229.78282
229.78546
229.94926
230.09842
230.11168
230.14906
230.19658
230.29240
230.31322
230.74240
230.76334
230.94958
230.95612
231.09886
231.24958
231.29980
231.77860
232.56550
232.57882
232.60792
232.63624
232.97860
233.14366
233.15620
233.16178
233.19526
233.34562
233.38048
233.81668
233.82268
233.84530
233.88988
233.95204
233.95930
233.99440
234.04402
234.06694
234.10048
234.15046
234.38794
234.47962
234.48688
234.56602
234.68848
234.76708
234.78064
234.90964
234.98380
235.06720
235.10314
235.17346
235.32388
235.33084
235.45972
235.55218
235.75234
236.52508
236.58118
236.62456
236.66134
236.66740
236.72626
237.00976
237.09598
237.16570
237.37648
237.41890
237.72694
238.10590
238.23418
238.25398
238.41886
238.42690
238.63408
238.67704
238.75006
238.83424
238.89784
238.93402
238.97704
239.11282
239.26762
239.52094
239.86474
239.89114
239.95012
240.01330
240.15100
240.18448
240.43486
240.52072
240.52762
240.62722
240.65746
240.73492
240.80806
240.81286
240.82126
240.82792
240.89380
241.08724
241.40836
241.49806
241.64380
241.72108
241.90012
241.95016
242.01496
242.21500
242.32264
242.44378
242.54338
242.55118
242.55778
242.59342
242.66554
242.93008
242.95792
242.96500
242.99458
243.33760
243.47392
243.53002
243.58690
243.62992
243.69538
243.73162
243.84532
243.87430
243.88660
243.93148
243.95152
244.06828
244.07398
244.16062
244.42396
244.46320
244.51036
244.62478
245.33182
245.41822
245.54542
245.83990
246.13984
246.31846
246.39700
246.40384
246.65458
246.66826
246.95476
247.21852
247.37446
247.42624
247.72018
248.11888
248.14198
248.24710
248.31346
248.67766
248.73544
248.85790
248.92774
249.06358
249.10642
249.13540
249.15466
249.18436
249.22786
249.85792
249.87142
250.00666
250.04446
250.21306
250.28506
250.48534
250.61362
250.89388
250.97812
251.15086
251.23546
251.45878
251.63716
251.67928
251.80084
251.96590
251.99494
252.10852
252.30226
252.39484
252.58582
252.62398
252.65890
252.68242
252.95260
253.00252
253.26622
253.56622
253.68850
253.74490
253.86052
253.94164
253.98862
254.36950
254.77528
254.85904
255.10420
255.12580
255.14632
255.28882
255.36064
255.73300
255.92614
255.94492
256.26190
256.45456
256.46914
256.66828
256.71964
256.90594
257.01196
257.04268
257.17594
257.22754
257.80600
257.89066
258.05476
258.27760
258.35014
258.37126
258.43630
258.51376
258.55006
258.57754
258.66358
258.80494
258.85588
258.86470
259.09258
259.42276
259.42906
259.61536
259.62040
259.63660
259.65022
259.66360
259.67008
259.69318
259.75300
260.60614
260.66674
261.07318
261.32308
261.38740
261.42196
261.42928
261.49462
261.60928
261.88720
262.07332
262.08100
262.10374
262.15060
262.22302
262.56274
262.60090
262.73716
262.76620
263.08114
263.15998
263.26594
263.45386
263.56072
263.63890
263.90524
263.98132
264.05410
264.06778
264.12364
264.14020
264.16654
264.18262
264.22222
264.22996
264.52204
264.58306
264.59500
264.74524
264.81310
265.02358
265.05436
265.09708
265.12738
265.39666
265.50364
265.53904
265.57576
265.68298
265.68778
265.76302
265.77070
265.85596
265.94176
265.98472
266.12788
266.13970
266.16832
266.23516
266.31208
266.38384
266.45668
266.49064
266.94196
266.97112
267.01414
267.02680
267.09988
267.12118
267.16204
267.23470
267.24202
267.34054
267.36334
267.59086
267.87130
267.89254
267.94084
267.97132
267.98476
268.15018
268.21444
268.25038
268.40656
268.48504
268.69990
268.70626
268.92148
269.42932
269.55778
269.72164
269.75770
269.85784
270.43828
270.45730
270.47314
270.68074
270.75958
270.90784
271.08934
271.21672
271.23856
271.40194
271.48852
271.71562
271.88734
272.13142
272.18848
272.31730
272.34526
272.37202
272.38102
272.43088
272.79544
272.82448
272.85952
273.11794
273.16720
273.31876
273.87586
273.88858
273.93850
274.06108
274.20412
274.26862
274.34800
274.57594
274.87684
275.06152
275.27092
275.42470
275.46256
275.74810
275.90542
275.94772
275.94922
275.96314
276.04792
276.05548
276.22888
276.41452
276.45526
276.72676
276.73546
276.80530
276.92224
276.93394
277.00042
277.23586
277.47226
277.57834
277.58410
277.61488
277.65064
277.75036
277.82884
277.92190
277.99324
278.13574
278.29384
278.29786
278.33080
278.49298
278.60068
278.64196
278.64376
278.64556
278.68588
278.71606
278.72236
278.76628
278.84806
278.87356
278.96728
279.04060
279.08020
279.34954
279.35740
279.52162
279.63784
279.67876
279.70234
279.70936
279.71506
279.82378
279.90820
279.98032
280.05844
280.22410
281.00956
281.19538
281.21008
281.52910
281.54632
281.60980
281.69584
281.76850
281.79598
281.80744
281.87140
281.90590
282.02536
282.18904
282.23962
282.27514
282.30892
282.47386
282.47554
282.58306
282.71506
282.74602
282.79078
282.99520
283.37440
283.53448
283.56958
283.72930
283.74652
283.78444
283.88320
283.89196
284.07682
284.37718
284.39830
284.49928
284.65480
284.67244
284.84074
285.11284
285.14800
285.19192
285.23446
285.31528
285.31984
285.67138
285.70606
285.74128
285.75616
285.91522
286.14382
286.17754
286.19224
286.25602
286.49938
286.70776
286.80790
286.85602
286.94224
286.98460
287.24224
287.37898
287.44234
287.96662
287.96986
287.99602
288.00880
288.07294
288.10900
288.11554
288.20776
288.35164
288.35638
288.36520
288.50806
288.60892
288.62278
288.63592
289.38064
289.42198
289.43854
289.72936
289.92322
290.06872
290.09704
290.21314
290.35936
290.45938
290.72314
291.08188
291.27310
291.52462
291.63364
291.64654
291.94648
291.95932
292.07536
292.08094
292.23358
292.30666
292.35346
292.40944
292.67632
292.77742
292.93372
293.06224
293.30638
293.57464
293.68882
293.93986
294.23998
294.30556
294.39148
294.43480
294.48952
294.86338
294.87022
294.89278
294.93532
295.15666
295.16320
295.25560
295.27012
295.31266
295.47628
295.55662
295.59118
295.67014
295.81564
295.94182
295.96342
296.14174
296.26324
296.43664
296.46322
296.79394
297.05218
297.17296
297.17950
297.28492
297.40042
297.40924
297.47974
297.86566
297.99448
298.15936
298.23802
298.29454
298.42318
298.42984
298.77310
298.77886
298.80826
298.90960
299.14876
299.26696
299.42452
299.49424
299.68852
299.73100
299.73520
299.73976
299.93200
299.93866
299.94574
300.20926
300.31702
300.33082
300.36034
300.52582
300.75310
300.88060
300.91072
300.92440
301.04752
301.06930
301.28362
301.38964
301.43380
301.51018
301.54570
301.73878
301.75996
301.89736
302.18968
302.39884
302.40622
302.46688
302.49244
302.54848
302.58214
302.65630
302.93524
302.99872
303.08458
303.09736
303.24862
303.25642
303.64846
303.65608
303.66952
303.71206
304.01290
304.01518
304.11292
304.20598
304.23838
304.50652
304.56262
304.70620
304.75096
304.90012
304.90600
305.10598
305.32858
305.34226
305.42746
305.54980
305.73472
305.77894
306.00130
306.18154
306.21652
306.30844
306.45598
306.49534
306.50158
306.55894
306.56554
306.60784
306.61528
306.68626
306.73018
306.77266
306.85108
306.85816
306.88612
307.00108
307.24390
307.28398
307.28896
307.29418
307.32106
307.36498
307.52230
307.75306
308.22316
308.22832
308.24536
308.30284
308.50750
308.66026
308.71642
308.93914
308.98282
309.09550
309.23152
309.25312
309.32512
309.51802
309.63922
309.93400
309.99016
310.04086
310.04632
310.05040
310.05454
310.09300
310.18120
310.20454
310.29940
310.36750
310.36912
310.48168
310.49026
310.51774
310.76722
310.84774
311.03260
311.04088
311.12188
311.20408
311.31202
311.37496
311.46208
311.47480
311.66752
311.70982
311.71870
311.73988
311.74336
311.76172
311.83438
311.89924
311.98450
312.13882
312.29836
312.82504
313.16446
313.33552
313.88548
314.08438
314.16418
314.44150
314.55022
314.55784
314.58838
314.66578
314.72176
314.75152
314.94442
315.02050
315.09862
315.14920
315.26452
315.30784
315.34420
315.42022
315.42334
315.63508
315.77938
315.86572
315.93508
316.17148
316.21678
316.65136
316.84486
316.96390
317.00764
317.04502
317.17420
317.40160
317.48332
317.58988
317.59444
317.71048
317.74474
317.80018
317.85922
317.89498
318.03064
318.18208
318.46798
318.49894
318.51046
318.56836
318.66112
318.75244
319.14580
319.16104
319.18216
319.26130
319.33948
319.37524
319.76038
319.84672
319.94002
320.25484
320.27608
320.35330
320.36962
320.43946
320.55448
320.72122
320.91418
321.01228
321.01696
321.07750
321.08278
321.34048
321.35590
321.48472
321.50452
321.64018
321.82810
321.86230
321.87094
321.99052
321.99976
322.13440
322.14100
322.25710
322.45450
322.57780
322.85668
322.87072
322.89646
322.97368
323.08522
323.22724
323.37112
323.57716
323.71468
323.96356
323.97076
324.00706
324.03712
324.40096
324.51436
324.52072
324.63748
324.67234
324.74410
324.87232
325.03756
325.06474
325.10728
325.12060
325.13716
325.15102
325.30072
325.47244
325.53742
325.61662
326.12986
326.41000
326.41738
326.53012
326.57986
326.61460
326.64508
326.65090
326.65288
326.71738
326.96470
327.17230
327.24640
327.28108
327.47980
327.82558
328.07362
328.11058
328.11754
328.13338
328.18876
328.19620
328.30432
328.31740
328.37482
328.74640
328.76740
328.78132
328.78882
328.80340
328.84036
328.86742
329.02630
329.10250
329.34622
329.43280
329.51128
329.76304
329.88910
329.93260
330.14878
330.23398
330.35374
330.40516
330.44920
330.45376
330.48244
330.57028
330.74122
330.75514
330.79630
330.84376
331.00678
331.12786
331.27036
331.34974
331.36318
331.44178
331.59130
331.62028
331.92046
331.92724
331.97992
332.06416
332.31298
332.52016
332.65060
332.65666
332.72926
332.89384
332.90680
332.91400
332.92708
333.01516
333.06550
333.16426
333.20740
333.25042
333.33634
333.37930
333.57994
333.68566
333.76426
333.90064
334.05982
334.16008
334.16296
334.22314
334.36006
334.43788
334.47178
334.56568
334.60960
334.63708
334.68058
334.87024
334.88674
334.91620
334.95346
335.20978
335.35936
335.47312
335.51026
335.66554
335.70376
335.72260
335.77588
335.82310
335.85250
336.06028
336.10054
336.13966
336.41038
336.53848
336.59560
336.65062
336.66394
336.81736
337.06012
337.10974
337.19590
337.68076
337.71088
338.00368
338.09632
338.31058
338.38384
338.38864
338.40370
338.50504
338.55370
338.62318
338.64076
338.65354
338.66698
338.74876
338.75356
338.98954
339.03382
339.09604
339.10372
339.27016
339.33970
339.42694
339.45646
339.49072
339.68392
339.73390
339.77662
339.80530
339.90358
340.07620
340.27618
340.29166
340.30426
340.41328
340.56412
340.64896
340.67032
340.80706
340.82026
340.85368
340.97014
341.09830
341.12020
341.12806
341.31310
341.32060
341.36914
341.47786
341.64928
341.86642
341.87206
342.10660
342.11416
342.23566
342.40630
342.41530
342.42934
342.79324
342.90370
343.02022
343.49284
343.49476
343.55206
343.57330
343.69372
343.71598
343.96738
344.10106
344.14360
344.48722
344.53066
344.56696
344.57314
344.96626
345.27310
345.27970
345.43852
345.48166
345.54616
345.55048
345.55270
345.61000
345.67240
345.78970
345.85984
345.91006
345.94594
345.95338
346.16044
346.23238
346.23724
346.24624
346.30990
346.38280
346.44658
346.53334
346.54144
346.79038
346.87006
346.89724
346.92640
346.93234
346.93744
347.04772
347.06728
347.21896
347.29624
347.77690
347.87470
347.95228
347.96986
348.27682
348.28390
348.32686
348.36046
348.68578
348.75604
349.27060
349.35064
349.67716
349.74280
349.82284
349.93522
350.02036
350.07688
350.37970
350.45548
350.49178
350.66278
350.72734
350.80540
350.85682
350.95066
351.00640
351.12202
351.13588
351.16450
351.32014
351.36322
351.57058
351.64348
351.64924
351.71434
352.04980
352.07314
352.11544
352.12198
352.23718
352.28710
352.82824
352.87330
352.89424
352.93738
353.02984
353.30068
353.30536
353.30944
353.60998
353.73904
353.78728
353.93614
354.09484
354.17068
354.21064
354.21766
354.23728
354.28888
354.35998
354.46780
354.52372
354.69472
354.81760
354.84628
354.96028
355.24648
355.51786
355.52260
355.58284
355.71796
355.76764
355.88200
355.96078
356.00302
356.03944
356.23924
356.39008
356.55430
356.62114
356.74066
356.78812
356.80324
357.02410
357.10336
357.10534
357.29842
357.31132
357.35464
357.41134
357.43066
357.44938
357.46246
357.53458
357.65470
357.89854
357.92116
357.93370
357.99046
358.25062
358.25452
358.33480
358.38424
358.49074
358.57108
358.64860
358.84204
358.89256
358.91980
358.94092
358.96402
358.99996
359.03410
359.04184
359.04868
359.05660
359.31412
359.32744
359.35660
359.52172
359.57116
359.61412
359.67760
359.90650
359.96146
359.97160
360.17176
360.22882
360.24424
360.26404
360.34318
360.38644
360.55780
360.62182
360.79252
360.87202
360.91432
361.14136
361.25812
361.46458
361.96600
361.97386
362.04430
362.05030
362.30824
362.48110
362.63770
362.67232
362.68864
362.70238
362.77222
362.77444
362.87392
363.04564
363.14458
363.18772
363.20254
363.51736
363.60262
364.08820
364.15348
364.27258
364.42522
364.42696
364.46488
364.52404
364.55986
364.63924
364.91086
364.91956
364.94614
365.02276
365.13448
365.14684
365.21632
365.22274
365.25298
365.29708
365.33938
365.41816
365.50306
365.72482
365.78242
365.83330
365.88430
365.89090
365.91946
366.18952
366.28318
366.48952
366.51994
366.61810
366.63868
366.88372
366.94894
367.22578
367.24120
367.29070
367.43308
367.51966
367.58200
367.63930
367.65610
367.72066
367.78480
367.79266
367.79752
368.03362
368.29894
368.30686
368.42806
368.44930
368.56846
368.74198
368.90416
368.92072
368.92942
368.93998
368.97802
368.98510
369.09262
369.32968
369.48712
369.57346
369.60706
369.77050
369.99310
370.04200
370.04968
370.13008
370.16356
370.20694
370.45690
370.55224
370.68016
370.71604
370.72366
370.84036
370.96456
371.42272
371.47372
371.62384
371.66626
371.86408
372.07114
372.07372
372.10180
372.14656
372.31018
372.33064
372.41620
372.55426
372.58810
372.65242
372.66058
372.80362
372.82402
372.86266
373.04692
373.05292
373.09582
373.13794
373.17352
373.18042
373.56676
373.58014
373.61038
373.96006
374.00446
374.00878
374.08954
374.15404
374.17402
374.28322
374.32576
374.42440
374.44084
374.52424
374.56672
374.59072
374.60056
374.62558
374.87434
374.96650
375.14086
375.34726
375.36910
375.37714
375.50458
375.54856
375.61654
375.67414
376.14862
376.22638
376.33366
376.34236
376.34728
376.35022
376.49692
376.54066
376.54798
376.58620
376.69714
376.96366
377.00710
377.12644
377.73508
377.76982
377.77144
377.84278
377.88628
377.92840
378.12622
378.17752
378.44254
378.47758
378.56410
378.61474
378.64132
378.70042
378.71386
378.99250
379.05688
379.15006
379.24276
379.58062
379.67752
379.75042
379.78636
379.89412
379.91428
379.92154
379.97746
380.08666
380.34298
380.56678
380.57470
380.63098
380.65066
380.74126
380.92354
380.97262
381.08806
381.15820
381.33034
381.70198
381.72472
381.73738
381.74578
381.77164
381.80206
381.81070
381.88834
382.05958
382.13824
382.17472
382.18816
382.28212
382.48822
382.64590
382.68106
382.71718
382.73248
382.78840
383.15212
383.60206
383.65222
383.65972
383.74630
383.76094
383.78248
383.95390
384.01852
384.10966
384.25510
384.33250
384.41056
384.42646
384.45292
384.45508
384.49810
384.73252
384.76972
385.01968
385.10038
385.21864
385.28854
385.29274
385.31944
385.37098
385.53364
385.66204
385.72456
385.99780
386.00050
386.16994
386.19148
386.21974
386.27734
386.35690
386.39128
386.44270
386.59144
386.70370
386.82022
386.82748
387.19318
387.22732
387.31348
387.34756
387.44110
387.75634
387.76396
387.80674
387.94114
387.98494
387.99064
388.07134
388.10062
388.73758
388.75762
388.76662
388.84510
388.90036
388.93612
389.04382
389.05762
389.09362
389.12704
389.38072
389.74330
389.76640
389.79616
390.16024
390.19078
390.44386
390.78778
390.95278
391.23754
391.25248
391.31686
391.32370
391.35988
391.36642
391.42546
391.61002
391.62400
392.13862
392.16862
392.21698
392.22370
392.25196
392.25382
392.45968
392.49022
392.65270
392.91766
392.97640
392.98270
393.16738
393.20470
393.20956
393.24418
393.28390
393.31864
393.33178
393.64648
393.71974
394.21864
394.23976
394.25656
394.38988
394.51090
394.51852
394.55350
394.59160
394.62598
394.79266
394.93456
394.94890
394.96888
394.98478
395.31280
395.38486
395.62684
395.73982
395.89900
395.97670
396.02854
396.12304
396.12712
396.24220
396.28960
396.34198
396.49246
396.73594
396.80752
396.98536
397.12228
397.20610
397.40116
397.52272
397.56208
397.60714
397.94950
398.33590
398.38336
398.53594
398.66494
398.80684
398.94454
399.00082
399.19348
399.33124
399.37450
399.40234
399.40690
399.41464
399.80224
399.99484
400.25218
400.42426
400.50184
400.63822
400.78102
400.93834
401.05084
401.39386
401.44450
401.84518
401.88298
401.94592
402.01036
402.02422
402.11050
402.21790
402.39832
402.70156
402.76204
402.94678
403.01902
403.05424
403.25584
403.29790
403.31956
403.57684
403.59028
403.62748
403.64044
403.68262
403.68916
403.69828
403.72780
403.75678
403.76194
403.77094
403.80082
403.83460
404.01952
404.16184
404.47744
404.51254
404.53426
404.71312
404.77726
404.85370
404.96278
405.11320
405.24862
405.27064
405.29890
405.57034
405.62290
405.62800
405.68584
405.72712
405.92164
406.03696
406.17166
406.53670
406.79314
406.84258
406.92718
406.94992
406.96420
406.98568
407.27896
407.45896
407.49856
407.62924
407.78002
407.83630
407.92252
408.04378
408.23116
408.25252
408.29506
408.33694
408.42214
408.59506
408.73750
409.41022
409.43548
409.43728
409.85206
409.90222
409.93810
410.10220
410.13922
410.20216
410.39686
410.41852
410.43034
410.45218
410.58808
411.13918
411.29800
411.30322
411.37774
411.47302
412.03168
412.25428
412.35214
412.44634
412.58440
412.60408
412.77712
412.90408
413.11144
413.11744
413.34766
413.41204
413.43430
413.62042
413.71336
413.80546
413.82688
413.86144
413.92720
413.93494
413.99110
414.11920
414.18688
414.19342
414.42784
414.44170
414.51448
414.72910
414.84862
414.98674
415.08388
415.09756
415.14430
415.24288
415.34152
415.55692
415.60042
415.79140
416.21572
416.22316
416.24260
416.31568
416.44294
416.50018
416.51380
416.54272
416.56384
416.74396
416.84998
417.08764
417.20884
417.21550
417.27988
417.36682
417.37108
417.52858
417.53614
417.77338
417.79966
417.80890
417.92284
418.27282
418.31620
418.46626
418.49362
418.60126
419.16622
419.45224
419.81602
419.88244
420.18196
420.21082
420.33904
420.43270
420.62638
420.68278
420.68878
420.70354
420.71242
420.74620
421.11094
421.13896
421.41940
421.43254
421.45852
421.46278
421.47544
421.67626
421.76836
421.86100
421.90462
421.94044
422.01238
422.09776
422.16208
422.23204
422.36266
422.51722
422.67712
422.99848
423.04102
423.25534
423.49138
423.51226
423.76222
423.86998
424.06162
424.38580
424.49068
424.49836
424.56394
424.59346
424.59712
424.80772
424.95796
424.97860
425.06470
425.10760
425.29348
425.36518
425.55868
425.89330
425.92234
425.95768
426.04342
426.32194
426.34294
426.67150
426.70816
426.86626
426.93142
427.15858
427.37350
427.38130
427.39444
427.46716
427.49356
427.54330
427.72060
427.76596
427.82344
427.98232
428.01586
428.03758
428.07988
428.14612
428.20054
428.28100
428.38120
428.55244
428.60320
428.73070
428.81002
428.91748
428.93854
429.04000
429.13342
429.18964
429.26836
429.28054
429.32440
429.34108
429.36790
429.69604
429.76090
429.89104
429.89644
429.99730
430.11388
430.18960
430.23196
430.31068
430.31794
430.38052
430.38340
430.42618
430.47238
430.61044
430.65376
430.74052
430.76956
430.78978
430.83316
430.86088
430.88950
431.08318
431.12656
431.26246
431.32726
431.43334
431.96344
432.08920
432.09238
432.10600
432.31336
432.37024
432.50566
432.94912
432.99958
433.04662
433.32076
433.60066
433.72870
433.77214
433.87876
433.92100
434.07226
434.29342
434.36308
434.64340
434.67076
434.72200
434.98618
435.03616
435.29326
435.34318
435.62950
435.63658
435.65842
435.75808
436.01548
436.05256
436.13740
436.32952
436.33228
436.33858
436.35172
436.60978
436.85974
437.25994
437.36866
437.41432
437.43064
437.52466
437.84602
437.89612
437.95888
437.99482
438.27514
438.32470
438.43972
438.46714
438.51232
438.68842
438.84592
439.10356
439.38850
439.39066
439.53994
439.81882
439.86232
439.89850
440.08180
440.11888
440.22538
440.23900
440.26234
440.53462
440.69812
440.71852
440.74066
440.76214
441.21220
441.23506
441.27772
441.40588
441.49222
441.51202
441.65914
441.74530
441.82870
441.84238
441.84826
441.89830
442.12876
442.20502
442.21204
442.36198
442.38454
442.45726
442.47880
442.51234
442.53538
442.60738
442.70602
442.98490
443.00698
443.05006
443.19802
443.25118
443.27086
443.46406
443.50780
443.60698
443.62840
443.94184
443.99296
444.27994
444.80860
444.98740
445.15114
445.18072
445.19374
445.25380
445.27480
445.32340
445.46800
445.73122
445.73860
445.88698
445.93072
445.95256
446.12998
446.27302
446.40820
446.53720
446.55052
446.68060
446.87410
447.03826
447.12382
447.30352
447.33040
447.45346
447.51892
447.55342
447.74722
447.77446
447.85330
447.96124
447.98938
448.06102
448.15324
448.19716
448.20346
448.23922
448.46716
448.57684
448.58230
448.72438
448.78906
448.82632
448.96864
449.09698
449.38372
449.56072
449.64100
449.65384
449.70442
449.81320
449.91832
450.09064
450.46960
450.49930
450.61834
450.72712
450.79954
450.85576
450.92890
451.17718
451.20574
451.45588
451.52872
451.66312
451.75618
452.00008
452.05708
452.18560
452.21398
452.23606
452.39974
452.57362
452.61424
452.64052
452.74252
452.92672
452.94976
452.95696
452.99344
453.02176
453.14992
453.34972
453.42940
453.53596
453.53758
453.60088
453.70678
453.93604
454.05076
454.12810
454.22188
454.28668
454.38802
454.42330
454.43692
454.47886
454.85236
455.00248
455.21566
455.32900
455.61604
455.75194
455.95966
456.03874
456.05830
456.10942
456.15328
456.20320
456.26866
456.40150
456.51694
456.58198
456.65902
456.68830
456.70480
456.72484
456.87598
457.10938
457.20358
457.31200
457.34530
457.36186
457.57594
457.87588
457.90306
457.92574
457.96228
458.08936
458.13994
458.16202
458.48242
458.53342
458.54836
458.56060
458.58256
458.58946
458.59762
458.67664
458.70460
458.72680
458.83264
458.87608
458.94874
458.96188
459.07582
459.14596
459.21958
459.43324
459.54928
459.61984
459.86974
459.90562
460.12714
460.17712
460.20556
460.26160
460.34074
460.49224
460.54846
460.73554
460.76314
461.20078
461.22826
461.24200
461.29180
461.57140
461.73664
461.85754
461.95066
462.11530
462.16120
462.56482
462.82192
462.99436
463.10806
463.16476
463.25818
463.28668
463.50808
463.55086
463.62286
463.79446
463.82926
464.04280
464.10838
464.26684
464.39110
464.45800
464.50780
464.52442
464.58106
464.65978
464.75188
464.90086
464.97298
465.05290
465.35998
465.47572
465.48802
465.59554
465.63106
465.80242
466.51696
466.60258
466.64056
466.75420
466.77394
467.01670
467.18302
467.53288
467.79034
467.82664
468.09040
468.11266
468.15466
468.16924
468.17908
468.47638
468.48424
468.78412
468.87646
469.07038
469.12630
469.23490
469.39090
469.40554
469.43482
469.54228
469.77646
469.86298
469.91332
470.14258
470.23510
470.24140
470.24836
470.31844
470.32726
470.37094
470.42866
470.43670
470.44930
470.49238
470.63614
470.80594
470.80870
470.81572
470.92876
470.97256
471.05614
471.07948
471.14896
471.30802
471.46528
471.57250
471.62920
471.78604
471.98740
472.24492
472.36516
472.37266
472.38604
472.58692
472.60078
472.72234
472.85086
472.94512
473.17156
473.27362
473.30176
473.30860
473.42854
473.47222
473.70232
473.80840
473.90380
473.92384
473.93116
474.53098
474.63862
474.99616
475.03096
475.16836
475.45390
475.47478
475.82452
476.03182
476.03938
476.15410
476.37562
476.48242
476.59714
476.66830
476.76100
476.81752
477.04078
477.29740
477.30598
477.33322
477.41368
477.47752
477.52582
477.70480
477.81106
477.84064
477.89380
477.90610
478.14052
478.16338
478.28764
478.31968
478.40458
478.43452
478.54960
478.71388
478.77748
479.00452
479.16334
479.54902
479.59300
479.69914
479.70676
479.82046
480.07978
480.09280
480.18598
480.53704
480.81376
480.94354
481.38664
481.54336
481.99438
482.06650
482.33668
482.38042
482.40964
482.49580
482.50930
482.64238
482.74582
483.30268
483.42250
483.49540
483.65932
483.67570
484.16038
484.25920
484.29640
484.31014
484.31686
484.40254
484.48120
484.53820
484.70236
484.82512
484.98256
485.00248
485.02534
485.06878
485.15488
485.22580
485.37544
485.43232
485.53510
485.56882
485.61760
485.67646
485.69542
485.79604
485.86858
485.96884
486.16228
486.22624
486.44176
486.79858
486.80464
486.81112
486.81838
486.89074
487.01842
487.07722
487.10464
487.14142
487.57066
487.62724
487.68484
487.83736
487.85608
487.86334
487.98478
488.07694
488.38444
488.45716
488.59816
488.83444
488.85970
488.87650
488.92666
488.93590
489.03430
489.15730
489.31444
489.42988
489.48412
489.67792
489.83674
490.02394
490.10020
490.12978
490.17316
490.35808
490.40050
490.93612
491.00026
491.03038
491.14252
491.15890
491.18614
491.19520
491.22268
491.30176
491.48002
491.63116
491.72548
491.78584
491.80258
491.96638
491.98696
492.04510
492.06628
492.10246
492.15250
492.20146
492.36010
492.80212
493.15246
493.31728
493.51732
493.65502
493.75192
493.80496
493.98916
494.00362
494.13208
494.13880
494.18218
494.26072
494.29576
494.41540
494.41804
494.58970
494.59852
494.64250
494.70538
494.76244
495.13444
495.14098
495.14734
495.26080
495.26800
495.37660
495.59050
495.66178
495.89806
496.19830
496.28392
496.60540
496.83388
496.87708
496.92040
496.96966
497.01304
497.04916
497.19742
497.37040
497.48452
497.90662
497.91388
497.92780
497.97760
498.03478
498.18346
498.28630
498.53044
498.61390
498.72148
498.85654
498.94840
498.99184
498.99964
499.27258
499.28512
499.44388
499.46326
499.49356
499.49950
499.54984
499.57222
499.61506
499.82182
500.03734
500.12254
500.45788
500.51578
500.56582
500.57218
500.95066
501.18844
501.49564
501.83842
502.08928
502.09588
502.16104
502.28164
502.48786
502.83904
502.90414
502.97380
503.08912
503.33206
503.37526
503.47534
503.48902
503.59762
503.77540
504.07342
504.07522
504.15430
504.20398
504.40258
504.43270
504.45526
504.73360
504.76126
504.85498
505.01686
505.11820
505.34890
505.38958
505.44742
505.56988
505.75486
505.86364
505.91230
505.92676
506.05576
506.07748
506.09086
506.34220
506.58370
506.77726
506.78494
506.81338
506.83342
506.86942
506.90530
507.07702
507.18328
507.42820
507.59956
507.63556
507.70690
507.72160
508.05682
508.39222
508.52938
508.53604
508.54324
508.54990
508.57156
508.82638
508.82902
509.14978
509.22892
509.30194
509.45176
509.48662
509.52286
509.74408
509.78764
509.81554
509.86084
509.88508
509.92858
509.93206
510.12070
510.31576
510.35176
510.52246
510.65146
510.88036
510.90892
511.00096
511.13122
511.20154
511.31638
511.85206
511.88866
511.97494
512.14618
512.15212
512.23144
512.50300
512.56090
512.66068
512.94778
513.21844
513.26812
513.31060
513.38386
513.38980
513.46852
513.51004
513.56944
513.81532
513.90436
513.96376
514.11802
514.44820
514.72636
514.73278
514.74088
514.77592
514.85530
514.88380
514.89070
515.01346
515.22046
515.41864
515.47660
515.49748
515.51332
515.53402
515.71876
515.89006
516.00658
516.08236
516.21328
516.22030
516.28714
516.58462
516.60646
516.67912
516.68488
516.71290
516.75640
516.85024
517.15780
517.20010
517.23676
517.32292
517.35604
517.44268
517.48660
517.85884
518.05120
518.11354
518.59576
518.70832
518.71612
518.99464
519.05836
519.09466
519.13744
519.15694
519.25834
519.30202
519.31606
519.35854
519.58096
519.60814
519.79522
520.21684
520.23226
520.25206
520.38838
520.47322
520.49482
520.57270
520.59586
520.66750
520.73092
521.02420
521.32432
521.33146
521.36122
521.67406
521.71054
521.73952
521.76016
522.53758
522.55420
522.86866
522.90502
522.92746
523.08262
523.16938
523.21168
523.22656
523.23370
523.70344
523.94074
524.01256
524.03386
524.07688
524.08318
524.19832
524.24848
524.27692
524.35624
524.49814
524.50492
524.51956
524.56972
524.58412
524.62744
524.71960
524.79838
524.82100
524.89090
524.92732
525.01954
525.11554
525.65650
525.69244
525.69916
526.01152
526.07824
526.08574
526.12828
526.34284
526.35520
526.42180
526.42840
526.63540
526.64212
526.97920
527.17810
527.29198
527.33674
527.48650
527.49382
527.55784
527.59432
527.67214
527.84410
527.94502
528.36574
528.39508
528.43762
528.73138
528.75784
528.81298
528.83068
528.98692
529.06744
529.09462
529.13770
529.26736
529.48798
529.63834
529.66720
529.68070
529.73092
529.77424
529.85956
529.86724
530.19562
530.25184
530.26684
530.50294
530.81674
530.84614
531.10276
531.13018
531.19558
531.20308
531.21652
531.27430
531.34672
531.53308
531.55408
531.57544
531.69082
531.83278
531.99424
532.13962
532.14634
532.18966
532.20538
532.20898
532.24822
532.29448
532.33258
532.33936
532.41904
532.79914
533.01190
533.08354
533.21872
533.22520
533.23426
533.33392
533.84872
534.27712
534.68452
534.80896
535.12840
535.18444
535.24822
535.39840
535.61476
535.78432
535.79038
535.80772
536.26438
536.34274
536.44150
536.45824
536.47900
536.52094
536.53756
536.54938
536.69368
536.76430
537.14440
537.21424
537.46390
537.53308
537.61372
537.68032
537.68716
537.76378
537.80116
537.96676
538.05274
538.05868
538.16488
538.20010
538.20340
538.27534
538.28020
538.63024
538.74514
538.75846
539.28916
539.30218
539.36494
539.50990
539.66794
539.68858
539.70232
539.72476
539.74618
539.82250
539.84020
539.92492
539.98246
540.05374
540.06754
540.15352
540.22618
540.24640
540.39598
540.74062
541.05490
541.24558
541.31890
541.44730
541.46218
541.51228
541.53928
541.54696
541.60504
541.61866
541.66186
541.73944
541.91182
541.91836
541.95460
541.96198
542.06182
542.19790
542.26204
542.28472
542.39038
542.44060
542.62714
542.70778
542.76934
542.94076
543.16816
543.35014
543.36424
543.68662
543.75598
543.82756
543.95602
543.97792
544.09330
544.22752
544.94386
545.04286
545.29930
545.43592
545.47204
545.69338
545.89948
546.25684
546.27316
546.72166
546.76588
546.83056
546.89428
547.20190
547.27312
547.30786
547.30984
547.32274
547.34296
547.37860
547.51714
547.60624
547.62286
547.85932
547.95904
547.98940
548.00914
548.30140
548.68888
548.73148
548.88442
549.27538
549.28870
549.56764
549.60466
549.64810
549.94426
550.02460
550.03840
550.06090
550.10974
550.29760
550.53346
550.59796
550.67590
550.96906
550.98310
551.03332
551.07712
551.33332
551.69758
551.80606
552.24184
552.34018
552.42040
552.44932
552.46294
552.72028
552.78526
552.82726
553.18216
553.19194
553.23502
553.41400
553.44904
553.66300
553.85770
554.11360
554.14846
554.15596
554.44294
554.44516
554.73928
554.83504
555.15856
555.21514
555.24358
555.25078
555.45850
555.46456
555.66592
555.92350
556.05082
556.06552
556.17202
556.43860
556.52452
556.53064
556.54438
556.61680
556.65202
556.85170
556.85764
556.85974
557.12434
557.19700
557.21026
557.30926
557.33806
557.51086
557.85418
557.85724
557.86630
558.19690
558.35560
558.40426
558.46798
558.51064
558.66778
558.79714
558.83242
558.86602
559.17040
559.23226
559.28248
559.46050
559.53988
559.65496
559.68226
559.71052
559.83988
559.84630
559.88992
560.05360
560.13964
560.23288
560.26234
560.37658
560.46250
560.56222
560.65504
561.12646
561.34126
561.53920
561.54826
561.56938
561.71992
561.72718
561.87628
561.88510
562.15564
562.18606
562.32694
562.36300
562.50538
562.54216
562.56430
562.56946
562.61038
562.79938
563.48566
563.77168
563.94448
564.00076
564.03034
564.03526
564.30814
564.77896
564.80170
564.87010
564.88786
564.90724
564.93004
564.95740
565.05928
565.33042
565.54450
565.65898
565.67398
565.68010
565.80166
565.88740
565.90144
566.10196
566.14504
566.20090
566.20864
566.23726
566.26456
566.49382
566.70274
566.89612
566.93038
566.94460
566.96704
566.98876
567.15970
567.20992
567.30994
567.48076
567.85312
567.93364
568.01098
568.10488
568.34002
568.38226
568.41370
568.49026
568.67620
568.68976
568.70470
568.81060
568.89010
568.92976
568.98922
569.06932
569.33314
569.43316
569.48356
569.51920
569.94178
569.99968
570.02494
570.11110
570.20602
570.35572
570.36880
570.45634
570.52666
570.56296
570.69154
570.89920
570.91246
570.93406
570.94168
570.99880
571.03390
571.23508
571.25566
571.28518
571.49278
571.59130
571.62772
571.67752
571.83508
571.93486
571.97146
571.98454
572.01526
572.15656
572.27698
572.33440
572.59084
572.67166
572.79322
573.36466
573.52066
573.57238
573.57664
573.65080
573.69310
574.04458
574.06630
574.15156
574.17952
574.37308
574.44316
574.67956
574.77304
574.85914
575.15920
575.28034
575.33062
575.43724
575.66650
575.67316
575.75290
575.80264
576.18100
576.27424
576.38938
576.43192
576.52480
576.58030
577.08868
577.25968
577.26928
577.30300
577.40212
577.59622
577.87474
578.03212
578.17468
578.31280
578.58220
578.76238
578.82748
578.96890
579.01864
579.10486
579.14122
579.19846
579.49024
579.75568
579.78448
579.81232
579.81886
579.84178
579.93298
580.03498
580.04854
580.46344
580.49044
580.55662
580.55890
580.56358
580.62844
580.64500
580.67866
580.75678
580.97098
581.12686
581.37082
581.60530
581.62804
581.66476
581.71396
581.87080
581.95084
581.97046
581.98696
582.32140
582.50002
582.94402
583.02958
583.08658
583.34392
583.45024
583.74382
583.78006
583.81066
583.89400
583.97260
583.97866
583.99396
584.24440
584.29360
584.36020
584.44528
584.62978
584.76664
584.83126
584.98948
585.69622
585.71602
585.75232
586.00990
586.21888
586.48240
586.51852
586.73176
586.80490
586.81852
587.08804
587.17618
587.28268
587.29708
587.36326
587.36812
587.39704
587.40268
587.78170
588.01936
588.03262
588.12148
588.13210
588.13492
588.15574
588.44890
588.58486
588.80500
588.85588
588.94972
589.29184
589.39810
589.42066
589.45540
589.49206
589.84870
590.14858
590.33446
590.46436
590.51998
590.66482
590.84932
590.93554
591.19144
591.20032
591.31468
591.54916
591.71404
592.00060
592.01734
592.03630
592.04866
592.10800
592.11304
592.15030
592.19392
592.38658
592.40032
592.98082
593.00272
593.00776
593.04406
593.06722
593.26540
593.33104
593.34382
593.55160
593.58106
593.60758
593.63770
593.65150
593.65888
593.73670
593.77294
593.78608
594.25906
594.27388
594.79540
594.80332
594.82570
594.87424
595.19350
595.22410
595.33072
595.45114
595.78282
595.86778
595.94026
596.00392
596.29678
596.36650
596.44024
596.64028
596.67340
596.69014
596.78944
596.84944
596.90512
596.92630
596.96290
597.01288
597.04000
598.14136
598.48462
598.51324
598.67578
598.69882
598.98946
599.03314
599.12284
599.28490
599.29048
599.80012
599.87926
600.06280
600.32260
600.50002
600.60586
600.65596
600.83626
600.85090
600.94840
600.97156
601.00126
601.02826
601.25872
601.30150
601.34494
601.40068
601.47982
601.52254
601.60834
601.77412
601.90138
601.93150
602.00806
602.13706
602.21602
602.24512
602.27836
602.37262
602.38108
602.41582
602.64460
602.99614
603.28876
603.29530
603.37990
603.53164
603.84508
603.96586
604.08106
604.09564
604.12822
604.15810
604.18876
604.32364
604.34446
604.37368
604.48900
604.50940
604.57432
604.62454
604.73896
604.77568
605.22454
605.25424
605.29654
605.50516
605.51188
605.60374
605.79748
605.90494
605.95420
605.99014
606.23494
606.31996
606.40606
606.54724
606.81148
606.81832
607.17778
607.24282
607.27630
607.30636
607.40152
607.67008
607.77802
607.80400
607.88494
608.17768
608.20642
608.21224
608.44936
608.50702
608.52022
608.66308
608.91154
608.95444
609.60616
609.73480
609.95698
609.97132
610.10704
610.23568
610.35130
610.45132
610.59982
610.77286
610.93024
611.07694
611.11612
611.15158
611.22244
611.33782
611.35144
611.38756
611.39434
611.52280
611.85136
611.86576
612.04378
612.32392
612.42376
612.60916
612.87232
612.89488
613.02088
613.21768
613.33078
613.36792
613.41082
613.80838
613.86772
613.92088
613.95406
614.04064
614.05996
614.08240
614.30428
614.32360
614.51758
614.52520
614.58910
614.65414
614.78254
615.04042
615.12520
615.25432
615.36610
615.41314
615.48286
615.49816
615.59692
615.98320
616.18420
616.27702
616.31104
616.37704
616.73434
616.92730
617.04376
617.46310
617.58418
617.83396
618.09892
618.21424
618.25666
618.52942
618.63586
618.68524
618.84364
618.94354
618.97234
619.14418
619.15798
619.18708
619.34626
619.82206
619.87036
619.96246
619.97308
620.14360
620.24296
620.25946
620.43706
620.53702
620.54266
620.74432
620.77462
620.84416
620.87302
621.03202
621.07192
621.35800
621.43660
621.52312
621.65224
622.11718
622.20310
622.23838
622.30948
622.31674
622.34710
622.37398
622.45912
622.48936
622.50982
622.70296
623.20288
623.28766
623.35156
623.36080
623.41660
623.43892
623.49544
623.56198
623.80564
623.81926
623.96068
624.09676
624.10276
624.37720
624.41956
624.42616
624.46966
624.48868
624.54838
624.95452
624.96832
625.00282
625.07608
625.11190
625.29772
625.31158
625.33294
625.63396
625.76902
625.86922
625.97686
626.11888
626.16274
626.42824
626.45536
626.50516
626.51212
626.61136
626.71888
626.78560
626.82520
626.83444
626.86372
626.89144
626.92078
627.01276
627.12154
627.17806
627.29236
627.37780
627.51448
627.52786
627.53428
628.09858
628.22770
628.23526
628.42150
628.42492
628.75162
628.94308
628.96534
629.07352
629.15764
629.18020
629.23534
629.35828
629.36830
629.39428
629.44414
629.48686
629.66524
629.69476
629.71516
629.79442
629.95156
629.98774
630.02902
630.08182
630.08782
630.14416
630.30172
630.32308
630.56578
630.69424
630.73780
630.82396
631.18654
631.36810
631.47406
631.50292
631.70134
631.80268
631.82290
632.07502
632.28142
632.46796
632.61808
632.71162
632.89144
632.96800
633.09700
633.15376
633.27706
633.31774
633.61012
633.69724
633.70384
633.75370
633.80386
633.82636
634.25386
634.30642
634.31152
634.56916
634.57828
634.59778
634.74082
634.94770
635.07670
635.29762
635.35642
635.41264
635.45620
635.67034
635.78404
636.01408
636.09940
636.10624
636.50050
636.74326
636.79288
636.87136
637.00012
637.01404
637.14274
637.29286
637.30720
637.33042
637.33522
637.34020
637.37770
637.47778
637.52344
637.53388
637.53706
637.86376
638.00170
638.02930
638.14846
638.20696
638.34256
638.44534
638.54392
638.57914
638.62978
638.90914
638.91658
638.97322
639.07846
639.24376
639.25156
639.34540
639.42274
639.52204
639.66634
639.74470
639.78754
639.85240
639.85894
639.87310
639.88600
640.14514
640.18930
640.23730
640.25944
640.41616
640.50682
640.53280
640.91566
640.99618
641.01004
641.22502
641.28922
641.33254
641.38342
641.61874
641.63248
641.76082
641.81068
641.81626
641.93230
641.94904
642.06094
642.32722
642.59584
642.70456
642.73390
642.79378
642.86248
642.90586
642.99088
643.11838
643.48462
643.65496
643.71232
643.79548
643.84918
643.93462
643.97722
644.01142
644.03362
644.09098
644.26984
644.30782
644.36782
644.69830
644.79850
644.90488
645.04174
645.09820
645.24802
645.72082
645.76498
645.79150
645.82216
646.44292
646.47808
646.70728
646.74340
646.88710
646.95040
647.05342
647.12794
647.14264
647.25034
647.30674
647.39326
647.40220
647.41312
647.57332
647.71558
647.85808
647.86582
648.07300
648.11572
648.12046
648.15130
648.25774
648.27298
648.32320
648.39424
648.46390
648.57328
648.66664
648.72058
648.73840
648.94390
649.06588
649.23694
649.25290
649.63030
649.68922
649.71040
649.75858
649.81054
649.82416
649.86652
649.93702
649.98172
650.05156
650.24680
650.49652
650.53168
650.54686
650.58160
650.60272
650.63896
650.80360
651.06226
651.14692
651.54646
651.58276
652.02784
652.21300
652.31908
652.44634
652.47052
652.51894
652.54912
652.55542
652.89874
652.91278
653.06284
653.06998
653.15968
653.17678
653.30542
653.36260
653.50366
653.56282
653.56558
653.57848
653.58526
653.82040
653.93596
654.05734
654.84112
654.87856
654.89146
654.92782
654.97870
655.05742
655.09276
655.14160
655.16440
655.52920
655.53592
655.73536
655.80754
655.95778
655.96516
656.17180
656.21506
656.35036
656.39242
656.51674
656.54260
656.56384
656.68630
656.72998
656.74216
656.81500
657.14548
657.15874
657.26488
657.40204
657.47518
657.48148
657.48784
657.50188
657.97342
658.10200
658.11802
658.14520
658.19512
658.24642
658.27360
658.29514
658.30132
658.34494
658.38742
658.60270
659.27338
659.32306
659.33950
659.38786
659.50408
659.54680
659.57332
659.93296
659.94652
660.08086
660.12424
660.13084
660.16708
660.32500
660.44758
660.49102
660.64678
660.79750
660.83698
660.86098
660.90526
660.93262
660.93952
660.96178
660.98848
661.00498
661.37464
661.46122
661.51270
661.60522
661.71112
661.74448
661.77676
661.96876
662.07760
662.21284
662.26240
662.36104
662.39134
663.09028
663.66370
663.67756
663.72034
663.72742
664.00744
664.02742
664.14856
664.15552
664.24396
664.27432
664.44406
664.81336
664.87882
664.96060
665.03662
665.04406
665.05612
665.14282
665.65942
665.84962
665.87218
665.90770
665.95120
666.02998
666.04342
666.06658
666.09388
666.24400
666.29350
666.37978
666.42958
666.44362
666.47248
666.50908
666.70240
666.99400
667.05250
667.16026
667.37356
667.40908
667.41664
667.52380
667.53838
667.58110
667.60996
667.65232
667.74346
667.81702
667.92376
668.22376
668.26000
668.31652
668.33872
668.34520
668.49466
668.50258
668.95396
669.02566
669.17380
669.31144
669.55996
669.63844
669.66898
669.68284
670.52644
670.59970
670.63414
670.67656
670.74604
670.76776
671.22640
671.23408
671.29912
671.31262
671.33398
671.37634
671.38414
671.39338
671.39752
671.56870
671.68402
671.69872
671.94724
671.95966
672.19030
672.32020
672.41248
672.57748
672.89938
673.07122
673.15654
673.18210
673.20322
673.23274
673.24912
673.27000
673.42606
673.70032
673.72276
673.82002
673.84942
673.89268
673.96240
674.01400
674.06986
674.17282
674.21518
674.27146
674.49280
674.62282
674.69176
674.76886
674.88508
674.95804
675.00040
675.09274
675.39556
675.45940
675.63658
675.81592
675.89272
676.01710
676.08586
676.10212
676.11604
676.12270
676.20082
676.26580
676.30942
676.37296
676.40308
676.45942
676.46824
676.50904
676.53154
676.63030
676.70938
676.85152
677.14528
677.28148
677.32282
677.32468
677.35456
677.37592
677.39536
677.43766
677.48164
677.54482
677.58796
677.66026
677.67556
677.68768
677.70298
677.77570
677.88208
677.90404
677.93836
677.95936
678.35920
678.61078
678.78244
678.79510
678.85174
678.94852
679.02436
679.09198
679.10458
679.14832
679.20394
679.30282
679.36198
679.38298
679.41196
679.46188
679.58932
679.65436
679.92574
679.97584
680.00596
680.13388
680.62564
680.72554
680.79892
680.81158
680.84104
680.87704
680.91328
680.95246
680.96500
681.02566
681.07840
681.24880
681.26242
681.31294
681.39190
681.39868
681.51946
681.57742
681.77188
681.86638
681.97834
681.99214
682.04188
682.05562
682.13710
682.23472
682.36438
682.74232
682.79206
682.83574
682.84984
683.28598
683.29204
683.30866
683.51410
683.57854
683.75782
683.80792
683.94190
683.94364
683.96476
683.97130
683.99380
684.12982
684.31546
684.40798
684.50566
684.63772
684.65872
684.68698
685.10866
685.27222
685.45234
685.57510
685.58842
685.80880
685.87516
685.92502
685.93150
686.20210
686.27530
686.32396
686.34484
686.43886
686.48866
686.64634
686.65360
686.66734
686.83882
686.91766
686.99740
687.23104
687.31798
687.35356
687.50860
687.51880
687.56740
687.82540
688.11118
688.13266
688.31752
688.35352
688.36132
688.42504
688.73194
688.78174
689.00530
689.02516
689.03878
689.13406
689.16136
689.44768
689.63308
689.72674
689.76160
689.89180
689.92666
690.09160
690.17686
690.39838
690.42778
690.44158
690.51340
691.07512
691.10362
691.34194
691.35538
691.52206
692.15104
692.18578
692.29330
692.38102
692.52190
692.52532
692.55070
692.59186
692.71462
692.81500
693.01414
693.05806
693.10846
693.13702
693.31528
693.40084
693.55828
693.72982
693.73696
693.95878
694.07794
694.37380
694.45834
694.54468
694.56496
694.59466
694.59766
694.63756
694.64452
694.70992
694.72048
694.95856
695.03776
695.06032
695.40868
695.52514
695.54578
695.73010
695.81524
695.83864
696.04720
696.12526
696.14458
696.34738
696.39598
696.51892
696.59656
696.70348
696.73078
696.76744
696.96016
696.98158
697.18420
697.26124
697.26736
697.31740
697.34656
697.56724
697.56892
697.74586
697.77532
697.85422
697.86736
697.88290
697.89160
697.96132
697.97668
698.15368
698.22508
698.25520
698.34178
698.49208
698.59054
698.66308
698.72482
698.72776
698.86102
699.07012
699.11770
699.19054
699.25048
699.67018
699.68854
699.79156
700.02784
700.03570
700.06168
700.07860
700.27168
700.41400
700.45498
700.64944
700.77778
700.82044
700.88470
701.00512
701.03548
701.09152
701.11312
701.24920
701.30056
701.30524
701.34838
701.40832
701.42074
701.47678
701.48530
701.50702
701.59330
701.67856
701.97922
702.00712
702.01600
702.07792
702.15100
702.18370
702.20038
702.21412
702.33532
702.34222
702.36460
702.39442
702.44956
702.53560
702.55816
702.64354
702.72160
702.86404
702.90796
702.97744
703.01584
703.08124
703.18000
703.20214
703.23652
703.36504
703.39456
703.42474
703.46404
703.67482
703.84444
703.93090
703.93852
704.21584
704.32462
704.73730
704.76700
704.78740
704.81686
704.89420
704.93098
705.08128
705.16078
705.23836
705.28150
705.28834
705.35374
705.37474
705.40006
705.41050
705.53812
705.57442
705.58828
705.88234
705.96694
706.04002
706.19524
706.42450
706.45180
706.50304
706.68364
706.86100
706.86850
706.91092
706.94824
706.97476
707.04040
707.21080
707.34712
707.42602
707.54770
707.55478
707.57098
707.74150
707.98246
708.07012
708.09082
708.17098
708.17488
708.24790
708.59110
708.61282
708.64720
708.66994
708.73414
708.76234
708.81466
708.84172
708.87748
708.89272
708.91960
709.19134
709.22632
709.29934
709.31272
709.32004
709.42756
709.43548
709.64140
709.65682
709.72750
709.97722
710.02168
710.03686
710.05822
710.14804
710.20030
710.28628
710.29930
710.56390
710.74906
710.75794
710.84302
711.06370
711.07156
711.09316
711.10786
711.49426
711.62950
711.73540
711.83806
712.00834
712.05814
712.32172
712.36480
712.38820
712.41538
712.60084
712.75096
712.75834
712.88674
713.09404
713.11684
713.34382
713.43652
713.51608
713.68810
713.79316
713.80978
713.81716
713.93152
714.20824
714.32476
714.33778
714.36718
714.37474
714.38848
714.40402
714.63856
714.71716
714.81004
714.93850
714.97474
715.04764
715.05346
715.22482
715.24690
715.28920
715.62478
715.71112
715.92478
715.93900
716.00416
716.05354
716.11102
716.11870
716.17516
716.43256
716.48272
716.54806
716.66896
716.77522
716.95438
717.05506
717.14152
717.21742
717.22504
717.27682
717.28426
717.29812
717.78424
717.82492
717.83866
717.98428
718.56916
718.62034
718.81396
718.82788
718.88440
718.90732
718.97662
719.04184
719.09206
719.16448
719.39872
719.44828
719.48566
719.49190
719.53552
719.74462
719.76526
719.77846
719.89186
720.14200
720.21436
720.22018
720.27958
720.45064
720.47188
720.69184
720.73864
720.82924
720.85846
720.93688
721.19188
721.20124
721.23700
721.24960
721.30876
721.36504
721.39468
721.67224
721.73722
721.74490
721.87978
722.00848
722.10850
722.30890
722.32528
722.49442
722.60176
722.65138
722.68150
722.82532
722.84344
722.87530
722.96518
723.00844
723.05848
723.10864
723.12334
723.15334
723.33898
723.37534
723.50242
723.52222
723.55240
723.59602
723.71158
723.79660
723.93898
724.15366
724.23868
724.56826
724.87546
725.08726
725.20882
725.21188
725.22532
725.27566
725.38918
725.52544
725.64484
725.66782
725.96056
726.21178
726.24214
726.31066
726.41326
726.44782
726.51202
726.54214
726.58438
726.83332
726.87718
727.11202
727.14220
727.18504
727.29730
727.37740
727.75606
727.78528
727.87048
727.90600
728.02588
728.08528
728.24428
728.39902
729.02092
729.09862
729.12862
729.20932
729.21496
729.47560
729.54418
729.80128
729.80692
729.95002
730.27852
730.28488
730.34242
730.59982
730.63000
730.65910
730.79392
730.82260
730.97266
731.13052
731.30170
731.35804
731.40934
731.49406
731.50906
731.51674
731.72284
731.86078
731.86654
731.91082
731.98072
731.98738
732.00994
732.03238
732.06202
732.11710
732.12256
732.13066
732.15178
732.20308
732.21724
732.28924
732.29548
732.32284
732.36604
732.40132
732.55942
732.78760
732.88240
732.90928
732.91594
733.02478
733.13926
733.26220
733.33204
733.43470
733.48930
733.63234
733.76704
733.79518
733.93228
733.99534
734.00908
734.26210
734.41186
734.45926
734.51182
734.52604
734.75452
734.81998
734.93926
734.97472
735.20884
735.31792
735.33472
735.42574
735.43336
735.48340
735.61780
735.66940
735.83938
735.92548
735.93478
735.94726
735.96820
736.40602
736.62706
736.63432
736.68922
736.72714
737.09236
737.14222
737.41294
737.42188
737.74984
737.76490
737.84230
737.88502
738.23452
738.30100
738.32878
738.42214
738.44344
738.50830
738.55126
738.63598
738.89308
738.96448
739.12216
739.19998
739.37914
739.41532
739.49488
739.55740
739.68700
739.72210
739.83700
739.84462
739.92214
739.94470
739.97944
740.63878
740.67394
740.72842
740.92948
741.00196
741.12478
741.21706
741.25840
741.28834
741.63802
741.68170
741.72496
741.83746
741.85330
741.87376
741.88852
741.93124
741.96826
742.46104
742.50052
742.53838
743.02456
743.26792
743.29708
743.48332
743.76952
744.19108
744.22624
744.34702
744.36238
744.43984
744.58372
744.61210
744.91180
744.99076
745.07032
745.19818
745.24852
745.30444
745.32436
745.34758
745.55608
745.65430
745.69744
745.77544
745.78342
745.79830
745.83496
745.86358
745.89790
745.98466
746.48590
746.57080
746.59816
746.67694
746.75632
746.89234
747.24226
747.25720
747.39940
747.40738
747.61378
747.64972
747.70024
747.77956
747.88000
747.92668
748.08148
748.08634
748.20190
748.23688
748.24306
748.28536
748.30696
748.44316
748.48444
748.49326
748.60090
748.64314
748.74322
748.81600
748.97362
749.11468
749.22952
749.27350
749.32942
749.66602
749.70868
749.97346
750.02356
750.02956
750.07654
750.31660
750.39400
750.51616
750.61624
750.73036
750.92596
750.93358
750.95146
751.13986
751.17394
751.19008
751.21702
751.58998
752.03200
752.23348
752.25640
752.26702
752.34400
752.38966
752.57596
752.59672
752.61076
752.63962
752.68330
752.74630
752.95330
753.33970
753.46816
753.49018
753.56272
753.59242
753.82000
753.88462
753.94894
754.10614
754.26988
754.30042
754.42876
754.53280
754.64824
754.72702
754.78432
754.89244
754.90576
754.96954
755.02888
755.18392
755.32090
755.43364
755.46250
755.50612
755.51956
755.81944
755.95600
755.96488
755.97268
755.99104
756.01996
756.03628
756.04930
756.08356
756.20578
756.24814
756.34204
756.41530
756.62134
756.62932
756.64198
756.71350
756.89116
756.96490
757.04980
757.05706
757.09996
757.17838
757.31470
757.39294
757.43620
757.48582
757.61452
757.62904
757.65838
757.68904
757.75276
758.08588
758.09254
758.27872
758.38018
758.62246
758.66596
758.77918
758.83750
758.85838
759.00100
759.33106
759.34300
759.36616
759.43894
759.44542
759.52354
759.74644
759.77224
759.93088
760.12984
760.18108
760.21126
760.21720
760.27462
760.30864
760.54552
760.82500
760.85392
760.95214
761.03260
761.23852
761.26480
761.32486
761.38870
761.47480
761.56126
761.68234
761.69116
761.82358
761.98858
762.08848
762.18250
762.23332
762.36880
762.50428
762.54016
762.58348
762.70498
762.71776
762.81082
762.84742
762.92614
763.09120
763.33528
763.46932
763.53442
763.54732
763.63246
763.78366
763.81282
763.83052
763.91920
764.15686
764.25514
764.37718
764.41390
764.88514
765.11374
765.30154
765.31384
765.33502
765.36376
765.59122
765.67786
765.74974
765.84184
765.86254
766.04410
766.17148
766.36378
766.39426
766.91506
766.98664
767.07124
767.09440
767.25748
767.46652
767.60158
767.63788
767.71396
767.87110
767.93812
767.98648
768.19450
768.88030
769.00426
769.01080
769.21810
769.28782
769.53796
769.85452
769.86652
769.87402
769.93018
770.04658
770.19052
770.19700
770.29678
770.33320
770.41810
770.43802
770.54716
770.71816
770.78164
770.81764
771.04672
771.05488
771.07564
771.11080
771.19036
771.26122
771.30454
771.59350
771.61816
771.70342
771.74044
771.84706
772.00456
772.04710
772.07494
772.10446
772.31830
772.50472
772.53976
772.54732
772.84252
772.92622
772.94848
773.16358
773.20750
773.64772
773.66446
773.72164
773.78500
774.04102
774.10756
774.12022
774.27406
774.35656
774.37714
774.40750
774.47020
774.49966
774.51406
774.65482
774.76396
774.83680
774.91258
774.92818
775.02838
775.29484
775.34404
775.45630
775.50904
775.63822
775.68490
775.76722
775.86520
775.88572
775.91422
776.06410
776.22190
776.23846
776.27176
776.47438
776.50048
776.50948
776.55772
776.60782
776.64394
776.68078
776.80168
776.86138
776.90020
776.93824
776.96404
777.18802
777.20404
777.21412
777.40978
777.58114
777.58732
777.80920
777.83914
777.87322
777.92422
777.93826
777.96394
778.02340
778.20778
778.24408
778.32352
778.33702
778.69690
778.76458
778.79530
778.91452
778.92460
778.96684
778.98820
779.20210
779.24110
779.39560
779.48830
779.53138
779.82496
779.87632
779.89756
779.93110
779.99752
780.11890
780.17494
780.22384
780.30532
780.35242
780.36862
780.38248
780.38860
780.41146
780.44734
780.55402
780.64036
780.66148
780.66850
780.81868
780.93892
781.38904
781.40230
781.49782
781.52206
781.53436
781.72486
781.78468
781.81132
781.86136
781.90546
781.92616
782.04172
782.26144
782.27854
782.35840
782.52190
782.54830
782.61214
782.68510
782.95090
782.96782
783.00826
783.01924
783.28564
783.44182
784.06258
784.10590
784.14838
784.17700
784.19206
784.26472
784.33474
784.34512
784.35772
784.41490
784.42126
784.46374
784.53688
784.65874
785.12266
785.13634
785.17270
785.24284
785.31526
785.33536
785.47270
785.63572
785.65792
785.80018
785.87272
786.03934
786.25804
786.35158
786.67330
786.70792
786.75016
786.78982
786.88768
786.89584
786.92308
787.10320
787.13668
787.23232
787.25350
787.36906
787.50940
787.60936
787.61554
787.73008
787.77850
787.80262
787.85410
787.90204
788.08996
788.16580
788.52352
788.61034
788.61682
788.64934
788.73718
788.80216
788.89486
788.99026
789.32368
789.36130
789.42346
789.46120
789.61162
789.64066
789.70984
789.99034
790.03342
790.07386
790.14700
790.16776
790.24714
790.39768
790.41934
790.55440
790.83454
791.05624
791.10346
791.33326
791.41942
791.43208
791.54080
791.84116
791.86378
791.93998
791.99254
792.34156
792.36454
792.37162
792.45784
792.89170
792.97918
793.00114
793.10044
793.18528
793.22164
793.42774
793.44160
793.87786
794.05060
794.10064
794.21896
794.29960
794.34184
794.47204
794.62822
794.74390
794.86528
795.30124
795.30880
795.48724
795.50128
795.65164
795.75004
795.88762
796.13020
796.13752
796.63240
796.65166
796.73200
796.79668
796.84522
796.91842
796.92394
796.99420
797.10934
797.31136
797.40964
797.50462
797.55352
797.66638
797.71588
797.78218
797.86696
797.87458
797.99302
798.05218
798.22456
798.34594
798.43894
798.47650
798.48238
798.48964
799.00990
799.05994
799.26028
799.34776
799.37692
799.40566
799.45498
799.49044
799.60576
799.73368
799.76914
799.84174
799.99642
800.22694
800.41222
800.43472
800.47726
800.62702
800.79808
801.03412
801.15442
801.19078
801.22714
801.25666
801.34822
801.63436
801.75028
801.87076
801.91210
801.93436
801.94312
801.99406
802.02010
802.07062
802.09126
802.19110
802.20070
802.29418
802.30660
802.34200
802.42018
802.49104
802.53526
802.59994
802.65604
802.66396
802.69840
802.81300
802.90024
802.95634
803.11414
803.20702
803.25634
803.40118
803.48698
803.61430
803.65852
803.76418
803.95096
803.95822
804.00658
804.01468
804.02200
804.10132
804.10834
804.20116
804.38014
804.43012
804.58900
804.59488
804.60196
804.67456
804.67870
804.82546
805.25896
805.51480
805.70920
805.73674
805.78162
805.81684
805.85344
805.86664
805.92412
806.10934
806.24566
806.37448
806.39578
806.48836
806.49736
806.61124
806.63086
806.73100
806.84596
807.24892
807.29614
807.33082
807.42952
807.53218
807.56224
807.71956
807.80224
807.83236
807.84022
808.15312
808.17514
808.22554
808.31722
808.38940
808.41934
808.56022
808.71982
808.78294
808.81804
808.86664
808.97704
809.02894
809.09686
809.11960
809.13268
809.14066
809.18296
809.53378
809.65474
809.68306
809.70616
809.96368
809.97160
810.04726
810.10486
810.13462
810.26368
810.32302
810.35620
810.39706
810.96394
811.00660
811.04422
811.08376
811.12756
811.20022
811.37020
811.44286
811.74190
811.77772
811.86352
811.92802
812.06446
812.21452
812.22886
812.26468
812.29336
812.29996
812.33584
812.34298
812.58424
812.85868
812.88418
812.90110
812.91010
812.93164
813.10120
813.12868
813.17200
813.24838
813.31528
813.49360
813.53086
813.60910
813.62230
813.86692
813.95140
813.99550
814.02904
814.05166
814.07302
814.23988
814.27918
814.32220
814.38484
814.83256
814.89616
814.90798
814.94506
814.95892
815.12296
815.12494
815.15338
815.17240
815.18692
815.46772
815.50972
815.86618
815.88280
815.91640
816.10528
816.14950
816.21826
816.48316
816.50866
817.05346
817.06162
817.06678
817.08346
817.13242
817.18270
817.28926
817.34032
817.36168
817.38028
817.44670
817.45366
817.64026
817.65418
817.67578
818.04262
818.05348
818.07004
818.11708
818.11984
818.38390
818.47648
818.55514
818.63104
818.72026
818.76298
818.80714
818.91244
818.91904
818.98324
819.00016
819.00460
819.03430
819.07816
819.24076
819.28444
819.46810
819.48466
819.49780
819.59386
819.87832
819.88468
819.94726
820.02424
820.39150
820.61554
820.70842
820.74160
820.81834
821.20462
821.30812
821.34280
821.60596
821.96560
822.34222
822.40222
822.55240
822.60892
822.67186
822.78562
822.83062
822.90868
822.91618
822.99346
823.14496
823.15162
823.18252
823.35160
823.38868
823.67236
823.83016
823.85170
823.88632
823.98904
824.08636
824.34556
824.45980
824.46382
824.50330
824.53930
824.55898
824.63206
824.78698
824.81722
824.88946
824.98174
825.00958
825.10342
825.17296
825.40354
825.65356
825.68890
825.96166
825.99628
826.01758
826.07680
826.35406
826.44010
826.47070
826.58110
826.59004
826.74676
826.80286
827.02570
827.58388
827.73976
827.75140
827.75470
827.90476
827.93380
828.07720
828.14368
828.20470
828.48358
828.56524
828.57814
828.76276
828.80518
828.90514
829.17850
829.39360
829.45678
829.50544
829.64944
829.68394
829.83526
829.92880
829.97122
830.03596
830.17210
830.17876
830.39194
830.44816
830.57272
830.67880
830.73598
830.74480
830.77132
830.77894
830.79226
830.83168
830.90722
831.03628
831.22168
831.34516
831.40030
831.42958
831.44230
831.46540
831.51562
831.57178
831.72154
831.74260
831.92332
832.05634
832.10362
832.24414
832.36570
832.41694
832.53688
832.57360
832.60852
832.65670
832.70854
832.77358
832.80268
832.88578
832.92916
833.05876
833.09488
833.13742
833.20096
833.39500
833.40754
833.44498
833.51008
833.52406
833.64340
833.68600
833.69080
833.69494
833.70928
833.71684
833.73766
834.00424
834.07282
834.08776
834.10336
834.12418
834.26920
834.42412
834.46654
834.47590
834.51034
834.55162
834.56044
834.63082
834.68128
834.84016
834.88312
834.91744
834.96046
834.98890
835.07152
835.07470
835.17424
835.19584
835.33246
835.45954
835.49566
835.55194
835.71094
835.77496
835.82500
835.87018
835.94128
836.06104
836.08402
836.09752
836.21134
836.24770
836.38696
836.49070
836.53882
836.55550
836.83894
836.92798
836.97538
837.08410
837.10390
837.16942
837.23314
838.18354
838.30618
838.31230
838.44256
838.46842
838.66978
838.77724
838.78504
838.84258
838.86898
838.87126
839.02312
839.07028
839.15650
839.23540
839.25646
839.57164
839.63560
839.67778
839.69956
839.74300
839.95678
839.96890
840.00964
840.04348
840.08578
840.09502
840.17956
840.24334
840.29320
840.33544
840.34318
840.60982
840.69328
840.72958
840.84934
841.27384
841.40248
841.61362
841.76056
841.78786
841.84378
841.99396
842.12326
842.15752
842.71060
842.75770
842.79436
842.86090
843.19546
843.38824
843.42460
843.43054
843.58708
843.62746
843.82462
843.85336
844.01398
844.09732
844.16782
844.17496
844.18036
844.36102
844.41124
844.41730
844.83724
844.85374
845.01130
845.07424
845.24482
845.29150
845.32510
845.60518
845.61148
845.65684
845.68096
845.69176
845.91826
846.29524
846.31828
846.34030
846.50584
846.51166
846.51994
846.58528
846.59212
846.69130
846.79036
846.87556
846.89164
847.02742
847.09852
847.17628
847.21210
847.26478
847.46962
847.84948
847.89208
847.94824
848.02588
848.16520
848.36506
848.39266
848.41504
848.44852
848.52112
848.55760
848.57164
848.61214
848.73544
848.76244
848.78548
848.80168
848.97916
849.05044
849.22828
849.25654
849.27154
849.28078
849.30760
849.32032
849.36256
849.57160
849.59986
849.63712
849.96532
849.97180
850.07980
850.25974
850.34308
850.42954
850.54288
850.55284
850.60792
850.96582
850.97974
850.98760
851.15812
851.22976
851.44348
851.73148
851.73892
851.82358
851.93668
851.94346
852.01594
852.02980
852.15982
852.20992
852.25834
852.44326
852.51016
852.55834
852.57976
852.67522
852.68290
852.74176
852.78130
852.98638
853.16614
853.36786
853.47514
853.48888
853.56010
853.75258
853.75456
853.88914
853.89652
853.91026
853.92526
853.98274
853.99234
854.03284
854.08006
854.23960
854.27008
854.27566
854.43016
854.43298
854.49688
854.50348
854.68162
854.68930
854.70394
854.83306
854.86774
854.87008
855.06826
855.42544
855.45334
855.45592
855.48328
855.49684
855.49888
855.51358
855.53434
856.05376
856.08322
856.11952
856.13950
856.17808
856.18300
856.26082
856.34104
856.40638
856.43956
856.48660
856.54246
856.69738
857.08726
857.17060
857.35678
857.36098
857.41402
857.55904
857.56402
857.61406
857.62048
857.64748
857.69266
857.77036
857.81302
857.94376
858.00418
858.01354
858.07768
858.09238
858.09994
858.14974
858.18520
858.31438
858.44278
858.45052
858.57154
858.81568
858.91540
858.94438
859.25332
859.45954
859.51588
859.61416
859.70020
859.90696
859.94296
860.00056
860.01688
860.13256
860.21422
860.41108
860.44462
860.52766
860.61400
860.76706
860.84470
860.93092
860.97364
861.08866
861.16678
861.20812
861.26056
861.41002
861.52372
861.57388
861.58702
861.71146
861.85180
862.07812
862.13080
862.23358
862.31698
862.47490
862.48276
862.51126
862.57360
862.76140
862.93390
862.94158
863.20366
863.44792
863.46436
863.88910
863.90422
863.91070
863.96758
864.00460
864.02506
864.03130
864.52810
864.64030
865.13380
865.24906
865.25464
865.34794
865.37062
865.39054
865.44178
865.76368
865.99126
866.11888
866.67832
866.82826
866.84980
866.89966
866.99086
867.15694
867.31768
867.39310
867.41494
867.66490
867.82246
867.87844
868.03762
868.10698
868.12246
868.15000
868.21750
868.36384
868.38436
868.47904
868.49566
868.52326
868.52824
868.53598
868.55098
868.73152
868.76650
868.95742
869.35270
869.41510
869.55124
869.68144
869.90884
869.93818
870.20740
870.28144
870.39514
870.40432
870.43168
870.63178
870.67384
871.02442