0.13552
0.42484
0.43168
0.86152
1.14394
1.51972
1.89748
2.32660
2.35840
2.99842
3.00556
3.04156
3.04882
3.49822
3.50560
3.52750
3.73066
3.86368
3.89908
3.92434
4.27132
4.29322
4.30414
4.34278
4.37056
4.42966
4.43278
4.63600
5.14672
5.63704
5.77900
5.85076
5.85466
5.88706
6.66628
6.77266
6.78010
6.79078
6.82642
6.86620
7.47334
7.85284
7.86004
7.86706
7.87480
7.88860
7.98862
8.37904
8.67454
8.89648
8.93206
9.30304
9.35326
10.17568
10.37578
10.63978
10.81954
10.89748
11.17372
11.66944
11.96986
12.07096
12.23128
12.25264
12.27742
12.49582
12.53452
12.67522
12.97516
13.01056
13.79908
13.98580
14.07154
14.29360
14.51134
14.79250
15.65122
15.67336
15.70222
15.86560
16.40218
16.50790
16.77388
16.81930
16.93816
16.95262
16.95952
17.02300
17.11666
17.16304
17.63212
18.18916
18.27466
18.50392
19.01890
19.99456
19.99774
20.00530
20.24866
20.27470
20.36836
20.41480
20.43358
21.38836
21.44806
22.11268
22.22350
22.23124
22.23568
22.42768
22.43500
22.43836
22.89892
23.47912
23.76820
24.02590
24.02938
24.58654
25.10170
25.14442
25.58068
25.94434
25.95508
26.31814
26.48170
26.59492
27.11332
27.11752
27.16804
27.23146
27.33472
28.40014
28.51768
28.87966
29.30452
29.31196
29.74756
30.03406
30.04132
30.06586
30.12370
30.12730
30.68404
30.76336
30.79096
31.07950
31.35988
31.36318
31.72366
31.99960
32.35474
32.85616
32.94388
32.95798
32.97226
33.25834
33.30094
33.47290
33.51154
33.63004
33.89458
34.03000
34.22338
34.24450
34.80628
36.28156
36.30640
36.33136
36.33466
36.33874
36.41776
36.44614
36.57340
36.63130
36.63862
36.77518
36.81796
36.85030
36.86422
37.07542
37.07944
37.26040
37.26394
37.28980
37.31746
37.50100
38.49646
38.55412
38.56804
38.57608
38.72584
39.83380
40.02670
40.12990
40.37794
41.05762
41.39662
41.82112
41.82826
41.85718
41.89996
41.99500
42.05662
42.08590
42.09292
42.30064
42.30826
42.31156
42.33652
42.64750
42.65098
43.02976
43.10848
43.15054
43.49368
43.72306
43.75144
44.43010
44.46622
44.48014
46.26712
46.31674
46.55482
47.08954
48.04828
48.08392
48.79024
48.80134
48.98380
48.99892
49.03450
49.04182
49.51372
49.77790
50.07082
50.26342
50.31346
50.46706
50.86366
51.10732
51.25774
51.26788
51.27172
51.47170
51.47794
51.70678
51.78706
51.98728
52.02952
52.07248
52.45852
52.62976
52.75114
52.76572
53.75998
54.63778
54.72328
54.72736
55.11706
55.16386
55.19908
55.36708
55.41760
55.80748
55.86142
56.19772
56.46142
56.71876
57.26512
57.68392
57.70528
57.77704
57.78028
57.78388
57.78736
57.79096
57.80152
58.72732
58.83412
58.98484
59.26978
59.54998
59.57830
59.60032
59.61340
60.38992
60.47902
60.79774
60.83392
60.89272
60.99352
61.10404
61.29364
61.30066
61.94392
62.00782
62.15152
62.18704
62.20876
62.23012
62.23744
62.28790
62.63116
62.66632
62.67064
62.67424
62.68132
62.68486
62.89912
63.70990
63.74182
64.01080
64.48300
64.61008
64.99696
65.03296
65.53282
65.93782
66.00454
66.04366
66.18304
66.18640
66.19054
66.40486
66.62692
66.79048
66.94732
66.99010
67.08718
67.09858
67.26190
67.29082
67.73038
68.97130
69.32140
69.78646
70.42234
70.57342
70.70452
70.74436
71.10778
71.53630
71.60710
71.61460
71.84458
72.13006
72.13768
72.15130
72.23788
72.44194
72.44572
72.46378
72.92494
73.01770
73.61824
73.71790
73.72462
73.73182
73.74610
74.81188
74.96788
75.30064
75.31888
75.79432
75.80512
76.01974
76.04830
76.61998
76.66276
76.92004
76.93450
76.94470
78.44986
78.62146
79.19404
79.30798
79.50736
79.70044
80.59456
80.60128
80.63734
80.64430
80.72680
81.09454
81.40180
81.89614
82.30162
82.45378
83.08966
83.33842
84.45496
84.92584
84.93742
84.98404
85.00150
85.05508
85.09768
85.49182
86.27020
87.79282
88.10782
88.50070
88.53670
89.32636
89.65186
89.81584
89.95852
90.54508
90.80170
91.22008
91.23148
91.23892
91.58860
91.59646
91.72456
91.88590
92.11768
92.12476
92.26378
92.34664
92.36140
92.38210
92.60398
92.81044
92.81470
92.81830
92.99308
93.04072
93.12616
93.16882
93.80464
93.94762
94.01836
94.59460
94.65508
95.29798
95.60590
95.78518
96.07858
96.32104
96.33922
96.58822
97.08520
97.11478
97.41538
97.58638
97.79350
97.85662
97.85968
97.92532
97.96474
98.00770
98.56528
98.60074
98.61514
99.26572
99.43162
99.85216
100.24888
100.60216
101.01820
101.09566
101.27554
101.86834
101.97190
101.98198
102.65062
102.85012
102.91132
102.99088
103.29088
103.51318
103.54822
103.55158
103.79872
103.86994
104.80792
104.98438
105.26422
105.27106
106.92898
107.00104
107.07658
107.39716
107.40790
107.44750
107.70862
108.29806
108.48814
109.51756
110.36038
110.36800
110.61742
110.66044
110.70712
110.71756
111.85426
111.86152
112.16950
112.55428
112.58278
113.44072
113.75638
113.76388
113.84944
114.47056
114.49240
114.61720
114.62086
115.06330
115.10620
115.86556
115.89310
115.99354
116.19694
116.59030
116.63722
116.65840
116.66182
116.73724
118.26700
118.27330
118.74304
119.23948
119.36746
119.45362
119.83942
120.18988
120.36094
120.43942
120.61120
120.69634
121.12942
121.14682
121.16026
121.39132
121.90546
121.93342
122.03350
122.15578
122.18386
122.19862
122.42722
122.52670
122.74456
122.87056
123.05584
123.27826
123.65662
124.14208
124.39330
124.43662
124.64290
124.83658
124.85452
124.85800
125.08702
125.54002
125.58658
125.63296
125.94388
125.95744
125.97220
126.00790
126.01540
126.19486
126.43306
126.60928
126.61642
126.91612
127.37254
127.79506
127.79860
127.81624
127.90954
127.96030
128.56678
128.57398
128.58040
128.58448
128.59528
128.70262
128.99968
129.00322
129.06796
129.09550
129.28264
129.48286
129.60286
130.10488
131.35234
131.37454
131.39176
131.60572
131.90554
132.74164
132.74920
133.05022
133.56454
133.73206
133.83616
133.87090
133.87858
135.10870
135.79408
136.30978
136.35178
136.52368
136.96048
138.28216
138.28576
138.37492
138.71098
139.15432
139.19044
139.59718
139.60384
139.60798
139.66906
139.74004
139.79806
140.09134
140.14072
141.67840
141.97078
142.16410
142.41064
142.41418
143.02048
143.42512
144.28666
144.64768
144.77380
144.88744
145.87384
146.00236
146.29456
146.43934
146.56690
146.57464
147.24718
147.34702
147.38266
147.38992
147.46084
148.35424
148.66882
148.92658
148.93360
149.00458
149.04094
149.52718
149.56924
149.82724
149.86306
149.93230
150.21316
150.21658
150.39238
150.40000
150.40942
150.46300
150.56326
150.66970
150.88486
150.94198
151.05556
151.13050
151.26286
151.40590
151.60654
151.61290
153.63574
154.15840
154.41646
154.42378
154.49440
154.98880
154.99456
155.64664
155.78830
156.08158
156.39652
156.45142
156.59716
156.67372
157.41118
157.41874
157.81216
157.84066
157.84804
157.92652
157.98388
158.14792
158.39794
158.51116
158.92684
159.35536
159.76276
159.77014
159.93808
160.06990
160.24174
160.36312
160.82074
160.84942
160.87834
161.00578
161.07196
161.65696
161.80030
161.84326
161.92966
162.24640
162.29284
162.76294
163.23688
163.25812
163.27924
163.29424
163.93102
164.10202
164.18044
164.24212
165.01426
166.03996
167.69056
168.02002
168.17650
168.19060
168.43384
168.46246
168.48448
168.54754
168.61294
169.25674
169.50646
170.03590
170.39284
170.58616
171.34294
172.00888
172.07218
172.12276
172.20862
172.25140
173.05114
173.33482
173.88070
174.08800
174.27070
174.52462
175.00282
175.08586
175.09360
175.60450
175.86316
175.87720
176.24020
176.33692
176.38324
176.63686
176.87914
177.21958
177.67342
177.70552
177.71272
177.71998
177.74902
177.96976
178.38064
178.89220
179.13580
179.64250
179.67130
180.47872
180.48676
180.82204
180.87184
181.00402
181.52788
182.08060
182.19706
182.38084
182.86018
183.40222
183.48028
183.48772
183.88558
183.91000
184.13986
184.40662
184.64626
184.74646
184.91140
185.31154
185.58322
185.90596
185.93434
185.94856
186.35896
186.36958
186.41236
186.46948
186.47272
187.22074
187.79212
187.79578
187.82830
188.67802
188.68564
188.94712
188.95426
188.95792
189.47848
189.61474
190.29280
190.35046
190.36498
190.47250
190.47658
190.49416
190.56508
191.38810
191.87422
192.17500
192.69850
192.70984
193.02448
193.05328
193.74634
194.10112
194.12560
194.17564
194.20756
194.22598
194.23984
194.29690
194.30434
194.61904
195.55516
195.80842
195.94192
196.24186
196.36252
197.27104
197.47066
197.52118
197.57074
197.63464
197.65666
197.68162
197.89534
198.03202
198.29344
199.54480
199.96654
200.26666
200.67268
200.77312
200.78110
201.38866
201.40918
201.63088
202.13446
202.14592
202.16368
202.18852
202.54738
202.66024
202.80748
202.84714
203.66770
204.32590
204.37618
204.39478
205.09756
205.14886
205.41256
205.41970
205.66306
205.74448
205.78840
205.79896
205.84222
205.84948
206.62156
207.04222
208.13572
208.40800
208.45804
208.49800
208.55074
209.35156
209.35516
209.39428
209.83054
209.96998
210.20980
210.48112
210.63010
210.72466
210.73180
210.93058
210.99556
211.15282
211.66030
212.23312
212.53990
212.58280
212.60716
213.00490
213.11206
213.47668
213.53938
213.67600
213.69478
213.83926
214.55566
214.71250
214.75942
216.52180
216.56470
216.67114
216.69340
216.72166
216.72538
216.94312
217.25056
217.84438
218.30458
218.58778
219.42694
220.02682
220.03048
220.60342
220.62790
220.63168
220.66678
220.68904
220.80754
220.97386
221.10364
221.11018
221.14240
221.30980
221.93320
222.00376
222.30436
223.41226
223.42300
223.46962
223.51942
223.59844
223.67254
223.83730
224.33482
224.61220
224.67820
224.79916
224.96320
225.01318
225.02818
225.03484
225.04180
225.05242
225.42814
225.45046
225.67840
225.68146
225.68542
226.17202
226.20748
226.35136
226.47916
226.51498
227.02990
227.33068
227.35114
227.42596
228.09826
228.18064
228.48070
228.49192
228.56680
228.57412
228.70240
228.91018
228.92116
229.29568
229.33150
229.34200
230.16070
230.19634
230.57488
230.76154
230.85364
230.92576
230.93980
230.97502
231.35086
231.96184
232.29076
232.31260
232.61974
232.67596
233.47132
233.56954
233.58484
234.09562
234.11410
234.34228
234.34906
234.57868
234.59218
234.62494
235.35862
235.72918
235.73248
236.11444
236.25814
236.28724
236.45074
236.59846
236.63002
236.77288
237.10192
237.37552
237.88144
238.34122
238.57798
238.73128
240.44692
240.97234
240.97624
241.17634
241.71940
242.59246
243.54178
243.54928
243.92140
243.92482
244.17796
244.47922
244.60792
244.62880
244.64266
244.82200
245.26180
245.46832
245.50024
245.52232
245.81188
245.81524
245.92270
245.94406
245.95132
246.19480
246.58762
246.65086
247.10980
247.18102
247.96084
248.49406
248.72446
248.80990
248.81704
249.32536
249.42556
249.59680
249.80488
249.84688
250.18330
250.35868
251.14978
251.16376
251.31742
252.01960
252.10588
252.11296
252.15952
252.31300
252.46366
252.68218
252.72814
252.77542
252.99910
253.06804
253.23586
253.24294
253.67176
254.56570
254.71570
254.99410
254.99800
255.00136
255.05086
255.06514
255.16648
255.33808
255.45874
255.63034
255.64492
256.27402
256.40260
256.67074
256.79614
256.80358
256.83802
257.22802
257.64616
257.64952
257.67442
257.68918
257.94706
258.02524
258.04690
258.08656
258.56074
258.69046
258.78484
258.79660
259.22614
259.24012
259.27576
259.27930
259.29028
259.73314
259.79032
260.01268
260.04028
260.18362
260.30470
260.31262
260.66272
260.69914
260.72650
260.73418
260.91274
260.95978
261.04936
261.23416
261.25582
261.27310
261.27688
261.54880
261.55618
262.18516
262.44892
262.47490
262.57888
262.63936
262.92178
262.92886
262.96144
264.17254
264.21142
264.21472
264.25090
264.71500
264.83728
264.85180
265.06594
265.10476
265.11616
265.13740
265.42366
265.44178
265.68124
265.96264
266.01694
266.18116
266.22460
267.11746
268.05364
268.11154
268.72642
268.80460
269.26504
269.57704
269.70874
269.91184
270.65260
271.21342
271.32796
271.88494
271.92910
272.13562
272.44342
272.44690
272.46472
272.64274
272.79424
273.12250
273.14014
273.15412
273.52360
273.53068
274.07242
275.18830
275.27428
276.52720
276.56062
276.95374
277.08988
277.13302
277.16134
277.21150
277.45738
279.08374
279.11944
279.12664
279.13012
279.13366
279.30568
279.31288
279.32680
279.92092
279.99544
279.99958
280.65046
280.89256
280.92880
280.95298
280.97128
280.97842
281.41474
281.44666
281.44990
281.46124
281.48578
281.49658
281.59354
281.65456
281.67946
281.68948
281.70718
281.73592
281.87854
281.89318
281.91484
281.92228
282.22666
283.30228
283.94524
284.69518
284.70970
284.71354
284.71714
284.72470
284.76748
284.81050
284.88520
285.03148
285.09574
285.11110
285.26056
285.26716
285.41080
285.45388
285.75424
285.79720
285.89656
285.91072
286.32502
286.44028
286.68988
286.86226
287.06110
287.07670
287.08336
287.10466
287.11864
287.12632
287.14018
287.29024
287.42560
287.44000
287.44720
287.45080
287.57608
287.62690
287.74042
287.84776
288.09052
288.17674
288.19888
288.26974
288.30862
288.54142
288.56308
288.57718
288.59146
288.61288
288.62728
288.65584
288.65908
288.67012
288.72640
289.16320
289.46326
289.48480
289.54930
289.55668
289.56382
290.19250
290.30020
290.50726
290.71474
290.72938
291.08554
291.17920
291.22216
291.22528
291.22942
291.37258
291.41566
291.45844
291.86458
291.87172
291.87856
291.97342
292.35880
292.76632
292.82350
292.83526
292.86208
292.88086
293.08126
293.28790
293.29564
293.30290
293.33806
293.34544
293.46706
293.88826
294.09514
295.43236
295.56490
295.56868
295.57228
295.61158
296.08402
296.16106
296.17222
296.19352
296.21152
296.24014
296.98420
297.23404
297.37750
297.67006
298.30630
298.72708
298.82134
298.91368
298.92508
298.97014
299.28874
299.67874
300.09982
300.10744
300.19312
300.23632
300.24406
301.05088
301.17958
301.21516
301.22236
301.28032
301.28722
301.82980
302.42380
302.46688
302.72452
302.86426
303.13834
303.37456
303.38878
303.42436
303.50992
303.58912
303.76150
304.01140
304.08574
304.27516
304.30690
304.36822
304.50460
304.51114
304.54666
305.20780
305.26174
305.29756
305.59738
305.78362
306.32656
307.00558
307.65616
308.08894
308.13574
308.17156
308.90788
308.97880
309.03670
309.14146
309.84400
309.85138
309.85864
309.90148
310.73716
310.74856
310.75174
310.88830
310.95142
310.96558
311.11600
311.13022
311.31682
311.56678
311.57440
311.63770
311.66026
311.77420
311.78158
311.93116
312.11680
312.40480
312.86110
312.94606
313.06048
313.10314
313.11484
313.11802
313.12192
313.16110
313.23238
313.29946
313.41808
313.47472
313.49680
313.53214
313.61104
313.68976
313.70380
313.83244
313.89040
313.89754
315.23326
315.28330
315.29056
315.34090
315.38440
315.59068
315.59788
315.64060
315.64834
315.67708
316.02016
316.09816
316.10230
316.27006
316.37734
316.42018
316.62742
317.17390
317.21302
317.22016
317.23096
317.30002
317.31424
317.32180
317.34940
317.38438
317.40310
317.74264
317.77846
317.78176
317.78554
317.80294
317.80690
317.81758
317.82154
317.83564
317.94298
317.95714
318.22912
318.25060
318.25804
318.47254
318.63568
319.18960
319.36504
319.37230
319.40050
319.43638
319.50148
319.66216
320.00854
320.01538
320.02936
320.75236
320.75644
320.78752
320.84494
321.00238
321.48130
321.50218
321.54490
321.63436
322.01758
322.11802
322.12546
323.01100
323.01838
323.56828
323.62516
323.79814
323.86828
324.08308
324.09772
324.11464
324.51148
324.68374
324.69100
324.75136
324.96238
324.99094
325.03372
325.24066
325.61338
325.82188
326.04472
326.13490
326.84392
327.21052
327.80008
327.91648
328.10392
328.72306
328.78738
328.79020
328.79416
328.93720
329.17294
329.39032
329.47948
330.30976
330.81700
330.88858
331.28212
331.34638
331.39648
331.52650
331.68622
331.88950
331.98994
332.31874
332.37586
333.04342
333.13366
333.14056
333.17602
333.18688
333.19084
333.77296
333.77674
334.52050
334.53412
335.31664
335.85610
336.04306
336.81070
336.81394
336.85000
336.85660
336.86032
336.86764
337.02868
337.06546
337.19992
337.63666
337.68640
337.71544
338.19424
338.24848
338.47966
338.48338
338.49508
338.52610
338.52976
338.53306
338.53648
338.54404
338.61604
338.62642
338.66560
338.76280
338.76682
338.88820
338.96608
339.01726
339.08008
340.05358
340.21654
340.39606
340.59982
340.68166
340.68940
340.75330
340.98220
341.37562
341.37862
341.38306
341.45368
341.48908
341.51182
341.53198
341.58256
341.59768
341.62582
342.24952
342.25636
342.26062
342.73318
343.22026
343.22740
343.26310
343.39174
343.51252
343.71286
343.71562
343.72702
344.06998
344.11288
344.64244
345.01006
345.79996
345.83566
345.92260
346.48612
346.59238
346.71862
346.77250
346.78696
346.82254
346.86196
346.86538
346.89004
347.57902
348.11632
348.14482
348.15928
348.16552
348.30274
348.36244
348.36622
348.58162
348.63928
349.57438
349.61758
349.79590
350.38186
350.39008
350.44924
350.98228
351.33640
351.47872
351.91216
351.96202
352.12654
352.14100
352.21906
352.30576
352.31248
352.34794
352.36258
353.67742
353.85322
354.51118
354.57862
354.58270
355.10380
355.13578
355.15018
355.43326
355.45054
355.47178
355.51642
356.17276
356.22286
356.38708
356.53336
356.83678
357.06238
357.06922
357.25228
357.53704
357.57310
357.65230
357.73282
357.84904
357.86698
358.02358
358.06690
358.08106
358.19554
358.28206
358.41118
358.45006
358.55644
358.57048
358.76746
358.88230
359.09620
359.12488
359.13202
359.55286
359.55646
359.82952
359.84668
360.10048
360.10390
360.33316
360.58306
360.72658
360.74074
360.79402
360.81172
361.52650
362.19196
362.21362
363.10702
363.12118
363.25708
363.31366
363.47140
363.51754
363.64360
363.94330
365.20762
365.35870
365.38744
365.40166
365.55112
365.55466
365.80822
366.38800
366.73120
366.85234
366.85546
367.14586
367.15252
367.16356
367.41742
367.48126
367.67446
367.73116
367.88896
368.28874
368.82514
368.93878
369.00748
369.12562
370.06204
370.16224
371.30554
371.56318
371.60614
371.70616
372.46378
372.47092
372.54958
372.59914
372.98152
372.99268
373.53628
373.73554
373.92922
374.04280
374.07580
374.52346
374.56864
375.30232
375.33682
375.65932
376.31650
376.38148
377.13964
377.30992
377.61088
378.29644
378.52594
379.30978
379.64776
379.76254
380.13376
380.74168
380.81314
380.83516
381.09940
381.14218
381.14554
381.17782
381.20578
381.21346
381.39934
381.48238
381.78556
382.24198
382.24954
382.49206
383.57230
383.87224
384.00160
384.37882
384.44410
384.44872
384.99538
385.30588
385.97134
386.10280
386.11342
387.29620
387.43588
387.44308
387.45400
388.15114
388.18348
388.91326
388.93402
388.98364
389.42008
389.44858
389.46346
389.48338
389.52994
389.59642
389.80618
389.82412
389.84926
390.26362
390.47764
391.11400
391.20682
391.54228
391.90084
392.79340
392.85118
393.28822
393.32362
393.39082
393.39472
393.88702
394.43128
394.73704
394.85188
394.85566
395.03872
395.71078
395.72536
396.05410
396.12448
396.31822
396.45862
396.54712
396.61846
396.92578
397.32580
397.97014
398.19802
398.92648
398.97292
399.00556
399.34846
399.35548
399.74932
399.79174
400.29952
400.31428
400.59616
400.64290
400.91506
400.98592
401.12632
401.51572
401.55082
401.80084
402.00844
402.05812
402.23638
402.27958
402.36220
402.76678
403.18810
403.21624
403.22356
403.26634
403.27348
403.81642
404.27728
404.46670
404.85370
404.92444
405.18514
405.34684
405.41086
405.75406
405.76144
405.96136
406.00378
406.01140
406.05022
406.23340
406.56172
406.59028
407.01880
407.98114
408.10564
408.31318
408.47032
408.84214
409.27816
409.77832
409.78516
409.84552
409.86388
409.96438
410.70790
410.75752
410.83600
411.11518
413.52502
413.53558
413.55340
413.75938
414.14572
414.24652
414.25378
414.26050
414.28270
414.29644
414.32152
414.33568
414.33934
414.92962
414.93952
414.97570
415.02550
415.18972
415.21816
415.22542
415.23622
415.23970
415.73176
415.81042
416.64058
416.97628
417.16984
417.23032
417.23422
417.25606
417.71350
417.77038
417.97690
418.65694
419.01418
419.22520
419.33980
419.34322
419.36434
419.41162
419.75122
420.10792
420.29356
420.32176
420.36136
420.54388
420.59446
420.76510
420.94408
420.95110
420.95836
421.09816
422.52748
422.55208
422.55538
422.68840
423.76456
423.92848
423.93244
423.93580
424.60330
424.62592
424.90318
425.02504
425.46184
425.86204
426.11980
426.24064
426.53782
426.68392
426.69178
426.70636
426.83422
426.91972
426.96946
427.04902
427.44886
427.62058
428.26276
428.29960
428.44996
428.75014
429.00814
429.15652
430.15120
430.18000
430.19698
430.20088
430.65070
430.72756
430.88062
430.92262
430.93780
431.07694
431.08768
431.44510
431.51200
431.96728
432.66754
432.68152
432.86788
433.71118
434.06920
434.14738
434.25454
434.45146
434.74852
435.00478
435.74206
435.87784
436.41394
436.54516
436.72858
437.67178
438.86896
439.32280
439.55866
439.99864
440.05204
440.30848
441.54568
441.55288
441.56824
441.97558
442.84648
443.01466
443.05408
443.48320
443.48710
443.49814
443.54074
443.83342
444.37624
444.39808
445.16008
445.16374
445.17064
445.34236
445.34560
445.51426
445.60000
445.77136
445.77868
446.41438
446.42140
446.96428
447.06496
447.08530
447.09310
447.11164
447.15070
447.21460
447.26458
447.61546
447.74014
447.79708
447.80080
447.80842
447.95128
447.95458
448.33780
448.34482
448.34812
448.39444
448.63708
448.68718
448.85962
449.19460
449.33080
449.33776
449.44750
449.45200
449.45860
449.58376
449.79502
449.88472
449.98126
450.15250
450.20884
450.25198
450.26608
450.28870
450.36070
450.53860
450.66808
450.83206
450.83908
451.38892
451.77556
451.83328
451.88920
451.90426
452.13910
452.62582
453.05830
453.15562
453.40600
453.70210
454.90672
454.95682
455.46418
456.37240
456.40312
457.03648
457.04362
457.27228
457.29346
457.29700
457.30768
457.40758
457.42948
457.59406
457.72282
457.75174
458.63404
458.65138
458.91670
459.07018
459.07732
459.10192
459.20314
459.27340
459.71020
459.71758
459.87424
459.96778
460.24240
460.39324
460.39702
460.95064
461.06152
461.08672
461.25472
461.31088
461.55478
461.59036
462.28030
462.67810
463.13392
463.51984
463.53406
464.14180
464.15608
464.17384
464.18470
464.19904
464.24122
464.29540
464.32156
464.82148
465.22834
465.23614
465.65896
465.80860
467.65258
467.89450
468.63886
469.44724
469.87918
470.04718
470.31814
470.40454
471.63940
471.67312
473.67364
473.90758
473.91448
473.95054
473.95744
473.96464
474.65710
475.30708
475.45846
475.61512
475.65772
476.48812
476.92948
477.15928
477.74554
478.59004
479.06116
479.26876
479.27620
479.28982
479.51692
479.61898
479.63566
479.67508
479.67796
479.69242
480.12646
480.16144
480.22594
480.34744
480.63394
481.08358
481.80688
481.88440
481.89178
481.91338
482.04862
482.36734
482.90686
483.03418
484.18282
484.82374
485.42200
485.42602
485.43352
485.43724
485.44372
485.45170
485.52946
485.56468
485.57710
486.98482
487.16020
487.16716
487.17040
487.17772
487.18816
487.19548
487.19842
487.21006
489.19642
489.54286
489.68326
489.73300
490.02646
490.11250
490.20604
490.50568
490.62658
491.62834
491.69920
491.82388
492.20026
492.81382
493.12582
493.16452
494.61544
494.86540
495.34486
495.86716
495.87424
495.90976
496.15228
496.20250
496.30144
496.35826
496.36984
496.47106
496.51768
496.93936
497.01034
497.02540
497.04334
497.05336
497.05822
497.06176
497.13202
497.22148
497.22838
497.37574
497.45422
497.47798
497.48158
497.48998
497.50810
497.52484
497.54404
498.57580
498.70408
498.83302
498.87652
499.12642
499.14022
499.16896
499.17730
499.23682
499.24798
499.25854
499.26298
499.36888
499.42672
499.72642
500.11684
500.14138
500.16040
500.19490
500.20282
500.21014
500.24962
500.57038
501.47068
501.51778
502.33552
502.42522
502.44370
502.46392
502.48246
502.77172
503.03044
503.03674
503.06548
503.10802
503.11564
503.80114
503.91178
504.18814
504.19486
504.25132
504.27370
504.27718
504.78118
504.79510
504.83092
505.66654
505.68136
506.02450
506.19562
506.23894
506.25304
506.39530
506.55022
506.58910
506.69578
508.29316
508.56940
508.69756
508.77592
508.87348
508.89802
508.92694
509.06176
509.07682
509.46694
509.47096
509.62702
509.65156
509.87980
509.89948
509.92084
509.97040
510.16978
510.17728
510.18076
510.24202
510.88150
510.97114
511.29196
511.59976
511.60342
511.91182
511.97086
512.20834
512.25838
512.41492
512.46514
512.47240
512.57206
513.28024
513.35878
513.36994
513.39466
513.45208
513.54550
513.88846
514.25248
514.37602
514.41910
515.00266
515.10940
515.15950
515.21398
515.25406
515.34940
515.36020
515.36716
515.37862
515.64670
515.67520
515.68606
515.80360
515.98966
516.00658
516.01786
516.66112
516.73942
516.78322
517.40536
517.52746
518.27380
518.39104
518.63812
519.33496
519.44242
519.45358
519.49240
519.73618
519.95650
519.97180
520.18492
521.46508
521.57884
521.72254
522.02974
522.07294
522.07978
522.27976
522.28294
522.43666
523.43050
523.64464
523.74712
523.75054
523.75384
523.98112
523.98364
524.00290
524.37778
524.38156
524.43130
524.77552
525.55450
525.93340
527.07646
527.12662
527.20468
527.42296
527.99170
528.23446
528.23818
528.24184
528.24946
528.25258
528.42718
528.89248
529.09612
529.10758
529.11070
529.11460
529.69984
529.92220
529.92904
530.10046
530.18338
530.22268
530.52958
531.30952
531.41530
531.79384
531.85888
532.62436
532.73062
532.77460
532.79584
533.03860
533.68492
534.01732
534.08212
534.16864
535.03252
535.11808
535.59400
535.71952
536.17594
536.22634
536.24848
536.26192
536.26954
536.28658
536.29060
536.31280
536.46862
536.81950
536.83822
536.94832
537.24820
537.29524
537.56362
537.57064
537.60598
537.94210
538.11394
538.72120
538.74976
538.79308
538.80076
539.17516
539.86120
540.38746
540.60550
541.11550
541.40950
541.87306
542.35276
542.38840
543.11032
543.20962
543.27418
543.41698
543.61054
543.82612
543.91054
544.51138
544.61104
544.64008
545.74132
545.78422
545.80198
546.10282
548.18866
548.23582
548.59312
548.75074
548.75428
548.79322
548.87236
548.95816
548.97238
548.98588
549.27238
549.27634
549.30856
549.31564
549.73012
549.75814
549.77650
549.78700
550.05418
550.07272
550.12330
550.13026
550.39960
550.42780
550.46656
550.67326
550.76650
551.13754
551.26606
552.09670
552.63016
552.86122
552.87178
553.47598
553.55392
553.56466
553.84042
554.21206
554.22562
554.30500
554.31520
554.40472
555.69160
555.83506
555.84568
555.84928
555.87820
556.27900
556.30726
556.54222
556.71382
556.74946
556.76746
557.07580
557.23582
557.88598
557.92918
558.34240
558.36418
558.47920
558.78700
558.95074
559.13404
559.21186
559.32964
559.54756
559.55140
559.55530
559.73422
559.74436
559.77358
559.80868
559.83706
560.29210
560.41726
560.93164
561.14590
561.26806
561.43504
561.47476
561.48178
561.50302
561.52486
561.52810
561.58222
561.86812
561.88252
562.08178
562.12480
562.70110
562.74808
562.75426
563.41162
563.51248
564.96970
566.13238
566.16448
566.25694
566.53510
566.55700
566.83954
567.06112
567.06460
567.06856
567.40792
567.44350
567.45082
567.45808
567.46492
567.63004
567.63736
567.72160
568.29082
569.46682
569.49148
569.49472
569.73094
569.90290
569.92480
569.93542
569.95210
569.98132
569.98894
570.28864
570.49552
570.83932
570.84676
570.87478
570.88906
570.92854
571.35400
571.40392
572.16862
572.36926
572.37298
572.71864
572.72680
573.06178
573.07648
573.36274
573.67024
573.67774
573.76330
574.22014
574.28302
574.30582
574.40698
574.56370
574.69936
574.82074
575.21386
575.24206
576.02140
576.02848
576.07180
576.10000
576.17884
576.19312
576.20056
576.23668
576.30460
576.45784
576.70024
577.42972
577.76728
578.43850
579.07816
579.63928
579.68494
580.17460
580.18210
580.18954
580.19266
580.19656
580.32220
580.38226
580.62202
580.63948
580.91878
580.92634
581.24290
581.43340
581.95534
582.12664
582.21622
582.38482
582.51322
582.62734
582.63016
582.81292
582.82330
583.22386
583.31344
583.58524
583.60636
584.42458
584.42818
584.55346
584.57818
584.58556
584.59330
584.85400
584.85724
585.57868
586.24426
586.83016
586.84474
586.98148
587.34466
587.38810
587.52040
588.20224
588.30226
588.40948
588.42076
588.43870
588.50974
588.63844
588.66358
588.96676
588.98926
589.12600
589.33282
589.36126
589.37548
589.44664
589.45414
589.46098
589.54738
589.73944
589.74328
590.09338
590.49712
590.70460
590.79052
591.12652
591.76966
591.77644
592.02004
592.07038
592.52758
592.67764
592.75696
592.76368
593.27830
593.28274
593.30974
593.42794
593.51398
593.51716
593.54938
593.67826
594.16798
594.56560
594.63628
594.72868
594.95164
595.61152
596.82238
597.33820
597.65038
597.69652
597.93850
598.03876
598.19608
598.32208
598.44634
598.87444
599.18266
599.32582
599.44678
599.68996
599.69704
599.74000
599.91232
600.24676
600.62620
600.87004
601.08436
601.16356
601.17826
601.28398
601.84828
602.31352
602.41738
602.89204
603.03454
603.13132
603.21748
603.98632
604.24414
604.25110
604.25464
604.25860
604.50466
605.01526
605.02300
605.49574
605.70958
605.73766
606.35944
606.57448
606.64492
607.21780
607.23160
607.67470
607.73212
607.86130
607.92520
607.93252
607.94332
607.98562
608.03272
608.63320
608.92576
609.76960
610.24516
610.26646
610.30582
610.94950
611.14240
611.79982
611.87428
612.75022
612.80008
612.81112
612.82900
613.16524
613.18012
613.34428
614.16598
614.20072
614.24350
614.28004
614.72308
614.92360
615.01678
615.43438
615.61642
615.68734
615.83836
615.86674
615.91738
615.98788
616.42444
616.56076
616.66732
616.99000
617.26774
617.39062
617.45416
618.33058
618.46474
618.51814
618.64024
618.69742
618.83332
618.90808
618.92614
620.14114
620.33518
620.98510
621.04144
621.12820
621.15634
621.73420
621.75892
621.76876
622.12510
622.12858
622.13554
622.90918
622.95862
623.00590
623.14348
623.36572
623.38396
623.38738
623.67298
624.01588
624.28858
624.49522
624.80200
624.81958
625.00978
625.76716
626.15320
626.28196
626.36998
626.47516
626.77624
627.02506
627.14686
627.24064
627.32590
627.33382
627.50488
627.51574
627.93364
628.26268
628.27696
628.94092
629.49832
629.60638
630.16048
630.19990
630.57412
630.62110
630.97876
631.12798
631.69360
631.74382
631.79398
632.36080
632.36446
632.39410
632.69446
632.73754
632.75176
632.78032
633.03802
633.28804
633.83734
634.06738
634.09522
634.10530
634.10962
634.13410
634.30990
634.69540
634.73860
635.22514
635.26786
636.07138
636.20032
636.72634
636.75478
636.97576
637.35934
637.47562
638.09908
638.18458
638.19244
638.22718
638.44162
638.61382
638.73520
638.74246
638.74948
638.75644
638.80984
639.25666
639.57790
640.52878
640.59970
640.80064
641.21902
641.22946
641.77906
641.86492
641.87290
641.88010
641.91562
642.11524
642.22978
642.55546
642.62302
643.01992
643.02394
643.03174
643.16002
643.17316
643.77322
643.78930
644.47438
644.48902
644.63854
644.67664
644.69566
645.15388
645.24010
645.30106
645.47662
645.57526
645.58300
645.58984
645.93640
647.38384
647.39074
647.44822
647.46982
647.47708
647.50582
647.51980
647.66320
647.73490
648.11344
648.23488
648.59626
648.60712
649.49338
649.95334
650.52280
650.72926
650.75122
650.90056
650.94700
651.03022
651.04474
651.05182
651.15076
651.17992
651.18688
651.21628
651.22294
651.25078
652.59268
653.95372
653.95630
654.07444
654.36844
654.38218
654.55750
654.80386
654.93976
655.35364
655.45468
655.46170
656.08090
656.79130
656.92132
656.92438
657.04108
657.52084
657.77776
658.08616
658.52830
658.71448
658.96438
659.62732
659.70814
660.01576
660.35842
660.62950
660.70804
660.82342
660.94510
661.18750
661.20214
661.30264
661.30642
661.31782
661.47454
661.72462
661.73170
661.77472
662.16034
662.18848
662.23438
662.80408
663.06604
663.27472
663.29932
663.37462
663.38926
663.40444
663.41818
663.47116
663.47476
663.48214
663.53266
663.80704
663.96124
663.98272
663.99718
664.01446
664.02838
664.10446
664.19536
664.47076
664.85890
664.91902
664.94812
664.99090
665.14792
665.19058
665.27650
665.31202
665.62048
665.63470
665.70880
665.74804
665.79868
665.80540
665.81548
665.92024
666.22048
666.23500
666.44224
666.64180
666.69184
666.69934
666.92182
667.00744
668.02540
668.03650
668.75122
669.40864
669.60880
669.73768
670.34518
670.35244
670.55182
670.93804
670.95274
670.99234
671.03152
671.17546
671.24596
671.28166
671.28562
671.29660
671.49586
671.60944
671.64250
671.70250
671.79574
671.95954
671.98162
672.12430
672.14638
672.22462
672.28552
672.47464
672.47890
672.70786
672.73918
672.82558
672.86050
672.92170
673.07956
673.09750
673.11220
673.12564
673.54066
673.62886
673.94818
674.54872
674.84914
675.47656
675.55564
675.79936
676.87126
676.95796
677.16424
677.42242
677.54308
678.32176
678.56500
678.62260
678.64528
678.69112
679.30174
679.33708
679.44220
679.45858
679.48084
679.48708
681.04540
681.44566
681.81238
682.51822
683.01838
683.04736
683.16256
683.95180
683.96584
684.15520
684.16660
684.34744
684.53416
684.56200
684.76486
685.24540
685.68976
685.82146
685.87540
685.91476
685.92880
685.94950
686.26468
686.76520
686.82214
687.36544
688.15186
688.50130
688.65196
688.74520
688.91176
689.56726
689.78158
690.43846
690.91018
690.92506
692.20798
692.29762
692.34106
692.74132
692.84068
693.29866
693.32680
693.43408
693.43774
693.49876
693.79108
693.84436
694.23520
694.40692
694.49986
694.58530
694.78558
694.79314
694.79686
694.82824
695.00764
695.13496
695.25712
695.40028
695.72104
695.91484
695.92906
695.94346
695.99404
696.02950
696.04420
696.54406
696.80050
696.82354
697.07380
697.18678
697.29046
697.50160
697.52350
697.53376
697.60144
697.61962
697.62370
698.14102
698.80918
698.84818
698.96038
699.07054
699.07366
699.20698
699.50308
699.51046
699.51412
699.51700
699.56008
699.58894
699.60316
699.60664
699.62764
699.72880
699.81040
699.88900
699.89668
699.90700
699.94672
700.32940
700.35340
700.51144
700.53286
700.54042
701.00458
701.99056
702.50512
702.56896
703.10638
703.11304
703.18438
703.19188
703.40596
703.58854
703.89340
703.93564
704.29288
704.34622
704.50612
704.62918
704.87920
705.38302
705.71518
705.87898
706.38022
706.61548
706.71226
708.01510
708.06772
708.38176
708.87586
708.90400
708.98194
709.66054
709.81114
709.83184
709.93288
709.96792
710.15470
710.26846
710.27566
710.28328
710.31172
710.48308
710.71228
710.73988
710.75536
710.77900
710.78320
710.79064
711.60892
711.82690
711.83140
711.96628
712.03444
712.14826
712.59184
713.21440
713.32054
713.98480
714.04294
714.05080
714.10696
714.11092
714.12148
714.31480
714.40036
714.72178
715.11148
715.20814
715.88098
716.03062
716.19808
716.23762
716.31574
716.65162
716.73778
716.83786
717.03778
717.09592
717.43096
717.48898
717.82504
718.58926
720.02446
720.14368
720.14758
720.19084
720.23380
720.27652
720.32656
720.71206
721.03816
721.17112
721.26694
721.95982
721.99270
722.00314
722.02078
722.02846
722.03188
722.10628
722.72080
723.30736
723.68458
723.82978
723.83656
724.38742
724.39420
725.03740
725.79526
725.80990
725.81350
725.81698
725.88064
726.05962
726.52390
726.61684
726.63052
726.66622
726.70342
726.70984
726.74542
726.81688
726.90334
727.16680
727.17046
727.17382
727.20982
727.51030
728.21146
728.72644
728.98384
729.14812
729.55450
729.56902
729.64804
729.83386
729.83680
729.91168
729.92656
729.99844
730.01344
730.01602
730.06948
730.08406
730.30606
730.53676
730.67014
730.72012
730.72726
730.75570
731.04244
731.32018
731.69248
732.23560
732.61456
732.69322
733.48732
733.56904
734.02228
734.02990
734.04442
734.23996
734.27608
734.27962
734.32252
735.49600
735.73702
735.84634
736.38862
736.40302
736.68826
737.51188
737.63956
737.71840
737.92576
737.99038
738.06196
738.66220
738.96238
739.00576
739.01230
739.20268
739.31266
740.12032
740.40592
740.46334
740.70580
741.48910
741.82840
741.89320
742.02226
742.05766
742.87600
743.12248
743.47258
744.11302
744.25264
744.41746
744.42478
744.79876
744.93886
745.53886
745.82476
745.96828
746.22526
746.32174
746.32738
746.33224
746.81470
746.82190
746.82592
746.95522
746.99752
747.02602
747.20542
747.61936
747.63016
747.63412
747.68380
748.65172
748.66318
748.88170
748.89280
748.92100
748.92454
749.00650
749.18524
749.21326
749.72776
749.73586
750.07810
750.22798
750.30040
750.32866
750.33574
750.52168
750.77200
751.17898
751.18576
751.21810
751.35760
751.44268
751.66822
751.75090
751.78648
751.79884
751.82170
751.85776
751.92214
751.95802
752.09032
752.09374
752.10178
752.14444
752.30164
752.78746
753.15910
753.19426
753.20200
753.23752
753.25222
753.28054
753.29476
753.64564
753.93838
753.97372
753.98128
754.43806
754.44568
754.62436
754.96102
755.21794
755.26084
755.38954
755.42464
755.59762
755.72134
755.73598
755.76694
755.77516
755.82466
755.99764
756.00496
756.20434
756.55456
756.84808
756.85126
757.15102
757.17586
758.04826
758.09182
758.18470
758.83126
758.83444
759.34222
759.67450
759.88468
759.92776
760.27108
760.28188
760.56412
760.62250
760.63270
760.70782
760.71850
760.85092
761.05066
761.05768
761.06134
761.30158
761.76370
761.95834
762.25480
762.25894
762.42382
762.63802
762.64078
762.76660
762.78760
762.86662
763.10974
764.01016
764.01772
764.06032
764.61766
764.96800
764.98972
765.00040
765.00436
765.01432
765.07528
765.56164
765.68296
765.84052
765.84694
765.85438
765.89686
766.04092
766.15432
766.40092
766.71148
766.95490
766.96192
766.97008
767.02684
767.08402
767.18002
767.18398
767.21254
767.24164
767.37040
767.61298
767.83438
767.84188
768.01354
768.02068
768.14206
768.60634
769.02862
769.07116
769.24294
769.80418
770.00734
770.03284
770.04376
770.50150
770.57212
770.57656
770.62984
771.62350
771.80416
771.98770
772.29514
773.20282
773.21716
773.30296
773.31730
773.36020
773.61766
773.62168
774.02266
774.05416
774.26914
774.34672
774.43348
775.38364
775.42204
775.72702
776.14828
776.15572
776.16700
776.36260
776.37778
776.41300
776.66662
776.67004
776.72080
776.72428
776.79232
776.79898
776.80648
776.92042
777.04936
777.05692
777.10012
777.18592
777.45016
777.49306
777.82060
777.89998
778.33552
778.54300
778.60060
778.65022
779.05684
779.49418
780.03700
780.23206
780.40156
780.65938
780.81586
780.82330
781.21666
781.50550
781.51696
781.53802
781.94596
782.01052
782.29558
782.50312
782.79586
782.89624
782.92144
782.92474
782.93188
782.93932
782.94640
782.95618
782.96068
783.09316
783.30304
783.38230
783.41542
783.79762
783.86854
784.35520
784.39858
784.44772
784.61230
784.64860
784.67548
784.88272
785.08312
785.29906
785.37742
785.39584
785.46664
785.95570
785.97016
785.98114
786.00556
786.05608
786.05974
786.13900
786.14176
786.14926
786.15646
786.30388
786.69952
787.35730
787.39294
788.03680
788.07208
789.80152
791.05978
791.52106
792.08602
792.14794
792.48586
792.82534
792.96112
793.47616
793.59748
793.76914
793.77604
793.91596
794.06932
794.52712
794.85550
794.87824
795.24928
795.48322
795.49372
795.55012
795.94936
796.10656
796.14934
796.29232
796.34206
796.60294
797.04388
797.17228
797.90164
798.11938
798.12316
798.21220
798.45892
798.46594
798.65854
798.70900
798.86596
799.25932
799.40278
799.58110
799.83160
799.92382
799.99552
800.54542
800.56066
801.09646
801.46834
801.50416
801.53938
801.54694
801.55474
801.58246
801.76924
802.13596
802.15756
802.43272
802.47256
802.62628
803.04832
803.59786
803.81254
803.85544
803.99224
804.19870
804.34588
804.42862
804.55030
804.59968
804.77812
804.84226
804.92836
805.02856
805.19644
805.20004
805.31362
805.40734
805.67098
805.75072
805.79308
805.79686
805.82920
806.43256
806.52220
806.62906
806.95036
807.02872
807.03622
807.56206
807.56920
807.58732
807.60844
807.75892
808.00900
808.30870
808.31602
808.33024
808.38286
808.52314
808.88140
808.95262
808.95946
809.25964
809.30242
809.30632
809.31712
809.34538
809.51680
809.53144
809.86012
810.03184
810.51124
810.98872
811.07536
811.43278
811.63252
811.71190
811.71910
811.78960
812.53300
812.61970
813.50602
814.01992
814.05580
814.19974
814.23532
814.24978
814.47760
814.51090
814.54306
814.54984
814.73818
814.75612
815.69326
815.77942
816.03658
816.48670
816.51586
816.54370
816.63952
816.76552
816.77296
816.80914
816.92950
816.94438
817.02250
817.16578
817.40896
817.41316
817.41586
817.47328
817.76674
817.77004
817.80958
818.00206
818.20906
818.23072
818.26684
818.68426
818.72698
818.73076
818.86648
819.20266
819.21322
819.35392
819.36490
819.75688
820.36168
821.22568
821.44036
821.83732
821.86960
821.91610
821.94766
822.36382
822.56344
823.67086
824.33044
825.34354
825.35872
825.47920
825.55786
825.63664
825.76084
825.89710
826.80178
827.01616
827.06620
827.08756
827.16688
827.27374
827.37442
827.69560
827.71750
827.75716
827.78074
827.84548
828.14626
828.62446
828.67450
828.68524
828.70366
828.71002
828.81376
828.91792
829.46812
829.60456
829.75402
829.76140
829.76854
829.77604
830.24734
830.80480
830.93446
831.18472
831.23470
831.23824
831.36988
831.38404
831.38782
831.47728
831.49102
831.94858
832.03798
832.28422
832.29178
832.37782
832.38496
832.42762
832.43488
832.49116
832.79896
832.82110
832.83136
832.84204
832.88830
832.92772
832.98928
833.12170
833.16436
833.66440
834.01828
834.23716
834.42508
834.55816
834.56440
834.91852
834.95146
834.95848
834.96544
834.96898
834.97978
834.98662
834.99040
834.99430
834.99760
835.00120
835.00864
835.18030
835.23622
835.35214
835.37632
835.39462
835.40800
835.41862
835.62484
835.64482
836.79550
836.88124
837.46696
837.46984
837.48136
837.92524
837.98182
838.91194
839.22898
839.23234
839.23612
839.75872
839.76274
839.84734
839.87578
840.24106
840.62008
840.66988
840.74128
840.74866
840.92734
840.98392
841.17064
841.27066
841.35268
841.39954
841.52020
841.59532
841.78144
841.95682
842.11360
842.34304
842.40670
842.51386
842.58598
842.59378
842.74978
843.23716
843.37078
843.49360
843.60022
843.60328
843.74356
843.89698
844.34740
844.48804
845.24446
845.47432
845.59108
845.67346
845.76688
846.20680
847.47142
847.73254
847.83940
847.85752
847.86118
847.87516
847.90372
848.00074
848.00476
848.09008
848.30440
848.31856
848.32516
848.56612
848.90530
848.93314
848.96164
848.97952
849.06178
849.11914
849.20500
849.49444
849.69058
849.75568
849.87682
849.89122
849.95902
850.34854
850.35580
850.44910
850.60600
851.04262
851.04550
851.05018
851.30026
851.33920
851.42866
851.89288
851.89600
851.90728
851.93242
852.03538
852.07210
852.57886
852.59320
852.63634
852.67966
854.02336
854.08000
854.17330
854.18020
854.25910
854.38012
855.39514
855.50314
855.51040
855.66352
855.67438
856.10734
856.76374
856.95394
856.96834
856.98958
856.99708
857.09698
857.16850
857.18332
857.18614
857.21500
857.64772
857.68678
858.55216
858.73354
858.80518
858.81256
859.02778
859.06408
859.28086
859.32064
859.43062
859.44118
859.44856
859.74178
859.79212
859.92802
860.09182
860.09914
860.13472
860.54806
860.69212
861.23512
861.47182
861.50776
861.86212
862.06504
862.23670
862.50178
862.56484
862.57216
862.75894
862.80142
862.81216
862.81510
863.00164
863.00866
863.16544
863.20882
863.54800
863.68096
863.83150
863.94550
863.95990
864.19426
864.20242
864.28834
864.34558
864.68872
864.90340
865.28962
865.63222
865.97836
866.13226
866.93974
866.95048
867.02626
867.07606
867.08734
867.16192
867.52534
867.58312
868.01956
868.06282
868.06990
868.40560
868.41322
868.43434
868.45612
868.45924
868.46272
868.47676
868.62052
868.91278
869.00596
869.08774
869.11654
869.12026
869.66404
869.69944
870.23530
870.24976
870.25672
870.26086
871.93690
872.23696
872.53024
872.78068
872.82316
872.83024
872.87314
872.92612
873.08740
873.12718
873.17746
873.20920
873.37366
873.41686
873.51982
873.81694
874.10614
874.23850
875.16664
875.26042
875.26738
875.32186
875.36032
875.54002
875.84068
875.92324
875.92618
876.18346
876.29398
876.54736
877.04116
877.28368
877.32748
877.38418
877.42054
878.19238
878.32792
878.97832
879.00268
879.05002
879.07744
879.14770
879.35752
879.42784
879.51088
879.56470
879.65050
880.10056
880.11454
880.16524
880.21522
880.32106
880.37926
880.80832
881.24464
881.28766
881.43730
881.53042
881.60860
881.83720
881.84470
881.89786
881.92342
882.04486
882.26668
882.28810
882.30226
882.33034
882.98134
883.00906
883.47430
883.77076
883.81108
883.90726
884.29054
884.66116
884.66830