1.03576
1.29676
1.33648
1.48684
1.59352
1.62700
3.11578
3.12040
3.56620
3.68908
3.96658
3.99478
4.04248
4.24708
4.58014
4.71370
5.81092
6.23968
6.26056
6.31690
6.37972
7.26652
7.83370
7.97620
10.33384
10.35178
10.37086
11.31742
11.55064
11.64088
11.64760
11.86732
12.36748
13.02412
13.04782
13.04956
13.05706
14.08162
14.60098
15.23152
15.32860
16.14682
16.78456
20.17318
20.81722
20.87452
21.61228
22.11826
22.33222
22.72414
23.76730
23.98216
24.22510
24.56842
25.32256
26.12236
26.26852
26.31244
26.41228
26.42218
26.95036
26.97910
27.06856
27.09868
27.15550
27.35074
27.91852
27.93142
28.73986
29.04880
29.36548
29.87242
29.91550
30.03526
30.79870
31.32472
31.77232
31.77886
31.79176
31.82014
32.55160
33.65164
33.91804
34.29406
34.38964
34.71814
38.52160
38.76514
39.30904
39.75712
40.48078
41.55628
43.79728
43.91170
43.91788
44.82916
45.38410
45.91054
46.16038
46.85140
48.24526
51.73216
52.41862
52.49878
52.71826
53.67460
53.98192
54.40558
54.61564
54.95776
55.61236
56.33308
58.09174
58.20316
59.01244
59.58220
60.24772
60.81058
61.19152
61.96522
62.56048
62.66518
62.66830
65.34190
65.34874
65.35648
65.36434
67.04362
68.54536
68.68468
68.96506
69.16492
69.91492
70.32412
70.86184
71.30398
71.43820
71.47666
71.67700
71.73322
71.76004
71.99080
72.42826
72.54832
73.30090
74.04046
74.35438
75.03022
75.72214
76.38604
78.95728
79.49692
80.03728
80.91076
81.24004
82.01824
82.14790
82.18120
82.30078
82.60228
83.15674
83.34292
84.04024
84.42352
84.53800
85.50442
85.63378
86.41720
86.81734
86.98402
89.06950
89.64754
89.70334
89.71804
91.86352
93.06718
93.78790
93.91018
94.05274
94.21732
95.37826
95.88406
97.67662
97.80082
98.17816
98.23432
98.87362
99.70414
101.40010
101.93428
103.56400
103.56718
103.99096
104.99710
105.33040
105.34822
105.40810
106.46902
106.67464
106.78480
107.03182
107.51308
107.54086
108.99826
111.75142
113.19124
113.39554
114.71572
115.31872
115.39906
115.93894
118.00816
120.35902
121.07500
121.67512
122.06122
122.09830
123.33922
124.40266
124.96924
125.12290
125.67562
125.94682
127.21354
127.51954
128.08312
128.09968
128.10658
129.60946
129.75292
130.23616
130.99246
131.13610
131.18326
131.32594
131.45290
131.70622
132.40642
132.50284
132.57856
132.64996
132.69250
132.80284
133.38034
133.73620
133.81642
133.83610
134.47042
134.63044
134.71948
135.71662
135.94030
136.17880
136.28314
136.52590
136.55524
136.71250
136.96666
137.31664
138.01942
138.03616
138.31948
138.69274
138.75868
138.81676
138.90298
138.91966
139.21660
139.46926
140.00932
140.44972
140.55928
140.59012
141.04996
141.81646
142.01668
142.05958
142.14970
142.28314
142.64542
143.00914
143.01664
143.31244
143.36968
143.51944
143.54200
144.01336
144.08614
144.23332
144.74026
146.60572
146.66962
147.27874
147.74698
147.75670
148.12582
148.13800
148.36666
148.41556
148.44892
148.47844
148.86946
148.93066
149.94268
150.12856
150.19714
150.40006
150.64894
150.78634
150.91978
151.62622
152.25286
152.74270
152.78230
153.16342
153.29008
153.33964
153.50014
154.10284
154.68352
154.99510
155.21956
155.40310
155.96986
156.06676
156.35308
156.40012
157.48942
157.51198
158.35786
158.39044
158.74414
158.81992
159.03040
159.73654
159.87898
160.14556
160.61332
161.34316
161.39614
161.61724
161.71738
161.79298
161.96104
162.67012
163.27648
163.37662
163.53382
163.57672
164.36260
164.69110
164.71306
166.38478
167.58202
168.38374
168.79408
169.78972
169.91368
170.31856
170.78824
171.62188
171.71602
171.81112
172.02178
172.27198
172.36906
173.05234
173.07202
173.17216
173.53600
174.23860
175.37260
175.45744
175.61974
175.86862
175.88338
176.54998
176.62654
177.55342
177.75340
177.92962
177.97804
177.98656
178.32922
178.47304
178.63402
178.69612
178.77304
180.64642
180.72322
180.80668
181.42318
181.89658
182.01616
182.34772
182.35372
182.36590
182.47678
182.62030
182.76832
183.05398
183.56338
184.04962
184.64002
185.38780
185.43028
185.46322
185.80708
185.81626
186.24046
186.68014
186.82066
187.38040
187.53040
187.99492
188.02108
188.04082
188.58790
188.64052
188.66416
188.82124
188.97808
189.08782
189.18484
189.35920
189.66358
189.91654
190.10746
190.25746
190.36828
190.55458
191.07814
191.12098
191.66668
191.68348
192.34720
194.00776
194.35174
194.59474
194.65762
194.67802
194.89114
194.92450
195.30664
195.35494
195.55504
195.61858
195.63358
196.01164
196.59058
196.63540
196.80514
197.15992
197.91418
197.99122
198.29146
198.29518
198.70180
199.08076
199.32484
199.94122
200.34760
200.60536
200.79154
200.83402
201.31438
201.34798
201.79780
201.84064
202.95538
202.96456
202.97416
202.98358
203.06884
203.07472
203.37538
203.84176
204.02500
204.12484
204.13588
204.23878
204.34546
204.48478
204.60844
205.24822
205.61218
206.18896
206.73454
206.93890
207.20854
208.87138
209.61238
209.77522
209.85574
209.87542
209.90872
209.91502
211.50598
211.56190
211.69840
212.57944
213.00610
213.19210
213.39238
213.87574
214.14850
214.32928
214.63858
214.94416
215.65390
215.91322
216.15928
216.48286
216.53950
217.81366
217.90510
218.29294
218.42014
218.77630
220.14310
220.62646
221.12650
222.22396
223.00456
223.08070
223.47682
224.45266
224.64382
224.73442
224.83774
225.04990
225.16426
225.20368
226.01674
226.13596
226.53310
227.58328
229.91338
230.56030
231.02854
231.38374
231.81940
232.93966
233.73952
234.95236
235.39966
236.32096
237.27652
237.38746
237.54958
237.80626
238.15606
239.99290
240.59320
241.63732
241.65976
241.95946
242.92552
244.48696
244.73998
244.78264
245.05960
245.83672
246.29272
246.49258
246.91564
247.21540
247.85308
247.86976
247.97308
248.09242
248.16280
248.57590
248.85628
249.61810
251.84566
251.99860
252.42556
253.04218
253.04608
253.24228
253.33450
254.07526
254.52538
254.87914
255.52144
255.71506
256.01944
256.30582
256.42516
256.67896
256.90852
257.10820
258.29800
258.43906
258.48178
258.57868
258.86482
258.99316
259.45558
259.83886
260.20546
261.00844
261.19822
261.40846
261.59470
262.76158
263.61466
263.64148
263.72212
263.73862
263.83396
263.96212
264.39142
264.42772
264.43744
264.88114
265.39144
265.68136
265.74154
266.08762
266.70802
266.92468
267.90826
269.85232
269.88748
270.54850
270.93136
271.19158
271.27864
271.38778
271.48888
271.70806
271.77520
272.18116
272.34820
272.61790
273.02194
273.12124
274.13470
274.13896
274.15456
274.39204
275.23162
275.69176
275.85964
276.95854
277.23640
277.34182
277.66474
277.98598
279.66244
280.27552
280.45624
280.46524
280.47556
280.74220
280.75906
282.57574
283.59250
285.88222
286.30240
286.85968
286.93522
287.49004
287.77630
287.78704
288.82972
288.90976
288.93070
289.24462
289.33576
289.35436
289.69300
289.80886
289.95976
290.40994
291.04936
291.89350
292.79998
293.13334
293.27710
293.61424
293.67124
294.16042
294.46036
294.70762
294.71236
294.76048
295.59388
295.73368
296.39116
297.13114
298.69132
298.87780
299.02012
299.44426
299.67802
300.05842
300.59182
301.11142
301.25392
302.23444
303.43876
303.79900
304.04440
304.10884
304.12240
304.24828
304.44526
304.66810
305.06146
305.36176
305.43730
305.44906
305.62084
306.21166
306.39526
306.60142
308.39506
309.01108
309.92878
310.11226
310.81354
312.29548
312.59188
312.85222
312.91234
312.95926
313.09264
313.70632
314.65240
314.65498
314.70196
315.75220
316.92922
318.02182
318.41278
318.49012
318.52504
318.55696
318.74794
318.92254
319.11898
319.17328
319.79788
319.84612
320.89636
321.14536
321.22672
321.24988
321.25228
321.26932
321.35566
321.51310
321.55594
321.74632
322.70026
323.24356
323.43358
323.44312
323.58646
324.03004
324.04366
324.17710
324.26338
324.36940
324.52990
324.71590
325.46332
325.97374
326.10280
326.20594
326.48026
326.56024
326.86342
326.87728
327.47428
327.62398
327.92896
327.94684
328.65802
328.79068
329.04412
329.43040
329.63038
329.63932
329.69680
329.85358
330.13642
330.19612
331.13680
331.97668
332.48704
334.16554
334.98688
335.12032
335.36404
336.30112
336.34870
336.92470
336.98746
337.01416
337.21120
337.26802
337.41406
337.64182
337.66018
338.69746
338.82166
338.98420
339.80422
339.88768
340.13104
340.48462
340.51792
340.62820
340.64764
340.68094
340.74760
341.27086
341.33452
341.79778
342.15394
342.25438
342.33112
342.53110
342.57850
342.63100
343.35832
343.36798
343.39804
343.44484
343.69768
344.19772
344.83114
344.87416
344.90860
344.93128
345.10870
345.49504
345.78130
345.89824
345.98770
346.01854
346.99828
347.21842
347.37556
347.38156
347.88532
348.04840
348.16210
348.17566
348.31480
348.44542
348.45460
348.57880
348.71218
348.74548
348.74842
348.84550
348.93178
348.98158
349.23178
349.59256
349.60210
349.61518
349.83178
350.09854
350.46136
351.18196
352.16536
352.21546
352.88218
353.05996
353.21560
353.45548
353.53240
353.94910
354.01570
354.31594
354.34624
354.38266
354.59938
354.67654
354.86596
355.02220
355.21972
355.28284
355.34668
355.34932
355.55566
355.63918
356.13934
356.22280
356.28310
356.48296
356.52040
356.68300
356.78314
357.01642
357.28324
357.38308
357.44998
357.46648
357.83320
357.95020
357.97030
358.43716
358.56688
358.57270
358.96696
359.78758
359.80966
359.91706
359.95102
360.13750
360.18382
360.30934
360.35062
360.42358
360.44764
360.48382
360.51424
360.62392
360.68566
360.90460
360.91024
360.91414
361.25026
361.29508
361.36756
361.47664
361.85386
362.82430
363.37684
363.43174
363.49522
363.61780
364.27480
364.51810
364.74844
364.75528
364.78462
364.81804
364.85122
364.91812
365.04148
365.05144
365.13184
365.17180
365.19526
365.39866
365.51830
366.00808
366.19132
366.35176
367.06252
367.25182
367.28152
367.28518
367.34890
367.35196
367.56862
367.96858
368.25574
368.53156
368.58244
368.73556
369.09946
369.13558
369.22528
369.26872
369.61294
369.88540
369.91612
370.08556
370.09672
370.11922
370.40236
370.50238
370.62268
371.66338
373.20880
373.58218
373.99666
374.08630
374.14852
374.18260
375.95302
376.85308
380.64778
381.53092
381.67036
381.69700
381.71110
381.80692
382.37158
382.46380
383.10688
385.42012
385.96768
386.25754
386.42020
386.98420
387.20086
387.20752
387.83620
387.84160
387.86458
388.89484
390.56110
390.57778
390.84364
391.02070
391.18162
392.55148
394.31824
394.53772
395.04724
395.06530
395.08072
395.15092
396.13726
398.43112
399.25186
400.18822
401.02750
401.09836
402.05560
402.26212
402.77608
404.02276
404.74966
404.96656
405.77920
406.65628
406.96504
406.98970
407.02288
409.25308
409.32340
409.79314
409.92352
410.51974
411.34540
411.37078
412.71802
414.40336
414.47374
414.73012
414.80746
415.28320
415.29754
415.51144
416.64418
416.88724
417.57358
417.67804
417.71182
418.07530
418.16110
419.34790
419.57446
419.61148
420.25804
420.56464
420.98566
421.19830
421.21156
422.06794
422.07670
422.51194
423.11914
423.18118
423.41476
423.45268
423.67792
423.70162
424.57582
424.70884
425.87566
426.00892
426.20884
426.32950
426.64858
427.31530
428.56672
428.76544
429.81562
430.02598
430.25938
430.45960
431.74672
432.52048
432.69652
432.70222
433.48918
433.50682
434.00914
434.47624
435.24478
436.42666
437.19940
437.29474
438.08014
438.23968
438.27790
438.36028
438.91618
439.83310
440.32696
441.13372
441.19066
441.40630
442.03972
442.04314
442.04536
442.68394
442.70758
443.49304
443.51074
443.53084
443.81662
444.19390
444.57736
444.76072
446.26708
446.31058
447.03406
447.39148
447.39406
447.41668
447.68290
447.99394
448.73068
448.86286
449.05516
449.13406
449.28388
449.29624
450.65050
451.80064
451.83844
452.92396
453.14836
453.36088
453.55546
453.85846
453.93406
454.29076
454.64458
454.70530
455.18854
455.64466
456.17812
456.40564
456.59494
456.81160
456.84484
456.92218
457.11808
457.21162
457.23214
457.27516
457.29514
457.30432
457.32832
457.36156
457.56154
457.62826
457.63432
457.94494
458.14516
458.18200
458.54518
458.67850
458.87860
459.05878
459.29506
459.34222
459.34900
459.37840
459.42856
459.49522
459.60148
459.63178
459.66190
459.72856
459.87844
459.89224
459.91582
459.96160
460.01542
460.02862
460.03534
460.17862
460.25590
460.29520
460.34536
460.47838
460.53220
460.76206
460.82092
460.87864
460.89544
460.94536
461.14522
461.41858
461.44522
461.66188
461.77870
461.79442
461.81188
462.12286
462.24538
462.51202
462.64552
462.71584
462.88270
462.91216
462.92872
462.97870
463.02274
463.05148
463.06936
463.25188
463.25614
463.36228
463.41190
463.44538
463.82884
463.89544
464.09560
464.19556
464.31214
464.32882
464.61226
464.65186
464.71222
464.96200
465.01210
465.21220
465.25600
465.35638
465.37876
465.47896
465.68536
465.71884
465.77896
466.16890
466.27876
466.44556
466.50214
466.51378
466.61584
466.81222
467.02894
467.38972
467.42608
467.49562
467.71234
467.77876
467.86882
467.99560
468.18838
468.21232
468.41242
468.41608
468.42772
468.44566
468.67876
468.76228
468.91210
468.93838
468.94288
468.97900
468.99292
469.27906
469.33978
469.38814
469.47904
469.64290
469.81222
469.81894
469.85068
469.99000
470.16880
470.30830
470.32894
470.41240
470.68522
470.71234
470.82922
470.88562
471.01240
471.07624
471.22894
471.39562
471.40960
471.44302
471.59566
471.60646
471.69580
471.73534
471.83572
471.90178
471.92908
472.11244
472.19566
472.43968
472.67926
472.77346
472.77622
473.01262
473.05618
473.07166
473.10232
473.11258
473.29000
473.48992
473.54578
473.57926
473.62912
473.76268
473.76904
473.81254
473.96266
474.10228
474.12916
474.34600
474.64576
474.66250
474.84610
474.94024
475.12324
475.13260
475.21270
475.24606
475.39582
475.59598
475.76614
475.79602
475.82950
475.84600
475.89628
475.95268
475.97938
476.06272
476.12962
476.17942
476.21266
476.66284
477.09610
477.12946
477.26278
477.33586
477.36280
477.37966
477.41932
477.42952
477.58588
477.66298
477.71272
477.76288
478.06288
478.14058
478.16290
478.22944
479.12686
479.12974
479.24650
479.26924
479.69350
479.77882
479.87974
480.10282
480.33640
480.52990
480.54664
480.72994
480.76306
480.91318
480.96322
481.04680
481.07698
481.17988
481.20310
481.28002
481.41316
481.41724
481.61320
481.64668
481.68004
481.68352
481.82404
481.85308
481.91344
481.98382
482.14360
482.15740
482.21350
482.24656
482.28934
482.34670
482.42398
482.51326
482.60272
482.61334
482.64676
482.71336
482.84656
483.03028
483.09676
483.13018
483.14680
483.53026
483.61072
483.81046
483.83014
483.89692
483.99094
483.99670
484.00006
484.01362
484.03012
484.12456
484.21978
484.23964
484.25338
484.29082
484.46344
484.53022
484.59682
484.63030
484.72024
484.75330
484.82308
484.83016
484.89676
485.02414
485.09692
485.18038
485.19694
485.47294
485.48704
485.49706
485.51368
485.54686
485.56384
485.58046
485.66380
485.67340
485.76364
485.83660
485.93020
485.95354
486.08026
486.16090
486.28030
486.41368
486.48064
486.54712
486.68044
486.84724
486.88414
486.91390
486.93040
487.06378
487.15792
487.20052
487.24720
487.31386
487.58038
487.98028
487.99432
488.03050
488.11378
488.20684
488.28550
488.31394
488.48050
488.69722
488.71396
488.76388
488.97766
489.01108
489.02968
489.04732
489.13060
489.16402
489.36400
489.57760
489.68068
490.08052
490.14730
490.29742
490.44742
490.68070
490.98076
490.98742
491.18080
491.39746
491.61406
491.83078
491.94748
492.15112
492.38068
492.41782
492.48058
492.49438
492.51418
492.53068
492.88102
492.91426
492.98098
493.02484
493.04356
493.26406
493.31434
493.39738
493.55830
493.59766
493.66798
493.69762
494.16430
494.64190
494.71432
494.76436
494.79040
494.84176
494.90404
495.04762
495.14764
495.18124
495.23098
495.24772
495.29464
495.43102
495.51430
495.54760
495.61426
495.78094
496.18102
496.31446
496.45426
496.51450
496.59184
496.59778
496.61446
496.79794
496.88098
497.18746
497.19202
497.25430
497.59516
497.71456
498.04174
498.26434
498.32116
498.41446
498.54490
498.66472
498.82522
498.97864
499.03132
499.47124
499.60750
499.71850
499.74778
499.76446
499.78534
499.88110
500.00458
500.02846
500.21464
500.51446
500.53786
500.54212
500.55850
500.57602
500.60470
500.69488
500.73784
500.75458
500.87566
500.91448
501.09514
501.14770
501.18130
501.32410
501.45874
501.48136
501.55438
501.69802
501.85900
501.89824
501.99826
502.00210
502.16470
502.33150
502.39540
502.50886
502.51864
502.59832
502.70182
502.83790
503.00482
503.23156
503.26504
503.34814
503.45452
503.46202
503.48656
503.50186
503.51494
503.57152
503.59828
503.64820
503.74822
503.83168
503.87578
503.95462
504.16888
504.23164
504.39832
504.65488
504.66886
504.72148
504.73156
504.74086
504.89848
505.06108
505.13170
505.29826
505.36522
505.37896
505.39852
505.57906
505.59844
505.65214
505.69864
505.79854
505.83178
505.86526
506.06518
506.12194
506.13178
506.14570
506.19856
506.25226
506.34862
506.40526
506.43184
506.58178
506.82136
506.84854
506.89864
507.08578
507.09886
507.24868
507.28192
507.43198
507.51532
507.56248
507.58204
507.82906
507.84862
507.89854
507.91522
507.94858
507.99862
508.11556
508.16914
508.22626
508.49854
508.50664
508.56910
508.66534
508.70260
508.71232
508.73224
508.76566
508.79860
508.92196
508.95544
509.06542
509.11534
509.26546
509.31550
509.39884
509.41876
509.48206
509.48818
509.59870
509.61556
509.68222
509.71570
509.71960
509.78218
509.98210
510.01558
510.01960
510.04882
510.16540
510.20266
510.24898
510.26542
510.66562
510.77506
510.79876
510.88246
510.98242
511.03234
511.08238
511.18876
511.19896
511.29316
511.29898
511.32244
511.32928
511.33228
511.39906
511.42648
512.33242
512.34622
512.64154
512.70058
513.00532
513.41110
513.47686
513.69640
513.95830
514.88254
515.83576
515.85826
515.86756
516.17890
516.89356
517.03306
517.32580
518.13670
518.56654
518.64364
519.18682
519.46660
519.93976
520.31056
521.98234
522.19996
522.67360
522.68338
523.59760
523.62682
524.01730
524.29048
524.30038
524.45062
524.60074
524.84788
524.87152
525.03394
525.05086
525.05974
525.35092
525.58816
525.66010
525.86146
526.80100
527.91802
528.18184
528.54502
528.58816
528.81034
529.30300
529.31716
529.51522
529.51804
529.65130
530.66458
530.98516
531.51850
532.04290
532.26856
532.56844
532.59850
533.10856
533.11330
533.51860
534.31528
534.52990
534.59170
534.65854
534.93880
535.09624
535.73596
535.91920
535.93324
536.39710
536.94886
538.66204
539.75326
540.13984
540.20014
540.33664
541.40608
541.42306
541.85458
543.05956
543.25360
544.19980
544.22050
544.25392
546.00406
546.46804
546.61708
546.85024
547.12216
548.14588
548.26486
548.83756
549.75616
550.10602
550.58632
551.89996
553.23526
553.43428
554.33428
554.63260
554.91400
555.75520
557.24464
557.35534
557.90158
558.00244
558.08248
558.08458
558.81508
559.26610
560.69512
562.13884
562.93948
562.97248
563.38654
563.42542
563.84248
563.87272
563.94082
564.53950
564.77284
565.17898
565.39318
565.87318
566.17792
567.77002
568.60384
568.76068
568.87672
568.88596
568.95640
569.63386
570.27964
570.30676
570.47440
570.52648
572.01772
572.02048
574.14034
575.65666
575.91604
575.95342
576.69052
577.34356
577.35460
577.93498
577.94998
578.37304
578.53780
578.55748
578.59708
578.72422
578.83540
578.99092
579.05752
579.22492
579.37810
579.69112
580.27150
582.58396
582.72094
583.39768
583.55524
583.75978
584.29378
584.31706
585.36448
585.37528
585.37732
585.48880
585.80830
586.76482
586.95862
586.97890
588.37198
588.76018
589.69594
589.70272
589.73620
590.37262
591.08812
591.14566
591.25894
591.28228
591.51958
592.06234
592.41214
592.74814
592.80892
593.97286
594.12496
594.12658
594.27910
594.35908
594.95914
595.01662
595.47568
596.03488
596.07202
596.15410
597.10636
597.16996
597.41302
598.37014
598.44298
599.49214
599.65966
599.76340
600.98308
601.34914
601.72252
602.07520
603.32074
603.93946
603.96478
604.72414
605.46442
606.24364
606.49114
606.87712
606.92326
607.07734
607.18036
608.16742
609.89080
609.93406
610.51258
610.51444
610.76092
611.52712
612.23140
614.71732
615.51484
615.52912
616.87804
618.13408
618.15862
618.59206
619.85884
619.86154
620.25886
620.28328
620.64208
620.96188
620.96566
621.81592
622.30906
622.92880
623.81878
623.82832
624.58528
625.10188
625.16884
625.19194
625.21216
625.25488
625.54960
626.21230
626.57242
626.57896
626.59276
627.72916
628.25488
628.66162
629.34934
629.56264
633.15904
633.76642
633.94612
634.02196
634.65940
635.31310
636.02248
636.04240
636.30016
636.42238
636.95932
638.31046
638.87416
638.96518
639.35752
639.38908
639.46360
639.71698
641.14072
641.27002
641.38438
641.38978
641.43028
641.66968
641.70328
641.96368
642.58648
643.39438
643.52326
643.87414
645.21364
645.26098
645.45592
645.87004
646.23448
646.39342
647.08048
647.23732
649.24714
650.42032
650.59120
650.71894
651.83080
652.94734
653.26792
653.44756
653.54728
653.79892
653.95306
653.96398
653.97466
655.22062
655.48708
655.72684
656.08972
656.52520
656.57776
656.73064
657.46444
658.57492
658.89472
659.05384
659.06440
660.86440
661.26790
661.79188
662.24800
662.89522
663.08140
663.18736
664.40200
664.80754
664.98832
665.20216
665.25514
665.53846
665.59852
665.65546
665.72626
666.33232
666.38596
667.05544
667.71508
668.22490
668.71600
668.72890
668.88160
669.28258
670.42108
671.97622
672.03316
672.03670
672.45646
672.62572
673.20010
674.71708
674.78380
675.27328
675.28372
676.11142
676.33378
676.74028
677.32624
679.14502
679.66780
680.68048
681.89770
682.30306
685.38532
685.99618
686.19220
686.50240
687.09220
687.12526
687.98230
687.99226
689.50960
690.60358
690.91996
691.15318
691.18300
691.41400
691.95190
692.15968
693.41284
693.59062
697.62958
697.64656
698.16478
698.17162
699.32398
699.43762
699.71512
700.03744
700.76050
700.86082
701.32456
701.37094
702.23194
702.23686
702.46072
702.68794
702.71800
703.11736
703.25452
703.46050
703.52146
703.53520
703.99834
704.86102
706.06864
706.28794
706.39456
706.59760
708.40222
708.62104
709.17508
709.20244
709.27498
709.60246
709.91140
710.78842
711.14476
711.14932
711.35542
711.95554
712.00540
713.13832
714.78886
714.92860
715.13638
715.36168
715.81504
716.76652
718.32160
718.56982
718.80196
720.10318
720.50308
721.72288
721.82272
722.88154
723.43954
724.17934
724.42564
724.59274
724.76536
724.79806
725.18962
725.28160
725.76964
725.89852
726.87280
726.88156
727.89976
728.43928
728.83936
728.90950
729.86170
730.24420
730.41874
730.65322
731.13910
731.27428
731.30260
731.30572
731.86324
732.04216
732.48910
732.64966
732.87556
733.39546
733.89550
735.27724
736.47196
737.75890
738.68848
739.19782
739.21534
739.24504
739.57558
739.58830
739.87162
740.17786
740.23828
740.45218
740.57194
740.63848
740.80504
740.97160
741.60874
741.69460
741.93532
741.96394
742.00516
743.52124
743.56516
744.56110
744.62122
744.67006
744.72754
744.77458
744.77788
746.81554
746.95438
747.35044
747.55426
747.67738
747.71506
747.78778
748.38772
748.98760
749.87092
749.93410
750.27070
750.42076
750.47086
750.56350
750.61792
751.18726
751.20388
751.38592
751.53718
751.61764
751.92694
752.78704
754.32022
754.38658
754.48678
754.63540
755.51992
755.76220
755.90710
755.93800
756.06952
756.27604
757.47574
759.55588
759.61930
760.34866
760.37206
760.49206
761.67238
761.71120
762.98500
763.54168
763.59646
763.63894
763.89892
764.85316
764.94850
765.78448
765.81226
766.12396
766.25134
766.62934
766.95880
767.29492
768.76150
769.61752
769.79698
769.81720
770.10070
771.09772
771.56722
771.67648
772.06714
772.09918
772.16716
772.30678
772.98370
773.11708
774.05044
774.54670
774.55030
774.84748
775.32292
775.81414
776.23282
777.26686
777.63502
778.57306
778.89958
779.53984
779.66296
781.78342
781.87000
782.20348
782.45626
782.56042
782.63350
782.89246
784.03336
784.38958
784.74724
785.83342
786.60880
787.14262
787.25608
787.78978
788.00008
788.08318
788.11864
788.51554
789.53308
789.63928
790.48834
790.97956
791.60368
791.78674
791.80900
792.42022
793.38280
793.51654
793.98010
794.01940
794.22244
794.29984
795.17716
795.46654
796.25950
797.93662
798.66670
799.01650
799.40632
799.62280
800.42770
801.47062
802.08970
802.88974
803.03320
803.25022
803.50000
804.37060
804.51280
805.87306
805.88842
806.50222
807.00394
807.13240
807.18088
808.39438
808.63360
809.11090
810.55690
810.60058
811.97098
812.05660
812.72368
812.90206
812.92384
813.51766
814.38424
815.40484
819.37420
820.08532
820.10014
820.46542
820.56442
820.60516
820.87210
820.87468
821.55214
822.54436
823.64602
825.36874
826.36306
826.82518
826.91116
827.63434
828.36316
828.63556
828.69220
829.34224
831.08872
831.16870
831.24868
831.28294
831.28702
831.32248
831.70852
831.90898
832.02556
832.19182
832.67740
833.45260
834.02524
834.12568
834.29248
835.38886
835.57516
837.18178
837.77356
837.78838
838.10836
838.55170
839.16754
839.31766
839.84164
840.65212
841.01110
841.01596
842.06872
842.24902
842.29744
842.45644
842.67454
842.83222
842.94286
843.11824
843.87454
845.33374
846.38386
846.81772
848.03146
848.60722
849.21376
849.75076
849.84070
849.89782
850.53388
850.66606
850.75036
851.05666
851.08012
851.10646
851.81056
853.02712
853.15912
853.46254
854.63908
854.98978
855.05548
856.47958
856.81894
856.87642
857.28616
857.52946
858.03826
858.43198
858.51526
858.63550
858.63934
858.88708
859.08436
859.09288
860.70208
860.84836
861.89134
862.36186
862.38136
862.39936
862.40866
862.47850
863.44756
863.72026
864.12022
864.83062
865.22056
865.45984
866.11744
866.81350
867.01342
867.18010
867.49102
867.88000
867.93634
868.42912
869.65696
869.75248
869.81296
869.83330
869.83894
870.08254
870.52198
870.74614
870.95698
871.32922
872.12896
873.05836
873.21220
874.58518
874.88908
875.48194
875.60872
875.93476
876.00082
876.03844
876.07510
876.87214
879.08092