3.11728
3.28786
3.43942
3.50818
3.55426
3.56680
3.57988
3.59596
3.62026
3.76690
3.81142
3.84148
4.00612
4.11958
4.36030
4.48240
4.53382
4.75486
4.91716
4.93864
5.09398
5.27482
5.29924
5.61082
6.00586
6.41992
6.70270
7.02640
7.12510
7.26070
7.53226
7.54636
7.57306
8.05258
8.26474
8.99266
10.38496
10.56334
11.08828
11.17240
11.25820
11.30332
11.41654
11.60068
11.99392
14.24806
14.28496
14.39668
14.43166
14.52376
14.59294
14.62024
14.69020
14.75422
14.77060
14.91874
14.95456
15.06748
15.10222
15.20662
15.22516
15.27982
15.49486
15.56878
15.67318
15.81622
15.86758
15.92056
15.96976
16.08118
16.12036
16.14640
16.24942
16.35442
16.39996
16.42366
16.44808
16.74616
19.78858
24.17656
24.31792
24.51892
24.62776
24.64318
25.60612
25.86100
25.97188
26.25268
27.08464
27.20830
27.61738
29.86684
29.87344
29.88922
30.06904
30.19546
30.28858
31.47388
31.79368
32.47900
33.54544
34.27132
35.57920
36.78076
36.89218
36.95608
37.07980
37.09894
37.15108
37.26724
37.38004
37.43710
37.48546
37.50952
37.60720
37.98730
38.03620
38.09290
38.57782
38.71456
38.82394
38.88862
38.95138
39.22204
39.41398
39.43114
39.47800
39.58342
39.86692
39.89758
40.08418
44.95708
45.07546
45.14404
45.18214
45.33490
45.42514
46.15888
47.70334
47.87926
47.99872
48.09574
48.10204
48.21802
48.23452
48.27610
48.28768
48.31354
48.55264
48.57394
48.58492
48.72928
48.74200
48.87958
49.07206
49.08256
49.31368
49.36030
49.54972
49.71010
49.76026
49.77934
49.90138
50.04664
50.08522
50.17600
55.24666
55.76992
55.88530
56.17420
57.31342
58.44658
58.63372
59.98522
60.10780
60.44770
60.70648
60.97138
61.58044
61.61896
61.72180
61.94002
62.03164
62.13388
62.16856
64.41724
66.57616
66.72208
67.02940
67.34938
69.60016
70.25302
70.49944
71.52742
71.85256
71.90122
71.96926
72.04156
72.09268
72.56176
72.64168
72.81196
73.07122
73.38400
73.96216
73.97710
74.01616
74.04922
74.11810
74.20888
74.47150
74.61250
77.37022
78.83080
79.83376
80.46514
80.62156
80.68126
83.37286
83.76682
84.12808
84.31756
85.03204
85.12666
85.39792
85.43332
86.10730
89.14762
89.16520
89.23198
89.28652
89.68168
91.36510
91.53076
91.90078
92.86528
93.13762
93.40948
93.69556
94.21516
94.32748
94.35358
94.38562
94.87918
94.96558
95.04202
95.08126
95.11462
95.60692
95.70916
95.75278
95.76862
101.23840
101.69566
104.75098
104.91304
104.94910
105.33466
105.76522
105.81034
107.66080
108.05074
108.10204
110.20936
110.55814
111.33226
112.36522
112.54588
113.62150
113.74336
113.79556
114.21064
114.36040
114.38038
114.75148
115.19866
115.21390
115.32082
115.58980
115.60240
115.62646
115.73380
115.87312
116.07016
116.16562
120.91732
121.40764
121.53184
121.70818
121.84756
122.24932
122.43640
123.04402
123.15832
124.64122
126.09628
126.20434
126.23440
126.30616
126.35440
126.68698
127.25536
127.48756
127.68574
127.86580
127.90858
128.31802
128.38084
128.61406
129.49180
135.54424
137.96896
138.20296
138.34522
138.47554
138.51790
138.66214
138.89494
139.87768
139.92946
140.62318
140.78242
144.94594
146.50996
146.87932
147.00208
147.08716
147.22870
147.25438
147.35548
147.39214
147.48028
148.05034
148.21156
148.41394
148.68802
148.78708
148.86178
148.93018
149.35888
149.51560
154.73068
157.05568
157.10926
157.22170
157.54282
157.70188
158.69284
158.80702
158.89492
159.06700
159.17344
159.27454
159.79000
164.35822
166.51186
168.01816
168.95200
168.98632
169.01326
169.13044
169.15564
169.68292
169.89460
170.15188
170.38756
170.83450
170.86870
171.03112
171.24292
176.57182
177.34246
178.48312
178.92070
179.46196
179.66314
179.85076
179.90020
179.94784
179.96818
180.02206
180.03616
180.17602
180.60706
180.68782
180.71806
181.11958
181.35742
181.40692
181.47562
181.50724
182.00194
182.17084
182.26120
185.89678
187.66540
187.73440
187.82992
189.89278
190.36048
190.48264
190.60564
190.65514
190.67566
190.70128
190.91950
191.13634
191.49274
191.62456
191.71024
191.91970
192.13948
192.22768
192.41656
192.51568
196.28452
196.45192
197.90098
198.18670
201.40840
201.65158
201.69814
201.72712
201.84256
202.21450
202.50358
203.12116
203.34604
203.44210
203.72056
203.84962
204.80182
210.27748
210.34438
210.48010
211.59364
213.58516
213.68434
214.16854
214.25470
214.37872
214.94050
215.34382
216.80236
218.27668
219.81034
219.97576
222.34060
222.69742
222.72088
222.78352
222.80566
222.85000
222.86704
222.95374
223.13470
223.31614
223.45636
223.65940
223.88380
224.18290
224.44726
224.64820
224.67796
224.87500
226.38412
229.12720
229.93504
230.12488
230.62798
231.80218
232.63216
234.63160
234.70996
234.71872
234.90808
235.22644
235.70326
236.09608
236.41714
236.66068
236.84674
236.88088
236.89204
238.97680
240.76000
240.78316
240.81076
240.83746
241.20172
244.91086
245.79412
246.80392
246.93658
247.67758
248.63260
248.84386
248.89570
248.94334
248.99470
249.06760
253.37620
257.44282
259.16278
260.29582
260.44882
261.56434
263.28892
263.85718
268.52650
268.63012
268.70548
268.85290
268.94380
269.73088
269.90440
270.00016
270.21838
270.53104
270.56818
270.60112
271.26148
271.33276
272.11762
272.91034
277.23940
279.06370
279.08374
279.29026
279.36580
279.37762
279.38836
280.35256
280.67830
280.82854
280.99324
281.16082
281.33596
281.48824
282.00946
286.00144
286.17280
286.21432
286.25956
288.70888
288.80422
288.88810
288.97960
288.99718
289.28128
292.80022
293.01610
293.17486
293.28112
293.41900
293.52634
293.58052
296.92042
299.07532
300.19000
300.54448
301.27996
301.40692
301.68304
301.95952
302.13022
302.24698
302.39344
302.65258
302.69026
303.33274
305.48602
307.74352
307.98766
308.36008
308.43568
313.36012
313.89976
316.41718
317.99866
319.17346
319.21132
321.72616
321.83014
321.95734
322.16650
322.30246
322.58524
322.75240
323.42632
323.79028
323.98456
324.24820
329.35396
330.99676
331.19266
332.55448
332.60506
332.70544
332.87032
333.05632
333.21220
333.35458
333.39634
333.58660
333.91438
334.12888
334.21162
334.58986
334.91500
335.09350
341.40424
342.93382
344.63572
345.31870
345.50854
345.54538
345.62944
345.72286
345.79582
346.06192
346.30150
346.32616
346.90876
346.97290
347.59888
347.66758
348.09124
351.28276
351.74704
356.50924
357.77176
358.41346
358.62910
358.65706
358.75042
358.94320
358.95028
359.19580
359.21314
364.70764
367.54738
370.34302
370.48648
370.58824
370.73602
371.34232
371.80684
372.52936
372.66016
378.64540
378.67690
379.78816
380.12476
380.17138
380.32264
380.42998
381.05050
381.68542
381.77968
382.22356
385.92058
386.56786
387.93166
389.13562
389.30554
389.81908
389.96758
390.17212
390.45364
390.69358
390.90244
391.14604
391.18234
391.38754
391.53382
391.66606
391.68340
391.85860
392.18854
395.21968
397.42276
397.56922
397.71520
401.96734
406.07248
407.77216
408.67288
411.95488
412.39648
413.73388
413.85226
413.97112
415.78690
417.19654
418.57996
420.03562
421.48966
422.72032
422.73778
422.98768
423.12388
423.46072
423.72286
423.96280
424.44772
433.75630
434.15680
434.51008
434.73568
434.82010
435.39478
435.42076
436.11226
436.85350
437.15332
440.09206
441.50548
442.96516
443.10244
443.41930
443.46874
443.48926
444.61222
444.87436
447.03880
447.30010
447.41308
447.51940
447.63616
447.70414
450.13324
450.99676
455.60698
455.99938
456.12340
457.07278
457.15108
457.91506
459.26722
459.61012
460.64668
461.69902
463.48870
468.57076
468.77554
468.89122
468.99802
469.06708
469.77844
470.32684
470.99392
471.05056
471.08842
472.17082
475.42150
475.93702
478.29034
479.38498
480.34462
480.38212
480.40516
480.47170
480.48094
480.50728
480.70090
480.75196
481.00942
481.29934
481.47478
482.01490
482.19766
491.76718
491.99218
493.06258
495.97426
496.81882
501.35638
501.45262
501.58492
502.03024
502.15804
502.16962
502.68142
503.00416
503.15362
503.67316
507.60418
507.62824
510.21988
512.05864
512.27632
512.35810
513.74662
513.92104
514.59172
515.65300
517.34452
519.74806
520.97722
523.66102
523.95016
524.53702
524.65066
525.11644
525.59686
525.85864
527.27836
529.92436
530.72350
530.74918
530.78656
530.79850
530.92348
531.00190
535.13320
535.24870
535.50286
535.73686
535.97146
536.18806
537.40876
538.44478
539.97382
539.99566
540.52042
541.75900
546.00406
546.12742
546.13612
546.74338
547.22620
553.26310
557.81140
557.96548
558.13732
558.16384
558.32380
558.80026
562.88836
564.74194
566.66530
566.68006
566.85430
566.90278
566.98438
567.22552
567.49768
567.95962
568.22734
571.05022
572.96920
572.98426
574.86718
574.90504
574.96450
575.73262
577.41418
577.73320
578.71654
579.11392
579.23740
579.41212
580.51750
583.31134
585.77986
587.67262
587.77156
588.21352
588.26290
589.78444
589.83340
589.89640
589.99048
590.03074
590.08558
590.27590
590.32492
591.22462
591.37870
591.46054
591.64930
594.31552
599.34178
599.36824
601.08754
601.28440
601.30582
601.36648
601.66468
601.74934
601.97920
602.46238
602.63446
602.66044
602.90818
603.12448
607.28866
607.73338
608.11642
608.94280
613.54846
613.65454
613.74766
615.58342
615.70150
615.73756
615.90688
617.37376
617.40634
619.00390
619.33234
620.82550
620.93074
621.08482
621.18172
623.04424
623.13136
623.28580
623.37358
623.38774
623.85448
623.87320
623.91634
623.97484
624.48040
624.59170
624.63904
625.21582
625.35046
625.86346
633.70438
633.84502
633.86554
634.95334
635.12500
635.54824
641.40034
642.16282
642.76810
643.39162
644.89672
645.34234
645.44314
645.80626
647.52178
647.66890
648.32062
654.16966
654.22684
654.25270
654.27088
654.28894
654.32068
654.35452
655.57960
655.90282
656.14768
656.30416
656.43364
660.43822
661.73728
666.05614
668.92654
668.95306
669.02002
669.03286
669.48238
669.49558
669.51262
669.82360
669.98308
670.00714
670.06198
670.07296
671.84728
672.46000
675.36010
675.88252
676.12180
676.19164
676.20394
676.21588
676.23310
676.36012
676.43398
676.60984
676.92778
677.03734
677.70382
678.01198
678.22414
678.29284
678.37618
678.41842
678.50524
678.69592
681.97978
683.97514
684.47974
685.77604
685.86034
686.68276
686.77594
686.92744
687.35644
687.98272
691.50010
694.11412
694.20694
697.90882
698.17384
698.70166
699.85192
700.32748
702.85474
706.80694
708.84736
709.00456
709.15636
709.23244
711.15424
711.16450
711.28762
711.31384
711.62944
715.08904
715.84858
718.81864
720.73852
721.22386
722.81536
723.13450
723.51760
726.07012
726.11170
726.87364
728.69338
729.51298
729.59884
729.74014
729.99778
730.24822
731.16106
731.21056
731.44306
731.49622
733.62712
735.67858
735.72190
736.71166
739.75366
741.02908
742.01284
742.39678
746.57452
750.57484
752.54764
754.43230
754.56730
754.66864
754.79842
755.42782
757.02502
760.90648
760.97530
761.07688
761.67160
761.70940
762.23452
762.92836
763.08946
763.38274
763.39678
763.41130
763.43230
763.44364
763.53382
763.55098
763.90084
764.19328
764.28808
764.96152
765.23356
765.47692
765.53638
765.56782
765.61768
765.64828
774.11056
774.19372
774.91852
775.19026
775.87708
776.08684
781.18504
783.39520
784.77766
784.83316
784.90384
785.33968
785.85448
785.86972
786.37780
786.62404
790.89766
790.91278
793.78666
794.32096
795.25402
801.56932
801.62116
801.64234
804.11590
806.93194
807.05914
807.19768
807.24316
807.27172
807.79912
807.97108
808.28200
808.77412
808.95772
813.56176
816.48628
817.89238
818.14048
818.88370
819.78718
819.80704
821.71840
822.88180
823.27360
823.29196
823.31392
824.97058
825.52366
828.62866
828.88342
829.58386
829.77862
829.83358
829.97368
830.38696
832.05694
835.93444
839.69266
840.05734
842.31502
842.67172
843.18310
843.49744
843.53500
843.54982
843.58972
843.66778
849.23836
852.28276
852.82516
852.86104
852.90724
853.13524
853.62082
853.74550
854.12860
854.41630
855.35800
859.08310
862.25542
862.74772
862.90930
863.80720
863.89912
864.40030
864.50230
864.57316
865.29106
865.30930
865.85608
871.19404
871.25758
871.27402
871.28410
872.46232
873.65092
873.85570
875.09596
875.31694
875.59984
876.06826
876.14716