0.98608
1.28104
1.69372
2.02744
2.03104
2.29174
2.83786
3.02104
3.06400
3.06850
3.50428
6.46294
7.50160
7.84810
8.15770
8.16544
9.53938
9.55546
9.55762
9.59284
10.14598
10.17226
10.48426
11.19628
11.55064
11.55280
12.40996
13.34212
13.34680
13.59940
15.66970
15.92044
16.57996
16.96300
17.00014
17.58010
17.85676
18.11086
18.15442
19.03864
19.05124
19.56520
20.25028
20.76718
22.13038
22.73446
22.75978
23.27428
23.29678
23.85526
24.86632
25.53850
25.55722
26.27026
26.28316
26.29522
28.18294
28.20424
28.38778
28.78798
29.45074
29.89714
29.91214
30.12556
30.53932
30.54190
32.66416
33.26374
33.85522
34.63408
34.93588
35.11438
35.16106
35.31724
35.39224
35.74894
36.13792
36.20572
36.32074
36.51736
36.53086
36.55456
37.56010
37.73368
38.60398
41.31232
42.26080
42.32038
43.13764
43.85008
44.70154
45.15328
45.49108
46.55716
46.60696
46.62082
46.74364
46.88284
46.88944
47.20558
47.22358
48.74344
48.75004
49.49650
49.51006
50.41876
50.42380
50.65060
51.08572
51.14140
53.12338
53.13676
53.15692
53.17258
53.74534
53.76574
54.23224
54.64504
54.87400
54.96892
54.99220
55.03030
55.50730
55.78900
56.29444
57.27106
57.69730
57.72538
58.29148
60.39088
61.65562
61.65760
61.67662
61.99024
62.20012
62.36686
62.70106
63.46258
63.47752
64.63066
64.64404
65.03122
65.72914
65.75308
66.39592
66.50650
67.24744
67.66192
68.03992
68.04892
68.05138
68.08300
68.48314
68.55478
70.03900
70.45360
70.66438
71.56234
72.16240
72.59710
72.59926
73.02874
73.10242
73.33930
73.64068
74.00344
74.89012
74.89570
75.13168
76.03216
76.08214
76.08490
76.64488
79.41748
79.73650
79.93228
80.72392
80.72824
80.98102
81.01222
81.57166
83.71582
83.74468
83.79556
83.88778
84.22144
84.23086
85.39720
85.50124
86.33098
86.37136
86.88364
86.97682
88.14142
88.64176
89.74018
89.74936
90.29680
90.58852
91.20664
91.23022
91.26694
91.53940
91.55584
91.90432
93.37204
93.37444
93.75340
93.78316
93.80692
93.82612
94.64638
95.06962
95.56012
96.83008
97.26574
97.27054
98.33818
98.70052
99.26932
99.30196
100.77256
100.83886
101.35930
101.36476
101.56954
102.03628
102.04648
102.07426
102.07900
102.74620
102.76402
102.78376
104.65702
104.70310
105.18658
106.44262
106.54210
107.18620
107.81776
107.84044
108.22474
108.29566
109.31872
109.33240
110.82802
110.86606
111.38518
111.78118
111.78778
112.69732
112.72594
112.75486
113.23222
115.83574
116.22808
116.62048
116.63818
116.94178
117.77800
117.84100
118.37530
118.67992
118.95142
119.25808
119.50066
119.85694
119.95774
120.24148
120.24724
120.86830
120.91024
121.35052
121.76848
122.08510
122.97346
123.26254
123.79030
123.83896
123.88984
124.96258
125.03218
125.40022
125.80666
125.80948
126.01954
126.30622
126.52648
128.69230
129.02344
129.02848
129.36046
129.41200
129.41572
129.74326
130.83256
130.84966
130.86148
131.23900
131.26606
131.26870
132.51868
132.52504
132.63208
133.66846
134.09128
134.10478
134.92732
135.29242
137.40850
138.11008
139.24474
140.37484
141.00766
141.01768
142.03006
142.04044
142.04602
142.06864
142.32778
142.61062
143.94664
145.17658
145.40722
145.41166
146.51692
146.56162
146.73058
147.51586
148.97710
150.37690
150.37906
150.46690
150.91180
152.25712
152.26372
152.27740
152.82658
154.09132
154.83256
155.27722
155.50666
155.88676
156.97306
157.04902
158.47864
159.04588
159.06910
159.79870
160.83382
160.86310
161.23918
161.26174
162.35866
162.38806
162.39418
162.41908
162.61420
163.57150
163.59172
163.60156
163.61794
163.93576
163.95496
164.22154
164.23606
165.40150
165.85570
166.40860
166.95562
166.96672
168.34786
168.39604
168.43174
168.92980
169.10434
169.54756
170.10724
170.12110
170.12590
171.09442
171.09808
171.93484
171.94132
171.99946
173.08762
173.12386
173.82070
175.43734
176.16130
176.78392
176.78782
177.30832
178.57696
179.53336
180.07372
181.03438
181.04668
181.71712
182.05996
182.20714
182.40982
182.45974
182.46592
182.74438
183.25930
183.26338
183.29938
183.30748
185.48590
185.85346
186.01552
186.46474
186.48862
186.57766
186.58894
187.20784
187.22020
187.25116
187.91914
187.94002
188.63026
188.63512
188.65948
188.68390
190.52152
190.62472
190.80058
190.94164
191.58508
192.64198
192.82372
193.10104
194.44180
194.47732
195.14428
196.46734
196.49596
196.50502
196.83586
197.76634
198.68362
199.15048
199.15540
199.17724
199.42798
200.05054
200.06434
200.07178
200.10628
201.30082
201.35200
201.48394
201.48772
201.50446
201.86512
201.91504
202.89928
202.93846
204.41890
204.42310
204.44548
204.45532
204.46654
205.06588
205.71010
205.98922
206.97676
207.44806
207.46816
207.47518
207.51202
207.67996
208.72966
208.74964
208.75564
209.29642
209.30548
210.13156
210.34672
211.33138
211.36288
211.37554
211.58134
211.60060
212.36650
212.37796
212.39302
213.67312
214.96408
215.48170
216.05590
217.03330
217.21942
217.95772
217.99294
218.14678
218.36818
218.71432
218.79322
219.12190
219.12382
220.11388
220.65088
220.67746
220.83022
221.18494
221.70412
221.75116
222.08932
222.09844
222.50080
223.00780
223.21702
223.45378
223.48954
226.12072
226.96186
227.00206
227.40382
227.77186
228.14662
228.19714
229.15420
229.17274
229.24426
229.53418
230.12932
230.55598
230.72404
230.75476
231.60658
232.76032
233.81464
233.81800
233.82742
234.23794
234.52468
235.34740
235.36486
235.75306
236.79274
237.01168
237.19012
238.16728
238.18330
239.23714
240.46444
241.74850
241.76218
242.10058
242.12626
243.00244
243.00760
243.04720
243.95590
244.06822
244.75774
244.77418
244.99252
246.16816
246.25774
246.27958
246.31390
246.42076
246.44866
246.47974
246.57700
246.72664
248.46742
249.68890
250.48948
250.49440
250.54522
251.48836
251.50522
251.52622
251.55634
251.64790
253.97152
254.02636
254.45416
256.17040
256.32568
256.97032
257.59390
257.70160
257.93098
258.24748
258.29350
258.93748
259.03390
259.26412
260.47006
261.19792
262.26892
262.35814
262.76092
262.83418
263.72302
264.40918
264.45118
264.47236
265.90222
266.43784
266.49736
267.43756
267.57790
267.72448
268.68442
269.26516
269.45998
269.81608
270.96442
270.99562
271.39936
271.40350
272.33572
272.38888
272.78542
272.87206
273.49216
274.19494
274.51114
275.33242
275.36518
275.37898
275.50912
275.52922
276.24166
276.66082
276.68104
277.78144
278.57128
278.59492
279.84490
281.01250
281.03452
281.30842
281.54812
282.68530
282.95242
282.95500
284.00008
284.30686
285.62200
287.18686
287.21566
287.35960
287.95096
288.88228
289.11946
289.14676
289.38286
289.42198
289.85302
291.20938
291.54922
293.52454
294.63646
294.64528
294.69718
295.11790
295.15912
296.27962
297.17590
297.20668
297.44692
298.06444
298.06672
298.09528
298.45906
298.79782
299.55526
299.57116
299.57446
299.58118
299.81140
300.86092
301.26214
302.64448
302.64970
302.93914
304.73386
304.74796
304.79608
305.02486
305.03236
305.34370
305.63716
306.35146
306.81382
308.16268
309.59974
309.60628
309.61984
309.62668
309.65692
309.75004
309.77014
311.19664
311.55814
311.57758
312.50398
312.51460
313.18114
313.18696
313.19794
313.21318
313.23154
313.25032
313.91794
313.93720
314.57428
314.61232
315.19522
316.09756
316.29556
316.29718
316.76170
318.69484
320.17810
320.71702
320.74216
320.82958
321.11320
321.38968
321.40426
321.94462
322.62844
323.20678
323.78992
323.83216
324.89890
324.96766
326.22640
326.23600
326.45152
326.82028
326.84632
327.24970
327.25636
327.28450
327.29164
328.52398
329.22982
329.23486
330.09076
330.09814
330.73684
331.58722
332.35720
332.89174
333.22750
333.36046
333.85924
334.61170
334.63132
335.19148
335.41798
335.43532
335.71846
336.15316
337.75456
337.76188
337.77070
338.29312
338.29780
338.94490
338.95402
339.48526
339.49288
339.51592
339.57460
340.83130
341.03404
342.77002
342.92512
342.97138
343.29868
343.90444
345.09160
345.26284
345.71404
345.72808
346.39318
346.41148
346.98094
347.01502
347.02558
348.06886
348.07426
348.08356
348.09880
348.22582
348.23884
348.45796
348.49288
350.36914
350.70874
351.59212
352.81180
353.22190
353.81200
353.83594
354.34258
354.60922
355.16032
355.89346
356.47624
356.56258
357.22930
357.24754
357.27148
360.59404
361.40692
361.81162
362.40580
362.43280
362.43730
363.05296
363.08206
364.25302
364.25710
364.32076
364.92688
365.15128
365.46412
367.10686
367.75936
367.77874
367.81042
368.52868
368.54056
369.35728
369.49102
369.50332
370.40026
370.59850
372.89680
373.73566
374.07142
374.10532
374.15536
375.64858
375.67924
375.68200
376.22806
378.02260
378.75304
379.05568
379.82632
379.83742
379.84084
380.97364
380.97748
381.27808
381.85270
382.42786
382.44238
382.96882
382.98946
383.68828
384.41242
384.88744
386.96278
386.96668
386.98606
387.00826
387.01576
387.04564
387.19978
387.44422
387.79600
387.91582
390.18496
390.18688
390.63088
390.63988
390.64594
390.99214
391.03366
391.75114
391.76662
392.43982
392.46250
393.44368
393.55738
393.89218
394.31182
394.38058
395.78632
396.52954
396.58642
396.58984
396.93826
397.40146
397.43080
398.19088
398.89108
398.90338
398.93032
399.05410
399.27400
399.71344
400.85734
401.35486
402.83692
402.88390
403.16536
403.17820
403.51792
403.54888
404.15440
404.59684
404.60674
404.63098
405.50776
406.14424
406.18126
406.28974
407.39824
407.82322
408.98752
410.13322
410.13868
410.15020
410.40460
410.57812
410.59816
411.03580
411.29212
411.39964
412.05124
412.10914
412.21504
412.81438
413.39254
414.10564
415.58518
415.59160
416.33236
416.96566
418.05352
419.36242
420.29434
420.31402
420.98950
422.25628
424.36894
424.68868
425.51938
425.57350
426.07498
426.09586
427.05376
427.24564
427.67002
428.36908
428.55742
430.20988
430.26046
432.20956
432.22600
432.24196
433.17844
433.22500
433.83940
434.25976
434.93998
434.94544
434.96578
434.97310
434.97526
435.31600
435.69334
435.72310
436.03900
436.04614
436.05514
436.10446
436.61266
437.00596
437.81950
438.54922
439.19020
439.21312
439.33360
439.91284
439.91764
439.93330
440.55670
440.55988
440.58610
440.68702
441.42328
442.01848
442.50382
442.57666
443.27950
443.30638
443.83918
444.48886
446.38258
448.49668
448.50370
448.77088
449.34658
449.34814
449.54404
449.55352
449.56462
450.19984
450.31240
450.32722
450.72016
450.73768
450.76342
451.63510
451.65070
452.39308
452.40796
452.73274
453.35116
454.78138
454.81126
454.82686
454.84054
454.85428
454.89388
455.39914
455.41156
455.56102
455.79760
455.84830
455.98462
456.79108
456.79888
456.85786
457.52854
458.65498
458.67874
458.68690
458.70208
458.75242
460.34296
460.34662
461.02348
461.85310
461.87560
462.00508
462.01726
462.60214
462.75694
463.45972
463.53058
464.04070
464.68312
465.35494
465.37006
465.37714
465.39808
465.98566
465.99664
466.04356
466.60810
466.85710
466.93846
467.34922
467.36548
468.91414
469.13032
470.58232
470.63272
472.07752
472.09552
472.12240
472.80898
473.69692
473.74588
475.08910
475.72504
475.77514
475.79662
475.96702
477.30196
477.47920
478.26352
478.56598
479.33458
479.65912
481.01614
481.03780
481.76686
481.78246
481.80838
481.82512
482.94940
482.95438
483.20656
483.22864
484.58062
484.69906
485.17804
486.04240
486.04588
486.39850
486.42532
487.26286
487.28608
487.38580
487.39594
487.43566
489.44824
489.55048
490.13272
490.14652
490.28386
490.66966
491.00842
491.02720
493.52266
493.54408
493.54618
493.56100
493.91548
494.68684
495.82306
496.21834
497.15668
497.15998
497.20120
497.20420
497.21728
497.23240
497.63038
498.70852
498.94726
498.99370
499.07650
501.15544
502.14322
502.64194
502.67086
502.85536
502.87336
504.07054
504.43084
505.20106
505.32088
505.61536
506.41168
506.44402
507.14218
507.90322
507.97330
507.97516
507.98902
507.99892
508.75492
508.76842
508.77862
508.80088
509.72038
509.78092
510.23350
511.37050
511.96792
512.00098
512.01352
512.77462
513.39190
513.39790
513.57778
514.16944
514.26406
515.08714
515.50114
515.50300
515.70040
515.71618
515.75296
515.93788
516.98350
517.01776
517.03930
517.23118
517.38148
517.74730
518.56534
518.58430
518.59060
519.35422
519.50110
519.88810
520.13632
520.14208
520.48438
520.91200
521.37724
521.41138
521.79988
522.11374
522.57112
522.89092
522.91480
524.02102
524.10214
525.23128
525.24820
525.27274
525.40312
525.80026
527.01748
527.09572
531.03400
531.22840
531.75106
532.71826
532.75750
532.79440
533.11282
533.14438
533.74738
533.83000
534.77092
535.71184
537.02656
538.07446
538.89088
539.78794
540.69952
541.05754
541.06012
541.07122
541.11088
541.39090
542.13820
543.63406
543.63838
544.17544
544.65226
544.66144
545.49592
545.81236
545.85616
546.05596
546.05974
546.47020
547.98238
548.00110
548.00872
548.37730
548.41240
548.41522
548.42986
549.42508
550.44184
550.48444
550.62166
551.03788
551.86246
551.88310
552.00922
552.01468
552.04510
552.32890
552.35218
552.36898
552.87856
552.89134
553.05952
553.12102
553.30462
553.89142
555.89398
555.90814
556.14244
556.54132
556.65196
557.82694
557.83312
558.29818
558.30376
558.33298
558.85714
559.63378
559.81024
559.81312
559.84348
560.46784
560.51092
560.53438
560.54344
560.54572
561.15058
561.16684
561.90268
562.15636
562.17346
563.56660
563.58964
563.97004
564.52372
566.49946
567.57826
567.58462
567.63604
567.64234
568.17250
568.52212
568.59898
568.60738
568.83382
568.83928
569.03482
569.03710
569.73502
569.79016
569.79466
570.47680
570.49252
570.52918
571.15882
571.17934
572.13154
572.13538
572.18098
572.19256
572.40460
573.13450
575.59816
576.56734
577.98580
577.99414
579.76732
580.46698
581.11336
581.15638
581.51092
581.52742
582.03904
582.05422
582.29956
582.62650
583.15702
583.57606
584.31982
584.33338
584.46316
584.49496
584.73040
585.70072
586.45432
586.90072
587.30230
588.53812
588.70186
589.56652
589.96750
590.02054
590.58076
590.61502
590.86810
591.72592
591.73096
592.02448
593.81518
593.82790
594.19282
594.20332
594.60616
594.92356
594.97744
595.37848
595.39000
595.56718
596.38558
596.43022
597.34372
597.70222
597.70948
598.81396
600.34576
600.40144
600.41716
601.10506
601.12222
601.15228
601.16848
601.38898
602.17546
603.63790
603.66484
604.97818
605.11804
605.12590
605.14132
605.81194
605.85220
606.22210
606.22888
607.16014
607.19626
607.23478
607.64050
607.86748
608.33206
609.33124
609.36784
609.39622
610.23094
610.26826
610.28266
610.44160
610.79782
611.06788
611.07520
612.08200
612.09178
612.09532
612.29962
612.36484
612.69850
613.56190
614.14282
614.81164
614.81902
615.07432
615.08710
615.70078
616.36696
616.47772
616.49794
616.53214
616.78000
617.19610
617.62528
617.89108
618.41830
619.08184
620.36692
621.04906
621.25642
621.69736
622.51942
622.53286
622.54948
623.79322
623.96242
624.00178
624.01318
624.02314
624.88720
624.90082
625.26586
626.21002
626.49454
627.43870
627.83908
627.87964
627.96148
628.79608
629.72566
630.99004
632.17402
632.18362
634.34038
634.67752
635.08636
635.90698
635.90920
635.93632
636.25762
637.22254
638.19700
638.22724
638.62426
638.81146
639.01342
639.83506
640.20628
643.30966
643.37146
643.72852
643.98118
643.99030
644.55160
645.29116
645.30496
645.30808
645.38986
645.83824
646.13056
647.27932
647.34208
648.45436
649.02706
649.03132
649.05670
649.14088
649.30414
649.36780
649.45624
650.23876
650.26834
650.27116
650.29312
650.48512
650.53402
650.74852
650.75596
651.08530
651.11344
651.16762
651.26830
652.60774
653.57218
653.58532
653.63884
653.95282
653.98624
654.60838
654.63202
655.15918
655.23178
656.37226
656.92924
657.59830
657.61342
658.94812
658.95700
660.10432
660.11734
660.61606
661.43704
661.45882
662.78086
663.11380
663.52312
663.87364
664.15558
664.75348
666.10732
666.49018
668.22130
668.29516
668.34406
668.72020
669.02980
670.20910
670.35598
670.78024
671.14312
671.36656
671.75866
672.37606
673.40248
674.35072
675.22612
675.23164
675.34732
676.01392
677.23498
677.56774
678.22876
679.08196
679.10236
679.65892
680.04178
680.04892
681.22312
681.22642
681.64912
681.66058
682.08700
682.21606
682.41808
683.14240
683.67694
684.20374
684.77422
684.82000
685.42072
685.43446
685.84036
686.83564
687.36370
687.40072
688.22650
688.23598
689.25802
690.45610
690.56254
690.57256
691.34182
692.25256
692.30314
692.96422
693.03898
694.39948
694.43248
695.41360
695.79706
696.72166
696.78016
697.28716
697.29418
697.30042
697.31452
697.52710
698.05546
698.05822
698.22778
698.86774
699.46114
699.46702
700.29994
701.18866
701.96122
702.99460
703.00450
704.14174
704.21158
704.23420
704.43316
704.68444
705.00496
705.48352
705.66112
706.45390
706.53352
706.70092
707.19598
707.78506
707.85778
708.85720
708.91672
709.07422
709.14472
710.05108
710.69482
711.00382
711.62524
711.64072
712.05424
712.11106
712.84894
714.00112
715.27180
715.27594
715.29316
715.31098
715.32964
715.79980
715.84636
717.41542
718.68076
720.66436
720.97402
721.11160
721.66792
724.64302
724.67884
724.68946
724.69918
725.02876
725.03260
725.73622
725.78452
726.52990
726.79180
727.44166
728.62522
728.93158
731.00026
731.01106
731.01574
732.77722
733.67368
733.70356
733.95094
733.98124
734.03374
737.77528
738.13444
738.18346
739.09138
739.53808
739.88794
740.21878
740.68024
741.05956
741.06388
741.12880
741.93406
742.95238
742.95508
742.96210
742.97836
742.98328
743.05462
744.22060
745.10860
745.12510
745.13002
745.23670
745.75648
745.78858
746.62498
746.63302
747.29488
747.34906
747.36448
747.40108
747.52516
747.70864
749.08846
749.58640
749.60476
750.13174
750.14914
750.15280
750.16912
751.71748
751.77472
752.98948
752.99254
753.70300
753.71224
753.94798
754.52734
754.67902
754.68502
754.81966
754.85236
755.85886
755.90020
755.92630
758.21248
758.86228
759.35602
760.47250
760.47622
760.51822
760.60342
761.01304
761.01808
761.63296
762.05944
763.61650
763.63228
763.67908
764.63632
764.75512
764.83162
765.47044
765.95326
765.98752
767.02984
767.03470
767.03842
767.04556
767.12044
767.90536
768.07588
768.08224
768.37792
768.59056
769.15318
769.68844
770.16520
770.91922
771.81640
772.49398
773.19322
773.64046
773.65186
774.63850
775.20430
776.56954
776.57650
777.08290
777.54208
777.99004
778.01218
778.79878
778.99480
779.45830
779.49472
780.24478
781.12498
781.14328
781.84972
784.01140
784.06186
784.11172
784.90882
784.92910
784.98166
786.06304
786.07666
786.16132
786.49882
787.67344
788.01736
788.39650
788.42638
788.43898
789.34468
789.36424
789.50086
789.84148
789.85738
790.33054
790.57660
790.58962
790.63600
790.90240
791.34844
791.50822
792.30226
792.31768
793.01728
794.32552
794.32810
794.61202
795.34534
795.35470
795.36316
795.36928
795.48214
795.53428
795.98782
797.53210
797.58430
797.62954
797.86882
797.90086
798.59506
798.59788
798.61384
798.63586
798.64150
799.31566
799.35100
799.41880
800.28028
800.30950
800.31898
802.34542
802.94938
803.56138
804.05500
804.68782
804.69298
805.43920
805.45492
805.78534
805.82338
806.40526
807.06412
807.07210
807.08506
807.09550
807.12844
807.87814
809.45068
809.46574
810.54694
810.57118
811.48138
811.83430
811.88890
811.89112
811.90888
814.82062
815.34892
815.80366
816.58834
816.62236
817.67296
817.68232
817.69246
817.72768
818.00020
819.57790
819.75400
820.40854
820.99852
821.01124
822.99076
824.18974
824.26198
824.81476
824.96836
824.99152
826.05088
826.60384
826.61266
826.62094
826.63654
828.02128
828.50890
829.39462
829.42714
830.57392
830.60728
830.99632
831.01180
831.76294
832.44004
833.09320
833.13460
834.52624
835.01044
835.08970
835.11028
835.56388
835.78420
836.13382
836.30938
836.33638
836.63644
837.39682
838.37308
838.38376
839.35996
839.39308
839.64448
839.65516
839.65966
841.38496
841.38712
841.39864
842.26654
842.28640
842.30710
842.43538
842.84272
842.84980
843.90970
845.09464
845.15104
845.19022
845.34622
846.75814
847.12630
848.07496
848.09014
848.10136
848.10928
848.12410
850.17316
851.34124
852.36466
852.39862
852.48916
853.72252
853.74340
854.06836
854.85184
854.86798
856.01554
856.04728
856.19074
856.34032
856.35418
856.81120
856.84330
856.88632
857.61088
858.34744
858.74764
859.70440
861.01624
861.05068
861.07546
861.36298
862.08202
862.12930
862.13248
862.13926
862.14952
862.19932
862.37626
863.97892
863.98240
864.77902
865.82428
866.07796
866.08546
866.39578
866.42860
866.43370
866.75164
866.76136
866.78164
866.81518
866.89066
866.90938
866.92642
867.72574
868.26814
869.52514
869.55154
870.30856