0.13864
0.58858
0.62224
0.67198
0.96592
1.24552
1.47256
1.63930
2.08942
2.95660
3.06706
3.88018
4.17652
4.64374
4.76038
4.87708
5.14420
5.40196
5.57470
5.88190
6.09448
6.14794
6.33214
6.43132
6.69472
7.22566
7.58578
7.68298
7.87594
8.14246
8.65018
8.79556
8.83366
8.90956
9.11608
9.34294
9.44962
9.49318
9.51724
9.67666
9.70366
10.11298
10.16770
10.77718
10.84702
10.90126
10.97722
11.16814
13.40524
21.95830
24.08332
24.41932
24.98104
25.45048
25.62364
29.05972
30.06928
32.93776
33.05752
34.85206
36.35884
37.64038
37.85068
37.85968
38.05972
42.14248
42.42304
44.07634
45.36016
46.52764
46.55074
48.06892
51.81388
51.83944
59.92012
61.73716
66.57712
73.99162
77.25682
78.99712
79.07110
80.42692
80.45494
80.52442
81.73540
82.54216
82.80628
83.56822
83.72836
83.86168
90.22678
90.26440
93.77578
93.94534
94.08688
94.47898
94.52890
94.72636
95.07802
95.46004
95.47942
95.85496
96.96142
97.28674
98.12050
100.32118
102.62188
103.94566
104.47300
104.67274
104.83426
106.67308
108.44938
110.05516
110.62636
111.46822
115.55440
116.01838
116.16808
116.91682
118.49590
121.54630
123.88612
125.10544
126.29656
127.68610
132.01726
135.34432
136.97662
139.50682
140.10376
140.17030
140.35114
141.17464
141.83722
142.15234
143.17030
143.25424
144.11422
145.13086
148.58590
151.53778
153.64546
154.83490
158.72200
159.16558
161.24176
162.06322
163.20484
166.65712
166.74706
169.54126
170.01964
170.46718
170.47444
172.41766
173.36608
173.56114
174.07180
174.47128
176.04736
176.42866
176.70904
177.94126
178.44580
179.16712
179.65966
179.77630
180.69790
181.28908
181.33714
181.65592
184.70440
186.32758
188.06134
190.43902
191.58214
191.86966
193.09732
193.18198
193.21528
193.58950
194.49604
196.45600
199.09726
199.71400
199.76140
200.30782
200.31742
200.76100
201.90796
202.06432
204.30052
204.52516
204.79078
204.93166
205.04584
205.39852
205.53934
208.09630
211.70710
215.24998
217.69780
217.95304
218.27734
220.14424
220.42360
220.53664
223.19446
224.56786
226.04806
226.05406
227.00452
227.35798
227.83612
227.98906
230.37568
230.38000
231.45436
233.48200
234.64168
238.00540
238.14616
238.75582
238.79956
238.92634
239.02402
240.27574
242.41972
244.91074
247.52506
248.34646
250.78696
251.76604
251.79952
258.80902
261.07078
261.42016
262.94020
263.82688
265.87948
268.90342
269.75800
271.95370
274.70320
280.37680
281.61418
283.16824
283.21444
283.35394
289.18162
289.36714
292.09858
294.12916
296.09890
296.56468
296.67448
300.98758
302.13934
304.38310
305.70598
306.04228
306.30580
307.05334
307.05640
307.45012
307.49926
315.79360
317.55784
318.46486
318.81736
319.36462
319.47484
322.15876
322.40500
323.90920
329.36092
329.63692
331.47838
331.87102
332.79226
334.15750
334.34134
338.26804
338.51818
338.75428
340.38112
340.67944
340.91440
341.55226
341.87212
342.98818
343.00594
345.47614
346.39192
348.67396
357.34156
360.73534
363.29266
363.32980
363.37690
363.38866
364.45348
364.88644
367.21546
367.32328
370.13734
371.54968
374.36164
374.59216
374.60824
374.62834
374.75512
375.37228
375.48874
379.01560
379.81678
379.85086
381.82234
382.95736
384.75772
386.47816
392.12014
394.44886
394.69426
400.55578
400.56946
402.20980
404.04640
406.68538
406.72828
407.17444
408.68194
415.60354
415.65856
415.84162
416.21812
416.59402
418.13968
418.18852
418.25488
418.82146
419.51920
419.59054
419.81320
420.02692
420.18646
420.58018
422.77078
426.00520
426.30796
437.42608
439.24600
440.68366
445.65814
445.65982
445.76224
447.37510
448.20202
448.27348
449.40322
450.14980
451.11664
451.91482
451.93852
452.77378
452.82394
454.87744
457.51348
458.73826
460.56142
462.25168
464.91316
468.33502
468.65716
473.95192
474.51418
477.36730
478.23268
479.78608
480.21196
480.83668
483.40768
487.15822
487.83736
488.23000
488.41684
491.26174
491.59822
492.36532
492.43960
492.47890
494.86000
495.84550
497.70124
498.89182
499.26076
500.97934
508.56994
510.64480
512.26522
514.81252
517.27690
517.30120
522.54886
527.59888
528.24226
528.90550
530.86660
532.82080
534.82318
534.97906
536.89372
539.41840
539.51404
543.07450
543.13300
543.77668
544.23352
544.52110
545.40052
546.98464
547.01020
547.57498
550.41220
550.56628
551.42872
554.32690
556.97542
559.38172
562.67410
562.89388
562.91848
562.93042
563.06656
563.23090
563.24704
564.74188
567.42844
567.83272
569.34574
571.19092
572.47072
573.98824
573.99568
575.53606
579.70690
580.15918
580.44814
582.12190
583.89424
585.53962
587.02648
587.32342
587.34772
589.88350
591.32224
593.31790
596.30920
601.36066
601.71700
602.45746
607.06150
608.07538
608.58286
612.35908
613.36804
614.97046
614.98204
615.02692
616.70944
617.79454
618.99724
621.42880
624.75610
625.18468
626.19238
626.89264
628.75972
634.80046
637.11136
638.82496
639.00316
639.15730
642.67546
645.66094
648.70654
648.92206
652.01470
655.27432
656.03044
658.39300
658.92742
659.03686
660.26350
660.32308
660.88666
661.22752
663.15982
663.25654
663.84136
663.89152
664.66246
665.20666
665.26096
665.65084
666.78064
667.68688
667.82734
669.15988
669.46756
669.51598
672.30058
675.91006
676.47556
679.86190
679.90204
680.86852
683.50456
683.74864
684.08260
684.39910
685.92736
692.24080
693.21244
694.45078
695.21878
695.89126
697.92160
699.60064
700.10038
701.15032
701.27752
702.41092
702.95968
703.27450
709.22302
713.01700
715.41880
717.58558
719.11894
720.88888
721.26352
722.35954
724.76764
727.48498
727.62244
727.93780
727.98334
729.19108
729.51100
732.99898
734.92996
735.38158
737.00452
739.46326
739.49020
741.89044
742.61668
743.33668
743.97784
744.03088
747.76948
754.09450
758.58946
760.50076
761.85676
761.86288
762.39658
764.34460
765.15394
768.19186
768.33418
776.25064
777.80764
777.86440
778.58266
780.04114
780.13324
781.54492
782.51416
782.85496
782.98822
783.40936
784.90288
788.22988
789.96352
790.90312
793.51882
793.82062
796.19236
797.68312
797.80726
798.88840
801.65836
801.93628
805.46842
807.65692
811.03642
813.82144
814.56484
815.00086
815.72524
817.83304
818.46658
818.86240
818.97622
822.44056
824.05498
825.00346
825.60376
828.10132
830.53696
832.34758
832.66780
833.01472
833.06410
834.49792
834.82210
835.27192
836.70592
836.79286
836.83948
836.94298
837.13840
837.62656
838.99948
840.23002
840.24664
840.34030
841.20160
841.58074
842.79748
846.52756
846.54016
846.88858
847.89004
851.13628
851.30014
851.62444
855.51544
857.10388
858.39244
858.80566
858.95026
859.02610
859.17964
860.91268
861.11344
863.23288
864.05428
864.87124
865.33786
865.51330
867.53818
868.65508
868.84864
869.86408
870.27892
870.60760
872.75674
872.89894
874.66270
874.85572
875.35102
875.93218
877.13914
877.28146
879.51940
883.20634