0.02956
0.03418
0.32656
0.70228
1.34476
1.36288
1.63396
1.67542
1.71754
1.82908
1.86718
2.35174
2.65756
2.72494
2.81158
3.35434
3.40540
3.47722
3.51220
3.52300
3.69094
3.99670
4.04092
4.13566
4.29070
4.29532
4.30288
4.30732
4.50628
4.62394
4.65124
5.27386
5.33944
5.88742
6.08734
6.19732
6.43078
6.46750
6.47368
6.50692
6.84310
7.07650
7.26442
7.36036
7.62358
7.71664
7.98718
8.31880
8.36428
8.44690
9.08398
9.52468
9.68290
9.78970
10.13344
10.18648
10.31974
10.32976
10.51102
10.57330
10.59232
10.63390
10.89868
10.94206
11.19658
11.46400
11.92318
11.99326
12.12394
12.25870
12.40600
12.67342
12.87520
13.16506
13.21636
13.23946
14.03908
14.41012
14.42266
14.55460
14.60248
14.62780
14.63698
14.74030
15.05362
15.17908
15.33004
15.37912
15.40378
15.40966
15.80848
16.15702
16.46728
16.74340
16.78792
17.18272
17.44918
17.50780
17.54560
17.60248
17.64622
17.65438
17.88556
17.95714
18.11422
18.22480
18.46234
18.47626
18.54298
18.65266
18.99928
19.13110
19.53244
19.63222
19.72546
19.90330
20.11306
20.36986
20.73322
21.29848
21.36766
21.39586
21.41716
21.78556
21.87640
22.34356
22.53808
22.58836
22.61038
22.62166
22.66864
22.77826
23.08330
23.19484
23.21884
23.59204
23.83348
24.43156
24.48784
24.65860
25.32982
25.37872
25.41850
25.46830
25.56502
25.77610
25.77970
25.81198
25.83136
26.11624
26.14330
26.14822
26.26672
26.69230
27.11812
27.51544
27.53098
27.53746
27.58516
28.14766
28.31038
28.32802
28.43230
28.46446
28.82794
28.86748
28.90732
28.94758
28.94920
29.07718
29.29348
29.66596
29.80144
30.14734
30.40984
30.47830
30.50380
30.76402
31.09852
31.27498
31.27822
31.33372
31.36528
31.56892
31.61284
31.79368
31.98928
32.00068
32.03722
32.04748
32.06740
32.64202
32.83042
33.04078
33.39118
33.43036
33.44638
33.45982
33.81184
33.83338
33.84118
33.86380
34.25596
34.58206
35.04076
35.30350
35.85940
36.05056
36.12652
36.31936
36.34966
36.40726
36.44680
36.59962
36.80290
37.01032
37.04404
37.26322
37.31644
37.31824
37.75576
37.81048
38.07334
38.12662
38.26708
39.09832
39.14668
40.18006
41.39524
41.41600
41.43532
41.44816
41.77396
42.14860
43.20232
43.42246
43.61308
43.63684
43.77094
43.85716
44.09344
44.13340
44.14336
44.84356
45.03262
45.30394
45.38080
45.40120
46.12810
46.18900
46.99066
47.06014
47.20522
47.23966
47.39068
47.66212
47.76202
47.82196
48.04792
48.05644
48.15346
48.16288
48.33574
48.35518
48.36982
48.37522
48.67672
48.70000
48.94924
49.03996
49.22158
49.29436
49.43254
49.56598
50.07976
50.08786
50.09218
50.11924
50.13628
50.20852
50.40904
50.64586
50.69974
51.13966
51.15856
51.17944
51.46654
51.54940
51.57778
51.89302
52.51216
52.51540
52.51870
52.58212
52.58548
53.09140
53.09632
53.31742
54.16930
54.19720
54.29176
54.33052
54.43366
54.63964
54.90178
55.04386
55.49848
55.60414
55.91584
55.93516
55.94722
55.98472
56.51194
56.65594
56.69878
57.07612
57.12832
57.33490
57.33766
57.34156
57.34636
57.39004
57.41320
58.09156
58.26916
58.33036
58.48510
58.50424
59.30470
59.52844
59.61046
59.78164
59.85514
60.17074
60.98908
61.09102
61.38430
61.52044
62.18176
62.56480
63.13696
63.20020
63.32410
63.36856
63.39160
63.55378
63.61108
64.20964
64.29598
64.31116
64.35046
64.51126
64.51762
65.32384
65.89156
66.01972
66.07456
66.54790
66.59050
66.66274
66.77194
67.30012
67.69720
67.92178
67.96690
68.00650
68.02714
68.04016
68.04502
68.08810
68.09038
68.11366
68.19640
68.20756
68.60686
69.07138
69.13522
69.50014
69.71038
69.73630
70.16062
70.31050
70.32412
70.44364
70.46782
70.47166
71.00188
71.16670
71.18206
71.18794
71.41510
71.49706
71.94550
72.32392
72.49564
72.51760
72.93958
73.23172
73.27372
73.58080
73.66084
73.78018
74.05366
74.51722
75.05968
75.09208
75.16654
75.26926
76.01614
76.06312
76.56406
76.99576
77.01964
77.05492
77.29222
77.67550
77.71474
77.89240
78.23488
78.24358
78.28942
78.43918
79.00762
79.06222
79.14364
79.46662
79.51498
79.60096
80.72440
80.75848
81.08278
81.49030
81.61768
82.05310
82.24150
82.35466
82.40806
82.51810
82.52746
82.53538
82.55710
82.83790
82.89022
83.17240
83.18734
83.24680
83.69884
83.78026
83.82730
84.06142
84.24082
84.45418
84.48946
84.49846
84.54544
84.60340
85.22704
85.25908
85.76080
86.17786
86.44150
86.66242
86.72194
86.83384
87.10186
87.53956
87.63880
87.90052
88.01326
88.02742
88.09558
88.10692
88.13818
88.14532
88.16224
88.17100
88.21930
89.17204
89.30938
89.34256
89.61646
90.02992
90.10510
90.12292
90.15094
90.17038
90.19276
90.23278
90.23884
90.78262
90.93316
90.94870
90.96424
90.98026
91.52548
91.61164
92.06038
92.21224
92.29822
92.85532
92.99032
93.03142
93.23998
93.65194
93.87322
93.88174
93.90100
93.92158
93.92818
93.94228
94.05016
94.72426
95.04208
95.10166
95.35102
95.60458
95.74846
95.86072
96.36700
96.63796
96.92062
97.42798
97.44190
97.58818
97.60126
97.74646
98.53186
98.53684
98.55676
98.59072
98.64784
98.65006
98.84740
98.90740
98.91004
99.39298
99.50224
99.54736
99.85378
99.90130
100.50976
100.60330
100.64428
100.77298
100.77790
100.84570
100.84996
100.86340
100.88224
101.06440
101.13688
101.38066
101.68258
101.95744
102.06316
102.10480
102.14218
102.70834
102.71374
102.87826
102.97144
103.51954
104.08780
104.85898
104.98288
105.18706
105.32266
105.35566
105.45538
106.37956
106.55872
106.56718
106.60816
106.62970
106.91848
107.05222
107.32942
107.41942
107.73166
107.88448
108.07468
108.11902
108.13264
108.17878
108.68152
108.75934
109.02604
109.45936
109.49242
109.54504
110.02648
110.23354
110.33446
110.51032
111.35524
111.87532
111.99070
112.02382
112.16092
112.64074
112.68826
112.89526
112.94170
112.99786
113.01400
113.02798
113.31886
113.37640
113.75812
113.78560
113.98768
114.09754
114.22360
114.33322
114.64144
115.30690
115.59436
115.90810
115.91374
115.92766
115.93306
116.01460
116.11882
116.28376
116.41588
116.79400
116.92426
117.74584
118.11922
118.15846
118.34074
118.94980
119.34364
119.37034
119.38174
119.38408
119.58160
119.59498
119.80600
120.07384
120.27136
120.27616
120.31546
120.32206
120.32488
120.64654
120.88882
120.97474
121.00552
121.08298
121.10572
121.10824
121.11532
121.20532
121.20976
121.36552
121.36954
121.82476
121.98256
122.00308
122.07214
122.15554
122.47618
122.75410
122.81920
122.88382
123.25936
123.30250
123.33892
123.34540
123.37942
123.69952
124.06264
124.10518
124.14604
124.19002
124.25512
124.28248
124.30540
124.31206
124.31560
124.37428
124.39846
124.40272
124.50748
124.52206
124.53328
124.55632
124.84348
124.86532
125.00560
125.08564
125.24932
125.37232
125.52154
125.85550
125.89858
126.13822
126.31822
126.32902
126.39604
126.64498
126.67228
126.83854
127.07146
127.10224
127.12918
127.17562
127.37476
127.40170
127.42300
127.47946
127.76668
128.04826
128.54056
128.66770
128.77900
128.82856
128.88814
128.90500
128.92894
128.93338
128.98822
129.30730
129.44068
129.54580
129.60220
129.76516
129.84568
130.30030
130.33174
130.43956
130.85464
131.50438
131.56492
131.60194
131.62366
131.65216
131.69536
131.70478
131.76256
131.79286
131.80432
131.83798
131.91478
132.12406
132.35152
132.78142
132.89542
132.93580
133.20214
133.48462
133.57888
133.71862
133.72540
133.83904
134.04994
134.07376
134.16358
134.47372
134.48452
134.52220
134.59804
134.68720
134.94790
135.04504
135.14512
135.18250
135.18862
135.43720
135.44506
135.45118
135.67996
135.78730
135.79480
136.03546
136.18522
136.19416
136.22224
136.42732
136.44010
136.46284
136.46836
136.48972
136.50502
136.52842
136.57078
136.58818
136.69894
136.83742
136.90120
136.90414
136.92856
137.10544
137.11042
137.38072
137.54476
137.61712
137.67520
138.65662
138.76138
138.79006
138.93742
138.95026
138.99010
139.16302
139.51888
139.75516
139.85662
140.27182
140.28562
140.30674
140.45152
140.50522
140.67730
140.69746
140.99176
140.99476
140.99752
141.00388
141.04024
141.10648
141.17314
141.49900
141.61702
141.62806
141.69484
141.74236
141.77824
141.80098
141.82492
142.18420
142.19878
142.21774
142.30378
142.33228
142.38802
142.39384
142.44154
142.45366
142.46134
142.50346
142.54768
142.55662
142.71412
142.94878
143.22724
143.25634
143.33182
143.51410
143.58070
143.59480
143.71558
143.77174
143.79748
144.26140
144.35626
144.39118
144.41428
144.48700
144.66124
144.98056
145.40662
145.57198
145.60492
145.64752
145.76788
145.82938
146.10760
146.23858
146.32786
146.34736
146.36080
146.73580
146.78854
146.89852
146.97058
147.21094
147.24466
147.29488
147.41176
147.47812
147.53098
147.61702
147.68854
147.73066
148.07830
148.11850
148.19506
148.28962
148.49254
148.52806
148.60654
148.64488
148.78972
148.83112
148.88416
149.02198
149.10376
149.12206
149.63704
149.69146
149.83420
149.94502
150.10654
150.11530
150.28288
150.51154
150.55414
150.69760
150.91432
150.98686
151.15372
151.18798
151.19152
151.36780
151.37818
151.42054
151.69198
151.70020
151.70668
151.74496
151.78096
151.80628
152.02840
152.11060
152.38750
152.46532
152.51422
152.71414
152.86426
152.88412
152.91724
153.07192
153.17302
153.21154
153.45784
153.48718
154.20646
154.27822
154.48354
154.48870
154.51126
154.66414
155.35372
155.42296
155.42752
155.47330
155.51548
155.58076
155.61076
155.62180
155.71750
155.78158
155.79886
155.80870
156.09880
156.26140
156.41794
156.48094
156.52324
156.71128
156.80644
157.10620
157.21558
157.24756
157.41118
157.45636
157.66708
157.69462
157.82908
157.83394
157.86118
157.99900
158.21146
158.21386
158.25622
158.33866
158.34748
158.42782
158.55808
158.72320
158.74072
158.78824
158.79574
158.83264
158.84488
158.84794
158.85238
158.86516
158.87746
158.91406
158.94022
158.99758
159.12100
159.81994
159.87046
159.98068
159.98362
160.09714
160.19350
160.85674
161.13592
161.32432
161.62594
161.62864
162.01120
162.03394
162.07930
162.47044
162.55342
162.60994
162.63916
162.67378
162.70096
162.87760
163.13704
163.22692
163.27144
163.30060
163.45636
163.65790
163.67266
163.87756
164.01514
164.16004
164.60602
164.72758
164.74414
164.78350
164.84320
164.99128
165.19438
165.34438
165.96100
165.99862
166.09354
166.11730
166.12402
166.14286
166.17400
166.18084
166.23406
166.26100
166.27024
166.62028
166.93204
166.93420
167.05468
167.15968
167.43394
167.59708
167.70346
167.88940
167.92786
168.07426
168.46774
168.47782
168.55780
168.79738
169.02784
169.07020
169.20484
169.23370
169.28062
169.28410
169.32322
169.34290
169.62790
169.82764
169.86760
169.97770
170.05432
170.09746
170.17654
170.18182
170.18674
170.42716
170.46454
170.50624
170.57158
170.63080
170.63950
170.65390
170.67760
170.68408
170.90206
171.08656
171.14062
171.32776
171.41410
171.50518
171.60088
171.63934
171.67810
171.68866
171.98686
171.99364
172.00750
172.06126
172.13680
172.22782
172.75396
172.76032
172.76506
172.78042
173.06056
173.12728
173.14366
173.38066
173.49448
173.65030
173.65216
173.66122
173.66680
173.77768
174.09442
174.11800
174.13186
174.28942
174.29452
174.31762
174.66706
174.72778
174.83170
174.98956
175.01068
175.27156
175.46770
175.91008
176.20516
176.25724
176.65624
176.71102
176.78038
176.79148
176.88238
176.99338
177.23194
177.40486
177.54748
177.56800
177.69886
177.92002
178.15366
178.17766
178.23424
178.27804
178.52674
178.54864
178.56388
178.72066
178.73044
178.90780
178.97794
179.47702
179.51326
179.55652
179.64310
179.65372
179.67628
179.84428
179.86696
179.88124
179.92204
180.26020
180.36058
180.38932
180.51784
180.57802
180.69826
180.71548
180.73390
180.79402
180.82030
180.99448
181.04446
181.10350
181.40332
181.43686
181.62058
181.69468
181.75624
181.82770
181.83442
181.84456
182.09716
182.51668
182.52676
182.77294
182.79616
182.89306
182.91118
183.21130
183.29860
183.39892
183.47470
183.80986
183.84172
183.84676
183.90412
183.94456
184.12036
184.30528
184.67002
184.76116
184.91782
185.52364
185.58856
185.77630
186.06406
186.10360
186.77032
187.06720
187.15984
187.17778
187.18276
187.31140
187.49758
187.85548
188.13712
188.87374
188.89228
189.30856
189.33418
189.44356
189.67810
189.74092
189.75820
189.77770
189.99406
190.03096
190.06342
190.30678
190.37428
190.37776
190.44406
190.52128
190.57852
190.92256
191.06854
191.16208
191.17120
191.19520
191.25514
191.37418
191.46652
191.47858
191.53498
191.57866
191.66878
191.69122
191.79556
191.84542
191.91856
191.94526
192.05452
192.13168
192.15160
192.17872
192.21220
192.26476
192.32296
192.42886
192.51844
192.68044
192.80902
193.08946
193.13284
193.15288
193.17166
193.25644
193.30042
193.36840
193.97158
194.16814
194.18194
194.19838
194.33518
194.35546
194.35750
194.70982
194.72956
194.77930
194.88184
195.06262
195.18844
195.24496
195.34594
195.35524
195.60658
195.67840
195.75502
195.88840
196.01422
196.03324
196.60696
196.82260
196.83538
196.85074
196.85662
196.87840
196.89622
196.97950
197.08858
197.10064
197.42650
197.59156
197.60692
197.69560
197.71708
198.22312
198.39568
198.41890
198.61138
198.62884
198.98920
199.02226
199.02994
199.05718
199.12354
199.12876
199.13698
199.23646
199.59070
199.85242
200.01334
200.04562
200.08030
200.09968
200.18002
200.20840
200.59372
200.59684
200.60566
200.64958
200.69686
200.79676
200.84062
201.04702
201.09694
201.11338
201.18520
201.28624
201.48694
201.73012
201.73312
201.77542
201.82558
201.82990
201.99376
202.00660
202.09696
202.12360
202.12840
202.15306
202.17526
202.19704
202.26388
202.29214
202.32574
202.50868
202.54990
202.56988
202.81432
202.90624
203.05108
203.06332
203.08324
203.22340
203.50108
203.50672
203.51056
203.77528
203.78068
203.90392
204.21328
204.30784
204.42094
204.44248
204.69742
204.78112
204.88336
205.10440
205.13536
205.14586
205.16224
205.18408
205.19158
205.25182
205.44268
205.75048
205.76878
205.77370
205.89010
206.20078
206.31730
206.33740
206.42980
206.45692
206.55706
206.90104
207.03454
207.73456
207.84076
207.95128
208.20148
208.31698
208.69108
208.73698
208.75750
209.26576
209.30158
209.37172
209.37478
209.40358
209.42494
209.46244
209.54272
209.63314
209.72440
209.94154
210.01522
210.26812
210.36898
210.52480
210.55204
210.58630
210.80842
211.20832
211.42918
211.55218
211.56868
211.57762
211.72510
211.91884
212.17480
212.35552
212.40862
212.82538
212.83912
212.93290
213.06922
213.08182
213.73552
213.76138
213.92416
214.13860
214.18582
214.30906
214.32580
214.53316
214.60276
214.66720
214.69510
214.97566
215.72080
216.64522
217.10326
217.18324
217.26706
217.26994
217.40008
217.42318
217.60030
217.62910
217.74034
217.85992
218.14306
218.25082
218.27416
218.33572
218.35726
218.56726
218.75008
218.85028
218.94730
218.96074
218.97388
218.98054
219.07978
219.23410
219.33826
219.37666
219.46450
220.45558
220.58374
220.74376
220.77184
220.80106
220.84744
220.84924
220.92448
220.97926
221.00158
221.01796
221.02714
221.07478
221.08450
221.21284
221.46262
221.92378
222.22780
222.32764
222.67756
222.74404
222.77782
222.78472
222.87436
222.97792
223.00720
223.01248
223.04146
223.04476
223.09060
223.12828
223.33924
223.34434
223.34770
223.62406
223.64254
223.66540
223.67158
223.74160
223.75198
223.76842
223.90558
223.93270
224.01556
224.07784
224.12812
224.20840
224.22166
224.23882
224.25088
224.27848
224.28814
224.31886
224.65204
224.67406
224.74132
225.06262
225.08086
225.26890
225.27814
225.33844
225.42814
225.47806
225.51436
225.54262
225.54484
225.55258
225.82180
225.88588
225.96916
226.01596
226.07830
226.17856
226.29208
226.36936
226.38604
226.41424
226.44214
226.93546
227.03614
227.04538
227.09662
227.10130
227.10664
227.19802
227.30926
227.37874
227.57854
227.65486
227.68606
227.71210
228.01876
228.31666
228.34552
228.35950
228.47404
228.61696
228.70930
229.01518
229.26436
229.30330
229.43650
229.50940
229.71016
230.11768
230.13094
230.13400
230.17012
230.35054
230.51386
230.72500
230.74738
230.86282
231.06286
231.07312
231.40378
231.43990
231.68986
231.78220
231.78724
231.81556
231.85660
231.91054
231.97216
232.26958
232.48738
232.50382
232.66030
232.80544
232.81768
232.82950
232.99636
233.06284
233.43802
233.64160
234.00088
234.09424
234.16348
234.37012
234.42544
234.60808
234.67372
234.79786
234.81784
234.89416
234.90316
234.92104
234.92992
234.99352
234.99910
235.03756
235.06498
235.09660
235.10422
235.17004
235.22512
235.25062
235.34356
235.46602
235.51348
235.69468
236.08012
236.22136
236.33026
236.49448
236.55904
236.57560
236.59960
236.70850
236.78044
236.80114
236.83306
236.83792
236.95432
237.33496
237.38446
237.63112
237.66388
237.68812
237.73342
238.02406
238.04098
238.29130
238.30438
238.32538
238.35736
238.38826
238.43032
238.81534
239.02546
239.09476
239.17456
239.35030
239.46190
239.65516
239.72464
239.97472
240.00232
240.00778
240.01702
240.02386
240.04432
240.05050
240.10390
240.29476
240.31450
240.41572
240.66886
240.75520
240.77866
241.16878
241.25554
241.45528
241.50808
242.01286
242.25442
242.36710
242.61922
242.89078
243.01900
243.60736
243.65830
243.66448
243.66922
243.68800
243.74236
243.88420
243.95722
244.16764
244.41880
244.53610
244.58902
244.72912
244.91464
245.03554
245.08414
245.17852
245.21494
245.23594
245.25088
245.33182
246.05878
246.74146
246.76030
246.80866
246.83266
246.83914
246.91000
246.91516
246.98164
248.09842
248.49502
248.51548
248.52442
248.53324
248.84230
248.94652
249.10894
249.47272
249.49162
249.51526
249.52342
249.66532
249.75538
249.87598
249.98128
250.00144
250.23520
250.40524
250.71820
250.78456
251.04862
251.16820
251.20822
251.23864
251.27914
251.38342
251.44546
251.48194
251.56336
251.56984
252.11536
252.20656
252.23638
252.26392
252.32572
252.62704
252.67084
252.89266
252.97684
253.00318
253.01044
253.26592
253.37188
253.39558
253.51516
253.54270
253.58590
253.74256
254.05516
254.12470
254.13442
254.14240
254.15614
254.17690
254.22934
254.26594
254.33200
254.43460
254.54074
254.58862
254.66512
255.29260
255.29866
255.32218
255.38866
255.43210
255.51520
255.55900
255.57448
255.61540
255.67294
255.69634
256.09996
256.16566
256.18966
256.21648
256.41538
256.44358
256.58194
256.84504
257.14204
257.27290
257.28196
257.43982
257.74564
257.79904
257.91790
257.98216
257.98972
258.07930
258.08962
258.11710
258.12310
258.13228
258.27742
258.28228
258.29536
258.39238
258.75508
258.81562
258.82294
258.82732
258.86446
258.91654
258.93982
258.99910
259.07326
259.12306
259.28218
259.32304
259.35634
259.47304
259.72318
259.75912
259.77580
259.80922
260.12788
260.47552
260.68972
260.73310
260.75644
260.77588
261.03214
261.05554
261.10966
261.36304
261.41422
261.52006
261.68896
261.99910
262.13974
262.37332
262.49644
262.50454
262.51300
262.53460
262.53784
262.84996
262.86196
262.87270
263.20942
263.34904
263.44876
263.52328
263.56348
263.63992
263.76880
263.81572
263.87308
264.47050
264.50650
264.53908
264.55324
264.88228
264.97324
265.08016
265.12336
265.62322
265.72318
265.73260
265.77598
265.88974
265.92274
265.96960
266.01028
266.12884
266.20168
266.24938
266.30254
266.30644
266.36986
266.37292
266.45650
266.69926
266.73886
266.74912
266.75650
267.05914
267.13954
267.23482
267.28216
267.44938
267.58984
267.70936
267.81322
267.82612
267.96280
268.10188
268.32304
268.36282
268.38910
268.76224
269.00086
269.04502
269.06914
269.09014
269.23990
269.32078
269.43526
270.29716
270.32038
270.35368
270.53998
270.84964
270.95674
271.00540
271.04320
271.13698
271.30702
271.37050
271.44970
271.52650
271.60366
271.67062
271.71292
271.75696
271.81402
272.09332
272.15992
272.20210
272.34022
272.38966
272.48062
272.89000
272.98996
273.11386
273.15220
273.17938
273.24718
273.65716
273.68866
273.74998
273.76786
273.93724
273.95626
273.95878
274.45240
274.47670
274.49698
274.79014
274.85002
275.00254
275.16388
275.36398
275.38762
275.52394
275.59966
275.63212
275.75236
276.15148
276.16402
276.21040
276.37822
276.40144
276.51052
276.56068
276.59098
276.61636
276.62464
276.76810
276.83614
276.86050
276.87388
276.89776
276.91126
277.32412
277.35166
277.37440
277.55764
277.69558
277.89118
278.26060
278.28358
278.34088
278.36386
278.41822
278.57578
278.80978
279.01210
279.21208
279.22078
279.51406
279.70030
279.79150
279.90190
279.91702
280.18786
280.19302
280.19734
280.21672
280.23112
280.45090
280.50808
280.58398
280.85188
280.90444
281.07142
281.19148
281.22868
281.23846
281.26786
281.27458
281.34682
281.36392
281.45836
281.52472
281.67748
281.85496
281.88388
282.22738
282.24160
282.37468
282.54790
282.72502
283.02484
283.20808
283.23874
283.25662
283.40326
283.41214
283.45060
283.81744
283.89418
284.00332
284.23072
284.30512
284.39584
284.40496
284.72776
284.80378
284.84620
284.96734
285.31870
285.38452
285.67300
285.73084
285.80836
285.82378
285.89842
285.98146
286.31722
286.48396
286.59172
286.64614
286.67032
286.81510
286.86352
287.47774
287.65096
287.67670
287.71246
287.78704
287.79136
287.90344
287.93692
288.00094
288.02188
288.17782
288.25486
288.29176
288.30832
288.34732
288.39124
288.40366
288.66754
288.84436
288.98188
289.12030
289.15846
289.19446
289.22788
289.40392
289.47184
289.60504
289.71424
289.79182
289.82194
290.35090
290.42008
290.45074
290.50756
290.54668
290.81122
291.00988
291.02638
291.04456
291.18124
291.18550
291.23428
291.28432
291.50092
291.54202
291.57520
291.61768
291.62806
291.78700
291.79858
291.83860
292.00126
292.02784
292.09480
292.25128
292.25368
292.30120
292.30834
292.37206
292.38688
292.53472
292.60096
292.61488
292.68124
293.00074
293.35396
293.37274
293.46778
293.52520
293.58118
293.59450
293.77798
294.13918
294.31930
294.43450
294.65518
294.79456
294.94186
295.29844
295.34212
295.34500
295.34842
295.42510
295.62982
295.65508
295.83694
295.94176
295.99810
296.03452
296.09458
296.13706
296.32534
296.32804
296.50846
296.59678
296.79358
296.94184
297.02512
297.04228
297.07024
297.09592
297.09880
297.10858
297.12784
297.13810
297.18448
297.18868
297.27826
297.32812
297.34834
297.47020
297.62434
297.90850
297.95104
297.95578
297.96784
298.03066
298.07194
298.09246
298.10476
298.60870
298.70548
298.73998
298.76140
298.89094
298.91470
299.05840
299.07988
299.13880
299.15872
299.17804
299.28502
299.39104
299.76808
299.78200
299.81176
300.02062
300.04492
300.88006
300.89494
300.91606
301.19194
301.31794
301.80874
301.97434
302.02840
302.20132
302.40388
302.58220
302.58832
302.59204
303.11806
303.13252
303.18526
303.38614
303.46168
303.66046
303.77458
303.97570
304.04140
304.18216
304.22512
304.24264
304.29904
304.35418
304.36066
304.69240
304.74502
304.81492
304.94512
304.99600
304.99990
305.03878
305.24128
305.30134
305.35438
305.42590
305.44510
305.55400
305.62564
305.64004
305.66932
305.86072
305.92846
306.12244
306.24934
306.32548
306.39760
306.43150
306.46492
306.50290
306.85462
306.85930
306.87850
306.89014
306.93904
307.05580
307.21816
307.26544
307.52104
307.53496
307.60594
307.64518
307.72588
307.81366
307.87858
307.89520
307.97572
308.47882
308.52616
308.59258
308.73532
308.87110
308.96206
309.02866
309.08500
309.18928
309.22600
309.23698
309.24418
309.29284
309.32974
309.34900
309.36886
309.77554
309.79540
309.85174
309.86536
310.00828
310.26232
310.35628
310.45186
310.50610
310.51414
310.52890
310.56598
310.72114
310.72870
310.82908
310.86214
310.89220
310.96822
311.36236
311.39542
311.50594
311.51590
311.55202
311.57326
311.60176
311.72176
311.78974
311.83054
312.22252
312.31210
312.45928
312.79288
313.05940
313.40236
313.50322
313.52602
313.56898
313.65958
313.69954
313.82638
314.07358
314.14678
314.36854
314.55238
314.66938
314.92612
315.02512
315.14266
315.25972
315.37000
315.37588
315.41380
315.67618
315.76108
315.83164
315.85618
315.87922
315.90610
315.99694
316.00960
316.03702
316.04296
316.12642
316.18042
316.18504
316.19092
316.22926
316.40446
316.44322
316.97650
317.01004
317.15206
317.32024
317.52004
317.55244
317.56906
317.62618
317.63050
317.66860
317.69326
317.73694
317.74096
317.75926
317.95858
318.10480
318.20956
318.32002
318.37120
318.59332
318.62056
318.78994
318.90472
319.04230
319.16890
319.28116
319.30378
319.30978
319.56256
319.62004
319.72936
319.75900
319.76296
319.80250
319.88782
319.91248
320.02660
320.04616
320.17930
320.42140
320.47546
320.83618
321.40336
321.50332
321.60820
321.70912
321.71272
321.76186
321.80986
321.87652
322.00480
322.11892
322.16902
322.23814
322.29280
322.36894
322.46014
322.60996
322.61368
322.61986
322.65712
322.66660
322.66912
322.71010
322.73662
322.78582
322.79014
323.06008
323.30980
323.51926
323.67688
323.69620
323.84608
323.90740
323.92594
324.10240
324.16270
324.32914
324.34978
324.35860
324.49798
324.51316
324.55690
325.07674
325.18276
325.21684
325.26676
325.38166
325.75798
325.88332
325.88638
325.89268
325.93618
326.05930
326.09374
326.17150
326.17990
326.38624
326.38798
326.39038
326.42974
326.66320
326.81158
327.04234
327.04996
327.13138
327.50260
327.93322
327.94792
328.12384
328.73608
328.87918
329.08624
329.11348
329.25274
329.47378
329.91058
329.95444
329.98624
330.05272
330.16048
330.20278
330.42028
330.54736
330.73012
330.76336
330.83002
330.99364
331.10920
331.15306
331.33672
331.42858
331.71940
331.84888
332.16946
332.40286
332.41300
332.68078
333.18874
333.19654
333.23098
333.52606
333.57628
334.01968
334.23346
334.24372
334.25320
334.39672
334.80304
335.36440
335.40304
335.43190
335.45728
335.46280
335.47600
335.51596
335.51956
335.61478
335.62036
336.02686
336.09832
336.23608
336.37426
336.48604
336.54748
336.60256
336.65650
336.68632
336.84916
337.22704
337.58110
337.74328
337.81606
337.88254
337.94632
337.98778
338.02600
338.07928
338.46946
338.50264
338.70928
338.71282
338.71966
338.92564
338.94016
338.95900
338.96584
339.01912
339.32950
339.50014
339.51010
339.51658
339.53596
339.59122
339.81904
339.88096
340.19620
340.20550
340.22620
340.26616
340.30984
340.41958
340.81276
340.93912
341.35672
341.55232
341.82568
342.02560
342.21892
342.37546
342.41266
342.59236
342.60610
342.69916
342.76432
342.85252
343.11976
343.15954
343.17922
343.21276
343.24474
343.26400
343.26868
343.34656
343.57576
343.71580
343.75750
343.76896
343.81900
344.00182
344.18608
344.22232
344.24302
344.26654
344.29288
344.29954
344.32102
344.35858
344.57734
344.62126
344.81872
345.06856
345.10168
345.11386
345.26422
345.48526
345.57898
345.59272
345.61924
345.82342
345.84310
346.18516
346.44556
346.45930
346.48522
346.51912
346.62874
346.69144
347.25268
347.32918
347.35234
347.39176
347.86852
347.90602
347.91322
347.94172
347.94538
347.96338
347.98570
347.99524
347.99878
348.05176
348.26602
348.30244
348.31180
348.33004
348.34228
348.38188
348.45166
348.58516
348.66214
348.69094
348.70792
348.76840
348.83506
348.86824
348.90934
348.95278
348.96826
349.08034
349.14136
349.15894
349.60264
349.60882
349.67374
350.02570
350.03884
350.07574
350.19802
350.32570
350.79676
350.82226
350.82484
350.82856
350.88448
351.04102
351.23464
351.47056
351.52534
351.78610
351.82474
351.92536
352.05886
352.26358
352.29802
352.42024
352.70572
352.75858
352.77556
352.79212
352.90546
352.92418
352.94218
353.16790
353.21932
353.25136
353.31928
353.57950
353.67796
353.70868
353.75224
353.79478
353.88454
353.99200
354.25750
354.48574
354.52540
354.52804
354.65758
354.70570
354.77800
354.89092
354.95110
355.34470
355.43440
355.46764
355.55794
355.65736
355.81156
355.84468
355.88452
355.89166
355.90378
355.93480
355.94566
355.98904
356.90422
356.92504
357.16282
357.32500
357.34780
357.50800
357.54442
357.57508
357.59458
357.63160
357.91744
357.95830
358.09552
358.29484
358.34068
358.37794
358.54078
358.74172
359.03392
359.17270
359.37394
359.40136
359.76112
360.10468
360.13366
360.47176
360.76462
361.05028
361.36750
361.37776
361.38844
361.44538
361.64428
361.73656
362.10226
362.23144
362.40208
362.55034
362.59408
362.59798
363.53158
363.75718
364.18396
364.21732
364.53814
364.83556
364.88020
365.01724
365.12422
365.17768
365.47624
365.70700
365.74534
366.19018
366.20086
366.23824
366.25810
366.28024
366.28414
366.57370
366.79432
366.86284
366.88690
367.02466
367.05076
367.11502
367.13416
367.31098
367.36108
367.61734
367.74616
367.98394
368.01124
368.08432
368.36800
368.38750
368.47480
368.55100
368.60806
368.88106
368.91016
368.94598
369.20716
369.21100
369.21724
369.41728
369.43402
369.54094
369.67768
369.70342
369.72154
369.74560
369.79426
369.85540
369.87772
369.91366
370.49074
370.62508
370.71100
370.77898
370.78570
370.82716
371.13424
371.25094
371.31430
371.39056
371.40520
371.49712
371.92936
371.99788
372.31162
372.40858
372.43444
372.44074
372.51790
372.63454
372.77974
372.79192
373.48420
373.50442
373.51144
373.52524
373.54492
373.55176
373.56820
373.74490
373.93594
374.22220
374.31292
374.48122
374.52928
374.53522
374.53882
374.54056
374.55364
374.60134
374.68702
374.82526
374.83450
374.92048
375.10876
375.11788
375.18436
375.25522
375.39118
375.57448
375.58708
375.62392
376.15150
376.41772
376.44508
376.72360
376.76212
376.77934
376.78906
376.79128
376.79506
376.79704
376.84120
377.12548
377.30188
377.32072
377.34160
377.36326
377.40106
377.40802
377.53864
377.56804
377.60002
377.60206
377.78770
378.05872
378.45022
378.53590
378.55306
378.58006
379.14868
379.23484
379.24510
379.24912
379.25902
379.30384
379.32076
379.81210
379.88506
379.89148
380.21188
380.22604
380.33266
380.65216
380.68510
380.69848
380.71552
380.88904
380.99440
381.12874
381.31216
381.33076
381.36292
381.43624
381.47884
381.63580
381.91444
381.92872
382.03384
382.03984
382.07728
382.33996
382.34824
382.35940
382.62094
382.89388
383.07100
383.44264
383.44612
383.56516
383.70160
383.96356
384.31306
384.54262
384.62584
384.70948
384.76222
384.89716
385.02568
385.11616
385.40944
386.49550
386.70928
386.74174
386.93932
387.04570
387.11584
387.45298
387.48520
387.52318
387.57964
387.92626
388.06426
388.07872
388.15498
388.16122
388.23292
388.27882
388.30882
388.85182
388.86730
388.98934
389.00668
389.32000
389.46232
389.57662
389.65960
389.77144
389.78422
390.00982
390.10978
390.17626
390.25780
390.38530
390.42808
390.46570
390.48256
390.49660
390.51556
390.52552
390.56890
391.04662
391.07086
391.12552
391.18336
391.40758
391.42252
391.59988
391.65514
391.75900
391.81702
392.12578
392.21884
392.37322
392.37562
392.56276
392.61670
392.70928
392.82016
393.03988
393.16546
393.72226
393.72898
393.88576
394.02676
394.39942
394.44748
394.45246
394.50406
394.68076
394.87690
394.97356
395.31310
395.78356
396.21730
396.44806
396.45268
396.56056
396.57562
396.61000
397.37290
397.42714
397.43656
397.44172
397.47400
397.69690
397.75684
397.87216
398.01928
398.10442
398.23948
398.27212
398.28928
398.31196
398.32042
398.37730
399.01336
399.08740
399.14110
399.60562
399.79744
399.86548
400.01968
400.71526
400.71706
401.70856
401.77420
401.81368
401.85562
401.88874
402.05698
402.09976
402.16342
402.19732
402.22396
402.31504
402.41998
402.53692
402.60274
402.75766
402.80440
402.86026
402.98596
403.05688
403.17958
403.19578
403.26064
403.26706
403.41466
403.72690
403.94566
404.15296
404.43628
405.09196
405.21382
405.26056
405.33610
405.34408
405.37426
405.62926
406.03630
406.34128
406.46956
407.01058
407.49274
407.54698
407.69656
407.79274
408.38398
408.56668
408.65704
408.74932
409.36888
409.81714
409.83298
409.84114
409.93918
410.30710
410.51584
410.52676
410.54338
410.54560
410.57368
410.81290
410.82058
410.90764
410.91316
411.30250
411.77944
411.85660
411.86998
411.94312
412.00912
412.06636
412.07530
412.15120
412.15714
412.16314
412.43320
412.44472
412.47340
412.47952
412.51966
412.52560
412.88986
412.92292
412.94542
412.96546
413.11420
413.76250
414.13540
414.15490
414.20200
414.51244
414.53068
414.77398
414.88540
415.10770
415.13260
415.24558
416.09842
416.18872
416.27866
416.37082
416.95390
417.24238
417.24508
417.30532
417.31888
417.35122
417.55864
418.05622
418.16068
418.64470
418.80808
418.86826
418.87552
418.98850
419.39434
419.50768
419.53018
419.57464
420.03418
420.22162
420.28804
420.38044
420.47254
420.53692
420.65674
420.90112
420.95506
421.06024
421.10008
421.20760
421.32340
421.47220
421.48096
421.56034
421.96438
422.08750
422.20408
422.23378
422.24236
422.29090
422.30086
422.36734
422.55118
422.56702
422.84038
423.08020
423.59014
423.77494
423.79270
423.84040
423.99946
424.20424
424.21558
424.32604
424.33090
424.34698
424.38310
424.47922
424.48342
425.15476
425.20018
425.45632
425.46214
425.53348
425.68942
425.85640
426.02950
426.20626
426.37912
426.58594
426.60472
426.62230
426.65590
426.72148
426.83890
427.00852
427.10098
427.20718
427.24822
427.25848
427.27828
427.38154
427.40572
427.55542
427.66444
427.70794
427.98520
427.99918
428.09890
428.22880
428.25676
428.30524
428.30872
428.31436
428.34754
428.45548
428.49802
428.58850
428.64232
428.79898
428.84860
428.92246
429.18508
429.67936
429.68104
429.70894
429.72166
429.77422
429.81616
429.94708
430.07104
430.15330
430.23664
430.25716
430.27264
430.71724
430.82722
430.95430
431.13760
431.45950
431.51032
431.51314
431.61556
431.64004
431.64526
431.67358
431.84620
431.92336
431.95660
432.30364
432.65236
432.99520
433.03342
433.03936
433.62652
433.67740
433.69984
433.95274
434.39038
434.70148
434.79100
434.87332
434.93572
435.01132
435.10240
435.20104
435.39460
435.40858
435.55480
435.65188
435.70468
435.74710
435.81802
435.89890
436.05808
436.08496
436.13506
436.36828
436.53010
436.54060
436.60726
436.68382
436.72180
436.72528
436.95718
436.97062
436.98148
437.09356
437.10022
437.71132
437.87914
437.90686
437.98426
438.15100
438.35062
438.50062
438.58060
438.68668
438.79096
438.83380
438.90070
438.93238
438.97330
439.11988
439.15966
439.23826
439.31638
439.35022
439.38370
439.50622
439.52602
439.55656
439.67332
439.68706
439.70926
439.72270
439.77088
439.83334
440.08300
440.15020
440.22568
440.44918
440.52970
440.54992
440.98930
440.99386
441.04660
441.06604
441.45238
441.55858
441.59224
441.60232
441.67780
441.78244
442.20814
442.28836
442.47484
442.73194
442.90180
443.00806
443.02276
443.31802
443.44870
443.49202
443.50810
443.51548
443.55316
443.70478
444.06796
444.15910
444.16468
444.56152
444.56464
444.58468
444.66514
445.04818
445.34800
445.37524
445.38856
445.70398
445.73404
445.80058
446.02102
446.05282
446.07136
446.33572
446.59780
446.60374
446.61160
446.64772
446.66260
446.68072
446.89132
446.98342
447.24064
447.53740
447.55000
447.55648
447.56968
447.58030
447.68044
447.69688
447.81664
447.83914
448.09678
448.13002
448.19722
448.20112
448.21684
448.28950
448.31044
448.33024
448.51630
448.61182
448.71340
449.09698
449.11246
449.12680
449.13922
449.17822
449.64658
449.93416
449.95894
449.96764
449.97982
450.02908
450.05812
450.07234
450.48964
450.79600
450.95212
451.11274
451.13830
451.14016
451.22896
451.25158
451.28314
451.29538
451.31800
451.33222
451.33714
451.34506
451.66252
451.66714
451.72900
451.99858
452.05156
452.07910
452.13838
452.22904
452.23828
452.28178
452.39848
452.49532
452.59570
452.60218
452.65576
452.71138
453.09568
453.54052
453.61210
453.62602
453.75874
453.81148
454.14526
454.18114
454.20706
454.28746
454.35454
454.41454
454.44508
454.48192
454.49266
454.53220
454.56190
454.67902
454.76554
455.00788
455.22826
455.66536
455.73208
455.82082
455.86126
455.88478
455.89882
455.91418
455.93092
455.98444
456.18466
456.26110
456.30388
456.31390
456.33214
456.51010
456.52804
456.56110
456.62800
456.74440
456.84370
457.04434
457.11490
457.13434
457.25794
457.45324
457.56580
457.59868
457.61980
457.62898
457.63384
457.63678
457.68028
458.20246
458.22736
458.33164
458.33914
458.34778
458.47246
458.54386
458.58184
458.58646
458.62012
458.69284
458.89816
459.14368
459.21322
459.37390
459.44314
459.45370
459.78754
459.86920
459.92686
459.99100
460.19356
460.29322
460.35232
461.00302
461.06410
461.31262
461.37652
461.38072
461.39584
461.46610
461.76340
461.83288
462.16264
462.30208
462.37006
462.45916
462.49576
462.51994
462.65968
462.81736
462.83314
463.01236
463.21366
463.30936
463.45180
463.46212
463.64830
463.65454
463.92856
463.98196
464.04238
464.07574
464.21386
464.83366
464.86846
464.90644
465.00136
465.16810
465.19132
465.25774
465.34096
465.35938
465.37522
465.40132
465.40858
465.65776
465.68494
465.69598
465.71278
465.83470
465.94114
466.00120
466.31746
466.54066
466.61746
466.64086
466.77514
466.90822
467.09182
467.09830
467.10754
467.20756
467.40058
467.44144
467.71762
467.76730
467.84560
467.97370
467.98438
467.99416
467.99752
468.09568
468.16720
468.23776
468.28060
468.39670
468.49384
468.53104
468.60718
468.64738
468.76672
468.84796
468.86278
468.86956
468.87526
469.05688
469.06042
469.06672
469.38988
469.52428
469.81756
469.83676
469.87558
469.88878
470.04076
470.12680
470.19052
470.19970
470.20390
470.21644
470.23996
470.40004
470.46130
470.57782
470.81638
470.83336
470.94460
470.96206
470.97766
471.01174
471.03382
471.29962
471.34978
471.49294
471.57340
471.58300
471.60694
471.72646
471.73348
471.78676
471.79954
471.80320
471.83644
471.87616
471.89170
472.36330
472.37344
472.41064
472.53274
472.54918
472.82242
472.89970
473.18980
473.28220
473.39254
473.47198
473.52598
474.00628
474.42286
474.69916
474.72262
474.82270
474.97564
475.00306
475.00618
475.08934
475.09378
475.11190
475.12582
475.30534
475.35598
475.44898
475.69906
475.98928
476.39542
476.40898
476.41486
476.51542
476.63206
476.71498
476.77270
476.93116
477.14806
477.16486
477.34498
477.42136
477.66580
477.68542
477.75544
477.90274
477.91294
478.32838
478.34158
478.57480
478.88104
478.95940
478.96840
478.97188
478.97458
479.00812
479.04262
479.13172
479.16862
479.36800
479.37466
479.43100
479.59720
479.63824
479.66842
479.70208
479.75920
479.78218
479.87182
479.97448
480.01510
480.19750
480.58312
480.67066
480.78832
480.86128
480.86482
480.93832
481.04752
481.05388
481.07614
481.18708
481.28038
481.66420
481.81372
482.04208
482.04748
482.23024
482.48788
482.49970
482.51218
482.55040
482.68024
482.85730
482.87080
482.95702
483.11326
483.27526
483.35902
483.49648
483.89152
484.02658
484.64644
484.65526
484.80748
484.81270
484.93234
485.06722
485.10652
485.16268
485.36314
485.41060
485.43292
485.46244
485.51584
485.60926
485.66512
485.66770
485.67070
485.73046
486.30316
486.44560
486.55792
486.63652
486.79546
487.21960
487.47724
487.48510
487.88908
487.90702
487.97410
487.97848
488.13214
488.48878
488.67238
488.69590
488.71828
488.83882
489.22834
489.43600
489.44284
489.51166
489.53782
489.56914
489.57334
489.69040
489.76834
489.81808
490.01296
490.20052
490.20514
490.22206
490.51792
490.68706
490.85500
490.94476
490.97794
491.14174
491.15752
491.16550
491.19124
491.22934
491.37784
491.78458
492.05848
492.06142
492.30136
492.32560
492.37162
492.41752
492.43246
492.71374
492.96112
493.35760
493.59148
493.78780
493.93480
494.09386
494.36494
494.37106
495.17866
495.19354
495.22822
495.23998
495.41794
495.56734
495.72496
496.11718
496.25050
496.33432
496.34716
496.43410
496.76008
496.93702
496.98874
497.09608
497.20372
497.32942
497.38714
497.43352
497.48338
497.66002
497.72170
497.76442
497.93272
497.95744
497.98078
497.99290
498.16018
498.24730
498.26128
498.39460
498.42658
498.45076
498.49378
498.82150
499.30978
499.42000
499.57618
499.63246
499.64260
499.69030
499.69282
499.84780
499.87750
500.50030
500.56630
500.56960
500.60446
500.66596
500.71900
500.73010
500.75308
500.76034
500.87296
501.10582
501.11044
501.22726
501.27124
501.33604
501.35014
501.39232
501.39904
501.51664
501.78598
501.92542
501.99202
502.00618
502.03288
502.07104
502.21630
502.32856
502.66618
502.70392
502.70926
502.76452
502.77256
502.78816
502.83280
502.84642
503.12530
503.16544
503.17048
503.26618
503.36650
503.42536
503.46508
503.51518
503.54320
503.58670
503.69824
504.00844
504.06592
504.63256
504.66088
504.76582
504.90814
504.95818
505.12240
505.44400
505.46140
505.49638
505.50586
505.69120
505.73482
505.79770
505.87594
505.87858
505.97446
506.00764
506.10520
506.14864
506.21530
506.62480
506.66074
506.66932
506.74600
506.99116
507.29842
507.35998
507.52408
507.92554
507.95476
508.02040
508.07158
508.07410
508.33402
508.69678
508.90960
508.92400
508.93444
508.99792
509.06428
509.09758
509.14030
509.37994
509.51446
509.56732
509.87770
509.92090
509.94052
509.95138
509.99920
510.00820
510.02716
510.03070
510.10672
510.14134
510.24736
510.33694
510.34120
510.37366
510.41842
510.78472
510.88492
511.09726
511.39048
511.40404
511.56232
511.62034
512.26786
512.31226
512.58016
512.65096
512.69536
513.06328
513.09034
513.35080
513.40720
513.42970
513.44956
513.89608
514.00198
514.12978
514.58374
514.59592
514.72942
514.79038
514.80052
515.08828
515.28850
515.55640
515.71156
515.76250
515.93794
516.18328
516.26794
516.77776
516.79552
516.80986
516.90436
517.02112
517.15900
517.24546
517.51192
517.58092
517.96174
518.13790
518.23132
518.29504
518.34472
518.54890
518.97058
518.98522
519.06160
519.26026
519.27070
519.39484
519.53734
519.60382
519.62710
519.90394
520.08232
520.13710
520.40080
520.82044
520.85356
520.86088
521.11738
521.13652
521.16364
521.18392
521.19412
521.29234
521.29402
521.58658
521.72074
521.95600
521.96860
521.97712
521.98504
522.01330
522.04798
522.06616
522.24400
522.29680
522.32020
522.33400
522.40270
522.58624
522.65824
522.76042
522.98350
523.12690
523.39522
523.72678
523.99642
524.30374
524.34616
524.37946
524.40244
524.40478
524.45110
524.50942
524.58994
524.63260
524.74762
524.80990
524.83072
525.01882
525.06004
525.32008
525.36658
525.71542
526.17562
526.20970
526.30426
526.30930
526.32598
526.33516
526.43284
526.76560
526.85926
526.87096
526.89244
526.95922
527.56846
527.70568
527.93602
528.02836
528.21304
528.44488
528.72106
528.73204
528.75592
528.87406
529.34068
529.37500
529.49728
529.51090
529.57480
529.71280
529.81738
529.85782
530.02876
530.52118
530.53804
530.62330
530.67472
530.70310
530.71678
531.01006
531.01336
531.02692
531.06676
531.08074
531.44716
531.45730
531.46408
531.60724
531.64066
531.68074
531.82960
531.99706
532.00654
532.15132
532.17682
532.19068
532.19632
532.32376
532.52380
532.72378
533.02354
533.18428
533.22712
533.23756
533.27278
533.32336
533.49640
533.69650
533.84920
534.04570
534.05536
534.62284
534.68230
534.70096
534.78676
534.80128
534.87268
535.21258
535.31230
535.33174
535.51486
535.53382
535.66636
535.67794
535.70842
535.73914
535.84168
535.84816
535.93420
536.17654
536.32864
536.42752
536.72110
536.75536
536.88256
537.12094
537.68224
537.89860
538.45480
538.47748
538.62130
538.72144
538.72450
538.73248
538.74844
538.78792
538.80736
538.82476
538.88788
538.90342
538.90750
538.94194
539.00752
539.19058
539.43784
539.52088
539.63950
539.89408
540.10306
540.22948
540.34384
540.49612
541.17238
541.24324
541.32802
542.32390
542.59348
542.65024
542.75572
542.88058
542.96674
542.98930
543.16468
543.23890
543.33082
543.36172
543.37738
543.50284
543.68098
543.70708
543.72730
543.75634
543.78490
543.79546
543.96178
544.03240
544.14754
544.26538
544.29994
544.33978
544.45516
544.57822
545.23210
545.24578
545.25160
545.27446
545.41780
545.44246
545.46586
545.60620
545.66128
545.86312
546.32752
546.41344
546.82714
547.93378
547.94080
547.95808
547.98394
548.07190
548.14090
548.16280
548.31412
548.42692
548.52922
548.54794
549.39442
549.40984
549.46300
549.51460
549.79180
549.91198
550.20940
550.24396
550.27312
550.31368
550.44046
550.84738
550.87036
550.91038
551.30026
551.35912
551.42566
551.47726
551.61076
552.10870
552.53320
552.53752
552.62404
553.00840
553.02544
553.25410
553.28818
553.31530
553.68796
553.69792
553.70842
553.71292
553.90828
554.28940
554.47486
554.51140
554.51860
554.53180
554.54104
554.59594
554.90794
555.06226
555.20362
555.24742
555.29116
555.57718
555.59638
555.62554
555.63502
555.64972
555.65554
555.67468
555.68446
555.68614
556.21960
556.23988
556.39162
556.60342
556.61512
556.66516
556.99996
557.21158
557.31352
557.31694
557.40112
557.90014
557.90860
558.12370
558.21826
558.24718
558.57328
558.58690
558.69976
558.97612
559.16440
559.18342
559.23028
559.43740
559.62604
559.93672
559.96120
560.18344
560.34382
560.58718
560.78506
561.36046
561.39136
561.56608
561.57256
561.64936
561.92926
562.28266
562.56004
562.61236
562.85314
562.87228
562.90558
562.92292
562.99642
563.03614
563.11750
563.47666
563.63422
563.65222
563.96902
564.10378
564.18400
564.30814
564.42856
564.44596
564.47770
564.49114
565.02430
565.03072
565.05868
565.18198
565.47784
565.56142
565.59988
565.84936
565.94944
565.95412
566.02810
566.22004
566.44984
566.67856
566.97118
567.48418
567.49192
567.50506
567.53596
567.60394
567.92044
568.03684
568.40668
568.42984
568.46032
568.90336
569.04100
569.10970
569.27698
569.66734
569.80606
569.82274
569.93956
569.95456
570.23656
570.28024
570.31696
570.80272
570.91228
570.96952
571.01746
571.04002
571.08256
571.09300
571.13950
571.17328
571.30252
571.42186
571.71154
571.71496
571.75900
571.76284
572.12638
572.21944
572.28856
572.61532
572.80192
572.81236
573.01288
573.09730
573.38704
573.66166
573.92116
574.25170
574.41526
574.50904
574.96102
575.16790
575.21818
575.24416
575.56276
575.86516
575.90872
575.93122
575.97250
575.97820
576.01450
576.35902
576.65338
576.76660
576.77962
576.78670
576.87508
577.29160
577.36000
577.44442
577.54708
577.65088
577.70056
577.70812
577.93348
577.93720
577.94062
577.98364
578.17450
578.36230
578.55022
578.61256
578.64586
578.70286
578.79430
578.85100
578.88358
578.90038
579.34096
579.34960
579.36736
579.47998
579.60712
579.61642
579.62416
579.66646
580.36114
580.56154
580.58080
580.66330
580.68976
580.74040
580.77100
580.77658
580.86184
580.91458
580.97386
581.01646
581.22670
581.23948
581.50024
581.56618
581.61346
581.68252
581.70610
581.80984
581.84584
581.86378
582.26086
582.52348
582.65638
582.74914
583.13398
583.17820
583.39402
583.55176
583.58380
584.17234
584.19556
584.21380
584.57566
585.06544
585.07360
585.07678
585.11224
585.43954
585.76492
585.99628
586.03240
586.13152
586.18654
586.26502
586.60846
586.80496
586.98184
587.03200
587.36956
587.40862
587.46184
587.47234
587.57230
587.81506
588.00256
588.05554
588.27160
588.58132
589.04836
589.15954
589.36486
589.54816
590.25460
590.54830
590.90560
591.08134
591.08890
591.16894
591.17140
591.26176
591.33172
591.37492
591.43810
591.45478
591.67126
592.18564
592.18768
592.27642
592.70032
592.89766
593.49772
594.08386
594.21460
594.35044
594.36574
594.40228
594.42136
594.43132
594.82792
594.88042
595.18276
595.21426
595.59256
595.92124
595.98760
596.32846
596.48518
596.48782
596.98384
597.17500
597.26620
597.34810
597.40042
597.40774
597.41698
597.47446
597.49528
597.60556
597.67624
597.95824
597.96448
597.98794
598.03150
598.19764
598.36426
598.40542
598.43116
598.44556
598.46476
598.49806
598.57132
598.82806
598.84786
599.47210
599.64778
599.99776
600.49498
600.53416
600.68290
600.85996
600.86482
600.91162
600.91444
600.93682
600.97678
601.14796
601.29142
601.41190
601.53118
601.69774
601.70812
601.77610
601.86190
602.02192
602.63854
602.70526
603.47140
603.49420
603.53302
603.56146
603.76456
603.77206
604.03768
604.06720
604.07800
604.09768
604.22638
604.34806
604.37098
604.67884
604.85824
605.73106
606.42832
606.64552
606.73732
606.77494
606.85288
606.88354
606.89500
607.03774
607.63084
607.77460
607.96708
608.14594
608.25280
608.34874
608.48890
608.58880
608.63116
608.69506
608.84782
608.93848
609.10540
609.13270
609.36442
609.37306
609.58798
609.89908
610.17880
610.39150
610.43776
610.52074
610.90822
611.01436
611.09776
611.11912
611.13208
611.24242
611.49214
611.62888
611.81098
612.20230
612.30730
612.67864
613.01890
613.05790
613.15264
613.64182
613.74538
613.93786
614.15830
614.18674
614.51476
614.56456
614.69488
614.76898
614.80114
615.00844
615.23368
615.23716
615.24904
615.26272
615.30304
615.38164
615.74080
615.77374
615.97882
616.08862
616.09810
616.44784
616.48594
616.50538
616.55278
616.57078
616.57510
616.65250
616.68142
616.98922
617.14762
617.15458
617.42152
617.98150
618.17524
618.20104
618.27634
618.40948
618.42196
618.47260
618.51940
618.54022
618.68194
618.75850
618.91930
618.96604
618.96922
618.99220
619.02238
619.12534
619.27252
619.47916
619.49842
619.54498
619.97572
619.98322
619.99078
620.01994
620.02936
620.03206
620.18188
620.50870
620.52706
620.53438
620.57248
620.84212
621.00790
621.01312
621.03646
621.47290
621.53524
622.02670
622.10890
622.55044
622.91518
623.33710
623.37196
623.89228
624.15184
624.90544
625.18456
625.40242
625.41616
625.46674
625.47244
625.50634
625.69240
625.83190
625.93468
626.15530
626.30308
626.49082
626.79262
626.81308
626.86318
627.03640
627.32290
627.48484
627.50926
627.53236
627.76654
627.98824
628.14364
629.17042
629.49574
629.83600
629.85178
629.85898
629.86666
630.10144
630.14890
630.28594
630.43870
630.73864
630.78868
630.97768
631.10656
631.19884
631.23232
631.31842
631.52044
631.67590
631.85134
633.07612
633.11548
633.43876
633.45382
633.47332
633.53692
633.61636
633.62566
633.69916
633.70972
634.56574
634.75336
634.89868
635.20354
635.22982
635.23216
635.72476
635.72806
636.06868
636.88216
636.92518
637.10578
637.44964
637.46608
638.13436
638.29978
638.31358
638.33008
638.93500
638.97280
639.04246
639.09724
639.10540
639.19774
639.23512
639.38230
639.44656
639.45556
639.84274
639.91696
639.98296
640.18528
640.72306
640.75186
641.25658
641.26078
641.67634
641.95066
642.09280
642.54676
642.64744
642.71644
643.15282
643.23574
643.35358
643.42360
643.50940
643.76422
643.81168
644.23168
644.74048
645.07984
645.22072
645.49870
645.50662
645.54892
645.55072
645.66358
646.01032
646.01788
646.12408
646.38862
646.66516
646.68670
646.96180
647.22982
647.47258
647.62498
647.79706
647.86450
648.03610
648.24376
648.33952
648.63598
649.20664
649.23490
649.33636
649.59736
650.13622
650.24104
650.44540
650.59024
650.71060
650.71546
650.73544
651.25060
651.44608
651.68770
651.70336
651.72484
651.73714
651.74650
651.79288
651.81424
651.81736
651.86578
652.18150
652.18384
652.47736
652.53040
652.95460
653.01160
653.02144
653.05450
653.07118
653.07484
653.62138
653.62492
653.63122
653.78770
653.81116
654.10792
654.36106
654.56404
654.56986
654.60352
654.75730
654.82900
654.92914
654.97654
655.07764
655.31722
655.32508
656.17180
656.20060
656.25094
656.30074
656.38714
656.68360
656.71732
656.74114
657.60760
657.78118
657.84412
657.85846
657.86830
657.89218
658.04182
658.05388
658.16272
658.49896
658.54096
658.84504
659.16280
659.29636
659.49118
659.58490
659.68936
659.73508
659.82844
660.14230
660.49522
660.53476
660.60160
660.63934
660.66364
660.69244
660.71212
660.72334
661.05820
661.24408
661.68160
661.70968
661.74544
661.76098
661.92022
661.96828
662.11744
662.31796
662.52286
662.54314
662.59720
663.12124
663.25474
663.33550
663.77356
663.78538
663.78850
663.96112
664.14118
664.38736
664.43260
664.43968
664.68832
664.95388
665.26900
665.33620
665.34226
665.35642
665.36698
665.39230
665.41294
665.44228
666.01294
666.38170
666.39100
666.44278
666.50938
666.71182
667.07722
667.44400
667.50760
667.67230
668.06632
668.57716
668.86348
668.86708
668.98642
669.00754
669.01684
669.02866
669.58642
669.69244
669.70126
669.72682
669.76978
669.78640
669.89710
669.91372
670.05598
670.41718
670.62694
670.63042
670.63936
670.65088
670.65340
670.66450
670.74700
670.85338
670.92670
671.16406
671.19112
671.57020
671.68048
671.72470
671.75398
671.76112
671.78986
671.81374
671.91412
671.94442
671.95822
672.14350
672.29368
672.88072
672.90430
672.94732
672.96808
672.99286
673.07020
673.25380
673.48744
673.56814
673.61146
673.64746
673.67050
673.72030
673.72528
673.84732
673.90378
673.94812
674.05396
674.18698
674.52316
674.52718
674.59438
674.71138
674.77708
674.83426
674.90416
674.94376
674.95840
675.04420
675.22024
675.23440
675.25390
675.53464
675.54478
675.64564
675.82162
675.93490
676.15882
676.21366
676.22770
676.23430
676.42738
676.46458
676.56154
676.79404
676.91830
676.96636
677.02126
677.31958
677.37088
677.49928
677.60554
677.84794
678.23452
678.36610
678.44206
678.48544
678.62050
678.87712
678.94792
679.00828
679.12222
679.26178
679.28110
679.38724
679.76632
679.79494
679.80880
679.82266
679.82656
679.89526
679.93480
679.97068
679.98772
680.21560
680.44510
680.62864
680.63278
680.68150
680.73142
680.73478
680.74912
680.80204
680.95414
681.20434
681.21484
681.32860
681.79522
681.96832
682.04812
682.05442
682.21210
682.31056
682.31860
682.40434
682.41478
682.43788
682.47112
682.93156
682.96474
682.97134
682.98148
682.98826
682.99810
683.04814
683.35198
683.50462
683.71114
683.78812
683.85136
683.87668
683.88802
684.07144
684.20512
684.21868
684.31378
684.57670
684.62806
684.63532
684.67882
684.69460
684.81148
685.12792
685.13302
685.20484
685.42876
685.45450
685.70452
685.71208
685.83532
686.03848
686.12632
686.12842
686.17888
686.27158
686.37766
686.41522
686.50018
686.55586
686.73970
686.93596
687.06508
687.16468
687.37786
687.47134
687.67834
687.90460
688.05154
688.27132
688.61608
688.63882
688.76818
688.98796
689.03782
689.09464
689.35174
689.54554
689.75248
689.76868
689.90230
689.95438
690.00484
690.05740
690.06208
690.21148
690.46510
690.56500
690.59740
690.73180
690.76732
690.77764
690.78928
690.82798
691.22548
691.35472
691.60462
691.70446
691.79068
692.05510
692.09986
692.23804
692.37838
692.41888
692.87128
692.93332
693.07150
693.65890
693.82894
693.87892
693.90340
693.95524
693.97150
694.14826
694.53322
694.53868
694.59940
694.61788
694.72756
694.85482
694.87810
694.90192
694.96492
695.17882
695.28910
695.66212
695.72902
695.75248
695.75914
695.84482
695.87170
695.96482
695.97244
695.97880
695.98876
696.42148
696.73792
696.83782
697.04434
697.05124
697.09540
697.11874
697.12198
697.14844
697.26196
697.28164
697.42846
697.49554
697.51870
697.57150
697.88158
697.90444
697.93354
697.93930
697.97242
698.06836
698.08324
698.11204
698.12884
698.21686
698.34550
698.43826
698.68792
698.70580
698.71090
698.93404
698.94214
698.95600
698.98156
699.00454
699.08776
699.17578
699.53188
699.57880
699.71806
699.80446
699.82876
699.85462
700.14544
700.67878
701.00476
701.01526
701.17582
701.31202
701.54524
701.72158
701.75236
702.06358
702.43594
702.47878
702.50518
703.06942
703.17184
703.54192
703.61416
703.67404
703.69888
704.56210
704.60014
704.60512
704.77180
704.78590
704.79334
704.82892
704.86888
705.54514
705.57646
705.58828
705.59836
705.62596
705.69274
705.73216
705.78802
706.00480
706.28362
706.29496
706.34482
706.45906
706.57174
706.57432
707.07952
707.09974
707.12164
707.15176
707.15896
707.24896
707.36542
707.45548
707.58856
708.40834
708.41266
708.47584
708.55588
708.58960
708.71686
708.77944
708.83218
708.92188
708.96154
709.03216
709.03840
709.07164
709.32328
709.37236
709.46290
709.53226
709.57228
709.59874
709.63246
709.83832
710.02342
710.05174
710.05552
710.06260
710.06548
710.09308
710.24608
710.45518
710.71270
710.91262
711.06556
711.07168
711.19930
711.58246
711.72166
711.90646
711.95980
712.05520
712.07176
712.40626
712.42192
712.44892
712.45546
712.62190
712.88494
712.92856
712.97560
712.97914
713.01610
713.03872
713.45542
713.56576
713.67202
713.77966
713.88226
714.13858
714.25942
714.58894
714.80032
714.90568
715.73848
715.77202
715.77976
715.78144
715.78702
715.80232
715.81198
716.41036
716.67916
716.79910
716.81464
716.88976
716.89438
716.90530
716.98564
717.06844
717.16768
717.45430
717.63898
717.70792
717.72916
717.77998
717.78922
717.80644
717.87544
717.91618
718.47232
718.66720
718.67230
718.73362
718.76620
718.79092
718.91920
718.95544
719.11690
719.37868
719.41738
719.55580
719.81002
719.81230
719.86030
719.86876
719.89540
720.04648
720.43438
720.61990
720.62974
720.63814
720.66694
721.03768
721.04518
721.93276
721.97692
722.01946
722.23000
722.40568
722.58022
722.61634
722.68900
722.98300
723.05614
723.20296
723.38692
723.64954
723.72994
723.94036
724.01374
724.05586
724.15120
724.79668
724.94944
725.11654
725.21806
725.31262
725.62270
725.78890
725.80666
726.17056
726.24694
726.64708
726.75670
726.77122
726.85600
726.89680
726.91816
727.03960
727.39396
727.46374
727.56682
727.58494
728.45314
728.75662
728.76820
728.79742
728.81878
728.91430
728.95450
729.03112
729.07384
729.09664
729.11854
729.53110
729.64420
729.83152
729.99796
730.23388
730.33042
730.51474
730.61044
730.69810
730.75702
730.77382
730.80196
730.99774
731.03086
731.04562
731.04814
731.06428
731.28430
731.34466
731.49796
731.53168
731.55310
731.57830
731.59348
731.87848
732.00826
732.01924
732.02794
732.12736
732.13948
732.16474
732.35008
732.47434
732.53434
732.94096
732.94846
732.98164
733.04836
733.31932
733.85278
733.99174
734.00770
734.25790
734.28622
734.40484
734.62888
734.71840
734.75140
734.91958
735.06196
735.08512
735.28234
735.64900
735.92482
736.31068
736.38244
736.42480
736.68220
736.68952
736.83238
736.97494
737.04592
737.13136
737.15812
737.24158
737.26870
737.81884
737.84158
737.84812
737.85586
738.06604
738.12202
738.13576
738.23578
738.56884
738.63268
738.70996
738.71890
738.77974
738.80860
738.84934
739.06306
739.18174
739.26892
739.36630
739.47550
739.49896
739.50382
739.59928
739.65226
739.69756
739.71184
739.72588
739.78012
739.81018
739.84882
739.92940
739.95874
740.05912
740.07706
740.19238
740.23198
740.54200
740.59978
740.76640
740.87554
740.97562
741.03604
741.04738
741.06658
741.15898
741.19972
741.22042
741.55000
741.58312
741.67570
741.76936
741.83734
742.11664
742.26142
742.57000
742.69264
742.72552
743.07322
743.08792
743.26642
743.30194
743.36506
743.57860
743.58988
743.59330
743.82256
743.96230
744.05296
744.06658
744.16630
744.33622
744.41146
744.46348
744.57574
744.72364
744.73648
744.75946
744.77596
744.83656
744.96658
745.00024
745.14244
745.37596
745.50442
745.53376
745.55032
745.58362
745.60060
745.70956
745.87600
745.93666
746.06614
746.20984
746.43154
746.43634
746.87656
746.90458
747.02992
747.44290
747.63694
747.65350
748.00420
748.05982
748.08412
748.11412
748.18414
748.21006
748.38694
748.45372
748.49980
749.14876
749.17786
749.19718
749.23072
749.23894
749.25082
749.29786
749.31748
749.36782
749.38450
749.38870
749.39314
749.52166
749.55082
749.81764
749.98414
750.00106
750.02056
750.14986
750.21130
750.29332
750.43738
750.97066
751.05802
751.26040
751.26406
751.29106
751.49350
751.54048
751.87078
752.00026
752.23750
752.29468
752.30098
752.42110
752.56318
752.89420
752.90140
753.01054
753.50968
753.64564
753.65800
753.68062
753.69844
753.94486
753.98890
754.00564
754.06042
754.26064
754.60042
754.78804
754.80478
754.86322
754.91074
754.92760
755.01154
755.16772
755.22472
755.48290
755.66338
755.68330
755.72524
755.81794
755.95090
756.07426
756.96910
757.01284
757.06114
757.07356
757.08808
757.09186
757.26106
757.50514
757.52284
757.83358
757.86598
758.00500
758.12818
758.13832
758.63488
758.72818
758.80432
759.21430
759.35254
759.38596
759.51172
759.88612
759.96802
760.05286
760.20064
760.20544
760.22518
760.26184
760.32856
760.37248
760.56910
760.62076
760.72228
760.97866
761.29528
761.30710
761.53534
761.56114
761.59540
761.64034
761.65006
761.65558
761.84560
761.92264
761.99254
762.12262
762.58936
762.63634
762.66970
762.70336
762.76906
763.55338
763.85602
763.97410
764.32210
764.37880
764.40772
764.42710
764.66230
764.74606
764.98594
765.02926
765.19624
765.25282
765.27934
765.33976
765.80674
765.87952
765.98998
765.99988
766.06282
766.10998
766.31944
766.39618
766.84018
766.84606
766.85554
766.92718
767.12968
767.18884
767.22058
767.43436
767.54032
767.69236
767.69908
767.70700
767.74660
767.77336
767.94670
767.95528
768.06598
768.21976
768.22696
768.24646
768.24988
768.26428
768.51580
768.64108
768.69034
769.02094
769.06432
769.18240
769.21780
769.35448
769.45696
769.50442
769.57756
769.85716
769.99510
770.00638
770.02378
770.17228
770.28040
770.34184
770.38006
770.66494
770.73784
770.80456
770.86492
771.00274
771.01360
771.03034
771.05014
771.16096
771.20464
771.28762
771.42130
772.03792
772.08772
772.10476
772.33798
772.40482
772.65472
772.68310
772.90888
772.98814
773.19370
773.19598
773.32564
773.33104
773.34820
773.47768
773.55430
773.82166
773.89738
774.37156
774.47458
774.52354
774.54436
774.58720
775.01410
775.09000
775.29532
775.32766
775.58086
775.59778
775.72456
775.86868
776.09848
776.13676
776.19742
776.24494
776.29888
776.57674
776.66164
776.68702
776.69398
776.69764
776.79310
776.87128
776.92222
776.93146
776.94118
776.99794
777.00928
777.08104
777.48808
777.49144
777.80416
777.85816
778.22482
778.43530
778.50244
778.54798
778.55170
778.82854
778.90204
779.06710
779.14930
779.40028
779.49298
779.58130
779.64166
779.75236
779.82490
780.03544
780.11218
780.17896
780.64168
780.71464
780.78382
781.04926
781.58902
781.62220
781.69402
781.96114
782.01910
782.04760
782.04964
782.17114
782.20546
782.40208
782.43124
782.44540
782.47234
782.49496
782.49802
782.62240
782.70850
782.87506
783.00562
783.09160
783.19954
783.22504
783.68386
783.68908
783.75838
783.96238
784.03372
784.19182
784.33426
784.43128
784.48144
784.52626
784.53910
784.59172
784.73410
784.77682
784.83154
784.99834
785.25550
785.29828
785.46622
785.51242
785.53438
785.54944
785.64844
785.65414
785.68282
785.69500
785.70106
785.80576
785.91220
786.02224
786.02656
786.04192
786.17134
786.46726
786.54946
786.75568
786.84484
786.97528
786.99826
787.08136
787.09834
787.10848
787.17154
787.30594
787.32886
787.38442
787.94818
787.96336
787.99198
788.04400
788.05738
788.18920
788.24830
788.37232
788.52244
788.54128
788.75578
788.82718
789.02860
789.22876
789.32266
789.32944
789.48844
789.49234
789.50758
789.66496
789.84394
789.97180
790.04908
790.08268
790.08700
790.09342
790.10098
790.22206
790.25914
790.27888
790.29514
790.33222
790.43224
790.46662
790.57288
790.71670
790.71976
790.79242
790.80616
790.99216
791.13970
791.21236
791.41552
791.43370
791.90632
791.93482
791.98870
792.10030
792.13222
792.13960
792.14248
792.16648
792.23998
793.03498
793.03972
793.22608
793.24474
793.36060
793.39264
793.39666
793.42600
793.45936
793.48330
793.48972
793.52470
793.79014
793.83898
793.84270
793.85092
793.91728
794.02216
794.07208
794.15020
794.29006
794.33290
794.64364
794.71564
794.77072
795.11086
795.47350
795.65698
796.07272
796.13026
796.18414
796.24702
796.27366
796.36108
796.37338
796.52314
796.54018
796.65106
796.66960
796.82056
796.89988
797.05708
797.23960
797.29306
797.41666
797.47066
797.50726
797.56576
797.60710
797.65090
797.69518
797.72830
797.84314
797.88064
797.88346
797.89024
797.91160
797.93038
797.99620
798.09736
798.27394
798.29956
798.36748
798.37762
798.73330
798.92308
799.04950
799.06660
799.10722
799.22704
799.35442
799.39048
799.39330
799.39948
799.40746
799.43344
799.45126
799.46962
799.60240
799.69072
799.73434
799.79062
799.97410
800.20750
800.27836
800.46646
800.51452
800.98336
800.98714
801.04966
801.08824
801.08986
801.39076
801.42454
801.49114
801.62422
801.73354
801.74734
801.80782
802.08148
802.19056
802.21054
802.30012
802.62460
803.07880
803.40190
803.71984
803.80768
803.85100
803.85706
803.87746
803.91100
803.93098
803.94130
804.03154
804.06874
804.09304
804.19330
804.25306
804.42004
804.65122
805.05058
805.44160
805.74622
806.05084
806.14444
806.39332
806.76478
806.78446
806.85874
806.88874
806.96452
806.97010
807.26476
807.39196
807.41494
807.50728
807.55828
807.82516
807.89206
807.92542
807.93010
807.98710
808.00876
808.09198
808.16158
808.35376
808.35772
808.63528
808.70728
808.78090
808.83610
808.84420
808.86436
808.90384
809.08750
809.12314
809.25892
809.33440
809.37550
809.54482
809.60422
809.70868
809.87050
809.93890
810.27124
810.31522
810.31942
810.45436
810.57826
810.62686
810.63160
810.64210
810.73222
810.76012
810.90442
811.03228
811.05412
811.39240
811.56862
811.60912
811.61926
811.64818
811.70158
811.70854
811.71124
811.75942
811.76818
811.98250
812.26186
812.67982
813.01966
813.02602
813.39670
813.44140
813.44872
813.56854
813.59266
813.60916
813.65920
813.73492
813.83170
813.85162
813.99718
814.03216
814.05664
814.06216
814.10932
814.39276
814.51810
814.54258
814.66210
814.66822
814.78528
815.03890
815.04268
815.07586
815.14174
815.16490
815.20162
815.30170
815.30650
815.47204
815.57548
815.70220
815.85166
816.20950
816.23518
816.28678
816.33520
816.42112
816.47902
816.52414
816.57892
816.67864
816.75952
816.88906
816.99274
817.01842
817.25200
817.28524
817.40932
817.52098
817.55188
817.63516
817.69198
817.73524
817.74550
817.85848
817.86826
817.99246
818.18278
818.34112
818.35930
818.43298
818.69530
818.73298
818.82898
819.43522
819.51196
819.53020
819.61228
819.68764
819.85186
819.85918
819.88180
819.95146
820.18030
820.22884
820.26544
820.33756
820.34890
820.37602
820.38022
820.43176
820.57576
820.74712
821.09266
821.20186
821.46670
821.47300
821.56816
821.82574
821.91796
821.92594
821.96914
822.04534
822.27598
822.37570
822.62566
822.69256
822.86170
822.92572
823.15900
823.17556
823.18450
823.24222
823.30792
823.47604
823.68616
823.69882
823.75876
824.03722
824.25136
824.28502
824.32798
824.63458
824.64190
824.66200
824.69224
824.82832
825.00574
825.04246
825.09250
825.12232
825.23296
825.54226
825.84190
825.87388
825.93598
825.97552
825.98194
825.98722
826.02940
826.41802
826.44562
826.64686
826.70158
826.74502
826.78042
826.79494
827.12542
827.20126
827.22544
827.25136
827.51386
827.57272
827.58490
828.37792
828.40744
828.43168
828.51688
828.53434
828.60244
828.70270
828.82432
828.91768
829.16758
829.22512
829.34632
829.41772
829.73128
829.99636
830.09200
830.11846
830.18494
830.20240
830.31256
830.67034
830.72794
830.74186
830.75860
830.90830
830.92780
830.94178
830.97022
831.12916
831.17536
831.20860
831.52174
831.80854
831.86788
831.94180
832.21114
832.22506
832.31248
832.31854
832.33444
832.39540
832.53478
832.62424
832.72936
832.75348
832.76344
832.90300
833.19172
833.20090
833.34766
833.35852
833.52508
833.64178
833.74162
833.77966
833.87140
833.97796
834.18730
834.34468
834.37504
834.40804
834.60748
834.67786
834.67984
834.70558
834.73846
834.97792
835.80094
835.85092
835.87792
836.01094
836.05078
836.07388
836.20834
836.27272
836.49454
836.55778
836.60092
836.74150
837.10060
837.20734
837.30346
837.31750
837.66760
837.73336
837.89794
837.92008
837.93430
837.94780
838.06894
838.12408
838.18156
838.29076
838.31992
838.67020
838.82782
838.87000
838.89472
839.06266
839.15242
839.60062
839.65060
839.66236
839.67706
839.75074
839.90830
840.03532
840.04300
840.11434
840.13426
840.19150
840.31282
840.32464
840.35032
840.61108
840.81850
840.82210
840.82570
840.88828
840.90808
840.91738
841.02874
841.15798
841.46986
841.50016
841.50178
841.61986
841.64452
841.68382
841.83388
841.85026
842.20054
842.23120
842.25052
842.28088
842.29024
842.57740
842.72182
842.89054
843.19126
843.26692
843.30028
843.93466
844.03360
844.84132
845.02372
845.16382
845.24716
845.45782
845.51740
845.75026
846.02158
846.26728
846.32320
846.48820
846.65482
846.78520
846.86098
846.90100
846.91396
846.91684
846.96250
847.23142
847.24084
847.25464
847.31734
847.40044
847.47718
847.82632
847.96072
848.34148
848.51656
848.88364
848.99284
849.14392
849.15280
849.20002
849.31198
849.35638
849.39394
849.48520
849.77350
849.81646
849.99994
850.20772
850.25158
850.30468
850.55872
850.60444
850.63312
850.77688
851.06704
851.45116
851.55094
851.62714
852.11008
852.68980
852.83062
853.08574
853.16020
853.16938
853.20640
853.52770
853.61338
853.62286
853.62820
853.75180
853.83448
853.85140
853.87066
853.89034
854.05726
854.16682
854.33266
854.33992
854.34526
854.36890
854.78536
854.82304
854.88292
854.93260
855.00382
855.15700
855.52300
855.60982
855.69214
856.11874
856.19920
856.23268
856.42354
856.60978
856.70602
856.84912
857.06620
857.11588
857.26606
857.67076
857.77606
857.78026
857.97724
858.02062
858.23908
858.25384
858.38386
858.55000
858.84862
858.97702
859.00312
859.04260
859.10776
859.49260
859.59250
859.65532
859.82590
859.93204
859.97572
859.99846
860.03608
860.13382
860.14240
860.21326
860.49874
861.09700
861.11536
861.21508
861.34864
861.46522
861.53620
861.64216
861.97546
862.14424
862.17178
862.18510
862.19446
862.19818
862.32910
862.63804
862.86028
862.89712
862.92268
862.95064
863.02156
863.16772
863.34310
863.36476
863.41474
863.45344
863.45752
863.90998
864.03820
864.53860
864.57052
864.60448
864.92134
864.96874
865.06984
865.37128
865.51468
865.53124
865.63240
865.93126
866.07790
866.13094
866.25520
866.57584
866.67112
867.03172
867.09232
867.12688
867.16006
867.24718
867.59062
868.08076
868.19242
868.43428
868.49602
868.54726
868.56376
868.57816
868.62418
868.64746
868.66390
868.67422
868.82134
869.11840
869.23936
869.28406
869.36104
869.40436
869.58784
869.88772
869.98720
870.11620
870.38686
870.47362
870.74938
870.77806
870.82588
871.17670
871.22998
871.36360
871.41316
871.44016
871.70854
871.72288
871.80382
871.90600
871.91110
871.92946
871.95508
872.23624
872.30356
872.85280
873.26926
873.30286
873.35194
873.61000
873.62434
873.62638
873.63940
873.64324
873.93628
873.98932
874.14244
874.29280
874.66198
874.89976
874.91956
874.93324
874.93618
875.00920
875.37850
875.57992
875.61736
875.62810
875.91886
876.01126
876.04492
876.19456
876.21544
876.22768
876.31126
876.50512
876.56896
876.78838
876.95176
876.95620
876.95830
876.98518
877.15468
877.21762
877.41088
877.45156
877.65742
877.87804
878.02714
878.96302
879.07942
879.11866
879.14512
879.17074
879.41776
879.84604
880.69972
881.07514
881.08990
881.12416
881.26138
882.15928
882.83164
882.93784
883.21000
883.54618
883.73164
883.76008
883.79638
883.80880
883.84600
883.85506
883.88938
885.10852
885.18868
885.78892
885.98440
886.12792
886.54768
886.89154
887.30056
887.34784
887.41210
887.54794
887.56600
887.57014
888.18340
888.42262
888.50032
888.55132
888.58060
888.77248
888.85336
888.94282
889.47274
889.85716
889.92778
889.93678
889.96816
890.11612
890.28754
890.49328
890.50780
890.73724
891.09400
891.36574
891.47608
891.47932
891.52174
891.54292
891.57028
891.66256
891.71518
891.79474
891.83794
891.94078
892.08178
892.23496
892.24480
892.26016
892.29568
892.32484
892.43158
892.46482
892.51498
892.59820
892.66486
892.66840
892.68526
892.82140
892.98778
893.23762
893.44072
893.46100
893.48446
893.56078
894.36796
894.40510
894.47098
894.48214
894.82066
894.83806
894.87370
894.89866
895.20334
895.21966
895.28032
895.40308
895.46968
895.52428
895.58620
895.70350
895.86988
895.99366
896.41330
896.42188
896.58430
897.13612
897.43588
898.14454
898.15210
898.17574
898.25554
898.27606
898.55644