0.00502
0.07600
0.20500
0.21136
0.23818
0.74260
0.74446
0.84208
0.85504
0.90892
0.94024
0.95530
1.00456
1.02202
1.04122
1.41244
1.44232
1.59220
1.66894
1.77868
1.79764
1.82566
1.84930
2.02114
2.04898
2.23822
2.58550
2.87518
2.88178
2.92834
3.02902
3.04186
3.21850
3.29230
3.34834
3.49192
3.52900
3.64498
3.72508
3.90862
3.91138
3.95368
4.05880
4.18450
4.58230
4.72552
4.87816
5.08828
5.11216
5.16142
5.20144
5.45884
5.55142
5.58052
5.72872
5.87812
6.13474
6.23686
6.25234
6.48508
6.60136
6.71824
6.87076
6.90208
7.13170
7.42504
7.69528
7.73218
7.81804
7.92520
8.62150
8.62576
8.65822
8.71816
8.89846
9.11092
9.40126
9.59170
9.61528
9.63190
9.67786
9.89164
10.04428
10.09114
10.10392
10.35478
10.36960
10.39162
10.64164
10.73446
10.76170
11.07112
11.17840
11.34388
11.37748
11.48170
11.49400
11.54140
11.60776
11.93158
11.94808
12.33388
12.44362
12.52822
12.57820
12.74656
12.80842
12.88864
12.92182
13.40020
13.68754
13.71526
13.75138
13.95406
13.97800
14.08774
14.10454
14.15116
14.16502
14.21752
14.22094
14.25994
14.33734
14.40778
14.47444
14.48698
14.59426
14.63710
14.85118
15.02332
15.10894
15.13738
15.23752
15.27724
15.40732
15.42724
15.54082
15.58696
15.66688
15.92056
15.96040
15.98848
16.00378
16.11682
16.32208
16.58326
16.60402
16.74772
16.78774
16.83430
16.88002
17.70406
17.87014
17.88232
18.11104
18.50056
18.52366
18.53674
18.57634
18.74800
19.02766
19.39432
19.46014
19.65508
19.86262
19.94050
20.08402
20.43376
20.57680
20.70604
20.76646
20.83432
20.98096
21.19288
21.26992
21.30028
21.67738
21.98674
21.99310
22.43998
22.68664
22.69396
22.82002
22.82914
23.04394
23.34394
23.38384
23.80024
24.00028
24.21646
24.22336
24.25348
24.25690
24.33064
24.37714
24.51082
24.75964
24.86062
24.86650
24.88798
24.90328
24.96940
25.03348
25.24390
25.31062
25.31938
25.42678
25.46638
25.55926
25.68040
25.94710
25.95640
25.96036
26.00296
26.03332
26.14732
26.26042
26.29360
26.34286
26.49652
26.56048
26.57602
26.73226
26.76106
26.79370
27.67624
27.81982
27.89014
27.90256
27.97636
28.18636
28.19980
28.49986
28.54990
28.58914
28.59670
28.61044
28.67320
28.72672
29.14990
29.21626
29.33962
29.36974
29.42656
29.51356
29.55616
29.63002
30.08998
30.32866
30.33196
30.46006
30.47620
30.77986
30.88600
30.89242
31.14652
31.21642
31.39918
31.42288
32.08288
32.09320
32.09632
32.09986
32.37562
32.51320
32.60860
32.77612
32.81314
32.82928
32.94184
33.00940
33.01300
33.05884
33.13216
33.16576
33.43564
33.46588
33.46906
33.48178
33.55168
33.82774
33.84910
34.10602
34.41898
34.42960
34.72504
34.76548
34.79608
34.84804
35.06866
35.33512
35.42536
35.43238
35.49136
35.60494
35.61436
35.62948
35.71210
35.72428
35.74240
35.86474
35.86810
35.91088
36.09142
36.20800
36.43798
36.58168
36.59860
36.60892
36.61558
36.61870
36.64876
37.02556
37.11844
37.39840
37.40872
37.41538
37.76818
37.99066
38.09188
38.13466
38.44192
38.52424
38.55484
38.86396
38.88862
38.96866
39.05110
39.05488
39.19816
39.25840
39.31456
39.41788
39.47404
39.50434
39.61174
39.68572
39.82702
40.03120
40.04776
40.06462
40.07116
40.41436
40.50076
40.52128
40.60102
40.75060
40.76428
40.79434
40.79722
40.80058
41.02120
41.23840
41.24482
41.25082
41.39752
41.70088
41.80774
41.89396
41.95420
41.95774
41.96668
42.14266
42.55030
42.57094
42.64096
42.64456
42.72370
42.73066
43.01710
43.03054
43.08628
43.14400
43.18054
43.33066
43.34674
43.36696
43.37398
43.44076
43.63996
43.75354
43.90366
44.27392
44.38138
44.39428
44.41672
44.44246
44.44642
44.58976
44.74354
45.08974
45.10570
45.50284
45.58954
45.86992
45.90406
45.94372
45.94708
46.03324
46.06078
46.24726
46.29976
46.41604
46.50448
46.51336
46.66624
46.66936
46.82356
46.83274
46.84354
46.86964
46.89994
46.90690
46.94884
46.96642
47.08408
47.09620
47.23684
47.28010
47.51338
47.51926
47.52994
47.55616
47.62006
47.66266
47.74174
47.75542
47.80684
47.81026
47.81872
47.82982
47.83624
47.85592
47.85982
47.87350
47.89918
48.04540
48.07006
48.08206
48.18682
48.19018
48.22006
48.22690
48.23308
48.24862
48.41308
48.44968
48.52696
48.55690
48.61588
48.99262
49.09984
49.47994
49.50724
49.53616
49.59196
49.59652
49.62010
49.80328
50.17204
50.32234
50.34346
50.60668
50.62258
50.71672
50.76310
50.87986
50.96566
51.13672
51.18622
51.41326
51.44950
51.67276
51.70588
51.86272
51.86962
51.90610
51.93004
51.93370
52.09918
52.11670
52.42348
52.55236
52.73260
53.08000
53.10334
53.10682
53.63656
53.70310
53.75344
53.80312
53.83018
53.96374
53.98648
54.00664
54.01972
54.24670
55.04014
55.11328
55.26610
55.34014
55.55698
55.56034
55.60678
55.61638
55.65340
55.87018
56.33032
56.44690
56.70628
56.81392
56.86318
56.96986
57.41134
57.44428
57.45748
57.57052
57.84958
57.90694
58.08118
58.20406
58.24366
58.59958
59.07196
59.08048
59.08708
59.09974
59.10184
59.11432
59.16682
59.30752
59.53678
59.55004
59.94412
60.18076
60.52060
60.56590
60.59434
60.59734
60.93772
61.02340
61.12372
61.17292
61.73704
61.91146
61.98520
61.98784
61.99414
62.03770
62.37418
62.42050
62.69008
62.71756
62.72650
62.98372
63.05710
63.27478
63.60850
63.71476
63.72490
63.89080
64.23976
64.41166
64.53136
64.55488
64.94794
64.98394
65.09170
65.24752
65.31220
65.50504
65.50852
65.77162
65.84194
65.89126
66.20902
66.57130
66.84106
67.02196
67.10164
67.36450
67.47208
67.69228
67.72906
67.73206
67.77784
68.03194
68.07562
68.13616
68.22850
68.23510
68.46496
68.62960
68.71282
69.02224
69.05548
69.36442
69.40174
69.45952
69.65566
69.65890
70.03330
70.17658
70.18900
70.22926
70.24450
70.52296
70.57282
70.65208
71.14918
71.18800
71.41906
71.54974
71.82556
72.07660
72.33994
72.53950
72.79666
72.96382
72.97702
73.08580
73.10926
73.31662
73.36648
73.40008
73.47352
73.47634
73.73344
73.84714
74.35612
74.53366
74.56672
74.67388
74.76976
74.79730
74.87698
75.02722
75.27664
75.30040
75.90040
76.11442
76.15738
76.16098
76.18426
76.19122
76.20664
76.26712
76.34416
76.38400
76.74790
76.84060
76.88044
76.95094
77.12434
77.25394
77.75344
77.77168
77.79376
77.81128
77.82406
77.84440
77.91004
78.02944
78.15772
78.24370
78.80110
78.92986
79.25440
79.39414
79.78756
80.04802
80.12986
80.13436
80.25424
80.35132
80.44420
80.62450
80.71036
80.77090
80.94538
81.22498
81.27406
81.32512
81.41092
81.44176
81.46078
81.63178
81.84886
81.94174
82.10440
82.26214
82.53532
83.19148
83.52184
83.53444
83.60482
83.85532
83.90506
84.24868
84.46258
84.70510
84.75904
84.84916
84.96262
85.19194
85.39210
85.41904
86.17828
86.20246
86.22160
86.46922
86.57980
86.67178
86.76334
86.88622
86.95924
86.98354
86.99302
87.17980
87.18604
87.21676
87.28996
87.33610
87.49312
87.96958
87.97996
88.02262
88.20322
88.39546
88.61002
88.78402
88.85290
88.93600
89.52328
89.53324
89.56276
89.57920
89.60932
89.86366
89.88232
90.70354
90.76750
90.77680
90.78040
91.15360
91.19002
91.22644
91.28248
91.33762
91.34656
91.56706
91.75378
91.82344
91.83640
92.00068
92.16772
92.17960
92.24134
92.36320
92.43052
92.52298
92.52718
92.54164
93.38428
93.72388
93.79120
93.81310
93.84094
93.86854
94.01806
94.02400
94.10716
94.17106
94.41364
94.47766
94.98034
95.03038
95.11486
95.12104
95.24068
95.28010
95.30716
95.45824
95.47042
95.50708
95.57128
96.06418
96.21460
96.32776
96.33664
96.59746
96.67132
96.89752
97.18684
97.24114
97.54420
97.97308
98.06518
98.10226
98.11120
98.28832
98.48116
98.71138
98.91424
98.94544
98.99560
99.04162
99.05500
99.31186
99.35506
99.38842
99.47464
99.69796
99.93118
100.07506
100.21912
100.29796
100.61122
100.63570
100.64182
100.67182
100.71850
100.72456
100.74538
100.75792
100.96882
101.01844
101.03098
101.07652
101.16208
101.17174
101.23252
101.26564
101.42524
101.58520
101.62174
101.65192
101.70478
101.85574
101.88634
102.11212
102.19798
102.21562
102.26206
102.26542
102.34816
102.51952
102.60292
102.80968
102.85876
102.89878
102.94948
103.03708
103.17910
103.49932
103.50604
103.62502
103.91620
103.99192
104.32726
104.41618
104.44954
104.49256
104.56288
104.60608
104.78926
104.79244
105.09604
105.46960
105.47524
105.69376
105.77008
106.03984
106.18318
106.20004
106.22590
106.31542
106.98616
107.02312
107.02594
107.05930
107.29270
107.50378
107.55364
107.66320
107.67232
107.80024
107.82262
108.60994
108.65944
108.98992
109.52374
109.55014
109.63924
109.80682
109.82602
110.49700
110.53342
111.01162
111.14074
111.17716
111.18640
111.35494
111.36142
111.44080
111.58438
111.79360
111.94078
111.96418
111.97708
112.03732
112.09330
112.24096
112.34818
112.43380
112.45750
112.69360
112.72732
112.92442
112.94140
112.94398
112.97848
113.01220
113.09794
113.10688
113.32438
113.37100
113.67754
113.85796
114.30814
114.31450
114.56134
114.65740
114.82906
114.91480
115.46860
115.61860
115.71088
115.72942
115.91098
116.31916
116.43202
116.44108
116.54500
116.65840
116.92468
117.14188
117.21562
117.28942
117.44890
117.58942
117.80470
117.86530
117.98158
118.20226
118.21738
118.34902
118.46164
118.55650
118.58908
118.65916
118.80910
119.33278
119.37568
119.43952
119.48542
119.63272
119.67586
120.11686
120.14320
120.17488
120.38296
120.47548
120.95272
121.38424
121.42594
121.47706
121.48558
121.70026
122.13628
122.42056
122.54068
122.63632
122.80024
122.84356
122.87074
122.91676
122.99044
123.18640
123.19354
123.30310
123.41632
123.78688
124.20052
124.28038
124.30798
124.60138
124.98808
125.16520
125.33734
125.54770
125.82496
126.23794
126.47848
126.51436
126.52840
126.53134
126.54052
126.63238
126.67570
126.68842
126.79516
126.88774
127.03210
127.18186
127.48162
127.51822
127.71790
127.73290
127.94698
128.27560
128.35480
128.44516
128.57548
128.76196
128.76490
128.76862
128.98282
129.06526
129.21244
129.57634
129.71884
129.88948
130.10602
130.28548
130.35568
130.81744
130.83982
130.90660
130.92238
130.94608
131.15650
131.19142
131.43652
131.73640
131.77666
131.78656
131.89912
132.16600
132.19330
132.27898
132.42922
132.64054
132.75358
132.75706
132.83002
133.09996
133.36672
133.39396
133.49578
133.55734
133.56262
133.59982
133.65778
133.70992
133.75042
133.75612
134.15734
134.23738
134.29528
134.31382
134.36260
134.42320
134.56690
134.64052
134.68060
134.69092
134.71432
134.76730
134.84422
134.84656
134.88100
134.90182
135.15232
135.15898
135.17452
135.18094
135.20170
135.21130
135.24496
135.38878
135.59452
135.78754
135.93106
136.04452
136.06000
136.08754
136.27426
136.35070
136.38112
136.95094
137.06140
137.66218
137.70520
137.77768
137.78422
137.79730
137.80300
137.84032
137.96794
138.08470
138.19780
138.54130
138.64234
139.01530
139.02532
139.06222
139.14142
139.31554
139.31932
139.39900
139.43218
139.44790
139.47172
139.47586
139.52512
139.58512
139.67494
140.60578
140.65858
140.66836
141.06574
141.17938
141.20260
141.24298
141.58678
141.58978
141.59308
141.63490
141.66934
141.85900
142.00000
142.01530
142.07314
142.08592
142.10704
142.16674
142.24198
142.80622
142.84900
142.86652
142.86958
142.87648
143.13070
143.69380
143.73346
143.73970
143.77336
143.81998
143.90932
144.00970
144.22384
144.35032
144.37390
144.50920
144.54574
144.58066
144.61000
144.65662
145.10350
145.21078
145.23844
145.25080
145.54450
145.93666
146.00374
146.00734
146.12044
146.41498
146.88706
147.06130
147.24484
147.24826
147.76846
147.85792
147.89158
148.00768
148.57786
148.74886
148.83232
148.95172
148.96948
148.98508
148.99762
149.02786
149.06530
149.11378
149.13508
149.43826
149.75458
149.84920
149.88232
150.03562
150.19228
150.22594
150.68554
150.79252
150.87874
151.24276
151.26184
151.48522
151.52806
151.62886
151.75180
151.99966
152.15284
152.16628
152.47240
152.52592
152.52988
152.87266
152.94028
153.25240
153.33004
153.33466
153.34090
153.36022
153.36346
153.38014
153.38986
153.39688
153.47584
153.49780
153.51628
153.73384
153.78040
153.82942
154.07002
154.11982
154.13200
154.18354
154.36738
154.42006
154.69624
154.75342
155.56408
155.66038
155.81080
155.85418
155.95408
155.96950
156.39694
156.49168
156.56116
156.60064
156.64702
156.67432
156.73258
157.21372
157.23766
157.25428
157.31824
157.47082
157.54420
157.55116
157.57072
157.59040
157.79848
157.81468
157.97686
158.02810
158.16388
158.19088
158.46118
158.52826
158.53060
158.54692
158.56144
158.57416
158.57806
158.68138
158.68450
158.78524
159.10474
159.35776
159.62806
159.77830
160.27138
160.61440
160.67920
160.97872
161.10772
161.60440
161.60878
161.62180
161.70850
161.77522
161.84560
161.93170
162.12208
162.21616
162.34204
162.39508
162.43942
162.46222
162.48892
162.57880
163.16974
163.33210
163.52224
163.84606
163.88908
163.92928
163.97254
164.05270
164.10610
164.13202
164.14978
164.19244
164.49628
165.21280
165.33280
165.33934
165.59626
165.67288
165.76090
165.90214
165.93316
166.03672
166.20580
166.35322
166.42612
166.45630
166.55560
166.63726
166.75384
167.43382
167.47996
167.89030
168.18736
168.91396
169.05772
169.08070
169.10050
169.13050
169.22686
169.30408
169.33648
169.60000
169.82704
169.85098
170.39998
170.65744
170.73082
170.80120
170.98804
171.01192
171.13804
171.18016
171.20068
171.60064
171.60742
171.64414
171.70168
171.71746
171.76018
171.81778
171.82384
171.83044
172.31488
172.54090
173.11726
173.26108
173.32240
173.33488
173.34730
173.80360
173.85190
174.09508
174.13144
174.26122
174.57520
174.76798
174.86560
174.92224
175.03432
175.07224
175.21516
175.33210
175.51528
176.03572
176.70154
176.84884
177.10246
177.11908
177.14926
177.29242
177.66628
177.83818
177.94264
178.09288
178.10164
178.38646
178.39594
178.46314
178.46854
178.57354
178.58296
178.65322
178.69312
178.76950
179.07556
179.20984
179.55970
179.59024
179.88688
179.97964
180.00988
180.23698
180.30730
180.31924
180.76702
181.29610
181.45918
181.46266
181.46668
181.56664
181.83328
181.84366
181.86034
181.86664
182.01676
182.06290
182.31694
182.54668
182.65408
182.70292
182.72446
182.77000
182.88652
182.89636
183.15340
183.45766
183.53656
183.72388
184.31074
184.32724
184.43416
184.50442
184.64728
184.65448
184.73392
184.88452
184.89736
185.14090
185.22142
185.26348
185.33698
185.34154
185.39188
185.42032
185.48464
185.68072
185.88472
186.27772
186.42844
186.70420
186.80830
187.19440
187.20112
187.31374
187.45162
187.52506
187.56784
188.30068
188.42518
188.46448
188.47174
188.47534
188.53846
188.55358
188.78464
188.81470
188.83858
189.01456
189.08134
189.11536
189.24718
189.27196
189.62590
189.94252
189.95116
190.10776
190.13536
190.17814
190.29490
190.31626
190.35874
190.73152
190.74514
190.80130
190.97206
191.28766
191.29222
191.31172
191.41192
191.42836
191.61832
191.79916
191.98888
192.34450
192.55870
192.66844
192.93220
192.98200
193.19530
193.19866
193.64542
193.87588
193.92796
193.96174
194.30842
194.33782
194.80474
194.97658
195.22882
195.23218
195.74818
195.82156
196.18558
196.22896
196.23520
197.03470
197.67658
197.67934
197.77906
198.16522
198.37282
198.59602
198.65266
199.00930
199.02292
199.21030
199.36252
199.40548
199.43680
199.47616
199.59352
199.66234
199.71256
199.71556
199.78876
199.82194
199.83844
200.04598
200.15296
200.19622
200.34604
200.39524
200.42848
200.43814
200.52964
200.64334
200.82928
200.86720
201.01738
201.04600
201.13984
201.14632
201.22552
201.90274
201.90538
201.94594
201.94900
202.11100
202.17244
202.43296
202.50328
202.77004
202.83988
202.85548
202.89934
202.95322
203.26984
203.41036
203.47684
203.52952
203.56948
203.64874
204.23266
204.23998
204.38416
204.39388
204.39952
204.40594
204.42358
204.42694
204.46030
204.48922
204.55600
204.72706
204.77008
204.96292
205.07338
205.12882
205.16290
205.37686
205.41340
205.53244
205.67650
205.73284
205.88230
206.11270
206.17354
206.35348
206.35690
206.62360
206.63644
206.71588
206.89366
206.92702
206.97712
207.00976
207.04354
207.07672
207.15688
207.50866
207.63700
207.64030
207.64378
207.66334
207.74926
207.88336
207.92278
207.99682
208.04530
208.10566
208.14268
208.32052
208.32376
208.33024
208.44658
208.54540
208.55374
208.58758
208.61512
208.78720
208.82644
208.89706
209.20072
209.31640
209.41282
209.41774
209.50306
209.69674
209.72740
209.84674
209.87746
209.88316
209.94988
209.99680
210.17398
210.32398
210.36088
210.39208
210.50392
210.53026
210.83026
210.98290
211.12414
211.16404
211.20370
211.26658
211.35346
211.45420
211.53286
211.54702
211.73314
211.77022
211.96090
212.03392
212.10436
212.33746
212.83048
212.83312
212.88772
212.89228
212.93716
212.94718
213.12436
213.13054
213.36400
213.73492
213.76732
213.81658
213.92788
213.99772
214.07374
214.09276
214.14184
214.15666
214.23430
214.50652
214.57120
214.64764
214.67134
214.75690
214.97818
215.05720
215.06728
215.10670
215.41684
215.47828
215.50804
215.62156
215.75020
215.78356
215.83114
215.83564
215.87878
215.96698
216.11422
216.20038
216.20698
216.35080
216.70048
216.75202
216.76192
216.85900
216.86188
216.90148
217.00048
217.00504
217.02394
217.04512
217.10104
217.12498
217.14328
217.17856
217.20124
217.20562
217.23382
217.27240
217.33384
217.36468
217.46182
217.47856
217.48120
217.50832
217.52104
217.58380
217.59868
217.66462
217.87900
218.42878
218.47420
218.49178
218.50738
218.54548
218.57416
218.64556
218.66356
218.70070
218.73418
218.74558
218.77384
218.78014
218.78866
218.79532
218.79688
218.81746
218.82868
218.84554
218.93014
218.94040
218.96746
219.04816
219.09556
219.16744
219.24556
219.36490
219.36826
219.37432
219.41206
219.44086
219.44818
219.47812
219.52162
219.59548
219.71146
219.78424
219.79462
219.80092
219.86770
220.00768
220.02898
220.03594
220.13254
220.13476
220.15114
220.15270
220.21762
220.23190
220.24090
220.24576
220.25098
220.29862
220.31770
220.34842
220.36768
220.48438
220.48930
220.49572
220.55104
220.63444
220.64578
220.64842
220.66792
220.69222
220.72552
220.73446
220.76836
220.83862
220.84762
220.87558
220.88188
220.95898
220.97236
220.99108
221.04118
221.07208
221.07460
221.10142
221.10802
221.14780
221.16838
221.17558
221.21236
221.22490
221.26828
221.38498
221.40124
221.44588
221.51272
221.69596
221.75122
221.79106
221.80636
221.93890
222.04858
222.16270
222.25138
222.28474
222.31276
222.79936
223.11820
223.15144
223.25608
223.34188
223.48492
223.56556
223.56862
223.86580
224.19286
224.42992
224.46568
224.62480
224.62900
224.84290
225.17986
225.19924
225.24190
225.37312
225.40192
225.45646
225.47932
225.67318
225.71602
225.74308
225.77980
225.97648
225.97882
225.98266
225.99658
226.01272
226.08016
226.09312
226.46620
226.55206
226.67260
226.72990
226.77574
226.88014
226.89220
226.98040
227.00896
227.03014
227.15236
227.26000
227.33020
227.45284
227.48062
227.67358
228.06916
228.07600
228.10924
228.12694
228.13582
228.24034
228.32338
228.34366
228.36298
228.40300
228.46678
232.35778
232.39354
232.47778
232.48024
232.52086
232.73458
233.02444
233.09356
233.10772
233.11072
233.26138
233.26474
233.42050
233.48440
233.49358
233.74900
234.06766
234.17428
234.32110
234.75088
235.41556
235.49506
235.82896
235.91524
236.03770
236.10472
236.48770
236.50888
236.54206
236.71756
236.75038
236.76232
237.30250
237.45232
237.59644
237.68818
237.98542
238.34986
238.39960
238.62346
238.78240
239.13196
239.83606
240.25324
240.32284
240.85966
240.95620
241.12006
241.27696
241.80244
241.81252
242.05660
242.41294
242.43430
242.51020
242.55034
242.57824
242.59012
242.62774
242.89990
243.31372
243.40054
243.41086
243.42670
243.75754
243.91078
244.03522
244.03714
244.28134
244.32406
244.35172
244.58770
244.93726
245.27140
245.35702
245.64100
245.68096
245.94484
245.95078
246.03730
246.05170
246.80254
246.81478
246.81874
247.18558
247.19764
247.32646
247.40962
247.48888
247.53526
247.74982
247.78162
247.78900
247.82524
247.82836
248.20300
248.60548
248.64754
248.65510
248.80894
248.89192
248.97520
249.03292
249.28960
249.31258
249.33304
249.33634
249.37606
249.87214
249.92986
250.02622
250.13878
250.17058
250.24912
250.62934
250.63270
250.80430
251.03008
251.17354
251.21410
251.22052
252.45454
252.46762
252.67564
252.67930
252.72148
252.72742
252.79768
252.80752
406.74082
407.51326
407.59882
407.69362
407.99638
408.00022
408.01336
408.01882
408.14980
408.47224
408.50632
408.73660
408.77320
408.79018
408.79678
408.95002
408.99304
409.13656
409.28740
409.55674
409.78648
409.86292
409.93042
410.02300
410.22352
410.23048
410.42344
410.48056
410.50666
410.52328
410.54494
410.58010
410.60974
410.62978
410.65294
410.65996
410.98708
411.07990
411.20530
411.21334
411.28714
411.28966
411.51754
411.79294
411.91750
412.06690
412.19680
412.20364
412.24630
412.73068
412.83112
412.85998
412.92970
412.94662
412.97326
413.06800
413.24674
413.31112
413.36752
413.48734
413.49016
413.60404
413.74708
413.75434
413.76838
413.83006
413.86384
413.90428
414.59044
414.70474
415.00420
415.03474
415.40452
415.49110
415.59208
415.67092
415.74106
415.97806
416.23522
416.29084
416.34844
416.36134
416.37094
416.44702
416.49262
416.57158
416.70418
417.24256
417.24970
417.26482
417.41740
417.42106
417.48520
417.49198
417.50608
418.12198
418.12834
418.16500
418.42864
418.47850
418.52176
418.57534
418.74160
418.96462
419.21560
419.46502
419.50786
419.55850
419.61490
419.65462
419.92150
419.99482
420.13870
420.31576
420.48142
420.52186
420.73612
420.77530
421.05946
421.30246
421.44934
421.45864
421.49530
421.53814
421.79566
421.79890
422.12578
422.37478
422.61052
422.68942
422.91106
423.00892
423.02482
423.32524
423.39178
424.03204
424.08214
424.18300
424.21972
424.26214
424.29832
424.44484
424.68226
424.79482
424.89196
424.96000
425.04202
425.05558
425.09878
425.11996
425.24248
425.39884
425.49988
425.59198
425.60620
425.68936
425.85274
425.90632
425.92822
425.95630
426.02872
426.04168
426.08134
426.08902
426.10606
426.11272
426.15586
426.24958
426.32086
426.49972
426.54982
426.57196
426.59242
426.61558
426.63292
426.68518
426.70630
426.84208
427.00612
427.02538
427.08934
427.12282
427.36480
427.47262
427.50868
427.52962
427.53634
427.61938
427.64986
427.67164
427.74196
427.93204
428.08222
428.10166
428.10844
428.38648
428.50198
428.74396
428.80864
428.82664
428.93710
428.95162
429.09610
429.14230
429.17272
429.21550
429.22252
429.24370
429.25540
429.31552
429.41548
429.45136
429.66646
429.85606
430.00318
430.00942
430.20886
430.27270
430.33924
430.38634
430.43218
430.56640
430.77496
430.91008
430.99606
431.06038
431.08222
431.09590
431.10256
431.47930
431.63308
431.63842
431.65594
431.74978
431.83576
431.83924
431.90296
431.97580
431.98306
432.07450
432.08926
432.09184
432.13198
432.43300
432.43918
432.50908
432.63196
432.73306
432.98944
433.29022
433.32580
433.39180
433.54816
433.59868
433.90594
433.91218
433.97944
433.99840
434.05294
434.24986
434.29876
434.37196
434.55568
434.84962
434.89252
434.95618
434.98504
434.99152
435.00616
435.04960
435.15574
435.30580
435.35572
435.46780
435.50584
435.58480
435.71278
435.74230
435.89956
435.91930
435.97912
436.03504
436.04962
436.15588
436.18570
436.24954
436.32880
436.44952
436.54570
436.54954
436.59610
436.59952
436.71514
436.77232
436.82860
436.94230
437.04274
437.05564
437.06518
437.40826
437.43562
437.54914
437.62240
437.63134
437.64370
437.67244
437.81512
438.02890
438.05920
438.29884
438.30826
438.50242
438.51934
439.21768
439.41538
439.43884
439.63786
439.67212
439.73914
439.78156
439.78852
439.88266
439.93810
440.15278
440.37574
440.42488
440.68234
440.79598
440.95816
440.97490
441.07540
441.08158
441.18184
441.38158
441.72568
441.79834
441.90208
441.91096
441.91900
441.93310
441.97630
442.03264
442.13854
442.37644
442.42894
442.48414
442.62634
442.65550
442.68262
442.72636
442.74802
442.81522
442.93150
443.45548
443.61214
443.64928
443.65552
443.66626
443.67514
443.69110
443.71222
443.72488
443.75572
443.78908
443.79850
444.24190
444.31312
444.34192
444.36502
444.39232
444.42016
444.44212
444.45550
444.47560
444.55576
444.66496
444.77248
444.81514
444.86206
444.87940
445.03576
445.27228
445.35808
445.39822
445.40680
445.49932
445.57222
445.60858
445.69822
446.09332
446.13550
446.14306
446.14822
446.15728
446.17006
446.29924
446.31502
446.34160
446.45752
446.50078
446.57212
446.67898
446.84356
446.97220
447.11014
447.11734
447.14422
447.15514
447.20806
447.22324
447.31198
447.45250
447.63166
447.80854
447.81604
447.84592
447.90250
447.91240
447.92218
447.95908
448.10866
448.42126
448.51624
448.78912
448.80310
448.81030
448.81660
448.88170
449.00854
449.24206
449.24518
449.43910
449.47546
449.65264
449.84596
449.92552
449.93194
450.31828
450.41608
450.43942
450.51616
450.56830
450.57550
450.58174
450.59692
450.82576
451.36624
451.43326
451.46152
451.54606
451.65586
451.93450
452.01238
452.04892
452.06620
452.15566
452.29360
452.29918
452.30662
452.94958
453.06262
453.11488
453.19198
453.25534
453.26800
453.49858
453.55582
454.10584
454.19272
454.24972
454.29196
454.34296
454.34950
454.66534
454.68928
454.73596
454.89244
455.26576
455.53492
455.87200
456.15868
456.27952
456.30088
456.36586
456.57262
456.82270
456.85864
456.87334
457.05940
457.07272
457.20166
457.47538
457.52302
457.63978
457.71556
457.75912
457.83022
457.90936
458.03518
458.06566
458.13670
458.18200
458.20966
458.33890
458.43958
458.45962
458.46322
458.50624
458.52550
458.54926
458.61676
458.63800
458.67274
458.67826
458.68096
458.80522
458.96020
459.04600
459.10348
459.13966
459.15304
459.19240
459.19606
459.29632
459.37630
459.38956
459.43174
459.43714
459.69592
459.71050
459.98962
460.21060
460.24720
460.36972
460.43302
461.12608
461.16838
461.18920
461.35336
461.41978
461.56318
461.68006
461.68384
461.94694
461.98354
462.08554
462.32704
462.34258
462.34864
462.36352
462.55672
462.71362
462.71698
462.93628
463.21288
463.33378
463.60660
463.62328
463.64734
463.67626
463.77568
463.80670
464.19958
464.34280
464.34970
464.55688
464.65720
464.67664
464.82364
464.83042
465.20092
465.20728
465.21640
465.23722
465.27196
465.29464
465.32950
465.38716
465.43042
465.54064
465.62644
465.71524
465.81004
465.95074
466.06774
466.08730
466.09180
466.11646
466.18042
466.33036
466.41394
466.56682
466.62382
466.84720
466.99330
467.04496
467.06020
467.17360
467.33032
467.55094
467.74672
467.76754
467.78362
467.80012
467.80252
467.81422
467.86636
468.49648
468.53092
468.56764
468.81640
469.07380
469.14352
469.16788
469.29712
469.33354
469.48078
469.52716
469.54474
469.59052
469.91794
469.97716
470.08378
470.24770
470.27722
470.54080
470.62126
470.64766
470.68408
470.69044
470.73388
470.84092
470.88406
471.11650
471.20770
471.21154
471.24784
471.26092
471.31240
471.33412
471.37738
471.83350
472.04062
472.10650
472.14238
472.54366
472.81426
472.88488
472.98496
473.11408
473.17762
473.19358
473.26438
473.61052
473.75794
473.85016
473.85760
474.20788
474.27190
474.45826
474.46492
474.54430
474.65794
474.74146
474.74488
474.80176
475.17262
475.35160
475.72912
475.73872
475.75174
475.77358
475.79458
475.83436
475.83736
476.24458
476.28124
476.41642
476.46754
476.73160
476.79400
476.83072
476.91862
476.96524
476.96800
477.05116
477.29530
477.33892
477.37522
477.42514
477.68164
478.16128
478.18156
478.25200
478.27528
478.41742
478.54798
478.56328
478.59160
479.30566
479.45518
479.58442
479.60860
479.86906
479.95528
480.06910
480.10540
480.14848
480.31906
480.34132
480.34444
480.36910
480.45598
480.50596
481.04908
481.08538
481.09498
481.10254
481.10584
481.11922
481.23550
481.24234
481.37020
481.54858
481.82074
481.84894
481.85158
481.89244
481.90594
481.94260
482.18560
482.33518
482.43604
482.67874
482.93620
482.98618
483.69940
483.75934
483.83050
484.15846
484.39534
484.41244
484.42174
484.55962
484.64284
484.92352
484.94596
484.98820
485.15974
485.43862
485.44102
485.46016
485.49580
485.53402
485.58028
486.00910
486.21670
486.27580
486.30304
486.33898
486.44002
486.45310
486.45508
486.49660
486.64612
486.89614
486.90364
486.94258
486.99592
487.10362
487.31902
487.37488
487.47604
487.51336
487.63240
487.72678
487.77694
487.84348
487.89598
488.04658
488.26960
488.31982
488.72698
488.78362
488.82694
488.94682
489.07696
489.20398
489.21982
489.36994
489.42730
489.43390
489.69130
489.71326
489.72742
489.84394
490.18354
490.19122
490.22716
490.26400
490.32004
490.50622
490.67458
490.72000
490.77772
490.93450
491.06374
491.32138
491.33704
491.37700
491.51362
491.52130
491.59414
491.59954
491.70370
491.77090
491.85088
491.92132
492.00082
492.12100
492.22144
492.23104
492.35014
492.46396
492.50080
492.59440
492.73672
492.90142
492.90748
493.21084
493.32724
493.37062
493.88056
493.88770
494.23846
494.27350
494.28076
494.38798
494.60182
494.98864
494.99422
495.13900
495.18100
495.22354
495.23866
495.33154
495.36832
496.10206
496.11136
496.11880
496.16752
496.38184
496.77142
496.89676
496.91836
497.33824
497.51242
497.66212
497.99890
498.01222
498.23326
498.26872
498.51148
498.57262
498.65506
499.20616
499.33834
499.39984
499.44898
499.47910
499.57612
499.58950
499.65478
499.66252
499.81282
499.85620
500.39338
500.41240
500.45632
500.72296
500.85850
500.97208
501.09316
501.14938
501.17950
501.19894
501.22900
501.24382
501.32296
501.57244
501.87184
502.00060
502.05940
502.12336
502.51558
502.64326
502.99654
503.02330
503.10964
503.29648
503.33902
503.42914
503.45962
503.48662
503.59006
503.60062
503.60902
503.78908
503.82988
504.12352
504.35278
504.51670
504.53926
504.70594
504.84676
504.86020
504.96022
505.20310
505.26016
505.51774
505.90378
505.98946
506.07508
506.18260
506.18986
506.27674
506.44648
506.48956
506.50366
506.50702
506.90590
507.03412
507.07042
507.08602
507.08944
507.12376
507.22678
507.71392
508.03348
508.17382
508.40392
508.48990
508.69126
508.74148
508.75642
508.82044
508.85626
509.15710
509.40640
509.42068
509.62024
510.10048
510.36394
510.82090
511.03534
511.13344
511.19716
511.27666
511.35976
511.40200
512.03074
512.05798
512.10202
512.20816
512.35846
512.56054
512.56768
512.70124
512.80870
512.88808
512.93092
513.00190
513.12466
513.23128
513.28090
513.72502
513.87178
513.89056
514.51174
514.72474
514.86814
514.91086
515.35174
515.46808
516.11158
516.12400
516.13816
516.19132
516.26212
516.71836
516.84130
516.93886
517.05538
517.39180
517.66840
517.68538
517.68916
518.02054
518.03530
518.11834
518.31406
518.40952
518.51368
518.63560
519.26302
519.32806
519.35860
519.39292
519.66484
519.69310
519.81598
519.90634
520.05748
520.06612
520.11598
520.12900
520.14316
520.20214
520.22290
520.45630
520.47256
520.86940
520.98652
521.00458
521.01622
521.12296
521.45920
521.67310
521.69986
521.71600
521.73316
521.75224
521.77228
522.06670
522.45946
522.55990
522.56554
522.67366
522.71422
522.71668
522.73294
522.74698
522.86680
523.21624
523.58338
523.70296
523.83166
524.27632
524.53000
524.94346
524.96266
524.99008
525.01066
525.05482
525.22024
525.22636
525.45484
525.47740
525.50482
525.52708
525.58342
525.70396
525.71272
525.79810
525.84058
525.88336
525.92680
526.13398
526.16092
526.17688
526.19740
526.27672
526.32688
526.44130
526.53382
526.76434
527.40082
527.45050
527.62792
527.78428
527.87734
528.12112
528.32026
528.38458
528.42796
528.59332
529.10416
529.55884
530.13712
530.29840
530.35780
530.36446
530.39404
530.77720
531.31690
531.33772
531.34450
531.35050
531.36538
531.61090
531.64426
532.08862
532.16836
532.53202
532.57480
532.94686
532.95850
533.03218
533.72140
533.72518
533.76772
533.78884
533.90458
534.16828
534.31900
534.33418
534.51166
534.54778
534.72562
534.79132
534.95524
535.01182
535.36234
535.46734
535.64200
535.73434
536.18098
536.39872
536.42032
536.44180
536.73520
536.75140
537.08506
537.43480
537.44410
537.68188
537.81472
537.87178
537.91534
538.07788
538.71844
538.73524
538.94422
539.45902
539.50804
539.61550
539.61808
539.65828
539.93740
540.18826
540.21592
540.25180
540.30178
540.38752
540.84430
540.89548
540.90850
540.91804
540.93892
540.94552
541.02406
541.11394
541.21510
541.33144
541.54516
541.62160
541.67494
541.83142
541.86190
541.96804
542.09674
542.11828
542.13940
542.29642
542.57494
542.58430
542.65468
542.66062
543.02476
543.15412
543.40498
543.67474
543.71806
544.08478
544.29112
544.34884
544.84150
544.93036
545.04148
545.05594
545.39896
545.44534
545.48818
545.73406
545.76094
545.89876
545.96314
545.96782
546.03424
546.06166
546.42088
546.74116
546.78460
547.05124
547.12084
547.14238
547.20118
547.30828
547.38196
547.72192
547.77130
547.81450
548.03770
548.06464
548.59498
548.68786
548.90776
549.55120
549.68878
549.70144
549.73102
549.75064
550.20952
550.70962
550.71742
550.72438
551.02438
551.06062
551.06746
551.29720
551.32456
551.34082
551.36146
551.42236
551.61850
551.83900
551.90428
552.01072
552.56818
552.57094
552.59674
552.78334
552.91138
553.06144
553.15390
553.26124
553.29094
553.29796
553.57066
553.59808
553.61362
553.89124
554.04874
554.14084
554.49898
554.59972
554.62066
554.91814
555.54340
555.57094
555.58720
555.87766
555.88678
555.94342
556.11346
556.15708
556.20112
556.21720
556.22044
556.26040
556.32202
556.45774
556.48684
556.85764
556.86034
556.93690
557.32042
557.42182
557.45158
557.49352
557.50780
557.67208
557.83408
557.85076
557.88712
557.92318
558.15664
558.27322
558.40138
558.41470
558.44458
558.47764
558.50290
558.52402
558.61012
558.78430
558.87040
559.01044
559.06012
559.12384
559.14364
559.23124
559.28302
559.32388
559.35364
559.38838
559.43752
559.51678
559.67398
559.88092
560.07430
560.11024
560.14594
560.35594
560.39050
560.68732
560.75086
560.79730
561.14728
561.16000
561.44068
561.51094
561.53272
561.95482
561.97678
562.12666
562.13602
562.14004
562.15438
562.16260
562.19728
562.30474
562.33396
562.38370
562.64758
562.73374
562.81636
562.89040
562.94794
563.12902
563.17720
563.20234
563.23366
563.27722
563.28424
563.34328
563.92030
563.95354
564.03346
564.12676
564.27076
564.31390
564.34126
564.65350
564.88702
564.92146
564.97906
565.30042
565.43218
565.91398
565.99576
566.13700
566.26666
566.42182
566.49322
566.70064
566.75050
566.84422
566.89072
566.96482
567.12394
567.38704
567.46018
567.50980
567.63178
567.74422
567.80992
567.96658
568.03702
568.26676
568.43200
568.82722
568.90300
568.94614
569.09026
569.24956
569.31724
569.76718
569.82262
569.84368
569.95960
570.07678
570.19000
570.21730
570.25498
570.30370
570.31024
570.38368
570.39598
570.41728
570.48364
570.49720
570.65518
570.72016
570.74380
570.78688
570.89788
571.01110
571.03336
571.04788
571.06972
571.32424
571.43392
571.47646
571.50466
571.56874
571.58908
571.59106
571.67014
571.67644
571.98394
572.12680
572.38060
572.68690
572.79088
572.92714
573.02044
573.31678
573.32722
573.74098
573.85756
573.92434
574.02034
574.07194
574.09264
574.10812
574.12762
574.14244
574.15774
574.70026
575.17192
575.20762
575.33686
575.50072
575.63686
575.83726
575.84356
575.87986
576.23728
576.24076
576.28696
576.49468
576.50110
576.80542
576.81514
576.84496
576.85756
576.88732
577.03186
577.44478
577.48102
577.69846
578.25328
578.28754
578.34598
578.35474
578.43088
578.45392
578.89660
578.93176
579.30424
579.40822
579.64108
579.65368
579.68158
579.91798
580.11334
580.13170
580.20526
580.26892
580.29718
580.54828
580.73752
581.27806
581.36068
581.91172
581.92738
582.03436
582.07738
582.14164
582.25528
582.26176
582.30454
582.33454
582.60478
582.65074
582.71104
582.77854
583.08478
583.17766
583.57144
583.58470
583.66084
583.77148
583.87822
584.40844
584.51512
584.62876
584.72200
584.78818
584.80048
584.82232
584.84398
584.95096
585.13516
585.15874
585.24490
585.45064
585.46504
585.47896
585.51514
585.54502
585.64558
586.14478
586.19464
586.22164
586.22812
586.25896
586.49488
586.58050
586.70902
586.74550
586.83802
586.98832
587.05546
587.08270
587.20906
587.21134
587.39536
587.65900
587.81134
587.86426
587.94634
588.46816
588.53224
588.63256
588.88960
588.89638
588.93286
588.94606
589.21876
589.43314
589.49032
589.62598
589.67164
589.67608
589.70542
589.87612
590.01202
590.41174
590.57584
590.60146
590.71954
590.75644
590.77408
590.79598
590.80006
591.01282
591.10612
591.11332
591.20926
591.25606
591.45562
591.59950
591.78574
592.02112
592.05598
592.12876
592.19290
592.21234
592.23904
592.33378
592.35706
592.38004
592.77880
592.99240
593.09374
593.40034
593.43652
593.48620
594.05320
594.08296
594.38986
594.47260
594.47926
594.53638
594.58636
594.84328
594.91654
594.98722
595.68622
595.79572
595.92442
596.05240
596.11714
596.15338
596.17300
596.20990
596.61016
596.61700
597.27622
597.42496
597.44044
597.53002
597.90376
597.97474
598.01056
598.16062
598.48246
598.84066
598.89034
599.10418
599.12938
599.38384
599.41096
599.42038
599.44768
599.48434
599.53360
599.87662
600.05422
600.06040
600.16972
600.22048
600.51334
600.77722
601.02754
601.03474
601.07752
601.08430
601.26460
601.29196
601.37080
601.73656
601.74868
601.76122
601.78006
601.84648
601.86202
601.87654
601.88920
601.91272
601.97170
602.02096
602.54422
602.57530
602.61460
602.66086
602.89444
603.05734
603.20764
603.22846
603.27364
603.35140
603.39058
604.03696
604.29130
604.33720
604.48138
604.54480
604.59466
604.63084
604.68070
604.83082
604.90132
604.93078
604.99978
605.15194
605.23780
605.45218
605.77414
605.83180
605.84722
605.87488
606.02560
606.16738
606.25174
606.41182
606.52510
606.67462
606.71158
606.72478
606.77860
606.83122
607.09792
607.28200
607.34530
607.71874
607.76872
607.99822
608.11186
608.70532
608.94808
609.00856
609.09802
609.22606
609.33802
609.42718
609.44158
609.64906
609.99184
610.04182
610.19230
610.30546
610.38172
610.63258
610.64176
610.73428
611.29198
611.29840
611.86492
611.87902
611.88274
611.92894
611.94934
612.09364
612.15892
612.67288
612.69442
612.70120
612.74956
612.78658
612.82600
612.85924
612.99196
613.02262
613.25872
613.42276
613.54372
614.13154
614.25928
614.27842
614.29534
614.31736
614.36674
614.42560
614.49910
614.50240
614.54860
614.56120
614.60302
614.65864
614.76610
614.84224
615.01048
615.08962
615.09640
615.13924
615.14884
615.22816
615.27442
615.32614
615.35344
615.39628
615.40636
615.65662
615.66688
615.67540
615.70342
615.86836
616.03972
616.23340
616.79656
616.95016
616.95526
616.97614
616.99006
617.12812
617.13388
617.32642
617.50054
617.62636
617.92636
618.19714
618.27334
618.61336
618.67804
618.71464
618.75466
619.12036
619.19314
619.25620
619.51378
619.52344
620.20696
620.35060
620.49388
620.54308
620.55610
620.89012
621.09304
621.14362
621.18664
622.02364
622.22290
622.64446
622.69066
622.75276
623.33080
623.38084
623.56672
623.57380
623.60344
623.62336
623.65984
623.67736
623.95366
623.97730
624.06664
624.11050
624.11776
624.27412
624.37390
624.52408
624.86686
624.92104
624.93100
625.11760
625.20688
625.21030
625.24030
625.52788
625.69678
625.79110
625.86178
626.21050
626.21698
626.25466
626.25712
626.68312
626.70466
626.71102
626.80486
627.17092
627.19114
627.19444
627.24010
627.41242
628.07722
628.15060
628.47748
628.52434
628.74178
628.82098
629.12794
629.14756
629.76472
629.80750
629.89102
630.10006
630.10774
630.26500
630.41464
630.64444
630.87922
631.38838
631.44406
631.52266
631.54564
631.66462
631.81516
631.86964
631.95832
631.96762
632.29510
632.59516
632.67226
632.88118
632.88832
632.94514
633.12526
633.13168
633.18130
633.52438
633.56110
633.58882
633.59182
633.60790
634.23478
634.48528
634.49260
634.50520
634.52512
634.56208
634.67260
635.23144
635.24644
635.41882
635.43550
635.44858
635.46838
635.71150
635.76922
635.77570
636.08500
636.12580
636.16150
636.20182
636.46822
636.96700
636.97096
637.02004
637.03522
637.05628
637.24900
637.29250
637.99942
638.00260
638.04904
638.31586
638.33542
638.34214
638.34580
638.70574
638.90650
639.03538
639.17932
639.37552
639.54352
639.59980
639.64222
639.64840
639.68512
639.85024
640.19362
640.38598
640.50700
641.13682
641.14960
641.23870
641.46466
641.47384
641.51428
641.51686
641.75926
641.77408
642.12058
642.29638
642.54616
642.84628
642.86722
643.17412
643.32484
643.66060
643.71046
643.75060
643.75336
643.78060
643.83952
643.85296
644.00440
644.07418
644.13274
644.28370
644.35360
644.39692
644.46736
644.57728
644.91106
644.92432
645.28450
645.49672
645.50854
645.82114
645.93436
646.17076
646.30492
646.59718
646.65484
646.83808
646.92070
647.17816
647.27098
647.29162
647.38510
647.79742
647.91058
647.93500
648.01486
648.02188
648.17098
648.19216
648.21412
648.27784
648.94936
649.06510
649.11136
649.15474
649.23670
649.32892
649.33846
649.34476
649.36516
649.42144
649.61554
649.62922
649.82248
649.84360
649.90198
650.12260
650.39488
650.54548
650.58868
651.30214
651.34180
651.37306
651.55276
652.09618
652.25596
652.27276
652.47274
652.62244
652.66036
652.88896
653.03944
653.40328
653.44018
653.98942
654.01630
654.11146
654.13306
654.23404
654.63304
654.72022
655.11292
655.14052
655.29070
655.55668
655.64350
656.22778
656.24722
656.27074
656.27746
656.55016
656.59012
656.60212
656.61034
656.65678
656.67034
656.77066
657.22114
657.31870
657.37462
657.50014
657.50602
657.51412
657.60028
657.62836
657.90724
658.01416
658.02130
658.15786
658.35814
658.59058
658.61422
658.88392
658.91482
659.04058
659.04778
659.10112
659.17408
659.33158
659.36488
659.38720
659.42380
659.53060
659.70112
659.72410
659.73052
659.80708
659.83426
659.98126
660.05230
660.28150
660.36760
660.43804
660.63436
660.63808
660.73498
660.73822
660.75886
660.79084
660.79612
660.83590
660.88174
660.95236
661.08094
661.23118
661.26826
661.28872
661.51924
661.52518
661.55800
661.57456
661.63864
661.83196
662.18182
662.67430
662.87578
662.92552
662.96860
663.33232
663.43996
663.53212
663.53908
663.63184
663.81886
664.16278
664.16560
664.16980
664.23226
664.24858
664.49812
664.81270
664.81900
664.95370
664.97782
664.99204
665.14864
665.19220
665.23534
665.49202
665.50570
665.60614
665.83546
665.90578
666.09244
666.09946
666.13924
666.20638
666.58582
666.59632
666.61408
666.66610
666.69676
666.91378
666.99334
667.23616
667.38328
667.38628
667.51516
667.66534
667.68610
667.75690
667.90306
668.43682
668.54404
669.26992
669.45976
669.46654
669.58270
669.69568
669.70276
669.80962
669.86686
670.21018
670.21684
670.24396
670.36594
670.40368
670.47388
670.83262
670.91026
670.94314
671.07646
671.11432
671.13076
671.19718
671.66584
671.67784
671.69698
671.78314
671.91898
671.94766
672.03976
672.07588
672.09346
672.64708
672.72616
672.98356
673.47658
673.73398
674.00368
674.07970
674.10514
674.19082
674.52760
674.57020
674.98384
675.12040
675.21988
675.23122
675.24400
675.32110
675.39994
675.40366
675.42766
676.05004
676.13572
676.41400
676.64428
676.96438
676.99066
677.03290
677.19394
677.22346
677.26018
678.46714
678.50068
678.50740
678.54370
678.56608
678.65344
678.65974
679.22374
679.28842
679.30978
679.50976
679.61014
679.85998
680.19046
680.23018
680.24386
680.24980
680.41078
680.44036
680.44294
680.46730
680.50024
680.54410
680.57380
680.66674
680.69704
680.81062
680.96728
681.03676
681.24004
681.30370
681.35956
681.50344
681.53656
681.58300
681.62626
681.65608
681.75430
681.80938
681.92638
682.11970
682.14700
682.43368
682.52308
682.55626
682.60354
682.63972
682.75012
682.90342
683.06950
683.09956
683.14240
683.32618
683.75728
683.79820
683.92000
684.13438
684.34048
684.34312
684.37726
684.55696
684.72640
684.75658
684.90694
684.97126
685.02670
685.09006
685.10008
685.15804
685.24378
685.31428
685.32022
685.35700
685.43620
685.46392
685.58668
685.65694
685.70008
685.74016
686.02144
686.12254
686.42920
686.56414
686.64706
686.70268
687.13672
687.21676
687.40702
687.41596
687.50992
687.61552
687.70942
687.73096
687.76672
687.90034
687.98602
688.00966
688.16668
688.35034
688.35982
688.63714
688.80982
689.11042
689.21398
689.21710
689.31052
689.47456
689.68264
689.97628
690.34738
690.42112
690.43978
690.58294
690.72736
690.81700
690.88342
690.89686
690.95716
690.97606
691.27600
691.71982
691.77766
691.80346
691.84030
691.86964
691.92634
691.93258
692.03356
692.11954
692.14936
692.17012
692.25934
692.35456
692.74294
692.89942
692.92738
693.09310
693.11998
693.24922
693.35680
693.42694
693.44728
693.72730
693.75436
693.84916
694.17106
694.25980
694.47028
695.27404
695.61724
695.69404
695.89360
695.91436
695.98090
695.99422
696.04966
696.17782
696.22756
696.22990
696.24034
696.28804
696.65296
697.21648
697.31080
697.43092
697.52422
697.57750
697.61716
697.89004
697.92028
698.13844
698.30038
698.60344
698.61028
698.82400
698.95372
698.99326
699.05434
699.08836
699.40396
699.43768
699.50758
699.93334
700.04710
700.09000
700.14778
700.19668
700.44082
700.44802
700.78432
700.98298
701.06116
701.13670
701.17732
701.55502
701.83702
701.85544
701.87068
702.08428
702.11764
702.20416
702.42448
702.43432
702.47026
702.62068
703.10752
703.16302
703.59478
703.59838
703.64440
704.00440
704.04826
704.05438
704.15554
704.20144
704.28754
704.29090
704.42032
704.47066
704.55808
704.60554
704.65750
705.07966
705.08710
705.12190
705.22468
705.25786
705.30100
705.34408
705.90802
705.94138
705.95392
705.99406
706.09420
706.29400
706.78792
706.87486
707.22490
707.63776
707.71834
707.88952
708.08194
708.76132
709.00480
709.02886
709.06882
709.36204
709.41232
709.46146
709.64854
709.69756
709.71850
710.01868
710.26162
710.73832
710.74498
710.93542
711.04234
711.06856
711.08470
711.17788
711.19294
711.35482
711.39166
711.64234
711.77800
712.03540
712.13542
712.14808
712.37818
712.50676
712.56886
712.58902
712.59922
712.62892
712.66894
712.68466
712.71802
712.73476
712.83520
712.88992
712.90516
712.93870
713.22880
713.32198
713.83594
713.87938
714.09274
714.32950
714.44944
714.53524
714.73612
714.81622
714.97258
715.04620
715.08904
715.11628
715.12906
715.22182
715.31608
715.50880
715.57894
715.62838
715.64632
715.65886
715.77904
716.14564
716.30968
716.33914
716.62396
716.70964
717.13894
717.16894
717.31960
717.92602
717.94660
718.46224
718.53940
718.56982
718.59712
718.79038
718.83658
718.83904
719.66890
719.73982
719.80648
719.84716
720.28960
720.31306
720.39208
720.41386
720.45040
720.84658
720.84862
720.85630
720.87460
720.88054
720.91318
720.92944
720.95674
721.13398
721.41358
721.51048
721.64890
721.70686
721.74394
721.81342
721.86322
721.86952
721.89958
722.15080
722.50678
723.13024
723.16312
723.41440
723.50770
723.52048
723.99196
724.03744
724.07308
724.42360
724.69438
724.83124
724.85278
725.07064
725.15656
725.78134
725.86096
725.86672
725.88814
725.90416
726.09724
726.16132
726.20434
726.23170
726.52504
726.72778
727.11094
727.14814
727.41826
727.47520
727.48150
727.81858
727.90432
728.02006
728.12158
728.14072
728.16118
728.16490
728.20456
728.26288
728.79832
728.80486
728.93056
728.99248
729.10480
729.18808
729.57718
729.59848
729.77800
729.78832
730.04866
730.05826
730.34872
730.42852
730.75018
730.77418
731.07172
731.27842
731.30788
731.42128
731.63554
731.64868
731.71192
731.71468
731.80432
732.02176
732.10828
732.22192
732.44140
732.44416
732.65878
732.81484
732.97174
732.97462
733.08748
733.11562
733.41592
733.53850
733.60558
733.77154
733.93876
734.24524
734.42386
734.56504
734.86558
734.95102
735.92206
735.95272
736.07560
736.12234
736.13278
736.13926
736.26508
736.33852
736.43266
736.47562
736.52554
736.56136
736.71802
736.73926
736.78288
737.04874
737.08282
737.46286
737.48950
737.75596
738.07582
738.36304
738.47698
738.66670
738.97024
738.99628
739.27030
739.35664
739.39276
739.52752
739.54954
739.58296
739.62874
740.00638
740.03908
740.25652
740.29006
740.30020
740.55628
740.55982
740.56324
740.84470
741.47056
741.50656
741.57994
742.11682
742.18036
742.26382
742.70092
742.73758
742.74400
742.87642
742.94422
743.02360
743.04478
743.17366
743.26678
743.51632
743.53768
743.56600
743.77366
743.79394
743.81374
743.81956
743.91136
744.02410
744.06040
744.11686
744.36784
744.74746
744.78358
744.79390
744.80014
744.98104
745.06054
745.37410
745.65784
745.66096
745.66690
745.99096
746.26096
746.30434
746.48470
746.64082
746.65060
747.11836
747.13432
747.17110
747.35080
747.35470
747.37708
747.41968
747.44008
747.56830
747.90718
747.97378
747.99136
748.02808
748.04128
748.11832
748.18498
748.22776
748.23148
748.41484
748.68496
748.78540
748.84768
748.87768
749.10748
749.23522
749.32180
749.32816
749.43532
749.67742
750.07204
750.15832
750.24424
750.53560
750.57238
750.98578
751.05874
751.09870
751.10452
751.13494
751.17220
751.36522
751.44478
751.55758
751.70224
751.81534
751.90174
752.13724
752.25148
752.27272
752.31208
752.31550
752.39506
752.69500
752.90284
752.90926
752.93134
752.95252
753.08446
753.48784
753.64492
753.70192
753.81640
753.88930
753.94192
754.18978
754.20280
754.49644
754.57900
755.11852
755.52574
755.71252
755.74006
755.82592
756.36814
756.39658
756.42328
756.42634
756.46972
756.47566
756.56242
756.73990
756.76270
756.80944
756.81232
757.06960
757.71346
757.76242
758.09956
758.51296
759.08584
759.18676
759.19294
759.26632
759.33268
759.33586
759.35530
759.40714
759.99292
760.01932
760.55962
760.71226
761.01628
761.18092
761.40160
761.52370
761.72380
761.80984
761.87332
761.91646
761.92936
762.30262
762.43126
762.45274
762.49600
762.52960
762.64588
762.75334
762.79618
762.99280
763.10386
763.11700
763.46680
763.49638
763.50988
763.54642
763.95952
764.42578
764.75968
765.14842
765.59806
765.60514
765.74662
765.81034
766.04626
766.25740
766.45330
766.52956
766.64368
766.75318
766.87066
767.16052
767.25670
767.27710
767.29366
767.31076
767.31382
767.39122
767.66380
767.71318
767.90764
768.07726
768.12988
768.13402
768.20794
768.30088
768.31348
768.55738
768.56746
768.57064
768.68386
768.69652
768.79456
768.79984
769.02964
769.12150
769.30018
769.39156
769.46500
769.56358
769.58698
769.63012
769.80808
769.85080
770.01994
770.04436
770.11768
770.12110
770.15398
770.18788
770.49460
770.84104
770.91742
771.03016
771.06088
771.09772
771.28768
771.47446
771.48070
771.64666
771.65416
771.66430
771.78100
771.79684
771.83026
771.86050
772.38172
772.41832
773.12350
773.14432
773.23060
773.71114
773.86084
773.96830
773.99002
774.03244
774.11836
774.13096
774.14044
775.29790
775.55200
775.61926
775.67524
776.61220
776.70718
776.88556
777.18808
777.21874
777.30712
777.67858
778.02874
778.08616
778.14478
778.32826
778.35586
778.47244
778.64320
778.71472
778.77256
778.83562
779.22562
779.37280
779.37916
779.40922
779.71540
780.05272
780.07228
780.14518
780.22426
780.43858
780.56656
780.65584
780.65992
780.69592
780.70222
780.93814
781.04242
781.12198
781.34902
781.37926
781.38250
781.48966
781.49626
781.50244
781.64620
781.73188
781.86934
781.93960
781.94608
782.15782
782.19670
782.53978
782.54614
782.58592
782.79748
782.81944
782.83258
783.47692
783.52690
783.61930
783.63994
783.65572
783.82660
783.99568
784.07326
784.13368
784.16308
784.21294
784.24954
784.59904
784.60588
784.85596
785.13268
785.15350
785.25724
785.41336
785.55610
785.65624
786.10690
786.27040
786.34984
786.37036
786.44950
786.47152
786.48940
786.50734
786.59098
786.67714
786.95764
787.05370
787.27720
787.60762
787.70896
787.77934
787.90750
787.92040
787.94428
788.10754
788.33686
788.55142
788.56720
788.61640
789.15196
789.35674
789.36310
789.47434
789.54400
789.58078
789.65734
789.68794
789.78076
789.83758
789.85120
789.89014
790.08058
790.25410
790.63138
790.67446
790.72444
790.74472
790.76668
791.06686
791.16766
791.19502
791.39494
791.59030
791.71060
791.80816
791.81116
791.89036
791.99140
792.04042
792.07516
792.29140
792.68434
792.74794
792.86158
793.05472
793.09792
793.10446
793.14094
793.29820
793.58530
793.66156
793.86310
793.88500
794.00134
794.11180
794.37796
794.42488
794.50774
794.53840
794.59924
794.69764
794.94808
795.25522
795.27526
795.42106
795.47860
795.51490
795.66496
795.92206
796.22878
796.26508
796.27138
796.30786
796.93648
797.40208
797.45170
797.46550
797.64406
797.85184
797.85814
797.89228
798.00880
798.11542
798.17164
798.27238
798.42238
798.62176
798.76858
798.86098
798.95908
798.97444
799.06870
799.07230
799.08868
799.09252
799.09618
799.17550
799.18480
799.23724
799.33894
799.34602
799.38142
799.53130
799.88128
799.93228
800.12230
800.13184
800.58244
800.64574
800.65558
800.74168
800.81866
801.03208
801.18232
801.33928
801.38242
801.45196
801.57520
801.67306
801.68242
801.71236
801.71584
801.90250
801.91486
801.92614
802.00942
802.09792
802.27258
802.38346
802.51234
802.56148
802.62622
802.65592
803.25946
803.28550
803.54158
803.65564
803.66470
803.89942
804.24916
804.52588
804.67504
804.98674
805.05760
805.07932
805.23592
805.30912
805.54906
805.68634
805.75972
805.94320
806.17252
806.37250
806.52880
806.61484
806.71888
806.81590
806.90212
807.32218
807.38956
807.43240
807.51532
807.55228
807.61606
807.70240
807.73894
807.80242
808.21618
808.60288
808.67626
808.83250
809.35966
809.39932
809.43952
809.54650
809.82232
809.82550
809.93866
809.98954
810.25372
810.28270
810.31252
810.33292
810.38950
811.06594
811.13278
811.13938
811.17604
811.37542
811.42498
811.46848
811.49476
811.57654
811.58296
811.62628
811.66930
811.70932
811.72522
811.89928
811.93576
811.98556
812.26306
812.29222
812.39176
812.41642
812.42038
813.06328
813.07066
813.27802
813.84196
813.90634
813.93574
813.97870
814.04944
814.09276
814.39930
814.49308
814.51264
814.55230
814.95874
815.38570
815.41612
815.49910
815.90884
816.14494
816.17566
816.50626
816.76354
816.93598
817.04650
817.07302
817.10986
817.16278
817.23256
817.35226
817.40968
817.72552
817.83676
817.85194
817.98250
818.09620
818.09956
818.13280
818.15200
818.66914
818.80246
818.97634
819.08002
819.11914
819.38944
819.42532
819.47194
819.49708
819.56122
819.81886
819.96880
820.02628
820.52632
820.93318
820.97650
820.98214
821.01988
821.02588
821.29852
821.39200
821.44846
821.58334
821.63266
821.72644
821.89858
822.09178
822.25612
822.29920
822.64906
822.68896
822.82978
822.84856
822.90952
822.97114
823.22266
823.48564
823.49284
823.60180
824.16562
824.20210
824.45938
824.85850
825.02956
825.07258
825.15178
825.23524
825.45850
825.51598
825.55198
825.59932
825.60202
825.74632
825.95152
826.13194
826.17904
826.20916
826.26460
826.39588
826.52488
826.85836
826.86538
826.89232
826.92472
827.12236
827.41900
827.58478
827.76868
827.88856
828.03208
828.06190
828.06598
828.07480
828.11596
828.18574
828.70900
828.72466
828.74584
828.76126
828.82570
828.98326
829.14100
829.14784
829.42564
829.58842
829.62214
829.72564
830.33542
830.38204
830.38522
830.45536
830.48878
830.49850
830.64208
830.74870
830.77714
830.83186
830.83450
830.83852
831.24862
831.36484
831.39226
831.43492
831.49114
831.71170
831.74200
831.75136
831.89134
832.05502
832.20466
832.27174
832.35778
832.62172
832.74088
833.26486
833.28574
833.40856
833.45782
833.67508
833.83456
833.90824
834.02812
834.36472
834.39190
834.39502
834.53026
834.58828
834.70480
834.99502
835.08802
835.12990
835.19536
835.43044
835.80700
835.98796
836.04022
836.06452
836.13796
836.15344
836.24164
836.24524
836.32444
836.37406
836.40424
836.45698
836.75992
837.17458
837.40396
837.50182
837.85030
837.92482
837.93988
838.06732
838.11730
838.13332
838.19416
838.23406
838.27360
838.28266
838.30726
838.36876
838.42372
838.98730
839.03008
839.09776
839.25430
839.54758
839.60674
839.66362
840.17746
840.19108
840.46420
840.50386
840.50716
840.85708
840.91732
841.00672
841.20772
841.22044
841.25674
841.38304
841.42102
841.42828
841.46374
841.47790
841.49980
841.74400
842.10016
842.17060
842.43118
842.49706
842.50036
843.14440
843.15022
843.38686
843.55210
843.57304
843.63778
843.64420
843.65938
843.98728
844.01800
844.02412
844.33060
844.47742
844.48036
844.71670
844.77418
844.79002
844.93840
845.01676
845.13034
845.23078
845.50636
845.64718
845.73352
845.78050
845.80342
845.92408
845.99692
846.11692
846.46666
846.66784
847.00750
847.05040
847.09702
847.24078
847.55368
847.60468
847.67026
847.69060
847.99078
848.00668
848.07424
848.09626
848.16616
848.31352
848.34010
848.37694
848.63458
848.64064
848.91070
848.99968
849.25648
849.29986
849.44062
849.61354
849.69184
849.81376
849.96670
850.38448
850.61344
850.64266
850.94380
851.29012
851.33686
851.48704
851.53630
851.63026
851.70730
851.83012
851.83660
851.87302
851.98642
852.16702
852.17356
852.20722
852.34450
852.53704
852.79066
852.88726
853.07404
853.37368
853.77322
853.81684
853.87402
853.88050
854.13040
854.21632
854.48038
854.62366
855.57970
855.64750
855.68374
855.76108
855.77602
855.97732
856.06390
856.09720
856.29058
856.31146
856.39720
856.44004
856.59094
856.66108
856.71298
856.75906
856.94662
856.97026
857.01088
857.01370
857.24074
857.26822
857.27074
857.27716
857.33398
857.47324
857.62054
857.67760
857.77684
857.99998
858.03394
858.07054
858.21418
858.26374
858.31294
858.32440
858.32704
858.35770
858.38326
858.59734
858.60682
858.61294
858.64762
859.06288
859.24762
859.45690
859.47094
859.48510
859.57108
859.61398
859.62112
859.67068
859.95442
859.95778
860.25766
860.26456
860.31352
860.41450
860.55790
860.60068
860.65972
860.71426
860.90734
860.99374
861.17116
861.25714
861.40120
861.58114
861.67078
861.68572
861.70822
861.85114
862.15096
862.33156
862.43062
862.48828
862.70842
862.73812
862.74760
862.79806
862.81018
862.98154
863.29054
863.32516
863.42404
863.52406
863.73142
863.99560
864.10306
864.12118
864.32530
864.38176
864.66844
864.82546
865.23922
865.29778
865.57564
865.57870
865.66174
866.07568
866.22580
866.24164
866.26222
866.30836
866.54764
866.94862
867.21238
867.38668
867.49930
867.50332
867.50926
867.54190
867.57028
867.59200
867.78238
868.08556
868.19224
868.38310
868.45588
868.53598
868.56622
868.69210
868.69900
868.75630
868.79266
868.79920
869.08582
869.32948
869.39350
869.39968
869.66614
869.71222
869.89312
870.21466
870.26974
870.34996
870.60964
870.61594
870.68632
870.79348
870.81562
870.83338
871.02298
871.14370
871.62370
871.81684
872.00974
872.06686
872.61682
872.72392
872.76712
873.10984
873.40966
873.41722
873.43390
873.48670
873.49360
873.62392
873.75316
873.81034
873.81718
873.88798
873.96760
874.00372
874.16038
874.34812
874.54054
874.54672
874.58362
874.65424
874.67794
875.03368
875.17198
875.33416
875.34046
875.44768
875.85442
875.94070
876.11212
876.14860
876.15442
876.39772
876.64840
876.69088
876.73456
876.76780
876.79834
876.96940
877.03450
877.14838
877.17838
877.20604
877.29448
877.37092
877.67782
877.74190
877.93504
878.02090
878.08492
878.14048
878.17798
878.22094
878.23486
878.31112
878.33530
878.36386
878.38534
878.42848
878.80174
879.12910
879.55534
879.58012
879.58486
879.79462
880.07848
880.19476
880.32808
880.35880