0.18846
0.60942
0.63498
0.70680
0.76884
0.95694
1.02330
1.11252
1.11624
1.66614
1.86072
1.89984
2.00994
2.09910
2.18088
2.63304
2.94018
2.99604
3.55704
3.66942
3.68574
3.75276
4.15728
4.22394
4.34028
4.53924
4.56366
4.66794
4.79322
5.02338
5.09706
5.10888
5.11698
5.28012
5.50698
5.51016
5.53026
5.66976
5.81880
5.86176
5.89956
6.14568
6.24048
6.31488
6.40746
6.53586
6.53976
7.00020
7.30272
7.89348
7.90890
7.91646
8.04072
8.30700
8.42442
8.76648
8.87196
8.90274
8.91918
9.02382
9.14364
9.46038
9.62844
9.71994
9.73356
9.77304
10.09698
10.17402
10.48596
10.58724
10.76220
10.92702
11.04816
11.62002
11.73618
11.78058
11.88594
12.02586
12.19764
12.30750
12.54540
12.84102
12.89112
13.23084
13.50762
13.83456
13.94394
14.02662
14.03838
14.04132
14.67342
14.70462
14.76714
14.87688
14.96670
14.98536
15.09120
15.74580
15.75756
15.89016
15.90918
15.91776
15.92916
15.96732
15.99132
16.03818
16.05804
16.11306
16.22934
16.27632
16.33830
16.50966
16.77912
16.83372
16.87254
16.93866
17.04444
17.08308
17.09166
17.15334
17.32488
17.34822
17.40696
17.44602
17.45364
17.62086
18.09336
18.12078
18.38172
18.40098
18.44058
18.48726
18.63138
18.67776
18.73998
18.80232
19.02042
19.02492
19.05174
19.18896
19.34058
19.36740
19.37490
19.79676
19.82418
19.82754
20.15580
20.24196
20.32710
20.37018
20.45160
20.46348
20.47518
20.60436
20.66244
20.67036
20.68158
20.69016
20.69346
20.80254
20.85072
21.01338
21.05268
21.11124
21.23724
21.56802
21.69636
21.80520
22.17180
22.32426
22.42566
22.53744
22.76772
22.79202
22.88814
22.92402
23.09538
23.12316
23.13450
23.13834
23.15424
23.19702
23.20860
23.21532
23.43498
23.52066
24.21060
24.29964
24.48306
24.49890
24.58494
24.60900
24.61692
24.63174
24.63936
24.79524
24.81192
24.89688
25.40028
25.46526
26.35506
27.01842
27.12360
27.16560
27.24114
27.24420
27.48594
27.51252
27.51420
28.04304
28.49202
28.49610
28.70268
29.54514
29.74320
29.78316
29.99718
30.35982
30.42198
30.42960
30.47706
30.48402
30.54348
30.55038
30.55506
30.57864
30.74994
30.76992
30.92214
30.93288
31.04994
31.36962
31.49808
31.73622
31.75548
32.10264
32.26650
32.27394
32.34390
32.46570
32.62116
33.19836
33.88914
33.93888
33.97758
34.09452
34.15788
34.18050
34.24302
34.26744
34.27464
34.37574
34.39884
34.40730
34.41066
34.46184
34.50048
34.53204
34.69566
35.20992
35.73420
35.76714
36.00234
36.15342
36.42312
36.97692
37.03056
37.11744
37.17930
37.22268
37.26120
38.15106
38.18922
38.34444
38.87526
38.94912
39.02358
39.04032
39.06288
39.09420
39.15648
39.32352
39.37788
39.39336
39.45624
39.49164
39.51108
39.71010
39.72534
39.73716
39.76398
39.79944
40.22922
40.25496
40.61802
40.69674
40.97700
41.12550
41.16846
41.18730
41.23086
41.25054
41.30088
41.49180
41.52618
41.55828
41.65116
41.68662
41.81184
41.81532
41.87076
41.87760
41.89746
41.98722
41.99436
42.02772
42.08430
42.11586
42.26148
42.28728
42.37278
42.55284
43.05918
43.12914
43.18740
43.23054
43.46478
43.78476
44.01066
44.01846
44.06604
44.39964
44.45148
44.63040
44.73210
44.79042
44.85720
44.89992
45.11478
45.41772
45.74562
45.75726
45.76932
45.78084
45.80448
45.86256
46.11906
46.17120
46.17870
46.57854
46.68846
46.73886
46.84134
46.98546
47.05578
47.07138
47.17404
47.33136
47.35206
47.36760
47.37168
47.37450
47.56218
47.62902
47.84730
48.28830
48.33144
48.45174
48.49416
48.50766
48.51768
48.67032
48.91518
49.00530
49.09836
49.10694
49.23168
49.25478
49.63284
49.66128
50.07816
50.09304
50.11176
50.13660
50.17872
50.19864
50.81910
50.84544
50.90814
52.03830
52.24554
52.37808
52.41234
52.47906
52.88070
52.90014
52.97442
53.00592
53.07168
53.18202
53.20050
53.25990
53.26416
53.27874
53.28762
53.32158
53.42214
53.55540
53.76138
53.84826
53.95350
54.31122
54.35838
54.37866
54.39840
54.41724
54.46422
54.47184
54.69048
54.78810
55.08858
55.50480
55.55514
55.55934
55.78518
55.96254
56.07780
56.13594
56.16888
56.19918
56.83938
57.64182
58.19880
58.39068
58.44072
59.52870
59.69220
60.32082
60.32454
60.87858
60.92148
60.94782
61.26810
61.61112
61.71666
61.77162
61.82868
61.94946
61.97382
62.01630
62.46852
63.06474
63.12402
63.15156
63.36156
63.68916
63.91164
64.07130
64.09518
64.27074
64.27350
64.32984
64.34502
64.35264
64.41900
64.50510
64.63632
64.67592
64.69530
64.99572
65.00742
65.01528
65.08116
65.14020
65.37072
65.39094
65.40126
65.45136
65.51670
65.61672
65.68158
65.74866
65.83020
65.88468
66.28686
66.31356
66.43452
66.77364
66.81762
66.85458
66.88314
66.98094
66.98808
67.06152
67.24944
67.34268
67.42110
67.72098
67.99494
68.00898
68.02128
68.17404
68.30586
68.53620
68.95128
69.00474
69.03132
69.05028
69.05442
69.08514
69.30432
69.55722
69.56154
69.58512
69.65124
69.67086
69.68538
69.79446
69.95154
70.24782
70.79028
70.89522
71.02020
71.19516
71.23422
71.25750
71.30058
71.70126
71.75232
71.88102
72.06150
72.11544
72.13872
72.17424
72.22080
72.52092
72.54486
72.58734
72.76770
72.82098
73.23762
73.33566
73.50696
73.56606
73.59702
73.77708
73.89378
73.96782
74.00676
74.11152
74.54094
74.66172
74.77524
74.81400
74.82822
74.86434
75.09468
75.13734
75.16128
75.35568
75.40650
75.50766
75.52704
75.54660
75.64722
75.84780
75.85086
76.81410
77.09040
77.15694
77.17152
77.19672
77.22084
77.23908
77.58606
77.60544
77.79678
78.25248
78.27282
78.31176
78.49542
78.65862
78.72054
79.00860
79.39494
79.61790
79.99968
80.05434
80.90766
81.26634
81.52788
81.59478
81.85158
81.85542
82.19484
82.23786
82.39038
82.50870
82.56294
82.86174
83.18118
83.19258
83.20440
83.48136
83.57112
83.59062
83.76240
83.80548
84.10134
84.55386
84.74484
84.77562
85.11156
85.15452
85.19748
85.64016
86.16426
86.39754
86.99082
87.00144
87.01818
87.05118
87.12774
87.15000
87.61566
87.66594
87.68070
87.79386
87.80160
87.81324
87.83742
87.84072
87.86310
88.14480
88.60848
88.69470
88.74102
88.77684
89.01060
89.01774
89.03742
89.18292
89.82846
89.98104
90.19140
90.55860
91.01136
91.04454
91.05390
91.12014
91.13994
91.18266
91.23168
91.28754
91.35360
91.44378
91.56804
92.06310
92.08956
92.10630
92.14506
92.18856
92.25798
92.27400
92.46552
92.53548
92.70336
92.78880
93.11712
93.16650
93.18990
93.21792
93.23700
93.24078
93.49452
93.56082
93.77064
93.79566
93.80610
93.86094
93.86394
93.92736
94.22748
94.27008
94.83966
95.36244
95.98194
96.00918
96.03594
96.15762
96.16536
96.31860
96.33336
96.34380
96.44226
96.55638
96.75096
96.97254
97.37856
97.41642
97.44438
97.45524
97.50672
97.54938
97.61598
97.78746
98.64522
98.81358
98.85576
98.88276
99.54228
99.54606
99.59316
99.62850
99.63162
99.82668
100.30920
100.33350
100.37688
100.38420
100.42338
100.55190
100.79298
100.88286
100.92246
101.08584
101.13288
101.36238
101.70186
101.90460
101.98698
102.00186
102.01314
102.09978
102.13860
102.39150
102.41568
102.45858
102.48216
102.48558
102.50556
102.57162
102.58686
102.93042
102.97320
103.05942
103.19166
103.65924
104.04522
104.11566
104.32602
104.62758
104.64990
104.71224
104.74770
104.80584
105.05136
105.13398
105.14196
105.20394
105.31194
105.35580
105.39684
105.42204
105.44892
105.47262
105.54192
105.59706
105.88206
106.19040
106.23348
106.34208
106.36848
106.38486
106.83684
106.98546
107.06760
107.10588
107.24346
107.28150
107.32830
107.69466
107.69820
107.80374
108.10068
108.82986
109.20792
109.22994
109.28526
109.32150
109.69476
109.79658
109.85118
109.92162
110.19882
110.66238
110.68080
110.69376
110.70108
110.83440
110.84118
110.99718
111.40314
111.83196
111.95664
112.00770
112.04292
112.08978
112.17132
112.35000
112.87638
113.31396
113.45712
113.52408
113.60616
114.01908
114.09330
114.13578
114.55704
115.09188
115.11852
115.35474
115.37586
115.39218
115.71852
115.89468
115.93278
115.99272
116.20650
116.83524
116.85078
116.91258
117.06882
117.60300
117.60594
117.64584
117.66510
117.69168
117.87942
117.99636
118.26600
118.37112
118.67562
119.07576
119.27520
119.36106
119.79114
119.80152
119.84448
119.94546
120.10158
120.26202
120.33906
120.34806
120.56958
121.07682
121.13496
121.20162
121.44384
121.53606
121.63440
121.67796
121.72074
121.74024
121.81794
121.91124
122.20380
122.23878
122.24226
122.25432
122.27748
122.40684
122.42178
122.42970
122.66430
122.74620
123.68982
123.82146
123.90762
124.62144
124.66074
124.69950
124.99968
125.06532
125.13234
125.15172
125.15478
125.18094
125.33250
125.83794
126.04842
126.09486
126.15756
126.48864
126.49674
126.53184
126.73014
126.75750
126.81234
126.89724
127.27602
127.49040
127.51704
127.52658
127.54956
127.55298
128.25924
128.28258
128.36190
128.45412
128.47722
128.50410
128.85606
128.87514
128.90238
128.92236
129.07104
129.09402
129.13266
129.35100
129.73710
129.75258
129.82320
129.86574
129.86940
129.87654
129.91272
129.92040
129.93234
129.97476
130.02858
130.04172
130.12350
130.25556
130.40382
130.48920
130.78944
130.86300
130.87272
131.08380
131.54184
131.66718
131.67054
131.79624
131.81574
131.87688
131.90832
132.03756
132.12012
132.21474
132.91452
132.93786
132.98058
133.33674
133.34328
133.59894
133.70634
133.72926
133.81524
133.94112
134.07276
134.48166
134.52156
134.66970
134.71236
135.27072
135.34716
135.35586
135.35898
135.37884
135.70632
135.74538
135.76872
135.77166
135.78750
136.06536
136.08474
136.13910
136.47426
136.73166
136.94652
137.07132
137.17308
137.22720
137.26566
137.26932
137.28954
137.30466
137.65212
137.88600
138.01494
138.22854
138.40062
138.41688
138.49896
138.57606
138.81048
139.21908
139.28640
139.55940
139.64778
139.88916
140.51724
140.52630
140.52912
140.57196
140.61600
140.63094
140.64270
140.66982
141.21168
141.23496
141.34080
141.43098
141.44520
141.46122
142.26540
142.26894
142.28844
142.35036
142.54170
142.81884
143.39922
143.50494
143.61768
143.91750
144.08526
144.19464
144.31368
144.31944
144.32088
144.40542
144.51858
144.84186
145.11546
145.13094
145.54434
145.57506
145.61862
146.23098
146.25630
146.26104
146.29284
146.35476
146.42160
146.47572
146.51190
146.51508
146.58834
146.76822
147.07596
147.12282
147.34458
147.75156
147.75600
147.87954
147.88368
148.14090
148.30410
148.44096
148.49130
148.67526
148.74138
149.03472
149.04120
149.08440
149.21322
149.72772
149.75424
149.78556
149.81364
149.81742
149.82072
150.15300
150.40374
150.41406
150.51936
150.53862
150.77676
150.84672
150.99090
151.13922
151.17666
151.22922
151.27194
151.31526
151.32210
151.39644
151.49028
151.50510
151.50654
151.51704
151.56024
151.82934
152.12934
152.17644
152.17974
152.44980
152.45538
153.09756
153.15492
153.15936
153.16218
153.28380
153.28752
153.50202
153.75924
153.96684
154.10304
154.44240
154.44558
154.50804
154.55994
154.57404
154.70310
154.97640
155.52120
155.89986
155.93112
156.00906
156.02886
156.03252
156.33300
156.35274
156.37560
156.38340
156.39522
156.41460
156.58638
156.63318
156.74244
156.77838
156.93330
157.34988
157.38846
157.39380
157.40142
157.69674
157.79874
157.98246
158.31840
158.74980
158.88294
159.02706
159.03462
159.04230
159.12066
159.29214
159.37812
159.39234
159.43176
159.47160
159.51120
159.54924
159.56118
159.57282
159.72078
159.72828
159.82986
160.50888
160.64184
160.65168
160.67562
160.83294
160.87542
161.04306
161.45592
161.51886
161.54526
161.61570
161.67090
161.77998
161.84580
161.92788
161.95116
162.02982
162.07950
162.16590
162.23280
162.50892
162.64464
162.85200
162.89148
162.89496
163.17252
163.21476
163.58124
163.64406
163.71096
163.72524
163.72926
164.22456
164.29386
164.48172
164.54802
164.65344
164.78250
164.89146
165.16086
165.25032
165.27732
165.46782
165.49200
165.89388
165.89754
165.97914
166.41534
166.49376
166.73148
166.86072
166.90662
166.93836
167.61276
167.63232
168.17862
168.19368
168.20508
168.22140
168.26418
168.27498
168.29586
168.35022
168.42456
168.70494
168.75126
168.75900
168.79080
169.17672
169.67148
169.76502
170.01462
170.31864
170.32272
170.35440
170.43156
171.43014
172.08126
172.09326
172.37376
172.60386
172.60812
172.72098
172.73142
172.74798
172.79934
172.81392
173.01348
173.14656
173.74650
173.87106
173.93274
173.95698
174.17502
174.30042
174.38604
174.48264
174.52584
174.53778
174.55698
174.80250
174.81492
174.82650
174.82866
175.03278
175.24746
175.29756
175.63392
175.67334
175.67664
175.77354
175.87074
176.40246
176.41686
176.53488
176.66316
176.70966
177.00600
177.52458
177.99288
178.07856
178.20708
178.33554
178.42152
178.89732
178.93602
178.94304
179.49318
179.52114
179.62620
179.62956
179.74410
180.22308
180.43350
180.46086
180.52308
180.73344
181.01496
181.03392
181.10376
181.20912
181.31820
181.38090
181.46670
181.47756
181.85670
181.89222
181.97718
182.05950
182.06364
182.06676
182.32002
182.34408
182.36394
182.38668
182.40192
182.42538
182.43012
182.44158
182.45640
182.46102
182.58540
182.60892
182.62440
182.70630
182.73018
183.40374
183.48222
183.69708
183.99360
184.03998
184.09008
184.10298
184.13346
184.55112
184.68348
184.76880
184.99446
185.01708
185.09700
185.09904
185.11962
185.20986
185.22432
185.37000
185.88030
186.10188
186.24702
186.27042
186.44184
186.46098
186.47664
186.56658
186.57018
186.80802
186.84720
186.97170
187.79406
188.13054
188.19246
188.41110
188.47254
188.60628
188.92578
189.05496
189.09678
189.11166
189.12858
189.22596
189.57552
189.83778
189.95862
190.13016
190.65372
190.73058
190.79712
190.91022
190.95252
190.96086
190.99968
191.07066
191.49900
191.64402
191.65110
191.69028
191.71380
191.75652
191.77176
192.16542
192.23754
192.24288
192.28356
192.37326
192.37806
192.38058
192.49008
192.70404
192.91422
192.93522
192.94236
192.95760
193.08996
193.15230
193.17588
193.17936
193.33068
193.37022
193.45230
193.64730
193.73322
194.24418
194.24766
194.70330
194.74242
195.51144
195.51522
195.53118
196.49742
196.97622
197.05518
197.12574
197.16414
197.50824
197.51112
197.74140
198.01902
198.02970
198.05676
198.12786
198.29922
198.83730
199.18020
199.52334
200.12376
200.20956
200.26746
200.28306
200.46720
200.74854
200.76330
200.76786
200.87292
200.88792
201.02088
201.92550
202.36224
202.64178
202.74024
202.80264
203.03718
203.06754
203.19798
203.27826
203.51202
203.64522
203.89860
203.91378
203.96790
203.98764
204.02694
204.05028
204.28458
204.30714
204.33894
204.58812
204.59256
204.88458
205.15008
205.22442
205.31022
205.36038
205.50516
205.65324
205.67694
205.71192
205.71936
205.73862
205.75008
205.75842
205.87134
206.19432
206.51532
206.53830
206.66292
206.69382
206.72892
206.76066
206.77170
206.78850
207.15810
207.16542
207.32064
207.32916
207.33690
207.36426
207.40362
207.46236
207.49764
207.54084
208.03494
208.18704
208.50774
208.52706
208.70178
208.73040
208.79154
208.82700
208.85364
208.97886
209.02158
209.02512
209.04216
209.08794
209.34138
209.40780
209.55960
209.86032
210.00810
210.07470
210.11406
210.12072
210.21942
210.35820
210.43698
210.49950
210.52620
210.56562
210.67476
210.69444
210.88956
211.23246
211.36122
211.63812
211.64472
211.89186
211.93818
212.30472
212.32488
212.35080
212.40972
212.51544
212.61630
212.62494
212.64810
212.67492
212.69442
213.06852
213.07668
213.29166
213.46296
213.59196
213.61110
213.77082
213.85530
213.86544
213.99720
214.13304
214.29762
214.39488
214.40556
214.44918
214.49184
214.55460
215.09286
215.73234
216.37578
216.41850
216.46914
216.48432
216.72228
216.82788
216.95670
216.97626
217.12044
217.17822
217.23252
217.27698
217.30224
217.39218
217.41282
217.66590
218.09484
218.60562
218.65986
218.66784
218.71488
218.95584
219.74826
219.95430
220.40376
220.48920
220.49724
220.60578
220.64484
222.02550
222.02874
222.21234
222.29448
222.34032
222.53580
223.21362
223.23822
223.28514
223.28850
223.30854
223.40550
223.40928
223.49268
223.58538
223.65102
223.81932
223.83390
224.09928
224.13042
224.20518
224.22120
224.26752
224.71944
225.30558
225.32376
225.33978
225.36630
225.72546
225.81132
225.98748
226.05642
226.06902
226.32984
226.71606
226.75896
227.01600
227.29272
227.48454
227.79618
228.01026
228.08868
228.17046
228.20922
228.68910
228.87954
228.88458
228.90882
228.96546
228.99624
229.03572
229.05486
229.24932
229.68282
229.69512
229.74180
229.76136
229.81176
229.86636
229.97556
230.06130
230.23278
230.37276
230.57250
230.66202
230.68176
231.29028
231.39852
231.41820
231.44352
231.45372
231.47340
231.47736
231.60546
231.98754
232.20246
232.20636
232.59210
232.64250
232.64982
232.68474
232.70448
232.72356
232.80618
232.80996
233.25252
233.25444
233.34126
233.36436
233.44980
233.87850
234.17862
234.21828
234.22200
234.27252
234.56526
234.72876
234.93906
234.97104
234.99384
235.10244
235.20444
235.23132
235.25916
235.27104
235.27836
235.41912
235.87824
235.88310
235.90188
236.36664
236.66646
236.68590
236.79492
236.80662
236.84664
236.85414
236.87706
236.90946
236.92446
236.96628
236.98590
237.00600
237.05274
237.05658
237.24372
237.35280
237.39564
237.58308
237.67266
237.90678
238.16820
238.18710
238.35870
238.38954
238.43232
238.48776
238.63956
238.67568
238.67790
238.72134
238.78764
239.33754
239.58282
239.80158
239.81670
239.86644
239.87274
239.87994
240.05910
240.08592
240.12102
240.12912
240.35190
240.59262
240.88554
240.88920
240.89334
241.04484
241.15014
241.42740
241.52142
241.55616
241.70010
241.87908
241.89894
241.91850
241.93848
241.94538
242.86956
243.07632
243.18240
243.29112
243.73530
243.78858
244.37346
244.51566
244.74948
245.28360
245.30688
245.30826
245.90814
245.91444
246.09066
246.10242
246.13038
246.37944
246.93696
247.10532
247.28358
247.32630
247.43592
247.52574
247.52940
247.68888
248.06388
248.20008
248.39796
249.16710
249.22974
249.38136
249.46794
249.66204
249.76800
250.48164
250.55604
250.71096
251.12364
251.12502
251.16354
251.18352
251.35440
251.86980
251.93172
252.02124
252.06408
252.07218
252.08454
252.66090
252.69150
252.76992
253.13622
253.14852
253.15260
253.17546
253.58496
253.69440
254.17650
254.19720
254.20164
254.20890
254.22108
254.50500
254.74302
254.85198
254.94468
255.12084
255.20862
255.21456
255.23832
255.39024
255.64776
255.70668
255.77574
255.79272
255.81150
256.13868
256.15842
256.16160
256.46178
256.77372
256.86444
256.88760
257.24646
257.29680
257.51136
257.68278
257.70246
257.86596
257.89764
257.90544
257.92050
257.94072
258.02238
258.02610
258.06468
258.11226
258.68508
258.69330
258.69606
258.71634
258.71988
258.73152
258.77466
258.79350
258.82920
258.84078
258.92076
258.94212
258.95370
258.96978
259.05540
259.19142
259.33614
259.46082
259.65570
259.92846
259.96344
260.04576
260.30310
260.32242
260.33874
260.68164
260.73540
260.87160
261.38292
261.39102
261.40650
261.63630
261.68190
261.77688
261.92934
262.04160
262.22940
262.26834
262.27254
262.27962
262.40058
262.54872
262.93980
263.53950
263.79312
263.79660
263.85942
263.92776
264.41316
264.41706
264.49920
264.53724
264.57288
264.57960
264.63114
264.97050
265.04022
265.06038
265.46580
265.47750
265.59750
265.79658
265.93734
266.05392
266.32374
266.53752
266.77968
267.16902
267.18456
267.24378
267.29070
267.46164
267.48468
267.52464
267.72732
267.87102
268.17108
268.28364
268.44468
268.47126
268.48776
268.68276
268.72272
268.73022
268.74990
268.92000
269.45448
269.52114
269.53182
269.54778
269.58648
269.75472
269.86392
270.11670
270.12420
270.61242
270.72168
270.78828
270.79080
270.94728
271.10418
271.15062
271.56702
271.70790
272.10336
272.19462
272.30814
272.36718
272.39424
272.59746
272.69454
272.70972
272.73372
272.99022
273.01434
273.05766
273.20532
273.91482
273.92202
273.93426
274.12512
274.30098
274.60104
275.22126
275.26782
275.37672
276.05532
276.11688
276.16812
276.42480
276.59382
276.81210
277.02270
277.61844
277.62708
277.67004
277.71264
277.75170
278.37546
278.48154
278.54700
278.71830
278.79300
279.21018
279.29604
279.77928
280.06806
280.14354
280.63962
280.67166
280.73466
280.92558
281.20620
281.58006
282.10164
282.51648
282.62952
282.81696
282.94542
282.98736
283.02312
283.02720
283.06548
283.41354
283.54194
283.88502
284.18520
284.29482
284.72316
284.87964
284.91834
285.01140
285.08964
285.51120
285.51864
285.98688
285.99126
286.12320
286.58718
286.86744
286.87584
286.89942
287.10612
287.10948
287.66316
287.77320
287.77746
288.04944
288.25194
288.42804
288.63036
288.87978
288.90708
288.97320
289.05876
289.20714
289.40232
289.54650
289.63608
289.68294
289.98294
290.49066
290.57658
290.61906
290.62266
290.63040
290.79030
290.98554
291.00876
291.04956
291.05190
291.07848
291.15702
291.24318
291.30888
291.49572
291.49968
291.52362
291.86646
291.93324
291.94920
291.95568
292.23264
292.25238
292.46646
292.63536
292.65858
292.86882
292.90308
292.91580
292.91940
293.07552
293.23560
293.38752
293.39076
293.43060
293.47998
293.51928
293.71848
293.75010
293.79678
293.83914
293.87868
293.98344
294.07368
294.13956
294.35430
294.44028
294.67380
294.69738
294.71652
294.74046
294.93108
294.99762
295.01682
295.14918
295.25766
295.42644
295.76952
295.98036
296.02350
296.04984
296.06952
296.07378
296.12832
296.30730
296.33436
296.39310
296.41308
296.45604
296.47542
296.55690
296.71332
297.31350
297.39954
297.41502
297.44616
297.46188
297.57084
297.62544
297.63330
297.64044
297.65700
297.67974
297.71904
297.91014
298.03914
298.12860
298.19064
298.23030
298.85730
299.22042
299.22390
299.26326
299.36898
299.47290
299.63016
299.63358
299.65332
299.93004
300.05454
300.09798
300.13272
300.43236
300.50712
300.63924
300.89244
300.95556
301.04202
301.16658
301.18920
301.28292
301.35234
301.58286
302.15988
302.45676
302.61906
302.84226
302.85354
302.86164
302.90886
303.14694
303.19014
303.25602
303.40722
303.55590
303.76650
303.87546
303.89940
304.13280
304.74024
304.75692
304.90200
304.92396
304.98288
305.35404
305.65728
305.73564
305.98062
306.01608
306.03954
306.05988
306.27762
306.56418
306.68286
306.74958
307.22172
307.24026
307.24482
307.26816
307.42368
307.92306
308.98008
308.99502
309.03012
309.09258
309.10104
309.56370
309.64236
310.15728
310.22376
310.24326
310.25016
310.27386
310.33620
310.43424
310.49244
310.54002
310.54716
310.56318
310.58622
310.65282
310.95282
311.06220
311.21010
311.29206
311.44368
311.59272
311.66970
312.33660
312.49326
312.75006
312.79740
313.09740
313.28052
313.32396
313.35354
313.38576
313.56918
313.90326
314.10330
314.46990
315.06678
315.08970
315.13692
315.26922
315.66744
315.70656
315.76392
316.35300
316.66518
316.66710
316.68768
316.89804
316.93380
316.95768
317.00058
317.01984
317.06280
317.14038
317.17968
317.21082
317.22966
317.31282
317.70966
317.94360
317.96316
317.99424
318.02172
318.06120
318.06852
318.10686
319.26960
319.28076
319.40232
319.57446
319.59660
319.61226
319.69908
319.74174
319.85058
320.12010
320.15802
320.34630
320.39652
320.51028
320.51754
320.57970
320.72790
320.75082
321.16410
321.50406
321.51156
321.52740
321.80382
322.45872
322.53330
322.66170
322.67718
322.75122
322.75902
322.79856
323.00484
323.68794
323.84280
324.07758
324.32280
324.33030
324.33492
324.38850
324.43116
324.46650
324.69726
324.78288
324.86892
324.93540
325.09950
325.12188
325.13406
325.16898
325.44294
325.67490
325.92162
326.25252
327.16554
327.25926
327.44622
327.45336
327.46530
327.51318
327.51726
327.55122
327.55476
327.55848
327.60594
327.69918
327.70296
327.75774
328.38612
328.79100
328.79496
329.07228
329.20074
329.22426
329.54400
329.58330
329.63340
329.99568
330.25350
330.44442
330.57318
330.63996
330.74490
330.81786
330.90066
331.16532
331.42416
331.47762
331.86048
332.09382
332.21148
332.21844
332.33142
332.63568
332.67144
332.68176
332.69046
332.70990
333.10758
333.11940
333.38196
333.74712
333.81666
333.82128
334.33578
334.63176
334.67904
334.68270
334.69458
334.75632
334.86900
334.97892
335.67882
335.82498
335.84874
335.91156
336.06324
336.08304
336.10986
336.14892
336.17226
336.76224
337.18920
337.27290
337.47876
337.48266
337.69680
337.73610
337.81314
337.82520
337.88856
337.98174
337.99686
338.13030
338.33670
338.53224
338.72610
338.80878
338.82804
338.85024
338.89704
338.92926
338.94864
338.95674
339.05376
339.09198
339.11232
339.83058
339.86112
339.92316
340.05240
340.06416
340.11474
340.19646
340.20366
340.84794
340.86708
341.14800
341.24064
341.26020
341.45526
341.47710
341.74806
342.04812
342.39828
343.03488
343.05840
343.08864
343.56090
343.78740
343.80306
343.81968
343.86930
343.88442
344.06058
344.07576
344.08020
344.62908
344.65278
344.66100
344.78916
345.05094
345.21150
345.24192
345.25404
345.32778
345.35820
345.39348
345.45618
345.68592
345.70566
345.82260
345.90498
345.92796
345.99060
346.16154
346.16520
346.50534
346.50876
346.64940
346.65720
346.69212
346.78584
346.85166
346.89480
346.99998
347.04660
347.06634
347.17560
347.19486
347.29998
347.40162
347.46828
347.51856
347.68638
347.79204
348.19668
348.45012
348.46194
348.50370
348.54408
348.70032
348.71592
349.40256
349.48386
349.51134
349.57362
349.97934
350.07642
351.21012
351.24624
351.26970
351.80382
352.14708
352.25250
352.36092
352.48980
352.57566
353.16054
353.20836
353.69478
354.26406
354.66582
354.80226
355.51170
355.74948
355.81236
355.94136
355.98378
355.99572
356.18190
356.20248
356.29590
356.43600
356.45916
357.10272
357.48900
357.74616
358.05768
358.17522
359.33286
359.39940
359.42664
359.49636
359.89050
359.89470
359.90280
359.91012
360.13998
360.16776
360.89676
361.13472
361.30974
361.45464
361.54470
361.70370
361.92636
362.12124
362.12814
362.13576
362.14050
362.14860
362.15202
362.17968
362.59320
362.95536
363.15846
363.16512
363.18396
363.35556
363.62664
363.63792
364.42980
364.83864
364.96404
365.18544
365.61414
365.63466
365.69652
365.73558
365.77008
365.77764
366.13248
366.30072
366.41010
366.42228
367.04922
367.13952
367.29060
367.35738
367.40406
367.47288
367.59048
367.60716
367.69764
367.75926
367.79058
367.95012
367.97382
368.01318
368.05938
368.29752
368.70288
368.74560
368.75382
369.10482
369.17442
369.19800
369.41682
369.42852
369.47466
369.48090
369.49872
369.73236
369.77496
369.80592
370.08252
370.17660
370.20060
370.38360
370.39482
370.39902
370.43562
370.44930
370.45350
370.48110
370.48854
370.51080
370.56756
370.57044
370.71906
371.10846
371.53722
371.70852
372.63630
372.67578
372.72246
372.74268
372.90180
372.96834
373.15152
373.46382
373.77522
373.79412
373.80306
373.91640
374.14164
374.28228
374.28720
374.32182
374.34474
374.49300
374.53578
374.55558
374.77362
374.79318
375.39828
375.95136
375.96162
376.01796
376.14666
376.18884
376.21992
376.26264
376.78992
377.70990
377.96760
378.03054
378.04326
378.04848
378.05622
378.11118
378.24432
378.35652
378.39594
378.58674
378.67674
378.91416
379.14468
379.55400
380.04576
380.07276
380.11158
380.20134
380.47440
380.56758
380.58354
380.81400
380.82876
380.84454
380.84826
381.19566
381.31218
381.35484
381.37092
381.37476
381.81552
382.17096
382.27164
382.75092
382.92690
383.29302
383.33250
383.40192
383.41026
384.13896
384.22908
384.73170
384.75882
384.76734
384.80424
385.46364
385.55874
385.83210
385.88250
385.94460
386.45928
386.46276
386.48232
386.49876
386.69718
386.96682
387.01698
388.23726
388.26444
388.32696
388.37118
388.90704
389.00310
389.06418
389.09058
389.20836
389.37600
389.59038
389.61336
389.66826
389.89080
390.10476
390.35052
390.74082
391.22394
391.55988
391.56366
392.37072
392.40144
392.78808
393.00216
393.32178
394.11690
394.57770
395.13840
395.14668
395.16576
396.23832
396.33246
396.33984
396.34650
396.53856
396.83922
396.97200
396.99054
396.99234
396.99444
397.02828
397.03416
397.31088
397.36080
398.55450
398.58612
398.62062
398.64936
398.83566
398.90112
399.06906
399.38946
399.39318
399.41592
399.43206
399.43572
399.47874
399.49038
399.62304
399.69660
399.76200
400.05594
400.09848
400.16532
400.25856
400.30902
400.34814
400.36368
400.69896
400.71834
401.01918
401.42832
401.61954
401.89950
401.98614
401.98968
402.55476
402.57282
402.67164
402.69888
402.71550
402.79290
402.82410
402.86658
402.94878
403.10448
403.25364
403.28154
403.29984
403.46712
403.58250
404.23530
404.30160
404.34474
404.55912
405.00414
405.09378
405.23760
405.78324
405.86568
405.89712
406.10646
406.14984
406.22748
406.44612
406.71984
406.76670
408.27426
408.27582
408.27864
408.33330
408.40020
408.41970
408.61362
408.65310
408.66552
409.44990
409.47552
410.20512
410.70876
410.74254
411.29262
411.47112
412.32642
412.38384
412.38840
412.81272
412.96584
413.05560
413.09106
413.16108
413.18058
413.41848
413.53842
414.08052
414.12780
414.50970
414.65322
415.06698
415.17654
415.38654
415.55040
415.87146
416.10036
416.35044
416.38230
416.40036
416.73630
417.46884
417.84762
417.86700
418.02666
418.17888
418.41612
418.73664
418.77936
419.11830
419.12052
419.61696
419.82786
420.32274
420.34266
420.58842
420.72894
420.85728
421.02894
421.06170
421.06368
421.07040
421.13418
421.19688
421.20450
421.22376
421.24332
421.32936
421.76484
421.82178
421.83996
421.84812
421.99578
422.04270
422.04630
422.51898
422.55342
422.58138
422.59272
422.61696
422.61966
422.63556
422.72148
422.79138
423.02160
423.32628
423.36396
423.68814
423.71904
423.73848
424.37136
424.50336
424.61244
424.62570
424.84632
425.05998
425.08836
425.45040
426.13302
426.30504
426.41712
426.90522
426.91692
427.00770
427.03356
427.29084
428.03940
428.08650
428.09340
428.10948
428.42928
428.53584
428.54994
429.03072
429.60720
429.61098
429.67656
430.11426
430.33662
430.47636
430.50810
430.52352
430.53510
430.55802
430.78416
430.89024
431.06880
431.18652
431.86386
431.92722
431.93004
432.39852
432.40320
432.43836
432.47988
432.56676
432.89064
432.95244
433.01508
433.10964
433.12776
433.25262
433.27638
433.29918
433.54926
433.64250
433.66224
434.13360
434.26986
434.45322
434.47380
434.49258
435.43992
435.49998
435.50598
435.52212
435.60042
435.64326
436.17882
436.62906
436.70484
436.83222
437.57736
437.59686
437.60022
437.70498
437.79936
438.00948
438.09540
438.85536
438.93378
439.00014
439.30032
440.07654
440.08236
440.13870
440.14680
440.16564
440.18190
440.71584
440.90316
441.02748
441.04392
441.07236
441.08310
441.14484
441.16764
441.18354
441.28800
441.29256
441.31698
441.31986
441.34038
441.41970
442.69260
443.00442
443.18388
443.51634
443.66406
443.69418
443.76396
443.76882
443.77650
443.79246
443.86248
443.93244
443.95638
443.97924
444.00678
444.01506
444.37350
444.50988
444.59574
444.71250
444.78684
444.83376
445.43364
445.44144
445.45740
445.52310
445.56282
445.62906
445.73364
446.12754
446.13006
446.21700
446.27646
446.29098
446.32248
446.76312
447.00066
447.03306
447.06384
447.07530
447.09870
447.36396
447.80004
447.85050
448.47876
449.28660
449.44938
449.48856
450.02676
450.07326
450.25704
450.66672
450.69306
450.79506
450.94704
451.43826
451.50120
451.50804
452.21052
452.42868
452.96250
453.08814
453.11508
453.13464
453.14250
453.26316
453.26670
453.30276
453.39534
453.53970
453.78516
453.90642
453.94908
454.05474
454.12860
454.18344
454.20666
454.29252
454.49568
454.61292
454.65108
454.74534
454.79952
454.98642
455.17866
455.53620
455.70798
455.87190
456.47154
456.67128
456.86190
456.87366
456.89694
457.03326
457.62282
457.70052
457.72722
458.10144
458.24988
458.40648
458.44962
458.45280
458.53932
458.55888
458.60898
458.62104
458.67108
458.68278
458.71800
458.73300
458.75268
458.92488
459.04974
459.07332
459.10842
459.13584
459.52530
460.04790
460.14504
460.18308
460.21512
460.31652
460.60878
460.61652
460.68312
461.16630
461.22036
461.34954
461.79528
461.79894
462.64392
462.65136
462.65592
463.57242
463.61106
463.66308
464.16516
464.22834
464.23962
464.24310
464.24688
464.25408
465.16656
465.23772
465.24120
465.33090
465.35040
465.41646
465.45126
465.45600
465.53838
465.59598
466.10646
466.23498
466.27332
466.43052
466.52814
466.63326
467.52516
467.80284
467.81928
467.95176
468.52560
468.53994
469.06638
469.17558
469.47606
469.49544
469.74720
469.75188
469.78062
470.43882
470.62680
470.76966
470.85036
470.92950
470.93760
471.33972
471.72522
472.36878
472.51344
472.94604
472.95024
473.31258
473.47620
473.56578
473.86998
474.21720
474.23664
475.26258
475.58574
475.61706
475.77684
475.79604
475.84320
475.84986
476.10072
476.23284
476.35032
476.44332
476.74728
476.78298
476.87280
476.88384
476.97906
477.01272
477.15354
478.03074
478.24506
478.45326
478.56804
478.90356
479.02776
479.74614
479.81310
480.04962
480.17508
480.23754
480.34116
480.34338
480.35268
480.35724
480.36936
480.43200
480.58602
480.65064
480.71298
480.81492
481.15086
481.22742
481.59018
481.63314
481.63716
482.34348
482.87694
482.92368
482.94342
483.13446
483.26304
483.29070
483.29472
483.30576
483.31152
483.34404
483.34908
483.37224
483.45408
483.93618
484.08960
484.10592
484.28004
484.33902
484.41318
484.48716
484.51050
484.76760
484.88892
485.72724
485.74062
486.05136
486.21378
486.25080
486.27708
486.28440
486.29208
486.35136
486.37434
486.39432
486.43740
486.55392
486.58890
486.71358
486.80316
486.86898
486.87084
486.88926
486.91746
487.03746
487.21296
487.22892
487.48182
487.65780
487.71990
487.74678
487.96164
488.00412
488.58162
488.68644
488.79594
489.56784
490.03626
490.08300
490.08948
490.18422
490.20300
490.36056
490.66794
490.78908
491.20110
491.34996
492.52704
492.53898
492.61266
493.96542
494.18424
494.25114
494.44992
495.57204
495.59208
495.69696
495.87288
496.00128
496.47690
496.53912
496.95606
496.99104
497.00748
497.01174
497.02746
497.07714
497.08968
497.63148
497.80290
498.38028
498.40368
498.44604
498.70392
498.91782
499.74036
499.75266
499.81926
500.31036
500.35716
500.68470
500.74338
502.12338
502.13424
502.20108
502.35282
502.37310
502.40772
502.44612
502.47444
502.47822
502.50228
502.52442
503.16036
503.25012
503.25396
503.26998
503.29314
503.34324
504.05724
504.11136
504.25554
504.36600
504.37212
504.48708
504.55992
504.57948
504.64626
504.81750
504.87936
504.98898
505.07928
505.46346
505.47648
505.55376
505.84326
506.00256
506.08062
506.55258
507.13422
507.19962
507.21552
507.23928
507.66768
507.75360
507.82368
508.08540
508.19862
508.35378
508.57212
508.70076
508.74384
508.85712
509.02050
509.04348
509.38326
509.72658
509.79606
509.98404
510.00714
510.06942
510.09330
510.13578
510.15528
510.23670
510.26406
510.26670
510.31428
510.35766
510.42042
510.43638
510.58410
510.60756
510.65520
510.95076
511.03602
511.07190
511.10322
511.33722
511.36020
511.38702
511.61328
512.03100
512.24094
512.27256
512.28420
512.31942
512.81454
512.83422
512.83788
512.85756
512.87694
512.88894
512.90034
513.24330
513.55068
514.00386
514.39554
514.42956
514.53396
514.57260
514.64658
514.69056
514.82238
515.00190
515.02518
515.68818
515.84778
515.85984
516.03942
516.06264
516.81744
516.81900
516.82692
516.84654
516.88902
517.10718
517.20090
517.31748
518.06724
518.30838
518.34378
518.34762
518.35080
518.40918
518.43678
518.45688
518.49948
518.50362
518.51430
518.73324
518.92440
518.98698
519.68466
519.72006
519.85230
519.86004
520.38690
520.40244
520.71000
520.85802
521.55972
521.59086
521.84400
522.31680
522.37524
522.48402
522.55080
522.88596
522.91008
523.08894
523.51746
523.92642
523.94664
524.18400
524.36010
524.37540
524.37900
524.40372
524.45370
524.46114
525.46716
525.51006
525.53382
525.63888
526.06752
526.72992
526.84332
527.52954
527.82990
528.26736
528.32130
528.45402
528.52014
529.28118
529.35846
529.46010
529.73388
529.82250
529.97046
530.03274
530.04918
530.21262
530.79336
530.84040
531.02670
531.08286
531.11688
531.36300
531.36732
531.42894
531.47490
531.51456
531.63198
531.72942
531.94380
532.01022
532.20078
532.26072
532.34958
532.45854
532.52034
532.54464
532.63032
532.69608
533.26902
533.32008
533.70210
533.85036
533.88558
534.77058
534.77988
534.80562
534.81726
534.83694
534.88398
535.09794
535.11756
535.18404
535.19550
535.22658
535.50336
535.52742
535.55040
536.33412
536.38152
536.39124
536.42682
536.49018
536.51736
536.53320
536.88900
536.97000
537.29322
537.37914
537.50580
537.80748
538.39974
538.43922
539.06352
539.42976
539.52696
539.62944
539.85756
540.20232
540.23730
540.26436
540.30720
540.33828
540.39324
540.60756
540.69348
540.95088
542.35020
542.47206
542.49474
542.53434
543.15336
543.18432
543.19734
543.20376
543.22788
543.26034
543.27306
543.30180
543.30948
543.32454
543.35244
543.37578
543.68754
544.39362
544.65150
544.67472
544.76820
544.92060
544.98630
545.50398
545.79720
545.92710
545.99604
546.42132
546.90042
547.04124
547.29852
547.30164
547.42752
547.45038
547.63686
547.72746
548.37408
549.08406
549.08790
549.74310
549.92526
550.75314
550.86846
550.88544
550.93236
551.02644
551.08758
551.54850
551.82534
551.88810
552.07080
552.26904
552.30462
553.13520
553.22118
553.34604
553.66578
553.70628
553.90410
554.83548
554.89392
554.96010
554.96448
555.57678
555.70836
555.74784
556.00518
556.05498
556.91814
556.93806
557.00376
557.01180
557.02992
557.40138
557.55750
557.56338
557.57760
557.59224
557.63100
557.74476
557.80242
558.44958
558.51618
558.64140
558.65220
559.02204
559.35438
560.17614
560.20590
561.19824
561.58146
561.62376
561.65022
561.68148
561.76692
561.86196
561.94362
562.24812
562.29846
562.69620
562.71930
562.82430
563.21052
563.21496
563.38308
563.74542
563.95458
563.97870
564.11190
564.37242
564.89250
564.94992
565.00494
565.03608
565.09098
565.13676
565.18398
565.20324
565.24290
565.63632
565.67898
565.69872
565.73316
565.74834
565.80744
565.84272
565.84692
565.86576
566.42730
566.57730
566.61852
566.62260
566.63028
566.64228
566.64942
567.30516
567.31626
567.39138
567.42390
567.43410
567.64848
567.69894
567.80016
567.83958
567.84348
567.88620
567.88974
567.95226
568.40706
568.41534
568.78674
568.78962
568.80990
568.85316
568.87284
569.17272
569.45316
570.05670
570.05832
570.07692
570.19872
570.46260
570.69336
570.80250
570.90804
570.96138
570.96324
571.03668
571.23108
571.31304
571.59396
571.60542
571.78878
572.07708
572.12010
572.12820
572.16288
572.20644
572.41314
572.73186
573.01326
573.18120
573.31314
573.35652
573.76128
574.33890
574.53396
574.62672
574.87236
574.91568
574.94340
575.00982
575.49642
576.03492
576.28746
576.31938
576.35400
576.78726
576.97080
577.00176
577.01406
577.01556
577.59924
577.77066
577.95708
578.46378
578.51766
578.53296
578.71338
578.76024
579.06060
579.08034
579.21696
580.17180
580.34754
580.36674
580.73010
581.27124
581.38458
581.80590
581.88294
581.93076
581.94654
581.99244
582.03600
582.53064
582.61734
582.85458
583.22124
583.38846
583.63986
584.22690
584.23098
584.52744
584.61672
584.65188
584.93790
584.93952
584.97570
585.03054
585.42030
585.84480
585.88062
585.88788
585.91110
585.91410
586.27758
587.31546
587.42874
587.43942
587.92722
588.08706
588.60552
588.62094
588.68808
589.03512
589.10442
589.35480
589.73748
589.74042
590.04858
590.08758
590.25882
590.44692
590.76624
591.16008
591.22230
591.32748
591.70986
592.39950
592.45824
592.46190
592.76274
592.78524
592.80108
592.81290
593.49174
593.56968
593.62014
593.98584
594.02400
594.03882
594.08466
594.15828
594.16548
594.28704
594.45840
594.64620
594.97314
595.10220
595.11678
595.13688
595.17594
595.22754
595.24590
595.70220
595.72182
595.73766
595.74852
595.85022
596.23656
596.66514
597.00816
597.67182
598.31490
598.66170
598.67748
598.72386
598.75146
598.80186
599.84022
600.24462
600.39180
600.61128
600.81414
600.97368
600.99042
600.99726
601.04040
601.14942
601.16874
601.27836
601.45656
601.82322
601.94466
602.01102
602.75622
602.94252
603.27012
603.27372
603.27828
603.31344
603.41832
603.48486
603.69912
603.91374
604.10766
604.28064
604.68180
605.22390
605.64090
605.80116
606.48366
606.51780
607.12716
607.26300
607.29066
607.29210
607.36788
607.38012
607.76736
607.99200
608.03118
608.78400
609.26724
609.36762
609.49344
609.54006
609.57918
610.13286
610.30830
610.32414
610.56168
610.71420
610.96722
611.29788
611.33388
611.35692
611.37648
611.65338
611.76624
611.87184
612.00048
612.33990
612.42564
612.49230
612.68358
612.74538
612.78354
612.79284
612.83112
612.83880
613.02618
613.04034
613.09242
613.09602
613.30710
613.38060
613.46250
613.60680
613.75944
614.12172
614.29710
614.74530
614.81154
615.24036
615.59004
615.81816
615.89982
616.11780
616.13742
616.22370
616.30920
616.35240
616.59012
616.71498
616.72170
616.72518
617.19054
617.44464
617.46768
617.47098
617.51766
617.65878
618.17712
618.34824
618.59790
618.62082
618.64920
618.67194
618.73446
618.74394
618.82026
618.92514
618.94476
619.05840
619.07790
619.12458
619.14042
619.15536
619.19580
619.24914
619.89624
619.93518
620.29818
620.53212
620.59866
620.96490
621.01548
621.03090
621.10494
621.11412
621.12438
621.21246
621.21876
621.44052
621.47112
621.47274
621.53562
621.54228
621.58074
622.27080
622.70754
622.72632
622.76994
622.97676
623.19474
623.21460
624.03000
624.11922
624.30990
624.34116
624.37626
625.16496
625.17582
625.63998
625.66362
625.81140
626.76984
627.07074
627.12102
627.33216
627.38988
627.70608
627.83040
627.90930
627.97524
628.14672
628.21242
628.44654
628.46622
628.47738
628.57560
628.66908
628.70052
628.81326
628.84206
628.85640
629.51964
629.52342
629.77668
629.97204
629.97960
629.99514
630.06966
630.15888
630.19338
630.21282
630.22452
630.23910
630.27534
630.43644
630.45084
630.57204
630.61512
630.82938
631.05558
631.18386
631.23840
631.32462
631.66398
631.67472
631.68390
632.29554
632.47878
632.75214
633.15210
633.42642
633.43368
633.48084
633.53190
633.93354
634.66626
634.67646
634.90800
635.46186
635.81184
636.40164
636.42504
636.47832
637.11120
637.15404
637.79730
638.16384
638.87340
638.89332
639.81654
639.87930
640.62498
640.74384
640.77636
640.79610
641.11878
641.13672
641.14272
641.20938
641.22882
641.46276
641.51706
641.61468
641.70030
641.76216
642.08616
642.21492
642.30474
642.32430
642.34338
642.36324
642.58152
642.60108
642.66696
642.68730
642.77622
643.47270
643.54110
643.63062
643.95402
644.16954
644.65956
644.72634
644.85498
645.02250
645.75180
645.80154
646.00932
646.54746
646.63242
646.78464
646.79250
646.86696
646.87098
646.89306
646.92894
647.34234
647.35428
647.51046
647.53014
647.77080
648.00126
648.00876
648.05934
648.11058
648.11778
648.46890
648.47694
648.48822
648.52008
648.58644
648.60996
648.71454
648.75366
649.01496
649.10088
649.57302
649.59186
649.95834
650.00202
650.00520
650.04018
650.64438
650.67258
651.24162
651.25326
651.27954
651.30762
651.35454
651.69402
651.91212
652.29756
652.33758
652.34844
652.38018
653.10906
653.47146
653.51838
653.56872
653.73270
653.74032
653.81508
653.85414
654.00690
654.00984
654.32970
654.53628
654.56292
654.71586
654.78540
655.24608
655.27314
655.32030
655.33506
655.52334
655.66296
656.05230
656.06832
656.07294
656.26818
656.29860
656.34096
656.35230
656.36628
656.94468
657.17154
657.33186
657.34410
657.60138
658.08402
658.12368
658.81344
659.07852
659.34420
660.66534
661.06740
661.23822
661.36722
661.42164
661.50378
661.70670
661.87848
662.44716
662.47038
662.74002
662.74404
662.76330
662.78274
662.88804
663.22800
663.25428
663.27078
663.39102
663.41028
663.41790
663.44952
664.35690
664.79526
664.88022
664.90104
664.92774
665.09880
665.14218
665.16174
665.21178
665.24718
665.67978
665.69952
665.74992
665.75796
666.86040
666.88398
666.92022
667.41522
667.88370
667.88544
667.90686
668.18676
668.22642
668.24928
668.25336
668.25678
668.44464
669.23634
669.45858
669.48588
669.64560
669.75078
669.90324
669.91386
669.94152
669.94644
669.96804
670.38198
670.50342
670.88952
671.04888
672.00444
672.09072
672.09744
672.13620
672.65478
673.20936
674.10198
674.11308
674.14518
675.06912
675.12366
675.19386
675.30306
675.38868
675.77844
675.79806
675.83652
676.05912
676.07526
676.08288
676.46466
676.60836
676.62090
676.63686
676.81164
676.82742
677.06118
677.25222
677.30262
677.30718
677.31900
677.43516
677.45862
677.47146
677.49768
677.51874
677.53710
677.63520
677.79462
677.81802
677.91918
678.04770
678.13764
678.24630
678.30558
678.35538
678.35700
678.37152
678.58584
678.65244
678.73830
678.78084
679.03848
679.19022
679.61160
679.99752
680.02410
680.27844
680.36424
680.37180
680.38740
680.41092
680.58564
681.00714
681.04614
681.49830
681.51792
681.55728
682.00116
682.03734
682.64460
682.70766
682.91808
683.30418
683.82690
684.46188
684.76212
685.01922
685.05420
685.12524
685.74486
686.04930
686.18574
686.91174
686.93106
686.94996
687.09408
687.15276
687.37824
687.40530
687.44472
687.45252
687.71814
687.72948
687.74490
688.28310
688.38882
688.60266
688.77408
688.90560
688.98498
688.98882
689.22678
689.39850
689.42970
689.44836
689.48766
689.68302
690.20922
690.35766
690.42366
690.42738
690.43824
690.45546
690.49020
690.85278
690.87588
690.91938
690.92664
690.96192
690.97830
691.53882
692.04258
692.33070
692.37330
692.87610
692.88816
693.61704
694.53732
694.56486
694.66560
694.68942
694.73652
695.01906
695.02902
695.12940
695.20824
695.50824
695.86326
695.91402
696.06582
696.43248
696.61998
696.74874
697.09890
697.17006
697.19742
697.22022
697.29690
697.30992
697.31682
697.39170
697.58706
697.72950
697.82430
697.85550
698.10528
698.16756
698.20278
698.21022
698.23344
698.23698
698.25372
698.40162
698.41296
698.46756
698.72532
698.86548
698.98254
699.11148
699.12666
699.14772
699.16938
699.79770
699.87570
700.21578
700.28388
700.29822
700.65096
700.67100
700.82262
701.01780
701.22852
701.23242
701.26314
701.28756
701.33748
701.38020
701.42736
701.51346
701.98470
702.41274
702.44940
702.45666
702.67098
703.26828
703.39272
703.49736
703.62672
703.67310
703.91106
704.08314
704.09442
704.32020
704.62014
704.72016
705.13860
705.24444
705.47820
705.56418
705.84468
705.93084
705.95052
706.01328
706.06656
706.18812
706.27008
706.51152
706.61700
706.78836
706.85802
706.98846
707.01096
707.03838
707.06592
707.13864
707.17458
707.66958
707.77494
707.98584
707.99028
708.01890
708.06750
708.14778
708.24636
708.59034
708.64848
708.71940
709.08126
709.49430
709.51014
709.58898
710.09112
710.18076
710.21952
710.47698
710.48016
710.52696
711.50622
711.54594
712.08348
712.08930
712.13460
712.23192
712.24650
712.32168
713.05032
713.22960
713.47578
713.61960
714.16572
714.46608
714.65670
714.85206
714.89106
714.89526
714.94530
714.95682
715.25736
715.29408
715.62372
715.94316
716.21274
716.21634
716.23524
717.48420
717.59676
717.91668
718.02600
718.04094
718.10796
718.64130
718.66098
718.73154
718.75410
718.77780
718.89414
719.09790
719.18394
719.24616
719.25726
719.27004
720.06120
720.11610
720.12732
720.15036
720.98472
721.02798
721.51920
721.54242
721.58958
721.87416
721.90560
721.90896
722.46666
722.53242
722.54898
722.61528
723.12600
723.21552
723.25824
723.46884
723.49548
723.56580
723.60174
723.81636
724.10868
724.13556
724.45968
724.50228
724.50930
724.54122
724.54878
724.59588
724.63104
724.63776
724.65072
724.69326
724.73580
724.94214
724.98558
725.09892
725.18862
725.42220
725.45904
725.83200
726.24648
726.24828
726.34650
726.45132
726.64656
726.73308
727.03272
727.27782
727.30158
727.31274
727.31724
727.37646
727.41588
727.50450
727.54368
727.89084
727.90602
727.93344
727.94892
727.97646
728.01966
728.14410
728.19138
728.27298
728.36244
728.54178
728.66262
729.13056
729.15402
729.52038
729.56316
729.61752
729.82068
729.95640
730.01118
730.15968
730.33188
730.41726
730.42062
730.53006
730.84656
730.86108
731.06454
731.08404
731.16966
731.31822
731.36460
731.47332
731.57076
731.68416
731.98494
732.02730
732.06660
732.07044
732.08562
732.17982
732.28494
732.39786
732.84240
732.96384
732.99420
733.50972
733.59078
733.59546
733.62456
733.64958
733.68414
733.72386
733.80942
733.89528
733.93818
734.12886
734.19546
734.21502
734.69058
734.98674
735.06678
735.07284
735.08820
735.11898
735.15042
735.18186
735.52548
735.54060
735.54786
735.63414
735.77910
735.84474
736.31118
736.33224
736.53102
736.55052
736.67940
736.70244
737.27538
737.52942
737.59608
737.62224
737.70846
737.76270
737.96958
738.33612
738.43320
738.50028
738.54696
738.57030
738.72234
738.74190
739.19022
739.45128
739.47498
739.53300
739.59966
739.60314
739.62270
739.72800
739.73940
739.75134
740.56356
740.58258
740.80068
740.84256
740.93700
741.10158
741.12042
741.38412
741.40446
741.42042
741.46404
741.49506
741.50694
741.69726
741.82980
741.84222
742.17330
742.47354
742.53540
743.03076
743.13570
743.52492
743.54154
743.65050
743.66304
743.75628
743.75964
744.11442
744.43026
744.81624
744.96024
744.99996
745.28046
745.44816
745.51488
745.92414
746.18178
746.22456
746.50116
746.50482
746.52456
746.54388
746.54844
746.78184
747.10146
747.14838
747.33978
747.35166
747.36264
747.44880
747.47154
747.62742
748.47480
749.14284
749.14932
749.17548
749.22636
749.63256
749.63556
749.64348
750.28290
750.56034
750.59892
750.60624
750.61032
750.66540
751.41402
751.99524
752.14284
752.46678
752.64588
752.65704
752.70474
752.76750
753.14952
753.30516
753.33960
753.36720
753.37476
753.38694
753.60504
753.69156
753.83628
753.96762
754.06452
754.15854
754.24128
754.36920
754.65402
755.12238
755.12952
755.14140
755.64102
755.78472
755.98032
756.02298
756.06984
756.12444
756.15168
756.23736
756.25608
756.38946
756.58452
756.84540
757.22766
757.65240
757.66494
757.69038
757.69482
757.78506
757.82802
757.96392
758.10510
758.10870
758.16726
758.21766
758.37654
758.38554
758.55726
758.65020
758.66676
758.98590
759.07194
759.37212
759.46140
759.54372
759.56628
759.59094
759.60252
759.74184
759.97236
760.32324
760.33536
760.35810
760.56966
760.61214
760.78368
760.84986
761.08776
761.10288
761.10774
761.12658
761.14998
761.20812
761.23224
761.23632
761.53626
761.57904
761.62170
762.06246
762.09348
762.11748
762.41724
762.67512
762.73374
762.73704
762.75330
762.76008
762.77994
763.03710
763.06050
763.12308
763.12632
763.16574
763.40400
764.04672
764.08992
764.28120
764.37048
764.75670
764.83038
764.85942
764.87094
764.93166
764.99364
765.35322
765.35658
765.39990
765.57984
766.24170
766.33980
766.57788
766.73196
767.41248
767.49792
767.75514
767.77842
767.86032
767.96916
768.09804
768.20412
769.76796
769.77156
769.91526
769.94574
769.96572
770.09850
770.42508
770.42934
770.48538
771.03336
771.07776
771.08550
771.09690
771.65790
771.68172
771.68526
772.21614
772.51596
772.59834
772.90194
773.89182
774.41796
774.42720
774.45708
774.51636
775.12368
775.36674
775.63140
775.64694
775.68978
776.50482
776.59788
776.65656
777.00726
777.09276
777.72918
778.17762
778.24770
778.50840
778.81746
778.82190
778.84830
778.85118
778.90698
779.44164
780.06468
780.34188
780.40782
780.47064
780.49380
780.57546
780.60288
780.75096
780.78924
780.79242
780.79398
781.00884
781.03176
781.05126
781.16046
781.66662
781.70748
781.79250
781.80414
782.20938
782.27580
782.40444
782.75496
783.05922
783.07542
783.09816
783.14196
783.14922
783.15642
783.16440
783.26232
783.47646
783.51894
783.56244
783.74118
783.81078
783.83922
783.88188
783.88896
784.13520
784.29486
784.32198
784.33782
784.37736
784.42032
784.51002
784.55982
784.64190
784.65378
784.71636
784.93116
784.95054
785.01654
785.04072
785.24604
785.34822
786.10848
786.13266
786.26034
786.63024
786.65040
786.70560
786.80316
786.91518
786.99378
787.24668
787.29372
787.30548
787.37268
787.47708
787.59420
787.61358
787.62126
787.62888
787.77708
787.78116
787.82742
788.32662
788.71674
789.13794
789.71898
789.77724
789.90648
790.05828
790.12062
790.54470
790.57320
790.78284
790.83744
790.85058
790.85226
790.86138
791.07144
791.08746
791.25888
791.30190
791.47374
791.51664
791.95278
792.33138
792.36210
793.18500
793.25112
793.25886
793.28346
793.31814
793.92882
793.94400
793.95714
793.96116
793.96500
794.30448
794.34756
794.45700
794.46372
794.51862
795.17328
795.20526
795.29106
795.50502
795.54834
795.59778
795.61464
795.66720
795.67632
795.93408
796.12926
796.14882
796.63524
796.92042
797.09190
797.78280
797.80518
798.19164
798.24636
798.35580
799.28334
799.32270
799.98936
799.99674
800.00448
800.10300
800.37912
801.25968
801.29106
801.48210
801.66258
801.66594
802.44954
802.88556
804.14958
804.83586
805.02684
805.54230
805.61166
806.01690
806.02470
806.03670
806.29086
806.55516
806.59416
806.62506
806.64090
806.67606
806.71890
807.06996
807.21438
807.25824
807.32046
807.77154
807.90078
807.94656
808.06218
808.07592
808.20084
808.27362
808.28718
808.56756
808.83792
809.10570
809.35866
809.42508
810.01764
810.03258
810.07296
810.60714
810.60870
810.77808
810.79836
811.36668
811.90908
811.93608
812.02224
812.09970
812.34954
812.57598
812.61894
812.72316
813.02394
813.03960
813.32808
813.41424
813.45702
813.47604
813.49188
813.49974
813.54288
813.62808
813.71388
813.74478
813.77634
813.79974
813.84276
813.90504
814.18596
814.26426
814.37328
814.42374
814.44282
814.46658
814.52928
815.12958
815.19912
815.22948
815.26254
815.26554
815.42988
815.44176
815.81610
816.17910
816.58410
816.99456
817.01322
817.01676
817.04760
817.07148
817.07928
817.10994
817.18434
817.40298
817.49604
817.53894
817.76532
817.89402
818.21790
818.64678
818.88054
819.00906
819.15432
819.73488
819.76206
819.78468
819.87426
819.89394
819.99516
820.14390
820.23696
820.27302
820.34220
820.38198
820.78320
821.35356
821.38494
821.42598
821.43510
821.71104
822.05034
822.26862
822.51798
822.54564
823.57914
823.77426
823.84446
823.85184
823.98180
824.43306
824.71350
825.12396
825.41322
825.87162
825.91422
825.93984
826.75002
826.79646
826.84182
827.10378
827.41182
827.61810
827.63358
828.40230
828.57408
828.74514
828.77616
828.85458
828.86634
828.87030
828.88110
828.89340
829.13628
829.15116
829.15476
829.42818
829.46244
829.51806
830.00418
830.86032
830.86662
830.89026
830.92596
830.95560
831.01314
831.15756
831.34260
831.41160
831.66210
831.70458
831.74778
831.77514
831.86508
831.91962
832.31700
832.62888
832.66776
832.68786
832.69554
832.71456
833.03514
833.06124
833.47692
833.82630
833.86830
833.91216
834.51666
834.52368
834.53946
834.57864
834.63372
835.33860
835.37556
835.63164
836.20062
836.61450
836.64066
836.64534
836.68050
836.87850
837.13284
837.21468
837.23748
837.49488
837.62478
837.86886
838.16208
838.24770
838.37226
838.41918
838.42248
838.43874
838.48170
838.48584
839.07780
839.16798
839.23776
839.26020
839.44470
839.70210
839.72544
839.79504
839.92020
840.54012
840.59460
840.62946
840.71874
840.77838
840.90678
841.04100
841.30854
841.37436
841.37850
841.51908
841.64472
841.98234
842.02170
842.08830
842.10414
842.11158
842.15154
842.18508
842.29476
842.30202
842.64174
842.68482
842.85630
842.98086
843.00858
843.24270
843.62772
843.65160
843.67122
843.93192
844.01082
844.05354
844.16238
844.42728
844.67718
844.70052
844.97730
845.21514
846.05382
846.29112
846.40464
846.42750
846.43890
846.48630
847.12200
847.13430
847.66386
848.21754
849.13746
849.15732
849.18024
849.46890
849.57030
849.59304
849.63270
849.67614
849.67956
850.55700
850.72896
850.85706
850.86942
850.95048
851.56692
851.66766
851.67594
852.86946
852.87336
852.97896
853.57872
853.60572
853.83606
854.05914
854.84256
855.27528
855.87600
855.89526
856.45260
857.07684
857.47674
857.48196
857.51772
857.58720
857.59206
858.08244
858.35550
858.53976
858.64026
858.97158
859.00356
859.01502
859.82202
860.59398
860.60520
860.80776
860.85096
861.51372
861.56058
861.61500
861.92712
862.25010
862.30296
862.33158
862.35282
862.71504
862.73448
863.20602
863.97090
864.53574
864.66456
864.68706
864.69066
865.30710
865.44018
865.63098
865.69326
865.86888
866.13384
866.19570
866.20422
866.23032
866.25516
866.38374
866.81178
867.24510
867.28050
867.35880
867.39000
867.88074
868.37616
868.44258
868.44996
868.46292
868.46562
868.46952
868.62138
868.63296
868.67598
868.78950
869.06250
869.19864
869.23314
869.25396
869.70570
869.72538
870.00576
870.24378
870.32994
870.35748
870.37218
870.43080
870.45858
870.48150
870.48936
871.16472
871.46052
871.76460
872.08884
872.16576
872.43138
872.70798
872.71248
872.72382
872.73120
873.38634
873.40284
873.42186
873.44706
873.45792
873.61260
873.80436
874.07652
874.91916
874.93830
874.98492
875.20776
875.26224
875.58180
875.88498
875.99112
876.13572
876.61092
876.63048
876.80208
876.83676
876.88374
876.93498
876.96456
877.00080
877.08264
877.08624
877.30098
877.34034
877.35906
877.38300
877.41078
878.04660