0.24382
0.87004
0.90202
1.13152
1.58062
1.78168
2.19562
2.30986
2.50444
2.75734
2.82826
2.98270
3.01840
3.02524
3.22582
3.52252
3.54208
3.57586
3.69700
3.73984
3.75676
4.30954
4.38040
4.39114
4.44946
4.46290
4.55560
4.64506
4.65220
4.95850
4.98832
5.09392
5.18080
5.19142
5.21290
5.53234
5.84746
5.90578
6.00652
6.02590
6.75604
6.77470
6.79972
6.86800
7.90444
7.92826
7.94716
8.93746
8.94460
9.47122
10.22410
10.90246
10.91722
10.97386
11.82058
11.82370
12.24022
12.36070
12.97318
12.97696
13.52368
13.60126
13.97614
14.01556
14.11282
14.15512
14.74012
14.74786
15.20680
15.30718
15.65686
15.84646
16.09378
16.10026
16.10386
16.12618
16.14262
16.51354
17.02492
17.03956
17.20336
17.21824
17.28580
17.49358
17.59762
17.72614
18.04768
18.15544
18.17932
18.46294
18.53650
18.56998
18.61990
18.63070
18.92770
18.93442
19.13038
19.27714
19.98190
19.98550
20.30374
20.34574
20.36014
20.36356
21.38098
22.11784
22.12588
22.14400
22.20040
22.20388
22.24096
23.19004
23.46988
23.69566
23.72380
23.80966
24.46024
24.54946
24.91654
24.94918
25.14214
25.19296
25.25368
25.35712
25.46638
25.69930
25.92502
26.43382
26.49802
26.52652
27.02236
27.10840
27.11602
27.12292
27.15802
27.19072
27.20140
27.31888
27.41602
27.62656
28.11358
28.38742
29.15920
29.29906
29.30626
29.60038
29.66068
30.05716
30.06868
30.08212
30.09646
30.11056
30.11398
30.11794
30.37318
30.63268
30.73300
30.76144
30.78598
31.61494
31.62904
31.83370
31.84114
32.23840
32.29750
32.95240
32.95624
32.95966
32.97004
33.12028
33.15226
33.20206
33.49558
33.51346
33.68140
33.69598
34.21414
34.22830
34.25758
35.30710
35.34418
35.88184
36.04444
36.27586
36.28618
36.32308
36.32632
36.33682
36.34414
36.34810
36.35530
36.45880
36.54724
36.61864
36.72742
36.73066
36.83722
36.89824
36.99832
37.03084
37.03516
37.07758
37.15186
37.25866
37.30546
37.33114
37.46386
37.48882
37.49926
37.81438
37.87960
38.13142
38.16250
38.33818
38.58166
38.99572
39.42154
40.02898
40.13176
40.49026
40.95406
41.89066
41.98984
42.20890
42.33862
42.60988
42.63856
43.00480
43.08148
43.16374
43.50316
43.67452
43.68172
44.81830
45.13462
45.16870
45.28654
45.87010
46.31458
46.31836
47.32306
47.32660
47.61370
48.41650
48.42028
48.43228
48.75334
48.81058
48.86536
49.02526
49.03258
49.11130
49.12582
49.45894
49.50880
50.51248
50.89210
51.06226
51.07024
51.09178
51.25216
51.29836
51.43810
51.48316
51.60334
51.98104
52.01998
52.08472
52.77130
54.07810
54.42226
54.49324
54.61552
54.64420
54.64792
54.71482
54.82258
54.86242
55.74112
56.20018
56.44306
56.57422
56.72830
57.24496
57.65332
57.79282
57.80386
58.69594
58.70182
58.72552
59.01886
59.45890
59.54794
59.57266
59.58052
59.70364
60.04558
60.22276
60.30994
60.31336
60.34468
60.39220
60.45250
60.74896
60.97576
61.02580
61.09234
61.09888
61.10638
61.13128
61.19128
61.30318
61.75348
62.12560
62.28532
62.63992
63.40930
63.72928
63.77932
64.60162
64.70866
65.54194
66.29560
66.40276
66.67522
66.74272
66.74596
66.76708
66.78862
66.79264
66.79588
67.08940
67.18246
67.25998
67.42594
67.67986
68.21182
68.79004
68.83306
68.87212
69.19516
69.20554
69.32752
70.01302
70.18186
70.23910
70.44892
70.48846
70.50556
70.55290
70.60678
70.61314
70.78132
70.78564
70.78888
70.79614
70.93870
71.05552
71.08246
71.11384
71.12830
71.36674
71.67040
71.76412
71.97262
72.00682
72.08278
72.14356
72.46192
72.49774
74.61598
74.70856
74.77822
74.80258
74.83828
74.85970
74.86678
75.83188
75.84286
76.02214
76.06090
76.07788
76.53274
76.64290
76.64680
76.94314
76.94662
77.23636
77.78014
77.79016
77.80954
78.45520
79.26970
79.27810
79.32022
79.53028
80.69644
80.72476
80.80336
81.32524
81.63664
81.64030
82.29304
82.29688
82.31476
82.56292
82.94500
83.29324
83.38390
84.42430
84.72466
84.92044
84.97834
85.00708
85.04254
85.27300
85.62526
86.28004
86.70316
87.91558
88.26220
88.30546
88.54234
88.61692
88.97080
89.01346
89.31364
89.61400
89.61778
89.76034
89.76358
89.89630
89.90326
89.97124
90.19222
90.45358
90.47578
90.64366
91.23688
91.28698
91.29040
91.50934
91.60150
91.61254
91.64344
91.75870
91.87684
92.13022
92.22394
92.27380
92.28340
92.36326
92.38432
92.39182
92.40232
92.42344
92.43106
92.43442
92.51986
92.57296
92.61640
92.89384
92.90266
92.95894
92.97592
93.01336
93.01924
93.05440
93.11620
93.13654
93.15166
93.16672
93.17410
93.24928
93.29488
93.81052
93.94594
94.08772
94.89946
94.91026
95.08948
95.55136
96.08020
96.33358
96.48976
96.67648
97.79836
97.84618
98.60626
99.26410
99.59974
99.79060
99.79342
100.18960
100.24354
100.36510
100.58668
101.26948
101.38690
101.65906
102.38158
102.62008
102.79162
102.79492
102.80920
102.83014
102.94540
102.94990
102.97030
103.15234
103.57480
103.79314
103.82260
103.84300
104.10040
104.13940
104.15362
104.20090
105.61630
105.69892
105.92602
105.95392
106.49938
106.50388
106.91608
107.00326
107.07856
107.08120
107.39902
108.33568
108.34282
108.34612
108.39232
108.42826
108.78016
108.78550
108.79678
109.37164
109.37926
109.45054
109.45750
109.48210
109.50046
109.51552
110.70556
110.72044
110.84908
111.07912
111.08686
111.13696
111.85240
111.89974
112.28242
112.36126
112.89622
113.44270
114.13684
114.48334
114.49462
114.62548
114.88066
114.92542
115.78072
115.80970
116.08180
116.62078
116.63530
116.63902
116.67838
116.77486
116.77762
116.79640
117.13540
118.69930
118.71478
118.71844
118.72606
118.95478
119.15482
119.29828
119.41990
119.43406
119.57650
119.80912
119.98468
120.09502
120.15232
120.28480
120.53806
121.14508
121.18132
121.73104
121.97416
121.98184
121.98526
121.98874
122.22502
122.81086
123.01108
123.15814
123.65848
123.66232
123.71608
124.14838
124.51606
124.65202
124.65550
124.89850
125.09500
125.21770
125.55628
125.63896
125.67712
125.77492
125.81032
125.93458
126.02806
126.42412
126.63862
126.66052
126.91354
126.92116
126.99244
127.44346
127.60000
127.62082
127.72504
127.76446
128.21554
128.25076
128.25472
128.28718
128.59762
128.72308
128.84068
128.86546
129.06556
129.09778
129.49180
129.92788
130.47346
130.91752
131.25754
131.28544
131.36110
131.46022
131.48170
131.58448
131.71852
132.68974
132.75490
133.45210
133.77658
134.41990
134.53690
134.84086
134.93506
135.01984
135.03334
135.13486
135.19252
135.41278
135.41752
135.49660
135.55690
135.56932
135.62938
135.86644
136.05436
136.53694
136.63714
136.65706
136.84930
137.29774
137.55784
137.72980
138.28414
138.72700
138.73036
139.23856
139.24582
139.57366
139.63696
139.71058
139.73020
139.73464
140.14294
140.15326
141.97252
142.11178
142.11562
142.90924
143.05546
143.11264
143.11582
143.11930
143.87590
144.25402
144.26434
144.26674
144.27382
144.28900
144.58870
144.90712
145.00144
145.71844
145.77502
145.91854
146.25808
146.54206
146.64040
146.65174
146.66314
146.67544
146.71414
146.75380
147.00892
147.17080
147.28672
147.31336
147.33742
147.43840
147.45562
147.54772
148.07842
148.10194
148.11592
148.20730
148.27396
148.33468
148.42498
148.74532
148.83466
148.92130
148.92436
149.04352
149.04580
149.93014
150.20746
150.21112
150.31864
150.40462
150.44164
150.89374
151.10452
151.13662
151.61542
151.62634
151.70452
151.71592
151.75492
151.99690
152.08894
152.09140
152.16832
152.18008
153.07186
153.24106
153.47062
153.49858
153.76702
154.06402
154.90360
155.48686
155.58124
156.04720
156.07150
156.40948
156.64942
157.68718
157.85338
158.20006
158.45860
158.71966
158.72806
158.74594
158.83108
159.35854
159.38242
159.68626
159.72880
159.86878
159.88924
159.90760
159.93622
159.95092
160.05286
160.41856
160.76566
160.76938
160.98826
161.69428
161.72926
161.87722
162.12772
162.13072
162.16990
162.25204
162.28444
163.27048
163.28506
163.29214
163.54060
164.24002
164.58694
164.63776
166.34566
166.46296
166.80274
167.16028
167.41786
167.68156
167.70142
167.74594
167.81020
167.87842
167.88220
168.16102
168.33550
168.35770
168.38206
168.68902
168.83656
169.40764
169.41508
169.71532
169.89418
169.89784
169.90132
170.38780
170.39098
170.40178
170.40550
171.10228
171.75376
172.81024
174.95536
174.96994
174.97732
174.99412
175.08826
175.09162
175.49596
175.77838
175.85188
176.64256
176.88166
177.04540
177.08854
177.16348
177.17446
177.45814
177.62524
177.71482
178.25812
178.26508
178.73728
178.78702
179.50510
179.63044
179.67640
179.73082
179.79796
180.44902
180.49972
180.71398
180.78952
180.80392
180.84274
180.86206
180.88444
180.99922
181.14766
181.42330
181.57198
181.81750
181.82470
182.08240
182.08948
183.35224
183.43978
183.68542
183.76234
183.84226
184.41112
184.62928
184.65154
184.75144
184.82728
184.86628
185.29174
185.29924
185.79844
185.91082
186.18472
186.47830
187.21006
187.44430
187.44754
188.49400
188.49826
188.55442
188.95600
189.11632
189.14020
189.59578
189.67048
190.13350
190.34500
190.36306
190.37296
190.49608
190.89580
191.13580
191.43604
191.53930
191.54626
191.55772
191.75608
191.80774
191.81158
193.06942
193.91614
193.94494
193.95964
194.00200
194.12782
194.13814
194.22364
194.85670
195.06700
195.81448
196.38976
196.40314
196.41016
196.65394
196.69348
197.29378
197.33686
197.34040
197.46898
197.47642
197.51926
197.53708
197.62984
197.67640
197.86606
198.30220
198.88354
199.12336
199.14652
199.27660
199.54234
200.00752
200.34310
200.36758
200.67010
200.75842
201.37582
201.42250
201.57892
201.72238
202.02970
202.04128
202.05736
202.06462
202.09792
202.12924
202.15810
202.21588
202.22218
202.50526
202.78744
202.79134
202.95340
203.26234
203.29078
203.70268
204.30256
204.32386
204.33862
204.37462
204.38512
204.38860
204.39646
205.16488
205.40752
205.45672
205.61752
205.73932
205.79686
205.80106
205.80418
205.84420
206.60866
206.61142
208.07704
208.08808
208.09528
208.27762
208.50562
209.43208
210.20050
210.47578
210.58570
210.87076
212.32714
212.45644
212.47444
212.48470
212.51122
213.08122
213.42376
213.43144
213.46708
213.49870
213.50254
213.70768
213.71488
213.73114
213.74320
213.94762
214.00378
214.09414
214.21654
214.26388
214.42432
214.46086
214.50352
214.54630
214.66774
214.68652
214.70674
214.83058
216.47644
216.51976
216.56626
217.25662
217.25974
217.47094
217.54522
217.68496
217.70242
219.17536
219.22168
220.18216
220.18834
220.25524
220.80544
221.03422
221.93818
222.00196
222.03034
222.04828
222.26350
222.71152
223.46098
223.47886
223.56112
223.64650
223.71784
223.95100
224.20852
224.61058
225.00496
225.04012
225.04384
225.09748
225.40930
225.64816
225.70168
226.38076
227.40286
227.40640
227.44924
228.00796
228.14284
228.15406
228.17866
228.23290
228.61852
228.91528
229.25770
229.89436
230.11216
230.54446
230.71630
230.79118
230.94190
231.07120
231.34900
231.36658
231.40828
231.42250
231.96376
231.98098
232.31044
232.33894
232.61086
232.85788
233.25778
233.54752
233.55412
233.55814
234.34024
234.55078
234.59026
234.60430
234.73378
235.71280
235.72690
236.03428
236.07286
236.13142
236.20942
236.34706
236.42836
236.45608
236.79676
236.80360
236.86126
236.87542
237.03286
237.10732
237.17032
237.28180
237.29350
237.43462
237.44596
237.54766
238.35034
238.51900
238.82284
239.03686
239.17642
239.71954
239.84890
239.92654
240.24526
240.35518
240.67810
240.78730
240.99064
242.47174
242.59714
242.60044
243.05788
243.55162
243.71974
243.82276
243.89068
243.93394
244.77340
244.82662
245.46352
245.76328
245.77786
245.79202
245.81734
245.82112
245.98882
246.14956
246.16024
246.18940
246.67084
246.88636
247.11862
247.13632
247.66222
247.85596
247.96534
247.98688
248.01184
248.01898
248.12938
248.64136
248.74150
248.79436
248.89036
249.08926
249.26602
249.31216
249.45220
249.50218
249.51616
249.64570
250.14154
250.18840
250.68850
252.45088
252.53242
252.77878
253.28800
253.45600
255.00676
255.06688
255.34612
255.39304
255.50698
255.60004
256.36864
256.39714
256.48594
256.83304
256.84414
257.11822
257.57662
257.61610
257.65846
257.97976
258.05530
258.21718
258.68134
258.93820
258.99184
259.10266
259.69960
259.74580
260.08810
260.30722
260.31808
260.34280
260.59240
260.70412
260.71870
260.72434
260.77132
260.92504
261.33190
262.25200
262.25524
262.39102
262.44052
262.44706
262.45120
262.83418
262.84882
262.93414
263.03710
263.81980
263.82376
264.01972
264.17080
264.17512
264.18130
264.19204
264.20614
264.24124
264.25270
264.28444
264.81436
264.89608
265.14652
265.14982
265.17232
265.80424
265.87168
265.89370
266.15092
267.59512
267.65182
268.10932
268.43218
268.80634
268.80904
269.26720
269.72974
269.86768
270.07822
270.48328
270.82384
270.90928
271.15438
271.24018
271.24720
271.25866
271.27576
271.49038
271.96618
272.57674
272.65150
272.75314
272.87788
272.96680
273.09262
273.10312
273.12028
273.18490
273.39970
273.41266
273.61402
274.31908
274.68628
275.04256
275.11534
275.52640
275.59984
275.68648
276.09898
276.22228
276.51886
276.62926
277.47424
277.86040
278.03188
278.38150
278.52388
278.63206
278.72614
278.80744
278.96476
279.08560
279.26110
279.31102
280.00822
280.07602
280.16836
280.20838
280.24786
280.39144
280.44472
280.60972
280.62148
280.63714
280.89466
280.93384
280.94476
280.94794
281.19994
281.27326
281.37478
281.44060
281.63098
281.70220
281.72428
281.74432
281.75230
281.88394
281.89144
281.90566
282.00310
282.47410
283.41346
283.50712
283.60774
284.03686
284.42224
284.47504
284.63734
284.64034
284.70100
284.70802
284.76934
284.77738
285.00838
285.19432
285.54280
285.76294
285.89812
286.21618
286.35616
286.38484
286.51696
286.87942
287.08528
287.09218
287.39170
287.39926
287.40238
287.44528
287.73796
287.74912
288.22414
288.55438
288.57214
288.60736
288.61078
288.61828
288.66832
289.47250
289.68730
289.91212
289.99474
290.29126
290.50948
290.62744
290.68066
291.08026
291.14884
291.65926
292.01020
292.01410
292.01758
292.21426
292.60366
292.78282
292.78966
292.95028
293.04058
293.28550
293.67526
293.71456
293.74324
293.92930
294.05074
294.05836
294.08668
294.36922
294.40156
294.63010
294.66994
294.75874
295.54864
295.55662
295.56304
295.60252
295.79230
296.19544
296.20600
296.24206
296.95798
296.98204
297.00256
297.02458
297.16132
297.37558
297.37930
297.53182
298.27966
298.72522
298.76464
298.80226
299.16184
299.34820
299.59126
299.69128
300.04792
300.15934
300.16324
300.16714
300.29530
300.58474
300.59590
300.66496
300.73480
300.74926
300.86722
300.91714
300.92080
300.92782
300.93484
301.05640
301.22758
301.23526
301.26382
301.27090
301.32754
301.80388
302.20696
302.52688
302.81866
302.85790
302.86948
302.90086
303.08362
303.19822
303.21298
303.37252
303.37984
303.47626
303.49378
303.60190
303.66406
303.80578
303.80920
303.81304
303.98146
304.02772
304.09816
304.24990
304.26604
304.26976
304.28074
304.31242
304.38694
304.40638
304.41460
304.45624
304.48432
304.49524
305.05036
305.12644
305.85280
306.16420
306.63646
307.02574
307.51000
308.09458
308.09818
308.14486
308.91718
309.04552
309.73150
309.85642
310.42738
310.71424
310.72102
310.72870
310.73200
310.74322
310.94248
311.24266
311.30062
311.38594
311.64004
311.78644
311.94310
312.24364
312.36352
312.41062
312.81394
312.82096
312.83758
313.10530
313.11262
313.22296
313.52302
313.54492
313.67368
313.71292
314.69146
315.22126
315.23884
315.25318
315.28150
315.28528
315.28834
315.29602
315.33148
315.33880
315.38224
315.41794
315.42820
316.02208
316.06090
316.55140
316.63696
316.75114
316.85092
317.17186
317.24740
317.34064
317.39068
317.40928
317.74816
317.79094
317.80132
317.86150
317.95480
318.24520
318.26314
318.33424
318.63742
318.92308
319.12078
319.39846
319.63540
319.66030
319.66762
320.33452
321.49372
321.59992
321.95764
322.08418
322.11994
322.79086
323.00122
323.00686
323.56654
323.57050
324.12424
324.18160
324.90316
325.28584
325.29646
325.35262
325.46596
325.84396
325.94068
325.94488
325.97260
326.03974
326.08612
326.08948
326.12572
326.24470
326.57584
326.64520
326.68840
326.70292
326.72116
326.83378
326.87410
326.91622
326.92012
327.13072
327.18772
327.50908
327.54712
327.56320
328.33444
328.38898
328.39270
328.77076
328.78528
328.79962
328.80274
328.81030
329.19232
330.76846
331.28740
331.29454
331.37266
331.46554
331.55152
331.78228
331.84852
331.85194
331.85932
331.87390
331.88434
332.05876
332.27314
332.33104
332.33494
332.37790
333.10270
333.13864
333.28912
333.40732
333.60322
333.77482
334.05088
334.62130
335.15122
335.77066
335.80150
335.80888
335.85142
336.05524
336.14068
336.40570
336.46930
336.53764
336.76558
336.83368
336.87778
337.32322
337.45546
337.93558
338.26750
338.27842
338.31760
338.32120
338.32462
338.46400
338.97172
339.14404
339.67840
339.88438
340.05142
340.12666
340.13374
340.13704
340.44208
340.63012
340.71934
340.88704
340.98400
340.99858
341.28454
341.29486
341.32348
341.32690
341.34484
341.37322
341.38114
341.58442
342.20920
342.82042
342.82822
343.22524
343.35382
343.70050
343.96102
344.08660
344.19748
344.20396
344.60812
344.63422
345.15874
345.22666
345.65080
345.82690
345.83386
346.13800
346.47784
346.72396
346.77784
346.78150
346.80988
346.82068
346.82422
346.82800
346.83148
346.85668
347.26858
347.58058
347.76790
348.99742
349.14784
349.25812
349.56910
349.74460
350.11228
350.33740
350.58778
350.59138
350.89498
351.09490
351.46342
351.87448
351.96712
352.13182
352.79116
353.32510
353.45224
353.64040
353.84740
353.85100
353.95804
353.97640
354.33784
354.55168
354.94810
355.09150
355.12612
355.14760
355.15516
355.27738
355.44142
356.38888
356.49508
356.96794
356.97436
356.97832
357.08308
357.42172
357.57028
357.73522
358.05478
358.08628
358.14034
358.15474
358.40854
358.44814
358.45864
358.54066
358.56190
358.56568
358.75558
358.93774
359.20078
359.21524
359.22910
359.46562
359.50888
359.54404
359.54770
359.55874
359.99164
360.06370
360.32020
360.63568
360.77152
360.90310
361.29184
361.64986
361.67182
361.73854
362.03554
362.19724
363.11908
363.12310
363.46924
363.93826
364.28092
364.65598
364.66354
365.27620
365.37718
365.41402
365.80588
366.04324
366.84322
366.85846
367.10434
367.10806
367.11196
367.11556
367.11886
367.15438
367.15846
367.54414
367.60438
367.63372
367.64080
367.67260
367.67962
367.69024
367.71208
367.73308
367.73638
367.74754
367.90126
367.91200
368.53012
368.87710
368.90614
368.92066
368.92414
369.03058
369.05380
369.24940
369.32236
369.44512
369.46600
369.57310
369.73156
369.75628
369.76012
369.77428
369.95422
369.97060
370.04548
370.05256
370.08712
370.23868
370.73524
371.31112
371.45098
371.53996
371.57218
371.60818
371.61124
371.61508
371.61862
372.13336
372.15064
372.34762
372.45388
372.57634
372.59428
372.94042
372.97666
373.22686
373.26958
373.29118
373.34830
373.39036
373.44832
373.63804
374.07406
374.43460
374.57392
374.98444
374.99908
375.37828
376.55800
376.56064
376.62214
377.57644
378.20176
378.20944
378.55186
378.60184
379.19590
379.94620
379.98484
380.47870
381.09766
381.13702
381.16912
381.17272
381.17578
381.18298
381.20404
381.22582
381.47266
381.48046
381.68338
382.04608
382.05574
382.21582
382.79866
383.53486
383.58472
383.60890
383.83114
384.85762
386.02756
386.28772
387.43036
387.43804
387.44512
387.44842
387.83512
387.84202
388.03102
388.04536
388.36504
388.89340
388.92586
388.93222
389.45398
389.53606
389.53978
389.57176
390.46462
390.46798
390.47584
390.47968
390.70930
390.79138
390.83764
390.96196
391.50550
391.54060
391.55530
391.80904
392.02000
392.54968
392.74138
393.38902
393.39970
393.44998
394.43686
394.75702
395.63968
395.67958
395.71582
395.76604
395.96590
395.98072
396.02320
396.09358
396.12232
396.47062
396.56248
396.60910
396.74896
396.92074
397.22848
397.35706
397.65304
397.93954
398.10226
398.71030
398.75728
398.96776
399.01060
399.34666
399.86848
400.30144
400.31242
400.32592
400.59424
400.59832
400.68088
401.12422
401.54896
401.72782
401.79112
401.96290
401.96800
401.97412
401.97796
401.99098
402.02062
402.13216
402.22762
402.33166
402.49786
402.56392
402.61408
402.97276
403.01812
403.09678
403.17514
403.25686
403.28326
403.41850
403.82578
404.15776
405.32290
405.66832
406.83172
407.54530
407.97874
407.98642
407.98948
408.21328
408.32926
408.37978
408.53626
408.71566
408.83284
408.83650
408.83986
409.08982
409.78006
409.86562
409.86946
410.22034
410.74810
410.80924
411.06310
411.11308
411.16360
411.27370
411.87112
412.75018
413.39734
413.44414
414.17128
414.17884
414.20140
414.28798
414.29440
414.29836
414.30196
414.31978
414.33730
414.68680
414.98128
415.04824
415.08694
415.14142
415.22038
415.22728
415.24156
416.13124
416.83852
417.32464
418.31572
418.49020
418.66234
418.66570
419.21608
419.22748
419.31676
419.33788
419.35240
419.35612
419.94580
419.94922
419.95630
420.49570
420.49942
420.55660
420.80242
420.89968
420.93916
421.61032
421.70002
421.75696
421.76776
422.00008
422.01910
422.42848
422.50438
422.51500
422.53300
422.54686
422.55028
422.87260
422.95546
423.00586
423.07030
423.25534
423.93766
424.18798
424.23046
424.28836
424.33102
425.03758
425.43130
425.43574
425.43892
425.80684
425.86426
426.46786
426.58198
426.59674
426.81166
426.88570
426.99766
427.40470
427.54780
427.63390
427.84432
428.29018
429.02848
429.08476
429.09190
429.38878
429.39238
429.69622
429.79804
430.16434
430.19224
430.23526
430.29244
430.50340
430.62172
430.72924
430.73530
431.02570
431.10010
431.38570
431.52928
431.87950
431.92600
431.95828
432.68722
432.81946
432.86212
432.88090
433.74514
434.11360
434.40658
434.40988
435.53944
436.03642
436.25068
436.28638
436.28974
436.53250
436.54354
436.69360
437.39590
437.82460
437.83108
437.87704
437.88814
437.96956
438.01282
438.04894
438.92476
439.55008
439.85506
439.85746
439.87756
440.31118
440.75458
441.48430
441.51496
441.92152
442.04482
442.69168
442.84180
443.11696
443.48512
444.38512
444.40336
444.91876
445.03936
445.46908
445.60846
445.77328
445.77640
445.79578
445.96888
446.41948
446.50912
446.51296
446.66830
446.75992
447.01282
447.03628
447.05266
447.09556
447.10966
447.88120
448.24678
448.54990
448.63936
448.64674
448.70038
448.70614
448.72096
449.19286
449.20036
449.20786
449.31400
449.33956
449.45674
449.48512
449.57482
449.80432
449.80798
449.83642
449.87854
449.88664
449.89696
449.93638
449.95060
449.98354
450.25456
450.27640
450.29320
450.40804
450.70822
450.79882
450.97030
451.28680
451.34398
451.35832
451.36528
451.37626
451.38682
451.54366
451.64176
451.64950
452.11306
452.13700
452.67424
453.02488
453.57928
454.20436
454.21468
454.25404
454.26082
454.86538
455.04058
455.04406
455.73052
455.77522
455.80162
456.37054
456.39880
456.40108
456.40492
457.04194
457.04614
457.29178
457.29898
457.34878
457.42744
458.03188
458.98000
458.99890
459.12844
459.18250
459.28282
459.58696
459.71578
459.72736
459.75508
460.34800
460.41532
460.44856
460.69414
460.74952
460.94344
461.06668
461.12374
461.15566
461.16610
461.22730
461.32318
461.63878
461.64214
461.64964
462.71548
463.15960
463.82908
464.18998
464.19352
464.43400
464.58106
464.58736
465.08590
465.12346
465.45520
466.11892
467.91052
467.98498
468.15442
468.55144
468.63316
468.75490
468.79762
469.10146
470.05276
470.43868
471.29644
471.72496
472.69666
472.73794
472.86922
474.20986
474.60238
474.65530
475.55728
475.61362
475.99258
476.48584
476.62042
476.74702
476.82568
476.93500
476.95744
477.15046
477.17572
477.34390
477.92680
477.93346
478.11976
478.49080
478.91992
478.94716
479.05204
479.23072
479.26282
479.31298
479.39848
479.48056
479.50474
479.57020
479.64454
479.86474
479.89786
480.12070
480.21718
480.25354
480.50326
480.57052
480.63064
480.73234
480.74476
480.81136
481.80838
481.88632
482.28322
482.40124
482.91166
482.94706
483.41974
483.42670
484.02352
484.03042
484.14868
485.28562
485.52436
486.22552
486.99052
486.99778
487.04038
487.12630
487.19044
489.17020
489.18478
489.58030
489.68104
490.02472
490.02808
490.07464
490.42534
490.46452
490.49182
490.62478
491.66854
492.95614
494.98126
495.01942
495.56164
495.89380
496.42960
496.48384
497.00152
497.01580
497.01994
497.02360
497.03116
497.03428
497.03746
497.04052
497.04784
497.05018
497.14804
497.20546
497.25946
497.42428
497.44078
497.44528
497.44738
497.46304
497.46958
497.48362
497.48812
497.50006
497.50222
497.50624
497.51014
497.51554
497.52664
497.52868
497.56624
498.61738
498.65236
498.68902
498.81712
498.82066
498.85246
499.12870
499.20736
499.22164
499.26064
499.27840
499.43620
499.85026
499.90804
500.06800
500.13616
500.13868
500.14372
500.16250
500.16628
500.17240
500.17492
500.18236
500.19304
500.20456
500.21236
500.22898
500.25466
500.50162
500.62942
501.45220
501.50194
501.85066
502.24570
502.30252
502.34140
502.36264
502.46602
502.48408
502.49788
502.72000
503.02426
503.02822
503.03908
503.05282
503.10238
503.10628
503.11726
503.18962
503.37814
503.66332
503.78584
503.93296
503.97130
504.00286
504.00964
504.04258
504.24670
504.27106
504.57682
504.74698
504.86128
504.96874
505.14046
505.22656
506.03698
506.07982
506.23696
507.02074
507.76558
508.72108
508.72456
508.87162
508.96096
509.51530
509.58946
510.23338
510.34024
510.47536
511.59808
512.04544
512.21020
512.45632
512.45986
512.46346
512.46688
513.39634
513.44320
513.82630
514.02598
514.08964
514.12750
514.19734
514.37050
514.37824
514.38460
514.41328
514.49914
514.61506
514.66972
514.85734
514.89574
514.93288
514.94356
515.17696
515.19040
515.34076
515.37328
515.60182
515.80186
516.00172
516.63520
516.72052
516.82360
517.27882
517.64194
518.68636
519.03286
519.37612
519.43648
519.57640
519.92242
519.95956
520.01590
521.60602
521.61016
522.02428
522.06382
522.06748
522.82102
523.63576
523.87984
523.99030
524.00086
525.57052
525.92362
526.26712
526.32190
526.69606
527.00380
527.13946
527.21080
527.21746
527.65066
527.97784
528.24700
528.25438
528.28996
528.36034
528.49720
528.89458
529.10518
529.11244
529.11670
530.39428
531.15316
531.18196
531.18634
531.25342
531.33922
531.81136
532.69324
532.76194
532.78690
533.43280
533.47300
533.52298
533.69416
533.96242
534.07966
534.47734
534.79822
535.02736
535.08700
535.09336
535.57792
536.25286
536.26024
536.26396
536.26744
536.27164
536.27824
536.30710
536.31088
536.32162
536.36512
536.44600
537.38830
537.57892
537.64000
537.72520
537.90082
537.93310
537.95542
538.13932
538.18270
538.38634
538.54888
538.68064
538.93768
538.95940
539.94112
539.96356
540.06970
540.07336
540.12760
540.22744
541.18462
541.24990
541.26766
541.45804
541.68316
541.68658
543.15808
543.25084
543.56248
543.64480
543.80926
544.63828
544.97086
545.10292
545.60296
545.63866
545.98996
546.08614
546.12232
547.10116
547.17316
548.15080
548.24080
548.39068
548.83816
548.92846
548.96338
548.98390
549.01318
549.23170
549.25648
549.61372
549.70732
549.72442
549.73546
549.73882
550.11382
550.13878
550.38262
550.39024
550.83538
551.14282
551.14738
551.16466
551.34178
551.87620
552.05884
552.06592
552.08674
552.38326
552.38758
552.95890
553.47076
553.48750
553.50268
554.11438
554.20276
554.20972
554.22040
554.22400
554.22790
554.23522
554.30956
554.31346
554.80036
554.93752
555.24616
555.69364
555.70768
555.75106
555.83962
555.85132
555.86872
555.95500
555.98728
556.52230
556.54024
556.89460
557.08066
557.11240
557.21866
557.22508
557.33434
557.39476
557.69440
557.89186
557.89840
558.69142
558.77818
559.22500
559.29250
559.72852
559.75654
559.76830
559.77874
560.28988
560.32888
560.48662
560.50090
560.88292
561.15148
561.49468
561.67906
561.87982
562.07686
562.10878
562.22068
562.73080
562.74178
563.10148
563.36686
563.38186
563.44252
563.45344
564.27082
564.27442
564.66124
565.18696
565.31194
565.94818
566.12722
566.13484
566.15188
566.15584
566.15920
566.16238
566.16976
566.20546
566.50480
566.63440
566.80942
567.01264
567.04834
567.05560
567.09604
567.14878
567.37024
567.39880
567.40246
567.44872
567.47434
567.63214
567.73402
567.82084
568.09252
568.43554
568.75612
568.97074
569.90464
569.93026
569.98684
569.99086
570.06232
570.47926
570.49078
570.50476
570.88024
571.36324
571.36600
571.42234
571.43752
571.59250
571.65658
571.69552
571.72714
572.01688
572.68114
572.88166
573.06760
573.07456
573.36100
573.55042
573.65728
573.66820
573.67954
573.74314
573.81082
573.82450
573.83968
574.21546
574.60828
575.30704
575.36878
575.75968
575.95198
576.01594
576.03406
576.23434
576.24202
576.29548
576.32398
576.93202
576.96358
576.97450
577.29904
577.30282
577.63222
577.81468
577.99660
578.60830
578.81866
579.12616
579.19732
579.92290
579.92992
579.94102
580.55890
580.63096
580.63774
580.65838
580.92070
581.29450
581.30152
581.58796
581.93890
581.97160
582.06406
582.26776
582.76708
582.80086
582.81094
583.06888
583.46926
584.17546
584.34034
584.55178
584.57266
584.58748
584.59780
584.60506
585.45580
585.72778
585.81364
586.10344
586.20322
586.22476
586.49968
586.89994
587.23306
587.33932
587.34682
587.37880
587.40106
587.53270
588.04108
588.25078
588.41518
588.43336
588.50056
588.64762
588.65506
588.76912
588.89074
589.20136
589.33486
589.72042
590.37718
590.72956
590.73178
590.73454
590.82082
591.13534
591.60316
591.76792
591.77158
592.07572
592.15738
592.40302
592.45774
592.58314
593.31562
593.37496
593.39422
593.42560
593.52616
593.66590
593.72284
593.93290
593.93992
594.00970
594.04438
594.07678
594.09130
594.11986
594.18064
594.20620
594.55966
594.64948
594.74128
594.78952
594.80020
594.93130
594.94216
594.98884
595.25998
595.31260
595.75690
595.79608
596.39974
597.55132
597.57952
597.59368
598.19398
598.32028
598.68640
598.70080
598.79020
599.32060
599.44522
599.62798
599.74552
599.88136
600.62830
600.63898
600.64636
601.01572
601.07452
601.08214
601.17310
602.15440
602.77612
602.82592
603.12622
603.21214
604.20676
605.00290
605.00656
605.05966
605.73364
605.74348
606.17206
606.23596
606.33610
606.34342
606.51478
606.56998
607.09654
607.68778
607.76572
607.97722
608.63128
608.63512
609.13960
609.14296
609.45760
609.55720
610.26118
610.26436
610.56892
610.95154
611.51584
611.79790
611.88346
612.74860
612.79504
612.82378
612.99526
613.16746
614.09212
614.19220
614.20240
614.70646
614.87872
614.92858
614.96824
615.63976
615.87160
615.92608
615.96538
616.34764
616.47184
616.57924
616.65568
616.67644
616.67944
617.42068
617.48080
618.22330
618.39910
618.60958
618.65296
618.90304
618.91738
619.13908
619.21360
619.59682
619.70368
620.02552
620.07568
620.15014
620.16574
620.59834
620.68300
621.01204
621.74992
621.75406
621.77650
622.28350
623.32030
623.55706
623.58130
623.87824
624.26434
624.55084
625.01488
625.95148
626.22730
626.24752
626.30188
626.52982
626.56786
626.71564
626.94532
626.99482
627.28042
627.31576
627.33214
627.47830
628.02448
628.05658
628.22482
628.26442
628.26808
628.27516
628.35496
628.73248
628.86700
628.89616
629.09380
629.60818
629.61160
630.56884
630.78574
630.97678
631.31992
631.49200
631.60222
631.60618
631.67962
631.87768
632.16874
632.40274
632.69272
632.74630
632.76364
632.77840
632.78590
632.79226
633.93310
633.93610
634.02604
634.05448
634.08250
634.09702
634.10092
634.14664
634.24078
634.49122
634.69342
634.70080
634.71214
634.71502
635.25100
635.32942
636.20218
636.24178
636.42376
636.45220
636.72406
636.76006
636.89602
637.29178
637.32166
637.38748
637.51042
637.51390
638.14384
638.21854
638.51446
638.74042
638.75152
638.78710
638.94088
639.47014
639.54088
639.54466
639.80248
639.94462
640.78444
641.11354
641.23168
641.49868
641.64238
641.72392
641.92096
641.94238
642.07072
642.12862
642.17164
642.41812
642.46414
642.46780
642.57544
642.66388
643.05760
643.11526
643.36522
643.78738
644.11822
644.39854
644.47990
644.64010
644.64406
644.65864
644.75794
644.90194
645.54538
645.63028
645.63796
645.94546
646.28098
646.72516
647.13064
647.36764
647.38858
647.41786
647.43232
647.47540
647.51428
647.59780
648.15838
648.55918
648.56278
648.59794
648.60154
649.49494
649.50664
649.50988
649.55500
649.61146
649.71994
649.79128
649.91170
649.96234
650.13844
650.16088
650.16286
650.16970
650.25472
650.29024
650.30212
650.30596
650.31274
650.35696
650.49322
650.52064
650.58232
650.72374
650.73388
650.89192
650.98864
650.99608
651.03526
651.03892
651.06442
651.13492
651.15958
651.16786
651.19612
651.23848
651.28786
651.43252
651.43966
651.46768
651.47878
651.48226
651.95428
652.04908
652.05640
652.25806
652.27882
652.28290
652.57288
652.62172
653.63230
653.99782
654.08722
654.16630
654.35608
654.50164
655.39030
655.45246
655.46716
655.63858
655.76050
656.07250
656.23942
656.48854
656.88274
656.97202
657.09406
657.45340
658.44700
658.49008
658.52626
658.94536
658.96636
658.99228
659.21944
659.62090
660.11950
660.12448
660.19990
660.87592
660.94288
660.94978
661.16104
661.19242
661.19962
662.06536
662.69272
662.76886
663.05236
663.06340
663.18130
663.35950
663.45268
663.47692
663.94540
663.94870
663.95584
663.98746
664.00582
664.49440
664.52020
665.24326
665.28934
665.29330
665.71540
665.78938
665.81092
665.81752
665.82136
666.06526
666.08956
666.42940
666.67588
666.69748
666.79030
666.91612
666.96232
667.29022
667.68064
667.75918
668.15602
668.16670
668.27692
668.66368
668.67748
668.70556
669.16702
669.30274
669.84370
670.01422
670.12042
670.38586
670.39312
670.80400
671.00092
671.01172
671.21446
671.24386
671.33692
671.40850
671.96854
672.10852
672.11314
672.12268
672.13714
672.16558
672.27676
672.28060
672.48394
672.64438
672.66280
672.70546
672.71206
672.78034
672.79510
672.91636
673.00252
673.10260
673.50946
673.52350
673.55272
673.56742
673.57096
673.59130
673.85692
673.91728
673.92112
673.92814
674.12866
674.90068
675.69640
675.78748
675.90028
676.00384
676.26226
676.41190
676.58734
677.38876
677.53396
677.53744
677.54506
678.02062
678.02866
678.03196
678.18412
678.61990
678.63424
678.92464
679.05694
679.49386
680.27050
680.64790
680.75404
681.84940
683.04964
683.13874
683.22982
683.94670
683.96074
683.98570
684.16084
684.16438
684.56728
685.26868
685.27984
685.60060
685.64002
685.65130
685.89820
685.92334
685.95526
685.95892
685.96276
686.08360
686.70484
686.77030
686.77384
686.82010
687.11746
687.21442
688.35004
688.36120
688.91404
688.95424
689.14036
690.05020
690.38038
690.43660
690.92254
691.28992
691.34860
691.70962
692.21326
692.34952
692.35294
693.03274
693.21490
693.39592
693.63262
693.84652
694.10464
694.11190
694.11580
694.39066
694.40482
694.40860
694.41574
694.42516
694.44796
694.52218
694.75558
694.91182
694.92214
695.25538
695.79514
695.80528
695.81242
695.88814
695.89792
695.90908
695.99938
696.04918
696.78352
696.84610
697.17802
697.34902
697.48552
697.52842
697.56772
697.57132
697.57828
697.58194
698.17882
698.25754
698.52202
698.61550
698.79874
698.86462
699.49738
699.50542
699.50854
699.51910
699.55480
699.59428
699.71578
699.89446
699.89866
699.90172
699.90520
699.98080
700.53070
701.18050
701.18518
701.19196
701.21728
701.26762
701.27140
701.77756
701.98516
701.99230
702.46090
702.46462
702.46846
702.58168
703.07608
703.15792
703.21474
703.27552
703.59088
703.61902
703.62448
703.78270
703.84006
704.05906
704.10862
704.13730
704.34796
704.50108
704.53252
704.58124
704.63326
704.66680
704.81284
704.85838
704.87710
705.02080
705.16306
705.31036
705.46282
705.49834
705.63304
705.86758
706.57036
706.89280
707.10772
707.20204
707.83636
707.95054
707.99968
708.84904
709.33396
710.09884
710.10316
710.23090
710.27374
710.27764
710.30650
710.32408
710.70232
711.01024
711.04288
712.03624
712.24690
712.77952
712.90162
712.90456
713.12422
713.20258
713.23018
713.99740
714.13072
714.26662
715.11364
715.39738
715.53496
715.73164
715.79986
715.98952
716.16838
716.17102
716.19256
716.23570
716.24656
716.28952
716.29234
716.74324
716.82118
716.90722
716.92570
716.97274
716.97982
717.06136
717.47926
717.73714
717.79126
718.37644
718.87942
719.03062
719.84236
719.84584
720.07024
720.07774
720.29212
720.38920
720.70678
720.71614
720.73528
720.77488
721.24270
721.96978
721.98370
721.99048
722.00818
722.10850
722.44774
722.56870
722.60332
722.80516
723.40618
724.34950
724.60360
725.07904
725.79334
726.01858
726.07906
726.35836
726.65440
726.69040
726.74020
726.75136
726.82228
726.87874
726.90142
726.91192
727.14010
727.16482
727.44886
727.50466
727.90174
728.01340
728.02246
728.13202
728.13808
728.22118
728.24938
728.25646
728.59510
729.10204
729.11128
729.14224
729.15766
729.26668
729.28600
729.58870
729.68860
729.84328
730.00030
730.07854
730.54588
730.71508
730.72210
732.34642
732.58132
732.58888
732.64114
732.69502
732.93490
733.49224
733.83160
733.98508
734.02816
734.81452
735.74044
735.88714
735.94372
736.39372
736.69102
737.51704
737.59678
737.64556
737.65588
737.80252
737.93080
738.02074
738.36004
738.63172
738.67504
738.68860
738.69964
738.97498
739.00342
739.26094
739.27174
739.95382
740.46832
740.77666
740.78338
742.02004
742.05190
742.05544
742.05964
742.06300
742.79626
742.86658
742.87012
742.89136
743.16028
743.16694
743.21350
743.39704
743.48464
743.49586
743.50660
744.04030
744.07912
744.49342
744.54364
744.68326
745.10464
745.18468
745.36288
745.69930
746.81674
746.81986
746.99218
747.11656
747.20698
747.40972
747.41380
747.68200
748.64338
748.64656
748.65400
748.66096
749.01148
749.18008
749.27554
749.28310
749.69818
750.34480
751.05598
751.16656
751.16962
751.18774
751.26616
751.52734
751.72726
751.73782
751.96726
751.97116
752.11318
752.12740
752.22100
752.87524
753.06340
753.21466
753.23980
753.24298
753.62992
753.64000
753.97216
754.43974
754.66492
754.81894
754.82620
755.12992
755.21584
755.37718
755.44156
755.47360
755.56660
755.74930
755.82298
756.04546
756.33994
756.83860
756.91462
757.14940
757.18912
758.04676
758.08930
758.18980
758.62252
758.65474
758.65816
758.66554
758.82244
759.28258
759.46966
759.67654
759.68362
760.49932
760.50232
760.54828
760.74202
760.75972
760.85242
760.86490
761.04154
761.04862
761.09170
761.22004
761.24500
761.25214
761.25934
761.29900
761.39584
761.43886
761.44618
761.71012
761.85634
761.92618
761.95600
762.17140
762.62872
762.63226
762.82198
763.66540
763.67254
763.70824
764.05858
764.10514
764.56600
764.56984
764.60872
764.99494
765.00952
765.30916
766.14520
766.23874
766.24252
766.39906
766.54630
766.74586
766.74898
767.18218
767.23216
767.52592
767.57578
767.66890
767.71516
768.01912
768.58564
768.61570
768.62584
768.72244
768.82672
769.49458
769.67002
769.79842
769.93168
770.02012
770.05228
770.51788
770.61400
770.63230
770.80882
771.18334
771.26848
772.64794
772.76542
773.22622
773.24836
773.63026
773.63404
773.65882
773.81836
774.03070
774.23122
774.34840
774.43156
774.49204
774.94918
774.99508
775.37812
775.43152
775.72516
776.02534
776.02852
776.09644
776.12206
776.13574
776.16856
776.17864
776.46514
776.66470
776.70754
776.77546
776.80096
777.06592
777.09808
777.10504
777.10876
777.22648
777.23770
777.35182
777.90844
778.60558
779.09770
779.45290
779.52130
780.02890
780.23974
780.24910
781.09360
781.21474
781.39780
781.50796
781.51492
781.99396
782.14774
782.19778
782.59480
782.92690
782.93722
782.94094
783.08794
783.10198
783.10606
783.39868
783.71350
783.72172
783.82264
783.83866
783.88102
783.89122
784.03744
784.17058
784.18570
784.41382
784.45750
784.49176
784.59148
784.63342
785.52484
785.97538
785.98648
786.09370
786.14326
786.19006
786.20098
786.52624
786.89734
787.09762
787.11544
787.34116
787.39828
787.65208
787.77436
787.78852
787.79206
790.01782
790.56466
790.90756
790.95454
791.00056
791.59084
792.00094
792.49456
792.57052
792.83812
792.84172
793.60990
793.65214
793.91410
794.30374
794.86918
795.22606
795.23266
795.24724
795.29026
795.59056
795.66094
795.95806
796.35130
796.52320
796.82338
797.00974
797.99656
798.27424
798.46378
798.53938
798.55420
798.64906
799.00762
799.10998
799.56430
799.59058
799.86868
800.34328
800.56252
800.57794
802.09576
802.13026
802.29502
802.31686
802.38802
802.74220
803.60752
803.81032
804.03982
804.30112
804.79390
804.81208
804.84712
804.85456
805.19098
805.20172
805.24072
805.24444
805.62652
805.63036
805.65520
805.75960
806.01676
806.43448
806.55988
806.61292
806.64190
806.75656
806.90608
806.96368
807.62758
807.63520
807.77494
807.79924
807.93574
807.98968
808.30654
808.31782
808.75804
808.78072
808.88416
808.89094
809.13730
809.30806
809.49052
809.85808
809.88976
809.95858
810.09100
810.29458
810.46984
810.47350
810.48064
810.86308
810.98290
811.01482
811.62040
812.61472
812.61784
812.62534
812.69248
812.73898
812.82502
812.83222
812.89162
812.89558
813.30382
813.30808
813.31816
813.50128
813.65404
813.96160
814.05382
814.31902
814.33360
814.41160
814.55146
815.78944
816.03124
816.03454
816.20632
816.42832
816.43138
816.45982
816.77836
816.83284
816.86872
816.89284
817.02820
817.07506
817.12504
817.15312
817.22518
817.23922
817.29664
817.38304
817.41136
817.52794
817.61284
817.67938
817.80436
817.83610
818.25418
818.31490
818.69320
818.69710
818.70076
818.71168
819.34864
819.36334
819.75490
819.85870
819.99850
820.28440
820.37002
820.37722
820.44928
821.19256
821.45332
821.45662
821.52106
821.83204
821.99236
822.35788
822.63598
823.38382
823.41538
823.82566
824.29828
824.30002
824.89084
824.91178
825.59866
825.99166
826.91290
827.00668
827.02240
827.04382
827.07826
827.33296
827.37274
827.37616
827.37982
827.66536
827.68600
828.45874
828.55852
828.60802
828.62950
828.70168
828.72616
828.81568
829.75966
829.99300
830.11006
830.74582
830.79970
830.81614
831.27880
831.28264
831.39358
831.48622
831.98620
832.03276
832.04338
832.33324
832.38304
832.42522
832.60876
832.81228
832.83328
832.88320
832.94038
833.01952
833.07292
833.47000
833.66956
833.87668
833.88784
834.02020
834.43066
834.43456
834.77038
834.98848
835.00330
835.00678
835.04578
835.13560
835.37422
835.42804
835.96036
836.05648
836.23294
836.29378
836.30410
836.32150
836.50786
836.83594
836.84326
836.87146
838.83424
839.25652
839.62840
839.67466
839.78806
840.19462
840.24340
840.73930
840.91468
840.94600
841.23928
841.41778
841.50766
841.71838
841.80814
841.89742
841.94740
841.95166
841.99840
842.11186
842.30200
842.34130
842.49694
842.54116
842.55172
843.05254
843.44554
843.60544
844.41310
844.74226
844.78186
844.78564
845.55754
845.56516
846.32206
846.39100
846.83752
846.84088
847.17988
847.37992
847.41358
847.51954
847.52290
847.86988
847.94302
847.95622
847.96234
847.98400
848.03092
848.31580
848.43148
848.66698
849.10660
849.21358
849.36760
849.42784
849.47926
849.70714
849.71038
849.71794
849.78196
849.95386
849.97882
850.16782
850.17082
850.23010
850.56784
850.58926
850.60348
850.70224
850.89370
851.30506
851.33746
851.34772
851.86660
852.08062
852.54790
852.72130
853.32094
853.36384
853.46818
853.86406
853.86742
854.01088
854.17120
854.32030
854.34670
854.39308
855.44284
855.55480
855.74242
855.96916
857.15920
857.18092
857.20912
857.25700
857.43472
857.55262
858.12862
858.71470
858.79612
858.80308
858.81034
858.94288
858.98962
859.02274
859.18600
859.36834
859.43950
859.77250
859.78330
860.03326
860.08666
860.14084
860.18344
860.24734
860.30134
860.37952
860.40196
860.44450
860.68348
861.21262
861.46978
861.50230
861.53392
861.58384
861.78982
861.98608
862.12666
862.19920
862.25638
862.37068
862.39930
862.57042
862.62778
862.79962
862.80346
862.80658
862.81708
862.82074
862.91302
862.99942
863.17792
863.52196
864.14422
864.27838
864.30058
864.82000
865.15132
865.70824
866.13778
866.17384
866.51644
866.55136
866.98084
866.99542
867.02380
867.12802
867.13108
867.13474
867.16708
867.46726
867.51382
867.53830
867.93160
868.01356
868.10356
868.27480
868.40368
868.61470
868.61866
868.63300
868.91818
869.05780
869.12218
869.47630
870.54034
870.98404
871.92832
872.20012
872.23528
872.53576
872.72854
872.77864
872.82496
873.53542
873.54652
873.55072
874.16236
875.29480
875.30854
875.35876
875.58478
875.75248
875.75590
876.13162
876.68890
877.42264
877.45420
877.72540
878.15872
878.19754
878.68654
879.05926
879.51502
879.51928
879.63820
879.65242
880.08838
880.20616
880.24090
881.33212
881.37886
881.58610
881.69218
881.69608
881.78950
881.79268
881.83978
881.90326
882.09670
882.18322
882.23296
882.30022
882.31876
882.90862
882.97612
882.97930
883.05004
883.45018
883.46962
883.71970
883.78042
884.32324
884.50654
884.65840
884.66626