0.06030
0.13476
0.15996
0.21816
0.46332
0.69756
1.02330
1.22652
1.47618
1.48872
1.49184
2.20842
2.26920
2.57808
2.82468
3.13314
3.14292
4.39272
4.74876
4.77834
4.82070
5.27856
5.38614
5.67834
6.00678
7.21674
7.27302
7.27806
7.31142
7.32270
7.41726
7.43130
7.44162
7.47420
7.47702
7.48320
7.57338
8.35998
8.55288
8.56734
8.95854
9.20406
9.89904
9.99300
10.01628
10.02720
10.53378
11.03400
11.61132
11.81298
12.20370
12.22104
12.29124
12.81282
12.82080
12.85656
12.91308
13.03458
13.07820
13.58340
13.67022
13.80612
13.90746
13.98714
14.05056
14.17956
14.61588
15.24690
15.27030
15.27960
15.30600
15.32352
15.33696
15.70998
15.74346
15.92982
15.97332
16.15920
16.24680
16.30992
16.48740
16.50936
16.61640
17.10990
17.11278
17.67552
17.94606
17.97906
18.00972
18.20940
18.49698
18.58302
18.84576
19.19568
19.24878
19.27824
19.30332
19.76550
19.96824
20.14776
20.46978
20.62656
21.16836
21.44982
21.76194
22.03338
22.07898
22.13430
22.16574
22.18584
22.19220
22.41384
22.44552
22.48596
22.82190
22.84812
22.90644
24.55920
24.58770
24.63582
25.10244
25.36332
25.73898
26.12310
26.13864
26.16000
27.07554
27.09804
27.36186
27.46770
27.58152
27.58992
27.63258
27.63570
27.83580
28.41930
28.63584
29.24910
29.52000
29.61996
29.62566
29.99790
30.79278
30.90174
31.72254
31.95966
32.20248
32.28414
32.59824
32.86548
32.87448
33.27132
33.54852
33.81120
33.92166
34.02300
34.60002
34.96686
35.38770
35.43270
36.03924
36.55170
36.73242
36.79446
36.85440
37.13934
37.24098
37.31136
37.69716
38.22648
38.51832
38.82720
38.97042
39.25620
39.88500
39.98514
40.25412
40.27116
40.45428
40.47750
40.62840
40.69242
40.72884
41.67000
42.01506
42.30792
42.34416
42.95046
43.72272
44.01666
44.50776
44.53872
44.63196
44.64078
44.65926
44.67354
44.81670
44.86080
44.96694
45.82752
46.44804
46.92462
46.94874
47.61984
47.66310
47.82744
48.00312
48.03456
48.09528
48.17712
48.85836
48.90000
48.96486
49.07820
49.25862
49.56870
49.59588
49.93134
49.93320
50.14830
50.42766
50.53812
50.82162
51.55968
52.34472
52.55196
52.97274
53.23380
53.43492
54.15192
54.16860
54.18186
54.61116
55.61712
55.66860
56.03544
56.21094
56.46192
56.52456
56.66184
56.88408
56.94708
56.97888
59.00268
59.04258
59.11464
59.44854
59.60610
60.01506
60.40164
61.39422
61.52112
61.65636
62.59746
63.11208
63.36858
63.55062
63.61800
63.72606
63.83250
64.56732
64.63794
65.09514
65.18736
65.22468
65.56770
65.73876
65.91642
66.73452
66.74058
66.86016
67.02054
67.07184
67.17798
67.37712
67.47696
67.78458
67.87536
68.20710
68.21358
68.41392
68.44092
68.80740
68.87196
68.88588
69.82488
69.84618
69.90204
69.94668
70.07400
70.34316
70.37220
70.43568
70.45854
71.28816
71.89542
72.25032
72.79668
72.97956
72.99024
73.03818
73.41972
74.89014
75.40782
75.49842
75.62706
75.71340
75.72660
75.77568
76.02504
76.18548
76.24188
77.49990
77.94924
78.34092
78.38538
78.75570
79.62246
79.67232
80.41578
80.59932
80.72514
81.34572
81.92646
81.92880
82.02414
82.19838
82.51524
82.51716
82.53216
82.92462
82.96170
83.65458
83.70474
84.14796
84.19770
84.25530
84.29076
85.02648
85.31040
85.60380
85.68750
86.46276
86.49744
86.66280
87.35568
87.47160
88.51368
88.88022
89.14368
89.55186
89.60952
89.62074
89.73198
90.08964
90.23256
90.27252
90.34398
90.62352
91.31658
91.39524
91.40802
91.67964
92.01156
92.13216
92.19888
92.20224
92.38212
92.83230
93.10026
93.12888
93.15270
93.16284
93.17034
93.17640
93.20316
93.29580
93.33486
93.78174
94.30332
95.08494
95.52816
96.08610
96.11142
96.67806
96.88560
99.03768
99.09714
99.16464
99.18786
100.28010
100.29594
100.31742
101.00358
101.03754
101.05182
101.15358
101.17278
101.63538
101.66094
101.96088
102.50766
102.73386
102.75942
102.76332
102.77724
102.80418
103.14282
103.53372
103.69860
103.78206
103.94100
103.95618
104.41404
104.46318
105.43596
105.51528
105.88464
106.98342
107.44326
107.44932
107.45856
107.48694
109.00074
109.02486
109.14984
109.18986
110.03166
110.20866
110.29206
110.55354
110.61924
110.69664
111.19002
111.33870
111.56940
111.61884
111.72306
112.64154
112.78944
112.90314
112.93950
113.32788
113.34042
113.84910
113.98530
114.49938
114.57780
115.01028
115.05534
116.16552
116.74422
117.29574
118.17444
118.39524
118.62480
118.98942
119.29530
119.58384
119.59536
120.05250
120.58182
120.93354
121.09266
121.28238
122.06982
122.08362
122.08926
122.36172
122.89212
123.09096
123.09888
123.10452
123.13500
123.41328
123.73536
123.77862
123.86898
124.65978
124.97628
125.00580
125.15184
125.75580
126.87450
127.59552
128.50698
128.53242
129.08568
129.15000
129.15486
129.17346
129.43374
129.63852
129.66228
129.85632
129.90600
130.12680
130.81758
130.83984
131.17686
131.72748
131.78232
133.19388
133.94994
134.60850
135.14400
135.31338
135.38022
136.05162
136.26762
136.66716
137.47764
138.14112
138.37824
138.38022
138.56730
138.60420
139.11144
139.15704
139.17690
139.37388
140.26932
140.55222
140.86938
140.97402
140.98434
141.19194
141.28032
141.42516
141.82782
141.85884
141.94242
143.06436
143.14872
143.23710
143.26554
143.34168
143.36598
143.65206
144.05940
144.25860
144.26568
144.54876
144.62730
144.64032
144.72414
145.37280
145.54968
145.79268
145.83942
146.18820
146.77152
146.85984
147.16686
147.27660
147.27936
147.29724
147.34218
147.72618
147.86604
147.93102
148.24050
148.26096
148.78374
149.04108
149.07474
149.65572
149.83434
149.93172
150.03186
150.12792
150.41376
150.42882
151.58274
151.83486
152.09724
152.49168
152.61462
152.77236
152.96580
153.08736
153.12660
153.15870
153.23568
153.59928
153.78594
153.83688
154.31670
154.61328
154.66836
155.71722
155.90352
155.93334
156.03036
156.04428
156.21750
156.23664
156.28236
156.39000
156.87390
156.91692
156.93354
156.95064
156.95442
157.15554
157.95348
157.95834
157.98048
158.06802
158.22828
158.75778
159.26964
159.73512
160.25028
160.89888
161.21874
162.31584
163.27242
163.38084
163.50102
163.60218
163.80132
163.82934
163.84536
163.88784
164.24538
165.13932
165.15366
165.26820
165.83286
165.86838
165.90240
165.90468
166.25184
166.26090
166.57782
166.71264
167.63346
167.99946
168.01284
168.09936
168.31650
168.62016
168.75642
168.92058
168.96306
169.47696
169.49358
170.33520
170.65134
170.88042
171.91356
172.05408
173.03778
173.04054
173.10306
173.73660
173.91186
173.91798
174.14700
174.18924
174.28170
174.31020
174.68388
174.85866
175.01088
175.04856
175.06464
175.64778
175.69020
176.32734
176.33424
176.61288
176.63568
177.54108
178.21494
178.48422
178.51176
178.67232
179.29602
179.80818
179.82792
179.87964
179.93130
180.00204
180.41478
180.78612
180.88650
181.56636
181.99548
182.89212
183.37944
183.42276
183.57588
183.62322
184.03104
184.29666
184.86918
184.99494
185.04066
185.79474
185.79846
185.99316
186.19818
186.67044
187.45548
187.51422
187.51932
187.62024
188.00016
188.16954
188.24064
188.37930
188.39796
188.52900
188.55384
188.65188
188.69814
188.90076
189.12168
189.47820
190.80246
190.88112
190.89222
190.98750
191.06796
191.25738
191.76546
192.25176
192.28908
192.42438
192.47418
192.83226
192.96684
193.03206
193.06110
193.62606
193.63812
193.69536
193.75362
194.05386
194.05956
194.13972
195.04758
195.58668
195.72942
195.92340
196.68954
196.83588
197.32704
197.85786
198.03678
198.26508
198.33684
198.46542
199.05090
199.36134
199.48536
199.95786
200.48736
200.63220
200.66418
200.68788
200.76426
200.79324
201.68916
201.70116
201.73158
201.79608
201.83580
201.88980
202.36818
202.53246
202.61166
202.82208
202.95462
202.96902
203.00844
203.03460
203.05296
203.07984
203.17512
203.27112
203.69784
204.04086
204.89880
204.90156
205.62786
205.80576
205.82754
206.09190
206.56374
206.80608
206.88684
207.02922
208.12224
208.70940
208.90788
208.91568
209.60574
209.84484
209.96556
210.02274
210.43728
210.54468
210.56730
210.58932
211.24872
211.28934
211.72752
211.74372
211.74666
211.88250
211.91808
212.54016
213.30324
213.82062
214.21512
214.23180
214.29222
214.29852
214.34340
214.34832
214.37094
214.72092
216.17880
216.22320
216.33594
216.67014
216.68538
216.68796
216.73662
216.83778
217.12290
217.13004
217.20096
217.31472
217.36338
217.97286
217.98690
218.70102
218.80746
218.88816
219.09570
219.18798
219.22740
219.23892
219.27918
219.77322
219.96516
220.05090
220.80756
220.88268
220.93044
221.12334
221.45514
221.56278
221.58984
221.72454
223.10952
223.72098
223.93098
224.25144
224.65074
225.22890
225.34848
225.38004
225.50472
226.08030
226.11492
226.28202
226.37262
226.48752
226.82256
227.15904
227.54532
227.82132
228.01980
228.10920
228.77106
228.79176
228.93972
229.36068
229.40208
229.57296
229.68984
229.86102
230.62386
230.70486
230.72514
230.85354
231.06210
231.36204
231.44130
231.69114
231.69426
231.69876
231.84762
232.09332
232.24572
232.31754
232.56324
233.33544
233.36598
233.38470
233.40312
233.48628
233.51280
233.87544
233.93568
234.00696
234.01890
234.49980
234.80772
234.81492
234.85122
234.99996
235.08168
235.17942
235.48614
236.11272
236.66028
238.13910
238.38996
238.80036
238.89600
238.91088
239.54040
239.81772
239.86290
239.99886
240.14040
240.16110
240.17490
240.29004
240.68844
242.31120
242.40384
242.41122
242.43480
242.47746
242.85876
242.87418
243.22224
243.42594
243.46344
243.73722
244.24230
244.24968
244.29240
244.93014
245.70768
246.10788
246.15810
246.30198
246.47898
246.60804
246.90648
246.90960
246.95646
246.98856
247.00212
247.59438
247.63116
247.71816
248.41260
248.60460
248.73252
249.11880
249.54456
249.55110
249.88242
249.90222
250.14912
250.16016
250.24602
250.32654
250.35378
250.42512
250.56198
250.59114
250.61388
251.16912
251.30592
251.72676
251.84640
252.93612
252.94224
253.01934
253.09236
253.20288
253.42962
253.92258
253.94232
254.05044
254.10312
254.49366
254.50068
254.50326
255.22332
255.25830
256.53684
256.63038
257.15880
257.24850
257.25714
257.28006
257.33340
257.43576
257.43978
257.62266
258.63204
258.64734
258.96990
259.17786
259.69476
259.74630
260.27040
260.45370
260.52792
260.63520
260.64156
260.93382
260.93946
261.18246
261.79974
261.83064
261.83388
262.27788
262.60014
262.71756
262.72062
263.03484
263.22174
263.23692
263.77848
264.79686
265.07442
265.19406
265.31094
265.41168
266.06046
266.62716
266.76096
266.86116
267.16068
267.24438
267.37536
267.44796
267.52542
268.19046
268.55718
268.70484
269.06100
269.06970
269.29710
269.80140
270.08370
270.13482
270.18390
270.61302
270.96402
271.12164
271.26492
271.45008
271.92174
271.98606
272.17068
272.36562
273.10158
273.64434
274.00194
274.10928
274.17936
274.32414
274.67844
274.68372
274.69692
274.75830
274.87854
275.05236
275.07408
275.10396
275.20242
275.92506
276.04644
276.31740
276.58272
276.71760
276.98298
277.51926
278.34978
278.36346
278.75598
279.07596
279.08448
280.56360
281.11560
281.39220
281.39712
281.50152
282.45642
282.72180
282.81300
282.82356
282.83064
282.85980
282.89574
282.95964
282.96564
283.86576
284.46384
284.54640
284.77008
284.81652
284.88972
284.90358
285.33978
285.74754
285.91884
285.92580
286.20504
286.60512
286.83582
286.85658
287.03988
287.09262
287.24004
287.38632
287.74878
287.76336
288.34368
288.35010
288.50652
288.66972
288.70674
288.94590
288.95178
288.97188
289.23696
289.49796
289.70832
289.76202
290.82306
290.99886
291.26526
291.31578
291.35148
291.38826
291.64290
291.64584
291.65706
291.70896
292.30956
292.62348
292.77288
293.32422
293.74764
293.75262
293.87310
294.06084
294.14220
294.88962
295.00296
295.08312
295.61844
295.79292
295.81254
295.86672
296.61084
296.65344
296.69100
297.45282
297.50580
297.50784
297.89208
297.94128
298.36350
298.53498
298.71228
299.72280
299.81556
299.85684
299.89230
299.90172
299.92290
300.29970
300.30276
300.37260
300.37680
300.44934
300.62130
300.89232
301.26588
301.32924
301.91508
302.22666
302.38002
302.42262
302.57538
303.02172
303.29292
303.41244
303.55302
303.93960
304.37538
304.58238
305.07624
305.43162
305.63148
306.18570
306.22920
306.25524
306.46338
308.29182
308.71962
308.74344
308.77224
308.79126
308.82804
308.87148
308.98452
309.00714
309.08652
309.34626
309.66300
311.05182
311.29752
312.01776
312.02190
312.10398
312.11730
312.14574
312.18696
312.28212
313.22556
313.46802
313.54044
313.73772
313.84026
313.91724
314.01834
314.66172
314.70114
314.72376
314.72664
315.25860
315.34800
315.46332
315.48336
316.77060
317.22810
317.23200
317.74362
317.76624
317.94000
318.56688
318.60852
319.11888
319.12998
319.35012
319.69614
319.93080
319.98048
320.08476
320.18856
320.36274
320.84430
320.94006
320.95188
321.78180
321.79692
321.83046
322.55964
322.74702
322.97616
323.20986
323.80140
323.98176
324.04866
324.53910
324.93276
324.99696
325.70118
326.39250
326.58588
326.80848
327.10284
327.38472
327.40002
327.47280
327.54276
327.79290
327.80868
328.02948
328.16598
328.56684
329.24394
329.72196
329.75316
329.77860
330.01032
330.10248
330.93870
330.96954
330.97584
331.12578
331.80372
331.80924
331.83120
331.84830
332.59524
332.78304
333.04644
333.06780
333.28194
334.07178
334.27554
334.72866
335.16606
335.24226
335.28600
335.42694
335.44182
335.45148
335.46894
335.59230
335.62194
335.84352
336.43638
336.54822
336.85212
336.90132
336.95250
337.07856
337.36464
337.36686
337.58856
338.40780
338.62326
338.80296
338.91606
339.58164
339.71886
339.86058
340.26672
340.68384
340.92600
341.90292
342.15444
342.17634
342.19386
342.20766
342.44844
342.45708
342.71532
342.93360
342.93948
342.96960
342.99888
343.07706
343.09410
343.10028
343.43598
343.44360
343.98660
346.36614
346.45188
346.76652
346.79976
346.87740
347.14320
347.30196
347.34456
347.34660
347.38938
348.15924
348.25182
348.29694
348.30198
348.49608
349.68210
349.81308
350.00400
350.02578
350.11158
350.53110
350.90526
351.89664
351.98322
352.04706
352.10718
352.35096
352.70646
352.73154
353.10432
353.29212
353.49060
354.12084
354.54390
354.57162
355.84236
355.93806
356.42214
356.93106
357.29538
357.47946
357.48204
357.60516
357.75978
358.68102
358.74492
358.77474
359.22486
359.23884
359.29548
359.48472
359.93268
360.08910
361.36320
361.39818
361.46190
361.64076
362.00010
362.00586
362.02800
362.22726
362.61360
363.00468
363.55290
363.65640
364.09734
364.28010
365.52000
365.78706
365.93760
366.20976
366.38154
366.52398
368.09682
368.27550
368.65770
368.66316
368.99754
369.48072
369.57750
369.67536
369.70638
369.71220
370.94820
371.19750
371.45580
371.94186
371.96478
372.13458
372.58590
372.59808
372.72090
372.75732
373.73508
373.99260
374.12160
374.15580
374.88030
375.29568
375.56718
375.70020
375.83580
375.84558
378.05334
378.14646
378.18930
378.64032
378.69036
378.84360
379.21608
379.23444
379.32582
379.34526
380.30556
380.40324
380.40708
380.46468
380.84082
381.65634
381.67308
381.91434
381.92244
382.25754
382.60134
382.94430
382.99392
383.04732
383.11248
383.11740
383.17662
383.88966
384.38040
384.48690
384.91902
385.65906
385.73178
385.83354
385.86000
386.32536
386.34522
386.57484
386.64546
386.70540
386.80428
386.97504
387.23232
387.49500
387.53238
387.89172
389.36214
389.37072
389.86812
390.46968
390.67746
390.70632
390.83520
390.89106
391.22856
391.25490
391.26480
391.44234
391.56972
391.59870
391.62894
392.03898
392.24592
392.65920
392.68836
392.72244
392.76228
392.84448
393.21282
393.34470
394.13856
394.32294
394.64634
394.80906
394.97484
395.06916
395.48958
395.76114
395.84748
396.34494
396.92574
397.94274
398.21268
398.41722
398.70540
399.57840
399.74274
399.75402
400.22178
401.23638
401.42958
401.96388
402.06648
402.06930
403.57290
403.57776
403.61592
403.62996
405.45720
405.45984
405.47136
405.62598
406.46034
407.07006
407.16090
407.17014
407.32068
407.42400
407.43342
407.69400
407.72784
408.45024
409.06392
409.44972
409.64610
409.85772
409.87428
410.09892
411.12204
411.20196
411.34296
412.36710
412.53732
413.01018
413.01732
413.10702
413.38080
413.97882
414.32628
414.33120
414.64494
414.69810
415.16766
415.88418
416.28780
416.31912
416.35338
416.35560
416.42340
416.52066
416.52732
416.54718
416.64150
417.05466
417.47034
417.52854
417.72696
417.92142
417.95820
418.01916
418.75734
420.36594
420.39372
420.45174
421.03266
421.28118
421.35858
421.48146
421.71492
421.78032
422.18166
422.48886
422.49432
423.28782
423.68010
423.73500
424.99746
425.15634
425.28474
425.28954
426.35664
426.44760
426.56544
426.66816
426.72786
427.23390
427.28328
427.37136
427.54968
427.65690
428.57232
428.75052
428.93844
429.48510
429.96690
430.00524
430.05558
430.09998
430.24284
430.28514
431.03946
431.35272
431.36892
431.43522
431.45502
431.68002
431.92386
432.61626
432.72360
432.75246
432.76662
432.76818
433.01934
433.03632
433.03962
433.05984
433.13832
433.34076
433.41060
433.52436
433.68342
433.79070
434.24100
434.74896
435.06894
435.07428
435.30012
435.54894
435.67776
436.13424
436.50648
437.18730
437.21592
437.65632
437.74272
438.05088
438.57930
438.64914
438.68394
438.82446
439.54020
439.60212
439.60656
440.26794
440.36712
440.63382
440.66748
440.71044
441.06216
441.08820
441.09408
441.14328
441.16218
441.16764
441.20232
441.21120
441.88872
442.60344
442.83180
443.29374
443.34078
443.48364
443.63316
443.82102
443.91030
444.83460
444.94134
445.30452
445.70358
446.54340
446.65686
446.67528
446.81460
447.04992
447.42744
447.44448
448.27986
448.90248
448.96434
449.01666
449.33718
449.77998
449.79216
450.31770
450.80352
450.96678
451.39446
451.60488
451.64490
451.70280
451.91112
452.91192
453.83022
454.41798
454.50372
454.52946
454.68054
454.91040
454.92384
454.99212
455.10102
455.58486
455.73576
455.88678
456.07416
456.09360
456.40764
456.80232
456.80880
457.22322
457.62816
457.96446
458.61834
458.80104
458.81640
458.84388
459.04464
459.83154
459.85128
459.92544
460.01772
460.54770
460.95450
461.30352
462.02160
462.02358
462.03486
462.67722
462.96750
462.99390
463.01040
463.01382
463.04208
463.09650
463.24074
464.92980
465.31914
466.10730
466.14384
466.20108
466.27812
466.53090
466.85652
467.23044
467.66784
468.07488
468.37524
468.63210
468.77526
468.82968
469.15836
469.90320
469.92396
471.03426
471.13410
471.32496
471.36882
472.01286
472.23510
472.24146
472.30392
472.36956
472.52718
472.53522
472.86072
472.89810
473.22156
473.95590
474.75792
475.10040
475.93056
476.13522
476.15976
476.16564
476.18778
476.80320
476.83122
476.83986
476.92872
478.33950
478.58922
478.61892
478.71714
478.73982
478.82448
478.84626
479.09688
479.33358
479.57832
479.82660
479.97408
480.04098
480.16302
480.49266
481.10730
481.47930
481.91088
482.10600
483.19896
483.28596
483.29814
483.32892
483.43416
483.54030
483.76470
483.97200
484.23510
484.29270
484.33584
484.38516
484.39560
484.67934
484.74954
484.88268
485.43690
485.48796
485.59266
485.60232
486.02124
486.32202
486.41136
487.18224
487.30374
487.54908
487.57914
488.11308
490.23450
490.49892
490.55592
491.01216
491.30592
491.41386
491.59188
491.77866
492.02124
492.31488
492.80226
493.20816
493.21422
493.21998
493.24494
493.37034
493.37244
493.38240
494.21766
494.42826
494.99466
495.23742
495.37230
496.16760
496.94622
497.03244
497.31660
497.33850
497.48286
497.54640
498.34992
498.39156
498.60318
498.95544
499.18104
499.61298
499.80330
499.82010
499.99158
500.12544
500.19978
500.27922
500.63712
500.91420
500.91990
502.15236
502.62114
502.73004
502.85358
503.22222
503.25354
503.31612
503.71632
504.04290
504.16842
504.19290
505.04562
505.12332
505.30338
505.70346
505.73784
505.76652
505.78938
506.52642
506.89026
506.94216
507.15432
507.18144
507.71364
507.73572
508.27638
508.42866
508.61970
509.58342
509.59242
509.63574
509.64804
509.85000
509.85594
510.07368
510.12102
510.19338
510.36222
510.36984
510.79938
510.80700
510.83616
511.13664
511.62252
511.62858
511.70664
512.33754
512.90946
512.98770
513.23052
513.26808
513.30942
513.34644
514.95402
515.12940
515.13126
515.14440
515.15970
515.18868
515.24004
515.32524
516.49104
516.82614
517.51302
517.55598
517.56192
517.86366
518.13420
518.16984
518.38740
518.47074
519.66426
519.72606
519.82986
520.00944
520.75098
520.90062
521.01744
521.02068
521.10054
521.12250
521.48220
521.60850
521.95392
522.58710
523.18194
523.43082
523.67358
523.71276
523.84632
523.85946
523.87482
524.04600
524.13366
524.16138
524.27268
524.44626
524.76618
525.03456
525.79206
525.80544
525.84294
525.88830
525.91890
525.92502
526.34880
526.36254
526.38216
526.44600
527.30640
527.38950
527.41860
527.43240
527.46900
527.50662
528.10590
528.31920
528.33534
528.37290
528.42438
528.56910
528.68544
530.29560
530.30070
530.30862
530.32302
530.92284
531.15672
531.36918
531.39456
531.49248
531.52140
531.79464
531.82938
531.85248
531.86004
533.14608
533.35338
533.37294
533.90544
533.95446
534.00888
534.01122
534.02562
534.03258
534.06210
534.16872
534.48546
534.76944
534.78090
534.98568
535.05426
535.21548
536.08356
536.46432
536.87700
536.89194
536.91054
536.91378
536.92476
536.92824
537.02424
538.25568
539.51538
539.51886
539.75316
540.74400
542.30934
542.74086
542.79636
542.92344
543.94770
543.95700
544.50534
544.92660
545.02524
545.54844
545.56242
545.92128
546.67524
546.77196
547.00170
547.89936
547.97310
548.00766
548.11422
548.16252
548.46558
549.17196
549.35262
549.42360
550.27980
550.82976
551.09586
551.13702
551.24556
551.35272
551.41722
551.46030
551.50764
551.76048
552.00192
552.36588
552.88278
552.89010
553.00410
553.09464
553.36986
553.83510
554.20530
554.24694
554.25402
554.26914
555.50166
555.81378
556.02672
556.07136
556.29168
556.82628
556.92834
556.97298
557.01402
557.37468
557.97516
558.30876
558.32520
558.38784
558.49656
558.61914
558.66534
558.74250
559.38852
559.74648
559.80012
560.00292
561.13302
561.19572
561.30918
561.83292
561.84324
562.27596
562.36080
562.87638
563.44254
563.54718
563.55762
563.78352
564.27696
564.30588
564.32712
564.33954
564.64710
564.70686
564.79248
565.32966
565.50402
565.51374
565.91694
565.96734
566.31042
566.35014
566.60118
566.99382
567.67206
567.74520
567.77730
567.92982
568.00098
568.16028
568.18116
568.59546
569.13762
569.54394
569.63910
570.16026
570.19824
570.33108
570.68784
571.00920
572.04570
572.09028
572.30442
572.39586
572.59854
572.77746
573.60438
573.89778
573.90516
573.90756
574.68462
575.25768
575.40072
575.47830
575.66580
575.91762
576.11532
576.38154
576.40680
576.40956
576.52950
577.17348
577.27968
577.41828
578.43174
578.45112
578.55108
578.69574
579.21840
579.28932
579.87486
580.19082
580.19688
580.36842
580.70478
580.79064
580.90656
580.99578
581.09088
581.19570
581.35488
581.98638
582.46272
582.97956
583.31580
583.33260
583.40718
584.01438
584.07000
584.73666
584.74332
584.82006
584.87688
585.88590
585.92256
585.99378
586.52856
586.53816
586.54938
586.81716
586.82028
586.92360
586.92948
586.98138
587.03772
587.26032
587.28300
587.39304
587.40264
588.94866
589.72572
589.85448
590.06394
590.09760
590.60484
590.94144
591.29886
591.53838
591.54450
591.84120
592.45692
592.73688
594.28146
594.59286
594.60288
594.85284
594.86988
594.87582
595.61304
595.75746
595.78752
595.81650
596.25930
596.26656
596.50746
596.73126
596.76558
596.95950
597.48660
597.67434
598.08870
598.23858
598.63188
598.65174
598.70100
598.76850
598.90932
599.01912
599.36724
599.41158
599.51688
599.51964
599.52264
599.58360
599.66280
599.84856
600.22644
601.22616
601.23840
602.22906
602.33802
602.46276
602.51322
602.57928
602.58540
603.42702
603.64368
603.75108
604.02930
604.95060
605.10336
605.15244
605.36652
605.38308
605.42394
605.85234
605.93826
605.98902
605.99604
606.61740
606.98988
607.08276
607.09680
607.10262
607.10538
607.21752
607.26036
607.62258
608.29002
608.30262
608.45400
608.86662
609.17826
609.34644
609.36714
609.39882
609.52704
609.87678
609.89046
609.93348
610.18956
610.37016
610.50342
610.61046
610.62684
611.25696
611.31000
611.31936
611.90706
612.06396
612.09990
612.10740
612.23652
612.32202
613.09368
613.25274
613.43634
613.92984
613.95744
615.36432
615.42228
615.48732
616.54032
616.57380
616.70658
617.19018
617.53464
617.53920
617.63988
617.80428
618.56256
618.73926
618.92742
619.09074
619.11282
619.28316
619.28508
619.54050
620.50704
620.58456
620.93628
620.95386
620.96964
620.97912
621.07362
621.10788
621.14928
621.18726
621.43698
621.49362
621.91614
621.95634
622.43346
623.42976
623.62302
623.71506
623.72028
623.72568
624.46986
624.47574
624.87360
625.01304
625.03632
625.07388
625.24656
625.35180
625.36698
626.13672
626.22468
626.24154
626.37546
627.17676
627.42600
627.62700
627.82644
629.36208
629.37012
629.37534
629.40474
629.75718
630.43392
630.50970
630.55716
631.00056
631.20678
631.50612
631.87890
632.25078
632.38572
632.83272
633.23052
633.28536
633.28848
634.18254
634.22868
634.36686
634.76076
635.83830
636.00954
636.72648
637.68816
637.84590
637.88508
638.37216
638.39226
638.39910
638.40138
638.51280
638.98350
638.99250
639.32256
640.03596
640.34532
640.71516
641.08680
641.10948
641.11368
641.13576
641.18616
641.50788
641.73582
641.74398
641.88150
642.01248
642.01800
642.07452
642.64254
642.65976
643.26690
643.41678
643.45596
643.96044
644.76390
644.92494
645.32592
645.61692
645.72618
645.75264
645.91152
645.96684
646.06686
646.50558
646.54206
646.55034
646.94928
646.97322
647.79402
647.81436
648.00582
648.02646
648.66564
648.92910
649.29336
649.29690
649.38906
649.63620
649.67274
649.68390
649.96362
650.55036
650.60790
650.61618
651.09516
651.90462
652.08354
652.08552
652.41570
652.42500
652.46718
652.52292
652.53174
653.49720
653.80128
653.81886
654.16188
654.32232
655.15998
655.21998
655.55538
655.80630
656.30586
656.46216
656.64960
656.77494
656.83302
657.53640
658.49316
658.63938
658.96614
659.36226
659.74974
659.77668
660.02688
660.03714
660.58110
660.87690
660.88950
661.05270
661.17312
661.81632
662.18310
662.36742
662.61558
663.50262
663.87612
663.93954
663.98310
664.03434
664.08726
664.21914
664.36164
664.38414
664.40118
664.43304
664.45494
664.46328
664.63992
664.64790
664.65366
664.65660
664.66092
665.16786
666.18264
668.02836
668.48706
668.56740
668.57946
668.63652
669.13026
669.95796
669.96690
670.20156
670.47678
670.52382
670.87980
671.22954
672.04014
672.04482
672.06792
672.65328
672.66696
672.76686
673.19256
673.31790
674.33256
674.34378
674.49984
675.32586
675.47040
675.78594
676.35726
676.77732
677.12826
677.14596
677.19384
677.26506
677.27940
677.98686
678.19974
678.91470
679.68888
679.69596
679.94388
679.96014
680.27946
680.66142
680.66754
680.97342
681.12330
681.67530
682.19508
682.26270
682.51266
682.58904
682.61082
682.77702
682.91754
683.48988
684.04746
684.09876
684.12888
684.77160
685.61910
685.63854
685.91736
686.35062
686.62134
686.62716
686.90610
687.06732
687.60144
687.63984
687.87234
688.00590
688.10220
688.41006
689.69550
689.74890
690.08958
690.16302
690.70002
691.64658
691.88592
691.93212
692.21994
692.28180
692.50530
692.79156
693.37806
693.48456
693.51780
693.53460
693.55656
694.21506
694.22052
694.27194
694.37112
694.41120
694.44924
694.46418
694.75728
695.41602
695.56542
695.61540
696.00084
696.34440
696.86580
696.87108
697.31550
697.87212
697.87470
698.42442
698.44398
698.46510
698.69670
698.76786
698.86758
699.01044
699.25068
699.25614
699.34662
699.36828
699.41682
699.43740
699.91734
699.93738
700.15338
700.48248
700.70394
700.85406
700.86360
700.87500
701.15574
701.36070
701.86482
701.88642
702.39120
702.47370
703.11324
703.16322
703.18248
703.20024
703.59216
704.19204
704.20170
704.36412
704.58630
705.18396
705.45588
705.47532
705.91620
706.03704
706.04472
706.27944
706.29696
706.44534
706.83534
706.83882
706.86534
706.91364
707.68014
708.12300
708.26772
708.36942
709.41918
709.42488
709.89018
709.96110
709.98258
710.03880
710.41272
710.64864
710.92626
711.31290
711.77202
712.33500
713.85636
713.94180
714.18846
714.39438
714.62838
714.64422
714.77418
714.91470
715.09458
715.10754
715.87278
716.07552
716.32428
716.40138
716.59854
716.61432
716.72250
716.83872
716.91084
717.05514
717.08808
717.58788
717.78924
717.84588
717.91116
717.92034
717.98160
718.05936
718.08936
718.10310
718.10604
718.40268
718.86132
719.64972
719.82150
719.90382
720.06918
720.15612
720.49056
720.72174
721.01142
721.20522
721.82826
721.84446
722.00376
722.10810
722.12028
722.42130
722.55510
722.57736
722.60532
722.62926
722.76708
722.86434
723.04074
723.04356
723.44418
723.45120
723.57918
724.50192
724.54920
724.87950
725.79534
726.43992
726.65406
726.80868
726.84510
726.85980
727.31550
727.33422
727.55838
727.61070
728.23398
729.04800
729.09696
729.21192
729.93786
730.70646
730.77852
731.15562
731.77902
731.93910
732.17214
732.21318
732.88008
733.22184
733.42290
733.70118
734.16930
734.29536
734.37522
734.42382
734.42574
735.07830
735.28938
735.58926
736.10424
736.12464
736.14540
736.14936
736.37280
736.48968
736.49676
737.29560
737.82762
737.98962
738.68922
738.84186
739.51242
739.53048
739.90848
739.93308
740.50272
741.00264
741.02292
741.06516
741.09216
741.11502
741.12126
741.27270
741.36600
741.96906
741.97920
742.68306
742.68618
742.99422
743.02152
743.11614
743.55948
743.66394
744.67962
744.78966
745.10178
745.24980
745.26792
745.60032
745.75902
745.79718
745.79904
745.90494
745.91910
746.02962
746.66250
746.76288
746.99694
747.54882
747.69882
747.93498
747.94626
748.12914
749.11188
749.30742
749.55624
750.52170
750.62436
750.63984
750.65904
752.24982
752.30946
753.29622
753.46836
753.47424
753.57924
753.79644
753.85794
753.90762
753.94632
753.99636
754.19136
754.19640
754.26192
754.61964
754.79646
755.06160
755.39754
755.69772
755.83806
755.96238
755.96682
755.97474
756.41280
756.42630
756.42876
756.44886
756.66084
757.41312
757.98564
758.12388
758.20560
758.20932
758.21700
758.88588
759.27006
759.54960
759.55344
759.56340
759.57750
759.64590
759.77196
760.50354
760.57320
760.89042
760.89354
761.40840
761.47998
761.61690
761.62236
761.92386
761.97912
762.30306
762.39642
763.18980
763.23726
763.98102
764.17236
764.45028
764.45388
764.45724
764.45898
764.49246
764.61276
764.71296
764.79570
764.86824
764.92632
765.45186
765.75006
765.86922
766.83540
767.59236
768.09024
768.10008
768.14988
768.19290
768.35730
769.14252
769.22742
769.24056
769.27320
769.33980
769.50012
770.94954
771.03816
772.08912
773.03910
773.48262
773.71182
773.82888
774.03150
774.48870
774.51966
774.54642
775.16184
775.64160
775.72800
775.74420
776.17056
776.43426
776.84274
777.02778
777.25176
778.46256
778.81404
779.56092
779.56494
779.57442
779.65224
779.88216
780.67974
780.92436
781.09554
781.19400
781.44522
782.05482
782.18982
782.20698
782.21196
782.64084
782.65302
782.76624
782.98902
783.03294
783.28776
783.42492
783.70536
783.98166
784.00416
785.58420
785.67828
785.79246
785.80632
786.19326
786.33042
786.34926
786.51894
786.52692
786.73542
786.74406
786.79992
787.05042
787.17954
787.28538
787.74588
787.83666
788.27016
789.21474
789.64416
789.70992
790.32978
790.60194
790.73904
790.78320
790.96062
790.97394
791.86962
791.87604
791.94690
791.95920
792.17100
792.19812
792.20388
792.27732
793.54608
793.63152
793.70562
793.71288
793.74810
793.97874
794.11818
794.37006
794.39064
794.50374
795.46578
795.49770
795.52164
795.87672
796.95648
796.96152
797.09376
797.28684
797.38026
797.40252
797.40648
797.48430
797.50992
797.60250
797.67318
797.69334
797.88426
797.98194
798.14466
798.20202
798.46560
799.10868
799.22250
799.86996
800.44164
800.54106
800.63790
800.75064
800.92500
800.94804
801.14262
801.99828
802.57722
802.87740
803.11962
803.14836
803.19138
804.03528
804.66456
805.08462
805.21152
805.22100
805.40778
805.55784
805.94220
805.96122
806.02020
806.13684
806.41314
807.00138
807.23784
807.25860
807.28542
807.29808
807.31782
807.34086
807.41994
807.53298
807.57774
808.04730
808.23696
808.24452
808.60494
808.69632
808.83252
808.86420
808.86774
809.57502
810.33150
810.58830
810.83706
811.51752
811.62978
811.71252
811.86984
811.96176
812.51832
812.57730
812.62578
812.63358
812.66838
812.91348
813.13494
813.24138
813.71340
814.01958
814.38588
814.45776
814.54878
814.81236
815.45790
816.43140
816.46404
816.47106
816.49362
817.32306
818.27214
818.42922
818.43786
818.79618
819.36636
819.59640
819.60390
819.66354
819.69240
819.72048
820.24524
820.43160
820.63488
821.42406
821.59476
821.81142
821.81976
823.03614
823.05552
823.19280
823.85718
823.93434
824.10552
824.71488
824.80872
824.84976
825.45600
825.49980
825.55608
825.87252
826.23252
827.17284
827.27610
827.73324
828.18492
828.97656
829.00440
829.04946
830.37654
830.47182
830.75628
830.88864
830.90466
831.17064
831.25608
831.46986
831.66540
831.93552
832.65018
832.81386
833.35770
833.37294
833.63622
833.64348
834.92316
835.09500
835.11372
835.26534
835.40856
835.45656
835.46070
835.60962
835.64406
836.40156
836.40816
836.47998
836.63898
836.81760
837.21708
837.70572
837.73878
837.77784
837.78222
837.81000
837.96114
837.96798
838.10154
838.97100
839.01906
839.05392
839.06166
839.12514
839.20866
839.42706
839.48580
839.55522
839.86134
839.97702
840.54996
840.92808
840.99678
841.09068
841.29222
841.86138
841.96926
842.13414
842.17110
842.25768
842.30766
842.67966
842.84190
842.85756
844.11408
844.21410
844.33470
844.40682
844.53108
844.91772
845.80116
845.94486
846.09102
846.12564
846.61050
846.95388
846.98130
847.08318
847.10400
847.76868
848.00424
848.05422
848.11806
848.19216
849.42084
849.56160
849.59790
849.64758
850.25358
850.41054
850.41936
851.30718
851.77140
851.79120
851.87472
851.90796
852.10890
852.39222
852.57810
852.84408
853.00794
853.51698
853.60134
854.10846
854.13336
854.50452
855.00204
855.17448
855.61158
855.82476
855.96078
855.96846
857.40300
858.02586
858.31704
858.41106
858.61110
858.74286
858.95454
859.06158
859.11414
859.80036
859.97106
859.99800
860.33568
860.53644
860.79060
860.80944
860.93382
860.97066
861.14460
861.23646
861.43404
861.84564
861.90654
861.94392
862.21404
863.14032
863.50806
863.57466
863.68110
863.83176
863.87334
864.19314
864.72522
864.77670
865.04022
865.42560
866.16954
867.54174
867.59910
867.76308
867.76674
867.77070
867.81924
868.94796
869.39850
869.54286
869.57904
870.59958
870.61614
871.39314
871.43532
871.45896
871.46430
871.47306
871.74474
871.78716
871.82166
871.99266
872.10990
872.14290
873.18924
873.45408
873.65826
874.28004
874.34412
874.36170
874.37448
874.40964
874.44774
874.48884
874.55370
874.97346
875.06442
875.17704
875.18448
875.33298
875.43018
875.64798
875.68788
875.74440
875.76474
875.78814
875.82864
875.86206
875.86464
875.88816
875.89800
875.92860
875.93148
876.01212
876.01464
876.04806
876.08148
876.09822
876.11208
876.11472
876.11856
876.14820
876.22872
876.24540
876.26490
876.29544
876.31206
876.34824
876.35514
876.36210
876.36474
876.43146
876.44100
876.51126
876.58152
876.63150
876.66480
876.68148
876.73146
876.75438
876.76218
876.79818
876.80508
876.84072
876.86490
876.96498
876.99822
877.02570
877.03842
877.17180
877.17804
877.22478
877.23168
877.37910
877.38162
877.41498
877.45512
877.48860
877.50072
877.58370
877.71234
877.75632
877.86510
877.89258
877.91514
877.95534
877.99848
878.04288
878.04846
878.05464
878.16522
878.19864
878.26524
878.29872
878.38812
878.39880
878.59866
878.64864
878.79288
878.84874
878.86542
878.89872
879.02256
879.07950
879.29880
879.32880
879.34884
879.40242
879.46194
879.77970
879.86580
879.87984
879.91482
879.93912
880.01310
880.04898
880.06566