0.06574
0.08416
0.38524
0.38908
0.40654
0.45706
0.46408
0.95380
0.95566
0.95920
0.96256
0.98398
1.25542
1.26172
1.27192
1.29130
1.48732
1.49494
1.67656
1.75030
1.77634
1.78162
1.82548
2.02156
2.05912
2.27752
2.28748
2.28958
2.30500
2.30710
2.31934
2.32246
2.34610
2.34928
2.58628
2.58802
2.81332
2.81572
3.02974
3.45946
3.46624
3.48196
3.49552
3.50638
3.51628
3.68860
3.70540
3.73456
3.74608
3.86902
5.53540
5.53702
5.53906
5.54236
5.55118
5.55340
5.55994
5.56192
5.57152
5.81242
5.83654
6.22042
6.46072
6.89662
6.91828
6.92806
6.97462
6.98260
7.48678
7.48846
7.49920
7.84162
7.85830
7.90966
8.07658
8.16994
8.24104
8.52766
8.52970
8.74636
8.75572
9.03544
9.08818
9.54424
9.54700
9.56638
9.68620
9.69880
9.87538
9.90724
10.16650
10.50976
10.79998
10.81084
10.93042
10.93444
10.93594
10.95112
11.18764
11.55460
11.56330
11.57554
12.14332
12.14962
12.16000
12.16348
12.39952
12.43432
13.17334
13.17814
13.20514
13.59532
13.98412
13.98748
14.00122
14.00590
14.28166
14.29660
14.30776
14.54536
14.54734
14.54974
14.55190
14.57170
14.62366
14.62708
14.63230
14.68744
14.80924
14.82292
14.93170
15.13390
15.45148
15.60478
15.63178
15.93802
15.98818
16.10074
16.53964
16.54186
16.54768
16.95220
16.95514
16.95694
16.96558
16.97626
16.98496
17.61868
17.62954
17.64712
17.85976
17.86126
18.11458
18.14548
18.23218
18.96292
19.01860
19.36654
19.36888
19.39756
19.55860
19.56130
19.57834
19.58206
19.62898
19.78852
20.25706
20.26054
20.27128
20.27290
20.32552
20.33548
20.76316
20.77228
20.77414
20.77852
21.08458
21.08674
21.11974
21.28432
21.29506
21.30490
21.31480
21.34636
21.57886
21.85240
21.85582
21.85882
21.88132
21.88294
21.88678
22.10890
22.71772
22.72714
22.75816
22.83592
22.88098
23.26618
23.26804
23.31136
23.31520
23.31808
23.31976
23.32168
23.33230
23.84224
23.85760
24.08038
24.08404
24.41860
24.43084
24.43306
24.86026
24.86236
25.47538
25.52974
25.53430
25.54834
25.56904
25.57840
25.62046
25.62670
25.96768
25.97482
25.97806
26.22910
26.29888
26.33524
26.82568
27.10642
27.11980
27.14518
27.15550
27.28414
27.57574
27.80668
27.81316
28.17082
28.19140
28.19716
28.28152
29.46934
29.47180
29.89084
29.89510
30.11470
30.13606
30.14362
30.15478
30.15934
30.52822
30.52984
30.80986
30.83782
30.87790
30.94234
30.95710
30.95872
30.98824
31.00654
31.52512
31.62514
32.09584
32.30740
32.32858
32.57266
32.58364
32.59744
32.59900
32.62912
32.66836
33.21826
33.23920
33.27124
33.85024
33.86656
33.86980
33.87550
34.57636
34.58794
34.60468
34.62412
34.64758
34.64938
34.67560
35.11888
35.13094
35.31892
35.73520
36.13384
36.13984
36.14212
36.14410
36.15310
36.19114
36.20308
36.21868
36.22858
36.23890
36.52384
36.52606
36.52864
36.77662
36.79090
37.07482
37.27810
37.29646
37.52680
37.75870
37.78216
38.33992
38.61472
38.62210
38.63590
38.85934
39.20962
39.21262
39.21448
39.87688
39.90406
39.92782
39.93112
40.19722
40.20046
40.36216
40.77112
40.78456
40.79848
40.99252
40.99558
41.00686
41.30728
41.31508
42.25252
42.26920
42.31858
42.33496
42.34534
42.81562
42.83230
43.13110
43.13536
43.45864
43.46530
43.46704
43.46878
43.81102
43.83550
43.85674
44.23834
44.30962
44.70826
44.71492
44.76640
45.14542
45.14740
45.18430
45.46108
45.46276
45.47440
45.50080
45.78682
45.78940
45.80170
46.17004
46.55434
46.56520
46.57348
46.60192
46.64860
47.06200
47.18530
47.19850
47.66896
47.87896
47.88256
48.12676
48.19156
48.22018
48.74146
48.76486
48.76702
49.19134
49.19500
49.50604
49.50772
49.51870
50.08738
50.09662
50.11378
50.14816
50.16082
50.16514
50.17462
50.18074
50.19598
50.21662
50.41450
50.65906
50.66986
50.85610
51.09322
51.10396
51.10696
51.12490
51.13870
51.16654
51.60778
51.62068
53.13064
53.15884
53.16124
53.16958
53.27494
53.37256
53.42422
53.73346
53.73928
53.74348
53.76082
53.95240
53.96602
54.25288
54.26014
54.27412
54.33376
54.63808
54.64132
54.65980
54.84718
54.85510
54.85684
54.86110
54.86590
54.87826
55.01686
55.50028
55.50202
55.50376
56.25994
56.26462
56.28346
56.35120
56.36740
56.75764
56.76202
56.79256
56.81200
56.82082
56.83744
57.26746
57.29080
57.29284
57.31030
57.31828
57.32890
57.71830
57.74506
57.74668
57.79516
57.80062
57.81640
58.18600
58.23862
58.24522
58.26562
58.29352
58.31620
58.62298
58.65256
58.93162
58.94362
58.97290
58.97956
58.98436
58.99636
59.02222
60.36886
61.02964
61.05742
61.32964
61.39444
61.74880
61.76044
61.98844
62.00878
62.21452
62.21638
62.34136
62.71588
63.47344
63.49930
63.53932
64.62784
64.63624
64.63816
64.64116
64.66036
64.67524
64.70464
64.79218
64.79998
64.80364
65.03470
65.03848
65.40616
65.43172
65.66062
65.73628
65.75548
66.08860
66.09712
66.43528
66.43738
66.44098
66.48706
66.50440
66.51532
67.01302
67.02802
67.03360
67.04362
67.04836
67.65718
68.05714
68.07208
68.51956
68.53084
68.54746
68.55310
69.79648
70.04734
70.08106
70.09756
70.66156
70.91638
71.55460
72.13132
72.15046
72.15718
72.17662
72.18364
72.22660
72.23038
72.26170
72.58966
72.59512
72.77146
73.01728
73.06060
73.06702
73.11544
73.11958
73.34698
73.38094
73.95664
73.96108
73.96942
74.01766
74.02534
74.45698
74.46856
74.47594
74.48302
74.48800
74.49184
74.49340
74.89210
74.93956
75.72244
76.01698
76.03966
76.06414
76.62922
76.63654
76.65202
76.65460
76.97254
76.98790
77.52064
77.52286
77.52460
77.53354
77.79370
79.08916
79.26682
79.28914
79.31032
79.32274
79.37944
79.47298
79.49950
79.58902
79.59634
79.76320
79.95448
80.20066
80.25862
80.48110
80.53174
80.66956
80.67964
80.90290
80.90914
80.92258
81.00286
81.29368
81.49672
81.55690
81.75448
81.77290
81.78328
82.28992
82.29208
82.29892
82.95580
83.69254
83.70796
83.71198
83.71996
83.72542
83.74630
83.76346
83.89192
83.94250
83.95030
84.22348
84.28456
84.43396
84.44062
84.44296
84.45970
84.74542
84.78328
85.11262
85.12126
85.12546
85.35682
85.35844
85.36000
85.37044
85.50292
85.61974
85.90084
85.90372
86.26372
86.26558
86.27044
86.30044
86.32102
86.33626
86.34904
86.36002
86.36638
86.36806
86.87842
86.88946
86.95546
86.96668
86.99278
87.00856
88.10086
88.12402
88.13266
88.15396
88.16434
88.17670
88.18000
88.18606
88.62946
88.63186
88.64470
88.66006
89.08870
89.37460
89.71912
89.73724
90.16402
90.16798
90.17626
90.18262
90.28228
90.29872
90.59056
90.60478
90.60664
90.62818
91.21018
91.28068
91.31548
91.57912
91.72174
91.81138
91.84594
92.04562
92.08672
92.26702
92.53054
92.88958
92.90728
92.91172
92.91478
93.00658
93.00958
93.02134
93.36274
93.76540
93.78532
93.79672
93.83230
94.19842
94.42402
94.42834
94.43122
94.44826
94.46536
94.64212
94.67044
95.06446
95.06698
95.08744
95.09248
95.14228
95.20222
95.50216
95.51422
95.51638
95.52988
95.53450
95.93320
95.95168
95.95522
95.97298
95.98390
96.75886
96.78400
96.81418
96.88150
97.24906
97.25506
97.25830
97.26184
97.74934
97.75180
97.75378
97.75642
97.76812
98.33020
98.76928
99.27184
99.32590
99.82210
99.82372
99.83968
99.84718
100.01770
100.74766
100.76128
100.76458
100.77532
100.77700
101.11468
101.11648
101.14762
101.15572
101.16448
101.35342
101.35624
101.36122
102.04138
102.05254
102.05422
102.07648
102.72688
102.73204
102.95044
103.37044
104.39308
104.65000
104.65174
104.66830
104.67124
104.67406
104.68768
104.73076
105.17368
105.17590
105.19816
105.47152
105.81526
105.82750
105.86974
106.46848
106.50502
106.53424
106.77166
106.79668
107.18104
107.18374
107.19298
107.81152
107.82010
107.83000
107.83558
107.83858
107.84206
107.85598
107.90782
107.94130
108.27010
108.27718
108.28966
108.66082
108.66382
108.68560
108.71074
109.22950
109.23328
109.25596
109.27276
109.34104
109.40188
109.63240
109.63522
110.78074
110.78356
110.78512
110.79646
110.80300
110.82370
110.86822
111.38746
111.56464
111.57724
111.76936
111.77140
111.77728
111.78436
111.79192
111.85252
112.70128
112.70542
112.70716
112.70896
112.71736
113.21440
113.24482
113.42926
113.50138
113.51986
113.57188
113.87512
113.90830
114.17236
114.24778
114.26626
114.41806
114.42148
114.82780
114.85858
115.53970
115.78714
115.85986
116.93506
116.99758
117.20410
117.21982
117.22192
117.24178
117.26638
117.31462
117.33448
117.36868
117.76264
117.76570
117.78274
117.80290
117.82396
117.83554
117.86320
118.36624
118.36858
118.38262
118.40698
118.68178
118.96930
118.98328
118.98532
119.21812
119.24134
119.27458
119.51566
119.52058
119.52676
119.54842
119.84974
119.95504
120.23230
120.23536
120.23944
120.24502
121.24900
121.34776
121.75300
121.76554
121.80556
123.00088
123.29500
123.43366
123.84544
124.23784
124.24186
124.25434
124.94440
124.95550
124.95700
124.95904
124.96558
124.98706
125.02060
125.06560
125.37544
125.43094
125.54572
125.78548
125.81146
126.08116
126.25996
126.30040
126.32392
126.51946
126.78106
127.50484
127.52356
127.62322
127.80568
127.82338
127.83046
127.84882
128.24098
128.24752
128.24908
128.26378
128.26582
128.68570
128.69830
129.00238
129.00898
129.01150
129.03718
129.04258
129.04630
129.38428
129.40192
129.41362
129.44770
129.99316
130.83034
130.84678
130.85194
130.87360
130.87630
130.89052
130.92112
130.93234
130.96900
130.98718
131.19862
131.25358
131.25538
131.27446
131.88736
131.89354
131.90044
131.90668
131.90980
132.50242
132.50956
132.51286
132.51700
132.53038
133.24942
133.25764
133.67068
133.68142
134.07964
134.08636
134.11954
134.12476
134.12662
134.34412
134.34706
134.36728
134.92060
134.95678
134.97352
135.02242
135.28822
135.80146
135.81010
135.81172
135.81352
135.97540
136.47658
136.49356
136.56880
136.58278
136.61614
137.06218
137.42044
137.42260
137.43550
137.44270
137.45218
137.46166
137.83624
137.92276
138.08092
138.12484
138.15124
138.15412
138.15610
138.57364
139.22572
139.23328
139.23964
139.25530
139.29838
139.30054
139.97056
139.97578
139.97968
139.98400
139.99462
139.99750
140.16124
140.36302
140.36572
140.36980
140.73292
140.99896
141.01594
141.03934
141.22954
141.23518
141.24382
141.50530
141.51280
142.03690
142.05088
142.05388
142.05586
142.06558
142.07830
142.08154
142.31836
142.31986
142.32448
142.58266
142.59850
143.10136
143.91502
143.92246
143.92534
144.01216
144.20986
144.24688
144.61414
145.14568
145.15312
145.15930
145.16956
145.17448
145.18870
145.21948
145.23808
145.40074
145.42492
145.80778
145.80952
145.81690
145.82386
146.18824
146.69968
146.70838
146.71450
146.80576
147.00562
147.52036
147.86788
147.87574
147.99928
148.02580
148.41136
148.42192
148.43176
148.62226
148.91422
148.91578
148.93336
149.50138
149.82058
149.82526
150.39694
150.49480
150.87376
150.88108
150.89524
150.90286
150.93124
151.19236
151.19818
151.31356
151.31560
152.24020
152.26606
152.27128
152.27986
152.80528
152.81176
152.81350
152.82406
152.83222
152.83528
152.84800
152.85106
152.85298
152.87194
152.89486
153.35230
154.07356
154.07566
154.08658
154.10212
154.14646
154.25782
154.28800
154.80550
154.82620
154.83106
155.23804
155.45662
155.47858
155.51842
155.89726
155.90110
156.93106
156.93298
156.93502
156.95098
156.95284
156.95494
157.03474
157.11154
157.39468
158.47684
159.08668
159.83272
159.86482
160.17388
160.17646
160.20388
160.84522
160.84834
160.85398
160.86496
160.86700
160.88242
160.95370
161.24152
161.24416
161.24638
161.27260
161.27458
161.46874
161.50258
161.65444
162.35158
162.36604
162.37804
162.40498
162.43072
162.60934
163.54750
163.56262
163.58380
163.59412
163.59934
163.70674
163.94674
163.95142
163.95676
164.24056
164.26054
165.23764
165.27142
165.27760
165.27988
165.29296
165.31072
165.57628
165.85030
166.41052
166.42648
166.45426
166.75216
167.00698
167.02054
167.03866
167.04106
167.83102
167.84926
167.86174
167.86618
167.88202
167.88952
167.89276
168.32290
168.33964
168.35740
168.38074
168.44590
168.69400
168.72682
168.75988
168.77992
168.94534
169.85740
170.09890
170.13046
170.15068
171.94594
171.95338
171.97144
172.20970
172.68034
172.69042
173.10052
173.10970
173.33014
173.33644
173.34436
173.35192
173.35378
173.35594
173.81740
173.84278
173.84470
173.85136
173.86390
173.94760
173.95132
173.95360
175.41364
175.41532
175.43152
175.45000
175.53988
175.54264
175.90600
175.90990
176.17162
176.18578
176.24764
176.26642
176.49538
176.77318
176.77738
176.78596
177.28876
177.29272
177.31006
177.31582
177.58534
177.58936
177.60922
178.09726
178.11550
178.13152
178.13356
178.13806
178.14286
178.15480
178.16026
178.16512
178.17100
178.57900
178.60480
178.60882
179.07310
179.09356
179.09560
179.11456
179.12872
179.19124
179.20270
179.21818
180.08554
180.41110
181.03096
181.05808
181.64128
181.65268
181.66720
181.67368
182.06278
182.06518
182.07082
182.21872
182.40742
182.42458
182.44810
182.49574
182.74156
182.74696
183.24832
183.24988
183.26518
183.26914
183.28750
183.29374
183.30250
183.30418
183.32536
183.33970
183.35152
184.68166
184.68994
184.82416
184.99378
184.99558
184.99774
185.00002
185.00302
185.02936
185.04850
185.43478
185.43682
185.47198
185.48890
185.49988
185.50174
185.85874
185.86042
185.87164
185.87386
185.87668
185.89456
186.00454
186.60166
187.19782
187.20238
187.21846
187.22314
187.23418
187.51048
187.51234
187.55692
187.55884
187.92172
187.93336
187.93726
187.94182
188.62396
188.63254
188.63680
188.65774
188.67730
188.91598
189.61564
189.64702
189.70354
189.83650
190.60990
190.68664
190.77280
190.80352
190.93888
191.05168
191.05948
191.06872
191.07958
192.11944
192.82096
192.92518
193.05724
193.07914
193.83490
193.83958
194.42302
194.44834
194.45254
194.45776
194.46070
194.47540
194.54926
196.17970
196.18486
196.19530
196.23094
196.24324
196.29190
196.29520
196.39090
196.40014
196.43542
196.44850
196.47364
196.47970
196.54996
196.83388
196.84180
197.09458
197.10190
197.11330
197.21494
197.22952
198.47764
198.56548
198.67522
199.17328
199.41952
199.42630
199.43152
200.64814
200.67298
200.67742
200.69464
201.28390
201.29620
201.29788
201.33022
201.35020
201.35398
201.47902
201.63892
201.94186
202.24312
202.28092
202.28584
202.41934
202.86346
202.88254
203.22472
203.36254
204.40810
204.41392
204.43882
204.47122
204.54946
204.55762
205.06408
205.07482
205.09258
205.10008
205.22188
205.69384
205.70098
205.70764
205.71478
205.72012
205.73182
205.98274
205.98736
206.00776
206.01082
206.01514
206.42086
206.45560
206.46340
206.98162
207.44458
207.45124
207.45286
207.45748
207.48178
207.55210
208.69420
208.69792
208.70320
208.70932
208.83496
208.90846
208.96780
209.05810
209.06032
209.06416
209.27464
209.28826
209.30284
209.33956
210.12184
210.12472
210.15742
210.18010
210.18214
210.33496
210.44896
210.72124
211.09816
211.32010
211.34662
211.42588
211.57876
211.59694
211.63198
212.28958
212.30284
212.37052
212.38102
212.43850
212.50744
212.82436
212.82658
213.04522
213.11128
213.12076
214.19278
214.20100
214.20340
214.21186
214.22776
214.44130
214.94164
214.94698
214.95694
214.95922
215.16940
215.17222
215.17876
215.18686
215.20492
215.20840
215.50036
215.80870
215.81614
215.82520
216.03334
216.03568
216.03898
216.58252
216.60832
216.61048
216.61216
216.61564
217.01980
217.82470
217.91794
217.94878
217.95574
217.96474
218.02234
218.14018
218.33926
218.34178
218.34580
218.35234
218.67496
218.68444
218.79088
219.07846
219.10180
219.11998
219.12898
219.22012
219.24166
219.24826
220.07236
220.07740
220.08916
220.09570
220.11760
220.12522
220.13836
220.28566
220.41880
220.43086
220.43440
220.64890
220.67236
220.83706
221.70874
221.71930
221.72332
221.73526
221.75440
221.76592
222.07984
222.08236
222.09094
222.10948
222.51226
222.52180
222.52726
222.54010
222.55876
222.97966
222.99472
222.99826
223.00024
223.00222
223.01296
223.22098
223.43140
223.45930
223.46248
223.47016
223.47184
223.49794
223.52020
223.54540
223.57558
224.43484
224.46850
225.10804
225.11608
225.12196
225.59554
225.60424
225.60916
225.65974
225.67726
225.70054
226.06864
226.10968
226.94272
226.98130
227.01232
227.35066
227.36704
227.40952
227.41444
227.43772
227.45542
227.46574
227.71606
227.73220
227.73388
227.76490
227.76892
227.77402
227.79850
228.16258
228.17890
228.20494
229.14046
229.14286
229.14904
229.15678
229.16590
229.16872
229.23478
229.25500
229.50724
229.56550
229.57384
229.58734
229.59784
229.61122
229.63672
229.64038
230.11168
230.17252
230.54794
230.56720
230.57158
230.58934
230.67610
230.71324
230.72080
230.98108
230.98678
231.00358
231.58120
231.58366
231.58864
231.60844
231.61162
232.23400
232.25206
232.52980
232.53430
232.54732
233.77492
233.78782
233.80288
233.80672
233.80966
233.81212
233.83636
233.84452
233.86588
233.87974
233.90500
234.23032
234.23602
234.24016
234.24280
234.50890
234.51166
234.51424
234.51592
234.54304
234.58600
234.82432
234.99292
235.57828
235.59682
235.66222
235.71106
235.87120
235.87834
235.88578
235.93018
235.96630
236.14888
236.66182
236.67124
236.68228
236.70532
236.73670
237.02632
237.04204
237.16702
237.57370
237.57556
237.61252
238.16566
238.17040
238.17856
238.18120
238.18594
238.25164
239.17432
239.18158
239.19268
239.21716
239.23444
239.27830
239.30860
239.31256
239.65162
239.66818
239.72620
240.45832
240.47248
240.47746
240.47920
240.48568
240.49270
240.49438
240.50572
240.61234
240.61918
240.63454
240.76372
241.44046
241.44478
241.45906
241.48684
241.51612
241.53010
241.55554
241.74370
242.09800
242.10244
242.10508
242.13586
242.98546
243.00052
243.01258
243.48388
243.94354
243.94876
243.95128
243.98014
243.98392
244.25338
244.42666
244.44190
244.78078
244.98244
244.98514
246.18796
246.21454
246.22648
246.23782
246.26860
246.27400
246.29194
246.44386
246.47806
246.55708
246.76636
247.12618
247.17256
247.23070
247.69780
247.72054
247.75648
247.95532
247.95838
247.97914
247.98442
248.07988
248.55208
248.92528
249.52204
249.65632
249.84946
249.86014
249.88576
250.47916
250.48648
250.49698
250.51192
250.53640
251.47168
251.50150
251.51284
251.67364
252.19252
252.19906
252.20140
252.21874
252.23542
252.65932
252.66562
252.70912
252.78874
253.13470
253.26880
253.27252
253.28704
253.28878
253.30522
253.95940
253.96426
253.98910
254.02252
254.04886
254.05546
254.44984
254.45200
254.47288
254.47510
254.89210
254.91730
255.03178
255.34852
255.36538
255.37186
255.39214
255.41296
255.82786
255.83068
255.83710
255.84238
255.85312
256.30558
256.31812
256.34728
256.89670
256.91674
256.91986
256.94842
257.40682
257.57998
257.58640
257.68252
258.23596
258.26290
258.94624
259.23544
259.24624
259.95238
260.02084
260.77948
260.78116
260.78692
260.79298
261.20698
261.62710
261.69670
261.73522
262.27588
262.28260
262.33582
262.77244
262.79896
262.82482
262.82740
262.83928
262.84888
262.86778
263.71354
263.71624
263.72086
263.74036
263.84650
264.39340
264.40462
264.43546
264.44590
264.64984
264.66046
265.13698
265.18942
265.34098
265.63420
265.63744
265.63948
265.65022
265.66156
265.67458
265.78954
265.79104
265.88254
265.89358
265.89622
265.89784
265.89964
266.44114
266.77612
266.78212
266.80084
266.81320
267.07666
267.09202
267.25228
267.25522
267.28372
267.30268
267.44092
267.45694
267.48790
267.85606
268.00006
268.18972
268.20838
268.74220
268.88302
268.93138
268.93402
268.96198
269.24896
269.29756
269.43892
269.46220
269.53360
269.79976
270.96658
270.97474
270.98776
271.01008
271.29286
271.30816
271.39456
271.39678
271.40944
271.41748
272.32348
272.32498
272.33392
272.34304
272.34652
272.34844
272.35018
272.38336
272.75170
272.75404
272.76922
272.77096
272.77624
273.47026
273.48616
273.51634
273.65314
273.65566
273.66304
273.69334
274.19752
274.22638
274.50160
274.54516
275.12602
275.29330
275.29774
275.30992
275.31178
275.32378
275.33734
275.35450
275.46142
275.49976
275.51110
275.51818
275.53984
275.55016
276.22984
276.23242
276.25324
276.25510
276.66514
276.94840
276.95506
276.99898
277.76116
277.88020
277.88458
277.91920
277.92682
278.10670
279.57346
279.60436
279.81688
279.83602
279.84802
280.53226
280.56562
280.61758
281.03212
281.30464
281.31628
281.31886
282.05194
282.06004
282.06442
282.09172
282.10960
282.61594
282.66766
282.67402
282.69094
282.69418
282.69928
282.95884
282.96040
282.98686
283.49614
283.50226
283.50514
283.51294
283.51576
283.53244
283.54546
284.04346
284.06662
284.07460
284.31838
284.31988
284.32294
284.32528
284.87596
284.88862
284.90536
284.91346
284.91580
284.94046
285.17044
285.18364
285.61870
285.64858
285.67822
285.68020
285.70792
285.71440
285.71884
286.26784
286.27816
286.37590
286.38382
287.17828
287.18092
287.18452
287.19136
287.20348
287.23696
287.33872
287.92072
287.94820
287.96338
287.99044
287.99620
288.00712
288.01042
288.04024
288.29800
288.54340
288.62806
288.89026
288.93790
289.06528
289.08886
289.12126
289.13422
289.80262
289.81630
289.82062
289.83946
289.84102
289.85470
289.85644
290.21590
290.25616
290.41078
291.19720
291.84610
291.88348
293.50600
293.51404
293.51746
293.52268
293.52928
293.54170
293.62480
293.66056
293.71180
294.28888
294.68194
295.11184
295.15174
295.19092
295.51318
295.52230
295.53538
295.54198
295.54468
295.54984
296.24926
296.25340
296.67226
297.13828
297.14638
297.14950
297.19750
297.21724
298.08514
298.45708
298.46572
298.49218
298.49554
298.51528
298.51768
298.73572
298.80562
299.48302
299.52748
299.53942
299.57884
299.78692
299.80264
299.83078
300.13870
300.64204
300.64654
300.65428
300.65980
300.68374
300.86332
300.87268
300.89092
301.22992
301.23682
301.24042
302.28754
302.29888
302.63986
302.65552
302.66926
302.67340
302.67844
302.69710
302.74462
302.93734
302.94082
303.18286
303.20278
303.47020
303.47278
303.59032
303.59458
303.93394
304.70410
304.71784
304.71958
304.72330
304.72558
304.75420
304.77436
304.83550
305.04214
305.05348
305.33194
305.34082
305.36140
305.57110
305.61448
305.61736
305.61934
305.62120
305.64412
306.33412
306.33742
306.34066
306.34330
306.35386
306.36916
306.40126
306.46414
306.78406
306.78568
306.78838
306.79246
306.79756
306.81178
307.55536
307.55842
307.56274
307.56436
308.15470
308.17516
308.17882
308.19826
308.23642
308.52052
308.53030
308.55256
308.60146
309.58918
309.65428
309.78082
309.79282
309.81934
311.21890
311.54488
311.54926
311.56810
311.57410
311.81800
312.18598
312.21574
312.49630
312.53626
313.19950
313.20184
313.20958
313.24000
313.26214
313.28566
313.52566
313.91560
313.92490
313.95802
314.20990
314.58526
314.60452
314.63554
315.16930
315.17224
315.19984
315.20566
315.20740
315.21400
315.21550
315.21736
316.06630
316.07992
316.08274
316.11586
316.13248
316.14352
316.30942
316.32406
316.78900
316.79146
316.82122
316.82338
316.83910
317.22994
317.23240
317.24038
317.31262
317.72836
318.01300
318.64120
319.30954
319.33360
319.34368
319.62364
319.63132
319.63762
319.67902
319.68760
319.69612
319.70968
320.06098
320.10232
320.70946
320.72668
320.74408
320.76994
320.77294
320.77522
321.42772
321.64762
321.66190
321.66568
321.88420
322.10692
322.11184
322.12246
322.65496
322.82194
323.20252
323.21506
323.21950
323.22772
323.41996
323.79880
323.85676
324.72418
324.72862
324.85858
324.88552
324.91330
324.93028
325.52242
325.52476
326.18098
326.18254
326.19064
326.23804
326.44930
326.49502
326.82208
326.83006
326.83534
327.25270
327.25816
327.29590
327.30616
327.43216
328.43662
328.45276
328.45936
328.46494
328.47580
328.47772
328.48918
328.49122
328.51480
328.85980
328.86712
329.22232
329.24554
329.26048
329.27608
329.36476
329.41126
329.76034
329.76574
329.77666
330.05974
330.06160
330.06862
330.07114
330.07864
330.42436
330.43888
330.44146
330.46906
330.47074
330.74698
331.56004
331.56928
331.57246
331.57492
331.57780
331.68802
331.72624
331.81888
331.99216
332.50456
332.72158
332.73658
332.85508
333.27658
333.29734
333.32314
333.32884
334.61968
334.62304
335.40730
335.42632
335.42986
335.43232
335.43862
335.68594
336.15100
336.17398
336.17548
336.51730
336.53926
337.74238
337.75756
337.78510
337.87354
337.88590
338.29126
338.30986
338.37274
338.42338
338.42764
338.81362
338.81938
338.85262
338.92456
338.93506
339.45340
339.45988
339.46780
339.54652
339.56272
339.57046
341.06050
341.81662
341.95516
341.97394
341.97730
342.47068
342.58366
342.65596
342.66958
342.73030
342.91432
343.15336
343.25026
343.36396
343.64362
343.66306
343.87702
343.88098
343.90702
344.25802
344.27056
344.41030
345.08020
345.08890
345.09490
345.25594
345.71974
345.73006
345.73180
345.73486
346.34362
346.37548
346.38514
346.39750
346.41484
346.41658
346.43794
346.46674
346.97692
346.98388
346.98940
346.99396
346.99612
347.00104
348.06142
348.06460
348.07066
348.08170
348.09628
348.10738
348.11092
348.12658
348.42310
348.47764
348.49744
349.33180
350.36392
350.37082
350.39044
350.45476
350.45746
350.48446
350.49664
350.50204
350.73496
351.15286
351.16750
351.60796
351.64396
351.66028
351.66370
351.72976
351.80956
352.30870
352.47622
352.48384
352.48804
352.79962
352.80394
352.80988
352.81396
352.83004
353.23126
353.28106
353.79952
353.87860
353.92030
354.60700
355.12966
355.16284
355.51132
355.91050
356.02918
356.41660
356.42470
356.46106
357.25252
357.26326
357.32926
357.33370
357.34378
358.16848
358.28128
358.59898
359.27338
359.27806
359.27968
359.78158
359.78680
359.80072
359.80306
359.81194
359.83618
359.95738
359.96218
360.58180
360.58354
360.60844
361.41262
361.42582
361.44244
361.45582
361.52842
361.80502
361.80952
361.88536
361.89196
361.90696
362.40004
363.05776
363.06286
363.11692
363.18556
363.61654
364.26430
364.27972
364.30948
364.70254
364.98100
364.99876
365.08552
365.23792
365.45632
365.77546
365.78878
366.02602
366.31120
366.63220
367.10020
367.75348
367.76992
367.78066
367.80280
367.80460
367.80712
367.81300
367.81630
367.82950
367.86520
368.02180
368.57728
369.32464
369.40966
369.41266
369.43474
369.52312
369.97906
370.00528
370.08970
370.40386
370.42234
370.58500
370.91734
370.92964
371.11690
371.15890
371.51440
371.51932
371.52100
371.52970
371.53270
371.53708
371.64658
372.04258
372.06892
372.10054
372.10564
372.11176
372.12112
372.37798
372.37978
372.38710
372.41164
372.86350
372.88714
372.91306
373.73314
373.76650
373.76992
373.77916
373.78180
373.78882
374.04802
374.05576
374.08648
374.09704
374.12794
374.65036
374.65210
374.65492
375.61318
375.61924
375.62374
375.63046
375.63316
375.63550
375.64246
375.64528
375.66496
375.68944
375.91744
376.14454
376.15468
376.16872
376.17274
376.34188
376.34902
377.04256
378.02908
378.48358
378.74890
378.75076
378.77716
378.96946
378.97114
379.10608
379.11862
379.12042
379.13074
379.50778
379.51576
379.52308
379.56412
379.83274
379.84948
379.89994
380.01454
380.03374
380.96962
381.01336
381.01942
381.06352
381.09364
381.26290
381.26782
381.29746
381.84850
381.85066
381.86044
381.86992
381.87280
382.45444
382.50034
382.55092
382.57048
382.93558
382.95214
382.97092
383.02510
383.67790
383.69098
383.69500
383.70034
383.70220
383.72458
383.77336
384.00358
384.15232
384.41554
384.42376
384.86128
384.87316
384.88258
384.88588
385.16044
385.16590
385.18456
385.92562
386.29426
386.97118
386.99824
387.00430
387.04054
387.18994
387.20152
387.24442
387.25360
387.29044
387.30694
387.33124
387.35236
387.35446
387.79792
387.91366
388.55158
388.88788
389.14408
389.31340
389.31628
389.33440
390.08140
390.09700
390.19408
390.19576
390.62164
390.63808
390.99016
390.99574
391.01470
391.06492
391.73248
391.75360
391.75984
391.82242
391.82794
392.40550
392.47348
392.47708
393.36832
393.37138
393.40156
393.40366
393.52636
393.54208
393.57574
393.87604
393.90820
394.31020
394.31338
394.32256
394.32622
394.33210
394.33954
394.37422
394.50280
395.83210
395.85220
395.90842
396.59764
396.60580
396.67282
396.93574
396.94864
397.37260
397.38400
397.42042
398.23228
398.24194
398.24932
398.86366
398.88526
398.90830
398.92240
398.95918
398.96356
399.12730
400.83172
400.86496
400.93726
400.94518
401.35240
401.40628
401.43358
401.53042
401.55904
401.56162
401.56414
401.58520
402.83284
402.85606
402.87544
402.88168
402.92614
403.05046
403.16320
403.17562
403.47550
403.51534
403.52404
403.86400
404.59486
404.60878
404.62594
404.63824
405.10984
405.12976
405.13336
405.14026
405.21160
405.21352
405.21628
406.12870
406.13098
406.14070
406.23340
406.30252
406.62310
406.83214
407.05804
407.40904
407.43826
407.44036
407.46640
407.49778
407.83882
408.07726
408.07894
408.08086
408.10246
408.78040
408.78634
408.93976
408.94168
408.95062
409.64338
409.69336
409.70032
409.70644
410.11564
410.41366
410.43142
410.43928
410.56996
410.84668
410.96068
410.99170
411.10714
411.28516
411.28726
411.29608
411.31054
411.76756
412.00648
412.03354
412.03540
412.05808
412.07278
412.08832
412.19596
412.23334
412.53874
412.80682
413.04334
413.08876
413.35450
414.05638
414.06112
414.06454
414.06892
414.19498
414.20164
414.20392
414.44122
414.97888
415.52032
415.53352
415.54174
415.54426
415.89076
415.90030
415.90480
415.90624
416.28358
416.32354
416.34172
416.84344
416.87758
416.88028
416.88706
417.48658
418.08874
418.10668
419.08288
419.08786
419.12776
419.13274
419.29504
419.30614
419.34208
419.38522
419.38726
419.81128
419.81938
419.83108
419.83342
420.29644
420.29818
420.30106
420.30412
420.31042
420.31594
420.32332
420.37348
420.84052
420.87538
420.93904
420.95296
420.98440
421.80904
421.83340
421.83784
421.84924
421.85452
421.88392
421.89304
421.89472
422.03302
422.22004
422.22682
422.25442
422.32444
422.46148
422.51020
422.53810
422.54212
422.76058
422.76268
423.30280
423.33484
424.34056
424.42492
424.70470
424.76770
425.21596
425.48110
425.50438
425.54650
425.55058
425.56300
425.56504
425.60104
425.62354
426.07078
426.10882
426.98566
427.00318
427.00726
427.01830
427.03642
427.05214
427.06528
427.19428
427.65802
427.68778
428.28688
428.29774
428.35378
428.36506
428.36704
428.58106
428.77444
429.34186
429.59602
429.60820
429.61114
430.14688
430.15390
430.15990
430.20136
430.22062
430.70488
430.72384
430.73146
430.74154
431.24692
432.28312
432.73426
432.75232
432.84316
433.18180
433.81120
433.82566
433.89556
434.30914
434.68360
434.71750
434.94244
434.95864
434.97130
434.98042
435.30472
435.34084
435.71194
436.04212
436.06702
436.06960
436.07836
436.08142
436.09498
436.09768
436.11634
436.13380
436.60012
437.00272
437.00434
437.00794
437.03866
437.73562
437.73958
437.75776
437.76076
437.76526
437.78740
438.06886
438.07096
438.07864
438.10168
438.11806
438.47356
438.52120
438.52906
439.18822
439.35826
439.91968
439.94644
439.95178
440.19196
440.19862
440.22130
440.53312
440.54206
440.55352
440.57110
440.59798
441.40852
441.41236
441.41590
441.44098
442.01554
442.03060
442.03246
442.04284
442.49554
442.50028
442.53178
442.55188
442.58500
443.28982
443.34142
443.83504
443.83660
443.84860
444.33400
444.34450
444.36496
444.37450
444.38650
444.39196
444.39886
444.40450
444.43942
444.48514
444.49186
445.73104
446.37376
446.37946
446.40556
446.46166
447.65674
447.65854
447.66496
447.67294
447.68242
447.68578
447.68980
447.69754
447.70636
448.50178
448.52530
448.60156
448.76428
448.78816
448.79734
449.33608
449.58106
450.20140
450.21268
450.30712
450.30964
450.31630
450.31912
450.33370
450.77830
450.80062
450.99736
450.99904
451.00486
451.63186
451.64254
451.64614
451.64908
451.65232
451.67572
452.40154
452.42098
453.07336
453.07546
453.07876
453.10540
453.35272
453.37648
453.37816
453.38104
453.72892
453.76624
454.77652
454.77814
454.80454
454.82284
454.84234
455.27332
455.39086
455.42410
455.55220
455.57950
455.58334
455.80792
456.56104
456.59368
456.60592
456.81250
457.02478
457.07200
457.08910
457.56532
457.93036
457.95316
458.25322
458.26174
458.65996
458.71432
458.72266
458.72752
458.76064
458.77354
459.20728
459.80578
459.84562
459.84808
459.84970
459.86458
459.89014
460.00990
460.34062
461.02120
461.02600
461.05468
461.06332
461.26660
461.29792
461.89204
461.89930
461.90536
461.91418
462.00766
462.02944
462.03544
462.60376
462.66424
462.75976
462.76162
463.43518
463.43938
463.52344
463.69060
463.96210
463.96912
463.98610
464.04388
464.05216
464.05702
464.08090
464.09812
464.10016
464.61136
464.66206
464.74324
464.76454
465.31678
465.32860
465.34330
465.34948
465.35134
465.35698
465.37270
465.60640
465.62356
466.00564
466.01830
466.02262
466.03780
466.50586
466.51636
466.53100
466.54594
466.61818
466.69354
466.70404
466.88926
466.98958
467.02228
467.03668
467.19232
467.20720
467.53690
467.55364
467.57458
467.58346
467.58604
467.84314
467.85376
468.33052
468.91624
468.92656
469.12744
469.15504
469.18306
469.20382
470.41330
470.42164
470.44054
470.61136
470.61310
470.62030
470.63644
470.66650
470.66962
472.05694
472.06030
472.06918
472.07164
472.08040
472.10734
472.11448
472.12456
472.13416
472.14304
472.81108
473.10358
473.21536
473.31598
473.31820
473.32012
473.32348
473.70934
473.71156
473.71978
473.72176
473.74126
474.38902
474.39310
474.39724
474.44068
475.06030
475.08670
475.69864
475.73182
475.75132
475.75534
475.75750
475.95196
476.21740
476.52574
476.54068
476.56906
476.64220
477.29848
477.46732
477.62908
477.70318
478.04836
478.24450
478.91158
479.66188
479.71246
479.77684
481.01296
481.02634
481.02820
481.03486
481.05604
481.06618
481.14598
481.14874
481.31404
481.32004
481.34614
481.45642
481.77898
481.79386
481.79632
481.79872
481.80136
481.81918
481.84342
481.85302
481.86274
481.87924
481.88422
482.91688
482.92000
482.96302
482.97520
483.22204
483.22588
483.30028
483.33988
483.34594
483.96094
484.10104
484.55986
484.57840
484.58338
484.58764
484.60402
485.16676
485.18146
485.18476
485.18890
485.99464
486.02758
486.04048
486.05758
486.38374
486.38788
486.39028
487.25944
487.30228
487.30780
487.31152
487.33774
487.42396
488.26996
488.28250
489.13216
489.14128
489.15052
489.16084
489.17050
489.42322
489.42772
489.43264
489.47038
489.48424
490.11910
490.12744
490.28044
490.67236
490.67962
490.68112
490.68622
491.04412
491.12992
491.32666
491.57902
491.58562
491.60884
491.97916
492.01516
492.01696
492.03052
492.03298
492.27994
492.62386
492.74074
492.78130
493.52572
493.53130
493.65430
494.52208
494.60254
494.60524
494.61430
494.62204
494.63368
494.63920
494.69656
494.71162
494.71450
494.71654
495.14008
495.18562
495.79972
495.81202
495.83164
495.83860
495.85072
496.04458
496.05568
496.17496
496.21648
497.14150
497.15296
497.16820
497.17492
497.17750
497.18896
497.21944
497.61130
497.62204
497.62858
497.63296
497.63524
497.65126
497.65702
498.37606
498.42166
499.00486
499.04602
499.23064
499.32034
499.53142
500.07916
500.20654
501.82882
502.15384
502.15792
502.17298
502.18186
502.19734
502.22488
502.43038
502.63036
502.66666
502.85764
503.49802
503.50402
503.50870
503.51098
503.52604
503.54938
503.55370
503.56882
503.81482
504.06004
504.06466
504.06640
504.09556
504.11464
504.11668
504.43504
504.44380
505.21990
505.22176
505.23664
505.26898
505.31788
505.32856
505.56370
505.62202
505.63864
506.40016
506.40586
506.42548
506.45506
506.49388
506.68558
506.69338
506.70796
506.72692
507.07468
507.08308
507.08932
507.09856
507.11092
507.13216
507.14062
507.15772
507.17194
507.92176
507.92590
507.93544
507.93844
507.96436
507.97726
508.13608
508.15156
508.74970
508.76554
508.77154
508.77418
508.78414
508.81396
508.88392
509.21260
509.73958
509.77888
509.78368
509.87224
510.01486
510.51178
510.51538
510.65008
511.32112
511.35778
511.36306
511.36468
511.37428
511.38220
511.39654
511.40932
511.41166
511.41670
511.45618
511.73572
511.97926
512.00944
512.02402
512.74744
512.76436
512.79220
512.81242
513.38248
513.40258
513.56266
513.56548
513.57292
513.58828
514.08118
514.09612
514.17970
514.18678
514.21240
514.28938
514.53112
514.56274
515.09374
515.09554
515.45224
515.49892
515.51410
515.51884
515.75644
515.77660
516.98020
516.98548
516.99256
516.99418
517.00420
517.01326
517.01500
517.35658
517.37524
517.69156
517.69672
517.71070
517.71436
518.55280
518.55754
518.56264
518.56834
518.59396
519.35956
519.40396
519.49324
519.49600
519.50896
519.87178
519.88468
520.12054
520.12888
520.32910
520.44298
520.56586
520.60960
520.74598
521.09608
521.39098
521.71594
522.11086
522.12826
522.14902
522.66868
522.69124
523.04266
523.76770
523.76944
523.77508
523.78492
524.01088
524.01946
524.03152
524.04286
524.04634
524.05000
524.06434
524.07034
524.07538
524.07712
524.09656
524.09884
525.22504
525.34036
525.80848
525.81784
526.20310
526.20952
526.23400
527.01406
527.02048
527.03362
527.04982
527.06332
527.16412
527.64508
527.64916
527.65126
527.65846
527.80054
527.81770
527.82034
529.36936
529.37140
529.37848
529.41304
529.42342
529.46266
529.50556
529.55560
529.57648
529.57930
529.60402
530.30578
530.30770
530.32558
530.33260
530.37520
530.39086
530.39242
530.70082
530.72236
530.90266
531.04966
531.05902
531.22102
531.23896
531.64690
531.73984
531.74938
532.24936
532.27696
532.69654
532.72330
532.74262
532.74604
532.79860
533.09224
533.10664
533.11612
533.13568
533.13850
533.14612
533.14984
533.16280
533.16568
533.75158
533.76904
533.77078
533.77282
533.77594
533.77834
533.80240
533.84266
533.84638
534.11398
534.35710
534.35974
534.66700
534.76510
534.80842
534.81910
534.82186
534.93172
535.44184
535.44376
535.44892
535.45228
535.45390
535.45654
535.46536
535.48768
536.99938
537.00556
537.01492
537.01804
537.02032
537.08434
537.21940
537.24328
537.54808
537.55342
538.07662
538.07986
538.08190
538.08628
538.12234
538.64782
538.66846
538.69684
538.71550
538.74292
539.10754
539.78614
540.67588
540.68464
540.69118
540.69538
540.70366
540.70546
540.74464
540.75892
540.76102
540.76270
540.77512
541.06870
541.07794
541.08388
541.09090
541.10926
541.11694
541.61866
541.67476
541.82482
541.85140
541.94236
542.13274
542.31718
542.65204
542.92852
542.93038
542.93200
543.08248
543.08938
543.09190
543.60736
543.61360
543.61966
543.65686
543.67204
544.18024
544.64722
544.64932
544.65922
544.66600
545.48890
545.49148
545.50540
545.55682
545.58658
545.82094
545.83612
546.05242
546.06406
546.50038
546.51466
546.51994
546.52246
547.90636
547.91068
547.91836
547.92286
547.92826
547.93042
547.95418
548.03542
548.36458
548.38330
548.42056
548.79580
548.80156
548.82436
548.85820
548.86402
549.10372
549.42304
549.43192
549.44620
550.45300
550.53394
551.04304
551.04982
551.07694
551.20360
551.58976
551.60956
551.79088
551.98756
551.99920
552.02596
552.30550
552.32578
552.35668
552.62272
552.92638
553.30288
553.32676
553.55914
554.16334
554.17018
554.29672
554.34520
554.40286
554.98078
555.33550
555.34120
555.34312
555.35602
555.80884
555.89956
555.90448
555.90640
555.94258
556.12438
556.12906
556.13266
556.53406
556.53856
556.56382
556.58248
556.64944
557.83924
557.85454
557.87266
557.92336
557.92810
557.93812
558.28918
558.31114
558.32836
558.80578
558.80806
558.82408
558.85486
558.86116
558.93898
559.03948
559.59142
559.60462
559.60636
559.61536
559.80364
559.80844
559.81654
559.83826
559.84054
559.85788
560.47462
560.47852
560.48302
560.48488
560.49778
560.50084
560.52634
560.52982
561.07168
561.13558
561.15364
561.17500
561.19750
561.20404
561.20728
561.85726
561.86602
561.91000
562.09894
562.12960
562.13950
562.28296
562.28530
562.60234
562.85164
563.55490
563.55718
563.96560
563.98432
564.04450
565.28338
565.29166
565.31008
565.31794
565.32364
565.36462
565.69732
565.70464
566.06104
566.06710
566.07832
566.18386
566.18596
566.19730
566.46718
566.48134
566.48746
567.53764
567.55708
567.58144
567.59806
568.17760
568.18270
568.19566
568.49158
568.58860
568.60462
568.82266
569.05228
569.70274
569.72752
569.77972
569.78254
569.78836
570.17590
570.47458
570.47860
570.49090
570.50764
570.51604
570.51778
570.54112
571.11718
571.12216
571.13338
571.14148
571.15168
571.18414
571.48774
572.13862
572.15140
572.15728
572.18512
572.21152
572.23804
572.29936
572.39260
572.72860
573.04210
573.05908
573.09340
573.13144
573.27652
573.29050
573.62716
574.06390
574.06636
574.43644
574.78102
575.60128
575.61934
575.62528
575.63014
575.90920
576.56206
576.57190
576.57388
576.58252
576.60322
576.61594
576.63952
576.83944
577.97866
577.99612
578.00224
578.03608
578.05324
578.05480
578.29030
578.43670
578.83732
579.17530
579.67522
579.67774
579.68950
579.71686
579.73282
579.74794
580.04338
580.04812
580.07374
580.45372
580.46884
580.66528
581.09032
581.09344
581.10040
581.10640
581.10952
581.11966
581.14204
581.18140
581.49400
581.52964
581.53282
581.59126
581.59708
581.60272
582.02860
582.03136
582.04144
582.06400
582.07258
582.08914
582.24790
582.30376
582.31768
582.33610
582.62938
582.63202
582.63400
582.64516
582.64858
582.65020
583.12972
583.14880
583.15366
583.16032
583.52914
583.53184
584.25316
584.27110
584.28160
584.43004
584.45344
584.47876
584.57890
584.73598
584.75074
584.95738
585.28288
585.31768
585.45112
585.69874
585.75136
586.47082
587.27242
587.28034
587.28874
587.32966
587.34118
587.99848
588.00358
588.03214
588.53002
588.53530
588.67720
588.69172
589.48720
589.52260
589.52428
589.53424
589.94638
590.09350
590.09836
590.10994
590.57908
590.58862
590.67370
590.89066
591.72226
591.75772
591.76270
592.00948
592.03624
592.04254
592.61482
593.80504
593.86642
593.88658
593.92930
593.93548
593.94460
594.18892
594.19096
594.56536
594.59254
594.90298
594.90508
594.90664
594.91828
594.96220
595.11532
595.35856
595.36612
595.37248
595.64500
595.69210
595.82926
596.09266
596.19118
596.70544
596.83960
597.30748
597.32074
597.32434
597.33772
597.33994
597.36058
597.36430
597.37834
597.38350
597.77614
597.79948
598.50730
598.76398
598.81066
598.82428
598.82854
600.32668
600.35986
600.36388
600.41392
600.42646
600.43198
600.47464
601.10716
601.10896
601.11142
601.12912
601.15000
601.16422
601.38484
601.38742
602.10142
602.10316
602.11516
602.13112
602.14456
602.18866
602.60914
602.61538
602.61892
602.62390
602.63308
602.63812
602.65120
602.67946
602.68282
602.76292
602.76538
603.64312
603.64618
603.66718
603.72238
603.73540
604.99132
604.99408
605.01124
605.01766
605.02174
605.04910
605.06368
605.06962
605.08372
605.09680
605.10412
605.15848
605.19298
605.21368
605.26678
605.35912
607.24600
607.27378
607.27858
607.87246
608.31970
608.35654
609.32770
609.40540
609.42640
609.59398
610.23556
610.24282
610.26244
610.29394
610.32610
610.41250
610.45030
610.78420
610.78942
611.08336
611.10646
611.10910
611.20690
611.21422
611.22322
611.55016
612.04060
612.04336
612.06094
612.06328
612.06952
612.07360
612.07618
612.07906
612.29284
612.32614
612.36844
612.65374
612.67672
612.70516
613.52248
613.54576
613.55776
613.58830
613.88104
614.10034
614.10760
614.12326
614.17990
614.20000
614.75938
614.80414
614.80918
614.81674
614.82328
614.82484
614.82712
614.83588
615.06676
615.08974
615.11542
615.11710
615.18928
616.27660
616.32046
616.43092
616.47016
616.48354
616.51354
616.51564
616.53652
616.80262
616.84510
616.87606
617.16952
617.17966
617.20576
617.53024
617.60662
617.63656
617.89864
618.11434
618.41548
618.42586
618.89062
619.05400
619.06960
619.07758
619.39168
619.58776
619.64452
619.65748
620.01694
620.29084
620.31772
620.32276
620.32468
620.34736
620.35624
620.36122
620.36302
621.06382
621.06682
621.08710
621.19384
621.21064
621.24796
621.25312
621.70936
621.73138
621.80350
621.80524
621.81076
622.50100
622.50808
622.51450
622.54054
622.56034
623.13616
623.14072
623.16970
623.18464
623.19682
623.78284
623.79484
623.79766
623.97082
623.97286
623.97478
624.02470
624.04630
624.48076
624.87586
624.89386
624.98608
625.25716
625.27690
626.19928
626.20078
626.21194
626.22502
626.25472
626.26810
626.27482
626.44474
626.48938
626.49808
626.51494
626.52346
626.77576
627.32092
627.32878
627.34144
627.34672
627.71104
627.77284
627.78790
627.88174
627.91738
628.21102
628.22224
628.45102
628.47106
628.69852
628.83280
629.72320
629.73790
629.78752
629.79250
630.17170
630.17620
630.17902
630.19522
630.25558
630.27442
630.57352
630.96796
631.38946
631.40260
631.65940
631.70092
632.16046
632.21182
632.42800
632.43484
632.44144
632.44762
633.56680
634.24630
634.24822
634.25284
634.26460
634.36630
634.37386
634.64800
634.67536
634.67914
635.03518
635.03764
635.06866
635.07868
635.08414
635.12548
635.90464
635.92816
635.93104
635.94556
635.96476
637.15702
637.20400
637.54828
637.55392
637.55776
637.57228
638.20852
638.22130
638.22880
638.23828
638.24206
638.25148
638.26600
638.26804
638.27176
638.27848
638.42428
638.60128
638.78314
639.17632
639.38068
639.55078
639.82552
639.86020
639.91990
640.36924
640.39330
640.40236
640.74616
640.77868
641.06836
641.07880
641.82016
641.86264
641.88496
643.28614
643.29364
643.31200
643.33426
643.33840
643.70458
643.98628
644.15986
644.50924
644.51518
644.52958
644.54836
645.28504
645.33982
645.79876
645.84268
646.12528
646.53598
646.56262
647.29084
647.29918
647.33308
647.33896
648.38566
648.38908
648.39268
648.42076
648.46006
648.67996
648.93910
649.07656
649.10344
649.12306
649.19134
649.24330
649.36576
649.46512
649.47004
649.50976
649.51300
649.78054
649.90282
650.02348
650.03668
650.24974
650.28568
650.28886
650.29564
650.32930
650.53000
650.71864
650.73958
651.07648
651.08320
651.10606
651.11746
651.15664
651.15970
651.21244
651.30964
651.58924
651.59296
652.59142
652.60348
652.61386
653.00152
653.00374
653.56270
653.58124
653.58688
653.59114
653.61268
653.75212
653.89360
653.93566
654.29068
654.49342
654.52372
654.53374
654.93766
654.95674
655.18426
655.19506
655.20028
655.21888
655.26352
655.26718
656.00116
656.01538
656.02354
656.02618
656.03404
656.04376
656.35570
656.36074
656.89750
656.90428
656.92756
656.93260
656.93818
656.95366
656.95576
656.97124
656.97862
657.08152
657.63244
657.66004
658.38298
658.38532
658.49926
658.53712
658.54564
658.92496
658.93276
658.94248
659.56078
659.56762
659.57416
659.60632
659.61250
659.62888
659.63428
660.11038
660.11398
660.14212
660.15226
660.18700
660.18868
660.22780
660.58882
660.98830
660.99172
660.99472
661.01296
661.02286
661.26514
661.35070
661.45522
661.46914
661.67464
662.70556
662.79028
663.49750
663.79048
663.85132
663.85594
664.17964
664.20142
664.74958
664.77964
664.78582
664.79506
664.79716
664.80382
664.80652
666.04540
666.05044
666.06280
666.07426
666.07912
666.09352
666.10948
666.14968
666.48634
666.72346
666.73492
666.79888
668.22358
668.22622
668.27020
668.28790
668.35006
668.72350
668.72710
668.73580
668.73772
668.74312
668.99752
669.00448
669.03334
669.03880
669.39052
669.48040
669.51850
670.19770
670.20472
670.21570
670.24000
670.59760
670.77298
671.08108
671.09098
671.28412
671.42044
671.42650
671.46022
671.72740
671.73622
671.91466
672.29056
672.32902
672.34756
672.43258
672.77056
673.40500
673.40806
673.41628
673.41940
674.33782
674.34130
674.34286
674.35624
674.36314
674.39224
674.42932
674.43142
674.43544
674.73118
675.22198
675.22978
675.34996
676.01056
676.01602
676.01854
676.03888
676.06234
676.07950
676.59826
676.61632
677.19646
677.24950
677.55790
677.63416
677.64784
677.66908
677.68402
678.22000
678.25144
678.25348
678.28618
678.29032
678.29482
678.30010
679.07050
679.08352
679.09696
679.11070
679.13890
679.25722
679.28410
679.63660
679.66060
679.68904
679.70284
679.70536
680.02156
680.02510
680.49706
680.51362
680.52052
680.52784
680.60938
680.61574
680.62102
681.21880
681.22042
681.22846
681.23494
681.24100
681.66724
681.67792
682.07248
682.07410
682.07668
682.07842
682.09036
682.10230
682.38358
682.47820
682.48276
682.50238
682.52578
682.63072
682.63612
682.64584
682.85530
683.05924
683.14540
684.02416
684.41272
684.47404
684.49642
684.50542
684.78922
685.40842
685.43188
685.81504
685.84408
685.86514
685.90606
686.68330
686.69314
686.70262
686.72842
686.73052
686.73898
686.74666
686.74822
686.84896
687.34240
687.35518
687.36208
687.36628
687.37696
687.37918
687.73372
688.19242
688.21804
688.22038
688.24840
688.24996
688.33534
688.72690
688.74262
689.07034
689.21704
689.22046
689.52772
689.52946
689.53744
689.68492
690.48148
690.49402
690.56584
690.57478
691.34020
691.35064
691.36012
691.36462
691.86502
691.87450
691.88254
691.89592
691.90822
692.13460
692.28424
692.29144
692.32660
692.33380
692.33998
692.83480
692.90818
692.94538
692.94802
693.06802
693.38488
694.40530
694.43062
694.99498
695.00224
695.03104
695.13022
695.43892
695.77588
695.79454
695.80222
695.81104
695.83498
696.07840
696.71908
696.80896
697.39438
697.39696
698.04946
698.06344
698.20888
698.41576
698.83858
698.84350
698.85994
698.87344
698.91568
699.47026
699.47398
699.48160
699.49258
699.50242
699.50614
699.51406
699.58204
700.29118
700.29568
700.30264
700.35436
700.35700
701.15626
701.16310
701.16580
701.17684
701.17840
701.19742
701.19958
701.20984
701.22202
701.92222
702.00124
702.02818
702.36910
703.00090
703.00894
703.26454
703.27216
703.28122
703.30768
703.31800
703.32814
703.36516
703.36996
703.76002
703.76344
703.76644
704.24512
704.26792
704.28688
704.42512
704.55442
704.66980
704.70928
704.74336
704.97826
705.16900
705.43198
705.45736
705.48892
705.49168
706.06906
706.07698
706.69498
706.71178
707.18446
707.18788
707.19136
707.19340
707.76106
707.79262
707.82130
707.86468
708.85924
708.86896
708.89752
708.99346
709.05028
709.05616
709.13188
709.33774
710.02180
710.04304
710.05636
710.08558
710.10538
710.11558
710.12068
710.12530
710.12758
710.37046
710.38228
710.68210
710.69896
711.01294
711.01762
711.03040
711.62086
711.62320
711.64276
711.65074
711.65626
711.66394
711.66670
712.00828
712.00990
712.02094
712.04470
712.04650
712.06660
712.07134
712.11628
712.13014
712.18708
712.48336
713.39764
713.40850
713.42734
713.44516
713.46706
713.69638
713.99548
714.10000
714.13360
714.16822
714.64372
714.68140
714.68344
715.28812
715.29064
715.30822
715.42282
715.73980
715.76626
715.77130
715.79728
715.81768
715.83268
715.87450
715.88212
715.91158
715.98916
716.48038
716.82442
717.36268
717.37834
717.39976
717.76894
717.80548
717.84142
717.84646
717.87490
718.61116
718.61944
718.62340
718.63594
718.64836
718.66900
719.41948
719.45194
719.45722
719.46346
719.47840
719.51908
719.74864
719.76790
720.45280
720.47104
720.48238
720.49930
720.50980
720.51340
720.64192
720.64972
720.65728
720.67090
720.69652
720.99292
721.13968
721.66288
721.67536
721.68982
721.70272
722.21746
722.24260
722.49616
723.09598
723.20398
723.22642
723.46342
723.47950
724.64026
724.64758
724.65664
724.65826
724.66000
724.66264
724.71550
724.75126
725.01322
725.74402
725.74630
725.77966
725.81848
725.83660
726.14032
726.16894
726.17572
726.34822
726.39040
726.39202
726.77626
726.98476
727.21312
727.43662
727.49842
727.50838
727.75804
727.81372
728.59450
728.61352
728.61838
728.92882
728.94124
729.60694
729.62494
729.63082
729.63340
729.64000
729.64444
729.65128
729.66580
729.67282
729.70060
729.70612
729.70816
730.99342
731.00212
731.00464
731.01394
731.17786
731.68162
731.76082
731.77744
731.78248
731.78434
731.78830
731.80204
731.82484
731.82688
732.30100
732.32608
732.33094
732.36412
732.37726
732.41476
732.75514
733.20142
733.20370
733.65166
733.65538
733.67536
733.67872
733.68364
733.69348
733.91932
733.92106
733.94752
733.97956
733.98916
733.99432
734.06494
734.61760
735.19612
735.20452
735.65872
735.66850
735.69928
736.32550
736.68712
736.77052
736.79788
737.25460
737.44192
737.51986
737.67562
737.75404
738.17002
738.17212
738.17416
738.17902
738.19150
738.21310
739.04566
739.07992
739.08346
739.10050
739.53964
739.86886
740.20264
740.22442
740.24452
740.66026
740.66830
741.05092
741.67462
741.67612
741.68410
741.72130
741.72664
741.75466
741.93682
741.93898
742.00270
742.71142
742.71310
742.71496
742.72042
742.96036
743.01934
744.17416
744.17590
744.19642
744.30274
744.31366
744.34354
744.36316
745.11358
745.13926
745.15048
745.21048
745.76086
745.79398
745.79590
746.59972
746.60158
746.61250
746.62288
746.62816
746.64478
746.64904
746.66710
746.68282
746.69752
746.92558
747.22348
747.23836
747.26032
747.39052
747.39880
749.08408
749.08672
749.56390
749.57290
749.57806
749.59432
749.60914
749.64682
749.72098
750.12088
750.13648
750.15448
750.17152
750.17314
750.17776
750.19720
751.71094
751.72084
751.72720
751.74784
751.74988
751.76380
751.81276
751.81444
751.90384
752.12278
753.00982
753.02032
753.68056
753.94624
753.95164
753.95506
753.95824
754.51492
754.83874
755.30632
755.30782
755.31052
755.31310
755.34424
755.87530
756.43684
756.45322
756.63808
757.24546
757.25602
757.26460
757.27036
757.35178
757.55362
757.83130
757.84108
757.86454
757.88374
758.20270
758.77402
758.77798
758.81188
759.18520
759.20218
759.20620
759.35092
759.60670
760.44742
760.48594
760.49218
760.50160
760.59694
761.00188
761.03512
761.04202
761.05270
761.05804
761.09452
761.63746
762.01336
762.01816
762.02464
762.04474
762.06256
763.61020
763.62670
763.65094
763.65766
763.71400
764.18152
764.64262
764.65204
764.67358
764.75056
764.77240
764.77426
764.80936
764.82550
764.96110
765.00232
765.00418
765.39760
765.43204
765.43450
765.43642
765.44032
765.56980
765.57778
765.98986
766.00312
766.01134
766.01332
767.01850
767.02078
767.08528
767.11342
767.15686
767.17144
767.25886
767.30740
767.67808
767.68240
767.68792
767.69080
767.69260
767.81302
767.94496
768.00886
768.04336
768.09442
768.34234
768.37138
768.57766
769.14004
769.16428
769.16962
769.18042
769.35046
769.67992
769.69822
769.69984
770.13706
770.18224
770.31742
770.52964
770.91052
770.91292
771.10738
771.11230
771.11866
771.13570
771.80494
771.83020
771.84064
771.86140
772.27318
772.28998
773.17762
773.18020
773.63218
773.63452
773.64964
773.66848
773.68552
773.88742
773.89402
774.47938
774.49438
774.49702
774.50920
774.64450
775.18918
775.19098
775.19632
775.70062
775.70794
775.70956
775.73692
775.74274
775.75810
775.76626
776.57416
776.58292
776.58778
776.59024
776.59198
776.60698
776.62198
776.63632
776.64028
776.67136
776.67724
777.10012
777.55864
777.56020
777.56308
777.57076
777.57442
777.57598
777.60088
777.61018
777.99364
778.03300
778.81630
778.85002
779.00038
779.42746
779.43688
779.45458
779.46256
779.61916
779.74678
781.10302
781.11814
781.13680
781.20130
781.82368
781.82590
781.83082
782.51044
784.00714
784.02742
784.03612
784.05100
784.05286
784.05748
784.07704
784.15132
784.15744
784.17166
784.19290
784.22080
784.23532
784.60048
784.94272
784.94890
784.95610
784.99012
785.01322
785.24806
786.03658
786.04240
786.04630
786.04846
786.05086
786.07240
786.08452
786.09370
786.52204
786.54610
787.65718
787.65910
787.66684
787.67782
787.70980
787.86034
788.38372
788.39302
788.45062
789.33838
789.35482
789.35662
789.36022
789.39358
789.39544
789.40318
789.45286
789.46288
789.46612
789.67894
789.85018
789.90256
790.02322
790.04794
790.08694
790.30228
790.32868
790.52716
790.60516
790.86706
790.87876
790.91062
791.05714
792.30412
792.30646
792.31354
792.31528
792.31948
792.32350
792.35032
792.35458
792.36700
792.96052
792.96634
793.01152
793.86406
793.99072
794.33638
794.57074
794.57236
794.57662
794.58124
794.59942
794.60506
795.34864
795.37390
795.98524
797.36026
797.51092
797.52064
797.52484
797.55274
797.88970
797.89432
797.91910
798.24286
798.60052
798.60514
798.60904
798.61132
798.63400
799.36228
799.37062
799.37440
799.39084
799.40290
799.40488
799.41640
799.46164
800.27830
800.28808
800.29480
800.31298
800.31712
800.34796
800.35480
800.63542
800.89714
800.91424
800.92018
800.92822
800.95738
801.00400
801.11224
802.04944
802.49392
802.94326
802.94752
802.99870
803.02402
803.02672
803.06008
803.45416
803.52790
803.54092
804.04384
804.04948
804.05200
804.05950
804.06364
804.10414
804.10906
804.13360
804.66712
804.67162
804.69130
804.73900
805.41988
805.44172
805.44382
805.46008
805.46188
805.47274
805.48288
805.49458
805.55272
805.77370
805.78870
805.79068
805.80232
806.28418
806.28796
806.35084
807.07390
807.07954
807.09364
807.76918
807.78460
807.78640
807.87592
808.26316
808.26886
808.27066
808.27684
808.28314
809.36812
809.37514
809.37874
809.38168
809.38450
809.41780
809.43352
809.45698
809.55046
809.69212
810.15358
810.16342
810.18046
810.59962
810.60268
810.62980
811.50634
811.51582
811.93732
811.95202
811.95820
812.25712
812.60692
812.76544
812.78572
812.81968
812.82352
812.86648
813.51382
813.55444
813.58102
813.59950
813.60622
813.74266
813.89728
814.47808
814.48900
814.79044
814.80400
815.33110
815.79838
815.81266
815.82028
815.83246
815.83444
816.58456
816.59638
816.61402
816.63562
817.67890
817.68484
817.69006
817.72564
818.46598
819.54430
819.58900
819.59338
819.60418
819.62170
819.63712
819.68122
819.73294
819.73900
819.96034
819.96670
820.39270
821.00776
821.07478
821.71216
821.72302
822.98452
822.98734
822.99232
823.04116
823.10578
823.25248
824.18230
824.19214
824.20078
824.20876
824.71918
824.90998
824.91568
824.93428
824.94034
824.95630
824.95948
825.58954
826.05280
826.31998
826.61914
827.09362
828.00790
828.01150
828.02872
828.03172
828.49534
828.49738
828.51754
828.77290
828.79660
828.80446
828.80656
829.39216
829.41826
829.42000
829.42864
829.43716
829.43938
829.45048
829.45564
830.60938
830.65582
830.67160
830.68912
830.69404
830.99344
831.00022
831.00898
831.30826
831.77872
831.78916
831.79864
831.80494
831.97522
832.44262
832.47796
832.50052
832.53640
833.09998
833.10982
833.11648
833.12602
833.14252
833.63128
833.64544
833.65054
834.49678
834.50524
834.50884
834.52408
834.52972
834.54238
834.55132
834.56326
834.57298
834.96502
835.12210
835.64434
835.72492
835.73122
835.85548
836.01232
836.04190
836.33902
836.37040
836.71996
837.05554
837.07252
837.08764
837.82354
837.87118
839.29858
839.30140
839.31538
839.32954
839.35486
839.35744
839.37124
839.39008
839.50762
839.51380
839.52688
839.65300
840.19768
840.38824
841.21204
841.38226
841.88914
841.91440
841.92958
842.25718
842.25952
842.27266
842.27512
842.27794
842.28790
842.29612
842.30488
842.30902
842.32006
842.32432
842.44012
842.83180
842.84116
842.84464
843.00058
843.00238
843.01210
843.85180
843.86566
843.86752
843.87316
843.88054
843.93064
844.23694
844.24336
844.25218
845.10094
845.10478
845.31040
845.31400
845.32312
845.34778
845.56630
846.57616
846.59410
847.14112
847.72060
848.07232
848.09302
848.09824
848.11450
848.15620
849.08554
849.08776
849.09532
849.09874
849.11392
849.12022
849.12274
849.12868
849.13048
849.14086
849.14728
849.55618
850.14868
850.17076
850.18012
850.35988
850.41436
851.27980
851.28832
851.31004
851.31184
851.34640
851.34796
851.35048
851.35582
851.35924
852.35332
852.35692
852.35860
852.47476
852.48586
852.52672
852.69658
853.01830
853.03414
853.71202
853.71748
853.73038
853.81564
854.07004
854.09044
854.10064
854.85358
854.85988
854.86348
854.86564
854.87848
854.92162
854.92690
854.93908
854.96062
854.96704
855.44272
855.46114
856.02658
856.03438
856.33420
856.33816
856.60870
856.61878
856.90078
856.91134
857.08126
857.33704
857.60548
857.62372
858.33508
858.43390
858.71452
859.40350
859.40608
859.41118
859.43854
859.45696
859.69558
859.70002
859.70926
859.93054
860.34700
860.36452
861.03124
861.03952
861.04342
861.04534
861.32788
861.35968
862.13662
862.14352
862.14574
862.16278
862.16500
862.17736
862.17928
862.37800
862.38136
862.39450
862.85572
862.86202
863.26066
863.26408
863.97448
863.97664
863.99242
863.99542
864.01036
864.03022
864.04084
864.09100
864.66850
864.69520
864.72742
864.73600
864.77044
864.83170
865.73776
865.74988
865.77040
865.78378
865.79758
865.80400
865.81024
865.82074
865.83538
865.86760
866.08240
866.38492
866.39332
866.42038
866.42206
866.43088
866.51560
866.52082
866.75422
866.79316
866.80114
866.90038
866.95390
867.27046
867.69280
867.72796
868.19398
868.25338
869.04214
869.06530
869.06866
869.07064
869.08564
869.08840
869.10010
869.18008
869.18956
869.19718
869.47960
869.51326
869.51680
869.52796
869.53198
870.36796