0.51192
0.88452
0.89226
1.31526
1.89492
2.57004
3.07884
3.10776
3.12780
3.13284
3.13566
3.19284
3.25956
3.77244
3.83628
3.85296
4.37304
4.86084
4.88730
5.04336
5.08998
5.18718
5.23968
5.56134
5.80512
5.82882
5.84376
6.93750
6.96204
7.12716
7.16346
8.18538
8.20068
8.52846
9.11370
9.13626
9.44736
9.75900
9.81798
10.35756
10.36554
10.41084
10.83690
10.99092
11.75178
11.75568
12.79806
12.81588
12.97224
13.06536
13.62114
14.07882
14.10894
14.40636
14.89980
15.38994
15.65976
15.66504
15.78474
15.79830
16.20174
16.40574
16.70592
17.87208
18.01746
18.25002
18.39990
18.85512
18.87630
19.23120
19.36014
20.26488
20.37828
20.57424
20.84862
20.90814
21.05334
21.33774
21.33960
21.51408
21.52230
22.40526
22.40910
22.45296
22.46418
22.47654
22.76766
22.77192
22.83396
23.32770
23.67366
24.29826
24.30240
24.64446
24.68856
24.71580
25.44252
25.45572
25.51446
25.52388
25.84398
25.85400
25.87020
25.89504
26.39802
26.51616
26.61108
27.16206
27.24120
28.27254
28.49388
28.51710
28.65978
29.11884
29.42904
30.11334
30.11520
30.12198
30.13374
30.20706
30.48282
30.49338
31.12818
31.17540
31.70892
31.73634
31.74744
32.69976
32.71818
33.06942
33.10374
33.12684
33.12996
33.16308
33.42978
34.80012
35.15496
35.16480
35.16930
35.18094
35.27076
36.00246
36.01986
36.06102
36.07164
36.08586
36.12744
36.44178
36.66528
36.99834
37.01460
37.03308
38.06058
38.06262
38.21160
38.23068
38.23428
38.38548
38.97840
39.04194
39.17442
39.56430
39.56778
39.57894
39.73632
39.75558
40.75332
40.85160
40.86036
40.91466
41.76552
41.82870
42.22038
42.23664
42.24618
42.43548
42.46038
42.48156
43.66776
43.67160
43.71714
43.76778
44.37666
44.40924
44.89068
44.90220
45.30462
45.32196
45.32910
45.37626
45.63894
45.67086
45.67836
45.78120
46.50540
46.56540
46.59876
46.63596
47.19702
47.27292
47.32554
47.79876
47.83410
47.85252
48.10614
48.21624
48.32616
48.42114
48.44538
48.44826
48.72684
49.15032
49.18752
49.68126
49.87104
49.92180
50.49678
51.64728
52.79058
52.80792
53.19090
53.53446
53.69328
55.01334
55.38774
55.39482
55.43220
55.43376
56.13786
56.71200
56.74848
56.77428
56.78820
56.94114
57.00480
57.63468
57.64644
58.03026
58.03500
58.06392
58.66536
58.69734
58.75818
58.81590
59.05806
59.15832
59.80518
59.96850
59.98404
59.98980
59.99754
60.37524
60.71580
60.73080
61.03284
61.09284
61.09650
61.10580
61.20186
61.29912
61.99644
62.33556
62.33796
62.38260
62.39940
62.40828
62.41290
62.80998
62.81322
62.90244
63.18762
63.36942
63.98016
64.00764
64.94262
65.03070
65.10774
65.15778
65.24898
65.33010
65.41686
65.84496
65.88348
65.92650
66.52254
66.55200
66.59724
67.09746
67.11072
68.11116
68.38650
68.46264
68.73678
68.74794
68.76984
69.31068
69.34620
69.36714
69.76308
69.87264
69.87714
70.01760
70.02030
70.11294
70.12020
70.16616
70.17042
70.22034
70.38438
70.75824
70.75986
70.79694
70.96614
71.04972
71.36766
71.50716
71.56746
72.50412
72.55122
72.63894
72.66876
72.70410
72.85824
73.16472
73.46670
73.47120
73.60596
74.14512
74.16084
74.19492
74.19738
74.46312
74.80578
74.82846
75.08712
75.11352
75.14070
75.39120
75.40608
75.44418
75.65424
75.76968
75.80334
75.83790
76.55736
76.62642
76.66386
77.18502
77.18682
77.21514
77.60880
77.61852
77.66598
78.11586
78.14760
78.15450
78.16260
78.67806
78.77010
78.80004
78.81840
78.92814
78.93018
79.13982
79.16172
79.18530
79.75122
79.78302
80.03988
80.13912
80.59494
80.66292
80.91780
81.58866
81.64134
81.65664
81.73116
81.86220
81.91926
82.35150
82.35552
82.40970
82.48158
82.99656
83.01822
83.06208
83.09592
83.17602
83.36232
83.42016
83.42754
83.74308
84.89004
84.93408
85.27788
85.69266
85.70052
85.70490
86.24616
86.26350
86.27046
86.29116
86.30916
86.84562
86.90724
87.20574
87.75708
88.53966
88.54998
88.63992
89.00640
89.17332
89.19648
89.20932
89.21328
89.82018
90.23574
90.47226
90.47988
90.48408
90.84360
91.00104
91.33710
91.34880
91.38312
92.16024
92.37756
92.51778
92.53104
92.70594
92.73786
92.77560
92.79042
92.81364
92.83464
92.87838
93.17082
93.50556
93.52266
93.55062
93.55302
93.72768
94.05396
94.05744
94.12050
94.33500
94.38156
94.39512
94.72386
95.14398
95.87604
95.92206
95.92704
95.95914
96.00846
96.28032
96.37098
96.37734
97.76106
97.92582
97.97382
98.34348
98.36724
98.52294
99.25884
99.26178
99.26370
99.27342
99.38796
100.18152
100.19934
100.20672
100.27074
100.27746
100.64286
100.66866
101.22372
101.53440
101.90598
101.92374
102.47832
102.77850
102.78042
102.79956
103.09032
103.09458
103.29948
103.76838
104.04666
104.06658
104.07012
104.11824
104.16378
104.27364
104.29014
104.31324
104.34408
104.55840
104.71902
105.05430
105.05712
105.06336
105.07050
105.67068
105.71310
105.73998
106.43904
106.46694
106.84992
106.85934
106.86114
106.86660
106.88082
107.09640
107.13042
107.13468
107.85636
107.86746
107.88018
107.89278
107.95224
108.33012
108.83040
108.86706
108.87852
109.37526
109.89954
109.93230
110.66082
110.70138
110.71380
112.01496
112.07442
112.55142
112.58484
112.62228
112.91808
114.09186
114.50922
114.54492
114.82692
114.87828
115.03596
115.14078
115.36266
115.81686
116.64168
117.10902
117.24456
117.37818
117.43800
118.03212
118.06278
118.87152
118.87644
118.88268
119.39202
119.43390
119.74434
119.78040
119.86122
120.65046
120.66342
120.68460
120.72570
120.85560
120.87300
120.92892
121.57686
121.58394
121.62210
121.67454
121.69782
121.72464
121.74402
123.00384
123.01128
123.04344
123.30066
123.70518
123.73290
123.73704
123.74028
124.32252
124.33260
124.35696
124.37496
124.42554
125.33286
125.34348
125.35122
125.92926
125.95560
126.09438
126.59328
126.62904
126.67020
126.81378
126.82758
126.86064
126.86694
126.93006
126.98766
128.24238
128.29272
128.30154
128.98968
129.34332
129.35508
129.36648
129.39948
129.41610
130.09098
130.14240
130.40040
130.42380
130.50978
132.27480
132.74160
133.05654
133.47474
133.83192
133.85208
134.10162
134.10774
134.16048
134.19192
134.69124
134.72298
135.32928
135.36636
135.38382
135.42726
135.43170
135.46476
135.51798
136.32180
136.75800
136.76730
136.78110
136.82106
137.09448
137.10732
137.13222
137.16762
137.17374
137.20062
137.29128
137.32656
137.56998
137.81412
137.83692
138.16752
138.28422
138.47448
138.49710
138.98508
139.24440
139.70736
139.72038
139.74426
139.76364
139.79586
139.98966
139.99998
140.96634
140.98662
141.00090
141.03054
141.32526
141.37692
141.38292
141.75882
142.57254
143.03190
143.04648
143.06772
143.07744
143.07996
143.12400
143.12874
143.16036
143.41866
143.43846
143.71608
143.72226
143.94354
143.95278
143.96424
144.00834
144.11574
144.88410
144.89610
144.91098
144.92562
145.52706
145.61316
146.11314
146.19936
146.80998
146.85564
146.90964
147.22962
147.23988
147.47022
147.53862
147.66582
148.04898
148.69560
148.72050
149.17416
149.62314
150.31278
150.37524
150.70248
151.33716
151.35846
151.54608
151.90668
151.92492
152.29032
152.34594
152.44638
152.94318
152.96580
153.00642
153.07638
153.35568
153.39672
153.72522
153.86952
153.94662
153.96144
153.98400
154.70724
155.04354
155.10708
155.41620
155.74632
155.82222
156.15678
156.19290
156.20622
156.55428
156.58290
156.66396
156.68268
157.15086
157.57716
158.12868
158.15718
158.16864
158.93526
159.22500
159.69210
159.72870
159.75642
160.01604
160.64376
160.68660
160.91364
161.01990
161.32806
161.51844
161.54574
162.29244
162.33702
162.41622
162.63960
162.83382
162.85632
162.98460
163.02618
163.27140
163.31526
163.84086
163.84278
163.87374
164.49978
164.51718
164.53008
164.76540
164.80002
164.82042
164.82432
164.85306
164.87040
164.88222
164.88432
164.90124
165.63990
165.80712
165.81684
165.84426
166.15020
166.54020
166.57992
166.60434
167.11656
167.42670
167.43666
167.99490
168.35772
168.94992
170.37372
170.38260
170.40222
170.44524
170.46396
170.60688
170.68230
170.75022
170.76672
171.10980
171.11700
171.12486
171.63966
171.65622
171.69972
171.96138
172.61412
173.03058
173.67762
173.69154
173.72202
173.73378
174.01434
174.30066
174.31806
174.33090
174.34428
174.61728
174.69042
174.69276
174.71364
174.95802
175.20540
175.23114
175.23888
176.09826
176.48400
177.05238
177.06438
177.52134
178.25466
178.92228
179.27736
179.32716
179.71788
179.74842
179.86836
179.88306
180.34962
180.41478
180.75780
180.77160
180.77820
180.79632
181.08144
181.31364
181.71222
181.71372
182.08434
182.33328
182.34102
182.35278
182.74104
182.80302
182.97462
183.04500
183.28836
183.31176
183.34122
183.35808
183.55788
184.18074
184.27032
184.30164
184.92558
185.42838
185.43462
185.47188
185.80272
185.85318
185.89308
186.23532
186.23970
186.25902
186.29148
186.30162
186.87018
187.69878
187.98348
188.90508
188.91270
188.93052
188.95512
188.95674
188.96436
188.97936
189.52560
189.53502
189.69624
190.28208
190.29264
190.30458
190.59396
191.25150
191.28618
191.34006
191.97798
192.22350
192.26034
192.26616
192.28236
193.08984
193.14864
193.25820
193.68990
194.13522
194.37828
194.41428
195.13386
195.15870
195.25164
195.64284
195.73764
195.92484
197.19240
197.23248
197.69922
197.70438
197.72904
197.74452
197.75370
198.17808
198.18018
198.30174
199.22250
200.17938
200.18460
200.23254
200.38638
200.39478
200.68914
201.21936
202.18266
202.21920
202.25262
202.29474
202.87968
202.89828
203.59812
203.67522
203.81448
203.87226
203.89656
203.91168
203.93046
204.02508
204.16584
204.54186
205.21692
205.24956
205.30866
205.37598
205.72518
205.82904
205.83720
205.91586
206.65110
206.67546
206.69808
207.10602
207.52662
208.32276
208.32996
208.33758
208.35870
208.36602
208.41804
208.72968
208.96362
208.96680
209.33262
209.36256
209.48748
209.49732
210.49578
210.92562
211.31952
211.32978
212.64114
212.66646
212.73072
213.07086
213.07704
213.12450
213.13896
213.15924
213.18096
213.94554
214.11564
214.72824
215.56674
215.70318
215.70684
215.80290
216.13374
216.21684
216.46986
216.93402
216.95112
216.98682
217.06746
217.13700
217.25316
218.02242
218.59740
219.13050
219.15084
219.18666
219.45510
219.49182
219.50208
219.52020
219.86022
220.80762
220.82562
220.88454
221.22084
221.83668
221.85390
221.89926
221.90982
222.22830
222.23784
222.24498
222.45810
222.51072
222.71694
223.01094
223.01664
223.05174
224.03202
224.08494
224.14362
224.46462
225.05484
225.57036
225.58026
225.59520
225.60198
225.80496
225.82932
225.91758
226.44312
226.66476
227.19798
227.26020
227.26764
227.28888
227.65668
228.11670
228.61926
228.66276
228.66924
228.99606
229.00566
229.35252
229.36656
229.39956
229.43106
229.96170
229.99440
230.07228
230.78886
231.27090
231.29052
231.30906
231.33294
231.34164
232.16940
232.42962
232.51626
232.51956
232.93722
233.03058
233.05200
233.30094
233.35494
233.95008
233.95392
234.32952
234.61044
234.61206
234.83124
234.84906
235.15068
235.15338
235.47300
235.53678
235.65702
235.95642
236.17980
236.41236
236.46774
237.91200
238.64076
239.62998
239.67636
239.89110
239.90844
239.94306
240.38004
240.95550
241.42188
241.44852
241.69158
242.09826
242.11200
242.11452
242.16618
242.44878
242.46792
242.62068
243.14526
243.63804
243.68622
243.78228
244.03950
244.13628
244.13946
244.14408
244.18908
244.20024
244.74624
244.76082
245.18994
245.20518
245.21640
245.22078
245.62344
245.72214
246.78324
246.79596
246.84420
246.84804
247.08024
248.07126
248.14632
248.14866
248.49378
248.74338
248.74680
248.81670
249.19710
249.20916
249.29376
249.72504
250.17834
250.56096
250.56768
250.57530
250.58664
250.60074
251.23692
251.24298
251.71734
251.72496
251.77356
251.85702
252.47424
252.48942
253.12836
253.13880
253.71378
253.72584
253.99776
254.47710
254.70270
255.02886
255.07326
255.34260
255.98604
256.02564
256.44072
257.07420
257.10054
258.11328
258.91554
258.95886
259.16034
259.46034
259.56288
259.66218
259.88076
260.45796
260.78946
260.80344
261.51120
262.13076
262.14174
262.64172
262.65108
262.68402
262.78434
262.78776
263.25480
263.27520
263.98176
264.06336
264.06708
264.36858
264.44808
264.75732
264.83130
265.00902
265.02036
265.04514
265.86666
265.87464
266.50236
266.82912
267.47340
267.48606
267.53922
267.94878
268.42410
268.57932
269.28648
269.33070
269.42886
269.53980
270.13776
270.14088
270.24108
270.93978
270.94716
270.95220
270.97044
270.97770
271.45038
271.48050
272.09148
272.11680
272.12196
272.41716
272.43570
272.45058
273.51972
273.89046
274.42782
274.45110
274.45968
275.09562
275.47176
275.52228
275.57430
275.57598
275.58720
276.69174
276.75174
277.81350
277.81572
277.82634
277.82928
277.85850
278.11344
278.54760
278.56116
279.01602
279.02742
279.83178
280.10004
280.13088
280.31346
280.33266
280.45266
280.82046
281.81358
281.82798
281.85336
281.90526
282.54810
282.61482
282.96186
282.98256
282.99336
283.31478
283.67454
283.69248
283.71768
283.74198
283.76094
283.79346
284.21796
284.22720
284.58750
284.65842
284.66046
284.91786
284.92128
285.36078
285.68472
285.70314
286.50138
286.50852
286.56000
286.59744
286.98996
287.00178
287.72640
287.75514
287.76570
288.39342
288.46890
288.65010
288.69972
289.01280
289.64436
289.70232
289.99620
290.50128
290.90166
290.91618
291.59820
291.62532
291.67416
292.03902
292.31952
292.32270
292.33980
292.50954
292.57578
292.60608
292.61400
293.11722
293.35590
293.40624
293.48940
293.51088
293.53698
294.16104
294.85542
294.91272
295.53216
296.17506
296.22060
296.24418
296.26674
296.59692
296.62386
296.63388
297.14718
297.16734
297.17322
297.19542
297.69720
298.15902
298.28820
298.37034
298.37388
298.82136
298.84722
299.61132
299.70120
299.70360
299.96550
300.26166
300.67164
300.67842
301.05540
301.05714
301.07196
301.18902
301.22496
301.59108
302.97912
302.98830
302.99184
303.31506
304.07532
304.09926
304.12224
304.72764
305.12334
305.12568
305.16972
305.18934
305.44182
305.72604
306.12708
306.12924
306.16932
306.19920
306.21582
306.97392
306.98826
307.08114
307.09962
307.12740
307.75800
307.77396
307.81494
307.90704
308.34978
308.54304
309.83838
309.84144
309.86646
310.42560
310.42968
310.46778
310.53264
310.57656
310.61010
311.14866
311.22612
311.55456
311.63052
312.07122
312.09546
312.11064
312.12336
312.13548
312.44424
312.46086
312.50106
313.37754
313.66446
313.67112
313.78686
313.82742
314.18526
314.35056
314.37984
315.84666
316.27830
316.28580
316.30050
316.40124
316.74480
316.76478
316.78056
316.87512
317.84022
318.66294
318.72852
319.22340
319.27158
319.27740
319.78812
319.80726
320.10408
320.11254
320.70720
320.71572
321.36768
321.37776
321.38526
321.45486
321.58356
322.00896
322.01286
322.04298
322.06284
322.08636
322.54614
322.54998
322.55526
323.24658
323.31042
324.03432
324.40950
325.12980
325.17714
325.20234
325.83048
326.09940
326.12580
326.12838
326.46072
326.53452
326.55708
326.56350
326.62446
327.10362
327.98058
328.00374
328.03032
328.58076
328.83072
328.89456
329.51418
329.54574
329.80434
329.87142
330.35694
330.42486
331.26888
331.59660
332.06208
332.07492
332.08086
332.90442
332.92128
332.93340
332.93514
333.45900
333.47736
334.11444
334.89228
335.88888
335.89722
336.09072
336.22800
336.43254
337.05816
337.10496
337.13016
337.13868
337.14570
337.18848
337.30500
337.34568
337.84380
338.24262
338.25000
338.56242
338.59356
339.29526
339.70590
339.71772
340.75584
340.83594
341.21526
341.80284
341.80488
342.16962
342.21888
342.25938
342.73458
342.74634
342.75516
342.76608
342.89490
342.98880
343.41804
343.88262
344.47812
344.51658
344.79270
345.57852
345.58296
345.77250
346.82370
346.87518
347.40564
347.49630
347.54676
348.43926
348.44670
348.46668
348.88914
348.91650
349.33248
349.91346
350.26218
350.28198
350.31480
350.34552
350.36970
350.73654
350.74968
350.94360
350.95464
350.97408
350.99364
351.00594
351.01656
351.05628
351.94098
352.23450
353.68800
354.08724
354.45726
354.61050
355.18080
355.80192
356.11446
356.11926
356.14440
356.16288
356.18382
356.18838
357.27930
357.56646
357.60126
357.62004
357.62826
357.96342
358.27704
358.28466
358.61136
359.00832
359.16528
359.26548
359.67930
359.70084
359.72154
359.73486
359.95788
360.38526
360.39336
360.53526
361.67154
361.87206
362.07318
362.62656
362.65884
363.42456
363.43944
363.70962
364.19880
364.21902
365.09352
365.27682
365.29824
365.38596
365.91444
366.21852
366.24852
366.27210
367.24110
367.45452
367.73220
368.07258
368.22642
368.61642
368.62572
368.99754
369.31404
369.61422
369.75630
369.88386
370.08978
370.15518
370.18152
370.51260
370.91004
370.91784
371.23746
371.62092
372.20736
372.23184
372.23442
372.28866
372.53718
372.68424
373.12062
373.51050
374.05752
374.10576
374.69838
374.72754
374.78820
375.52746
375.64140
375.95172
376.33272
376.34598
376.38954
377.10642
377.22852
377.67762
377.72658
377.75148
377.80578
378.08142
378.12528
378.86412
378.87744
379.19862
379.64634
380.05494
380.06490
380.08296
380.43270
380.44962
380.67204
381.27246
381.49512
381.52122
382.00740
382.01958
382.64700
382.73178
383.22264
384.11190
384.12726
384.15060
384.15336
384.19662
384.19872
384.51186
385.13706
385.55622
386.09472
386.11518
386.23596
386.27292
386.97594
386.99736
387.03048
387.13152
387.64956
388.08012
388.14102
388.41330
388.43886
388.98294
388.99332
389.02056
389.03094
389.05722
389.67186
389.70372
390.02520
390.43902
390.51336
390.87390
391.17114
391.74672
392.47434
392.48520
392.49780
392.51136
392.51670
392.52252
392.53824
393.34482
393.43062
393.92202
394.29570
394.33344
394.88580
394.89774
395.26854
395.28396
395.29128
395.29530
395.30280
395.63814
395.65242
396.09660
396.22470
396.30528
396.61770
396.62430
398.14872
398.15838
399.01968
399.36648
400.48644
400.49418
400.57710
400.63374
400.65336
401.31786
401.33574
401.85282
402.03930
402.05496
402.12588
402.15642
402.25122
402.32556
402.33282
402.60936
402.65496
402.66060
402.68796
402.76560
403.34616
403.35678
403.38150
403.43040
403.57188
404.55930
404.59878
404.71458
404.76318
404.80566
404.80980
404.83260
404.83800
405.27942
405.31476
405.84300
405.89664
405.93642
406.31112
407.13426
407.14500
407.65098
407.68098
407.69208
407.88696
407.89350
408.13140
408.15726
408.16134
408.64404
408.66486
408.68922
409.33758
409.35996
409.37268
409.40496
410.17362
410.22126
410.42142
410.42760
411.13038
411.46044
411.48282
411.54084
411.56724
411.72648
412.19346
412.19532
412.63626
412.63854
412.68048
412.69710
412.76772
413.06052
413.34846
413.35764
413.96538
413.99196
414.00102
414.36504
414.38322
414.69750
414.70020
414.72432
415.49262
415.52166
415.52766
415.57188
415.57578
415.65084
415.65768
415.66362
416.10792
416.13060
416.34666
416.39376
416.40282
416.41212
416.79378
416.79576
416.83494
419.34318
419.35212
419.37192
420.21012
420.31212
421.17942
421.20168
421.21038
421.73538
421.76364
422.03130
422.05650
422.62500
422.69922
422.99208
423.48108
424.05210
424.12200
424.35258
424.37778
424.49838
424.55148
424.79820
425.99208
426.17430
426.74526
426.75144
426.94212
427.46172
427.55490
427.56054
428.05578
428.05818
428.09886
428.51316
428.87436
429.21864
429.24552
429.25026
429.26388
429.51828
429.53040
430.24608
430.28376
430.33614
430.52964
431.47374
431.67024
431.67318
432.18606
432.31290
432.32526
432.33798
432.48588
432.84936
432.86142
432.86304
434.35722
435.12984
435.46512
435.94572
435.98112
436.16496
437.81478
437.84148
437.86386
438.52464
438.58008
438.96084
438.99282
439.00512
439.39998
439.63980
439.65060
439.70208
440.41398
440.41776
440.46900
441.07632
441.55812
441.57288
441.61866
441.63576
442.07172
442.10838
442.31430
443.21814
443.23098
443.24484
443.25456
443.28234
443.33154
444.29946
444.62250
444.64338
444.65160
444.65796
444.68106
445.05468
445.06176
445.07832
445.09476
445.11810
445.12632
445.60560
445.63296
446.44842
446.45172
446.65464
446.82540
446.85426
447.06840
447.14754
447.55320
447.90582
448.10970
448.35492
448.51506
448.76208
449.72724
449.73540
449.74230
450.36534
450.40314
450.40476
450.42222
450.44754
450.45810
450.66870
450.67908
450.73674
451.29624
451.36530
451.54740
451.99926
452.34498
452.36598
452.38632
452.39388
452.90880
452.95380
453.62310
453.89304
453.91584
453.98322
454.36902
454.39914
454.83330
454.83606
454.83876
455.31624
455.34606
455.35212
455.39310
455.44236
455.66694
455.71338
455.77980
456.41334
456.47262
456.54654
456.55632
457.51320
457.98186
457.98498
458.01864
458.07282
458.08302
458.78226
458.82246
458.85162
458.86380
458.95650
459.26250
459.49572
459.51072
459.54432
459.56868
459.64416
459.96114
459.97590
460.31070
461.14074
461.18508
461.18970
461.52882
461.53740
462.18384
463.46574
464.58114
464.59296
464.60130
465.71838
465.99810
466.02348
466.07994
466.08282
466.08768
466.39062
466.41102
466.43412
466.48626
466.49202
466.98132
467.00988
467.02206
467.56524
467.98884
468.05844
468.46458
469.07544
469.09668
469.11810
469.99362
470.00754
470.27844
470.28594
470.68056
470.79684
471.25296
471.27426
471.28170
471.31764
471.84990
472.40580
472.82166
473.35170
473.38716
473.39880
474.06810
474.08652
474.09936
474.11832
475.37124
475.63266
475.66854
475.67448
476.16276
477.18660
477.18912
477.66576
477.70680
477.73542
477.77334
478.03542
478.73898
478.77774
478.78914
478.80210
478.82334
478.99146
479.05548
479.53536
480.56904
480.77526
481.44030
481.98300
482.01942
482.36580
482.49066
482.85372
482.90364
482.99910
483.62484
483.65982
483.73908
485.01924
485.07546
485.11524
485.12544
485.55708
485.65428
485.67060
486.99708
487.02396
487.79382
487.84380
488.30082
488.90946
488.91948
489.13140
489.33978
489.85668
491.01690
491.30784
491.91972
492.15318
492.53544
492.62478
492.81006
492.90324
493.55700
493.58790
493.62120
493.62558
494.23014
494.75274
494.76576
494.78028
495.00678
495.01434
495.02766
495.04374
495.40470
495.42726
496.24428
496.27128
496.79376
496.99248
497.03400
497.04372
497.90508
498.24594
498.67938
499.29420
499.58658
499.59324
500.11086
500.81154
500.83644
500.94294
501.08370
501.57162
501.59748
501.80538
501.81276
501.81978
502.59750
502.59936
502.67928
503.12652
503.25018
503.61510
504.36150
504.39132
505.00944
505.45824
505.69440
505.71366
505.88412
505.91580
506.47404
506.51406
507.43956
507.89634
507.89946
507.90396
507.90852
507.93036
507.95964
507.99930
508.05432
508.60488
508.60704
508.73616
508.82688
508.85424
509.27868
509.28204
509.29056
509.30370
509.33850
509.34330
509.35734
510.17802
510.21288
510.45156
510.85782
510.86382
510.86784
510.88158
511.39782
511.75746
511.80450
511.80606
512.76060
512.78418
512.83710
512.93706
513.72180
513.76656
513.88710
514.44762
514.74510
514.75530
514.77516
515.05992
515.20056
515.35104
515.35776
516.17070
516.18822
516.33126
516.38886
516.71796
516.73092
516.74412
516.75456
516.76506
516.82098
516.85758
516.86688
516.87270
516.88752
517.73874
517.75266
518.18496
518.24232
518.75490
519.18900
519.66150
519.66378
520.96026
520.97736
521.03376
521.06544
521.51568
522.06780
522.07296
522.24126
522.28182
522.31212
522.79854
524.05458
524.07354
524.28948
524.78970
524.80800
525.77124
525.78210
525.79770
526.37214
526.37904
526.38552
526.40082
526.78074
526.78686
527.56548
527.80860
528.07866
528.08676
528.09228
528.49788
528.52224
528.55212
528.66192
528.69870
529.13886
529.35114
529.84218
529.91802
530.28180
530.66016
530.72232
530.73918
531.74904
532.21824
532.24122
532.24824
532.83276
533.23938
533.31330
533.32278
533.32758
533.72268
533.90742
534.17628
534.69642
534.88554
534.93684
534.94092
534.96684
535.17942
535.47480
535.63974
537.14010
537.18054
537.60702
537.64704
537.65646
538.03326
538.11378
538.11948
538.46772
538.73250
538.93086
539.43066
539.44200
539.98056
540.32628
540.32874
540.44034
540.44316
540.44826
540.68196
540.69186
540.69858
541.14900
541.22034
542.10078
542.10546
542.17272
542.59512
543.06714
543.07824
543.17616
543.64044
543.66852
543.67158
544.03854
544.04388
544.07340
544.41498
544.42086
544.45866
544.49814
544.50018
545.13390
545.18928
545.62260
545.64954
545.85528
545.85870
545.86116
546.01944
546.43224
546.61962
547.32768
547.33218
547.36866
547.37628
547.40322
547.43604
547.70352
548.65314
549.02238
549.21318
550.16178
550.20378
550.23162
550.27278
550.53180
550.53660
550.83966
551.25648
551.26368
551.28636
551.33418
552.31452
552.35688
553.64808
554.15328
555.36648
555.42924
555.63210
555.86826
555.93234
556.40934
556.89552
556.95426
557.29662
557.30310
558.52362
558.59178
559.07364
559.47048
559.97034
559.97724
560.40606
560.42970
560.68848
560.99388
561.01068
561.01962
561.30768
561.99162
562.02762
562.05642
562.23690
562.50072
562.70820
562.72056
562.78962
563.05812
563.89800
563.92428
563.97570
564.40008
564.41046
564.79524
565.23798
565.25622
565.25784
565.26834
565.47108
565.50414
565.50588
566.08470
566.13948
567.58326
567.65814
567.69162
569.33928
569.67306
569.74692
569.75310
569.76660
569.84562
570.25944
572.05554
572.07624
572.91144
572.92740
572.93460
573.78030
573.88506
573.95736
574.27452
574.28160
575.00292
575.02746
575.04504
575.05278
575.60226
575.65872
576.22830
576.28260
576.85716
577.16166
577.30548
577.90458
578.20938
578.66406
578.67648
578.68116
578.75304
579.22464
579.31452
579.33798
579.35358
579.36036
579.37170
579.41022
579.57612
580.61736
580.63692
580.66806
580.88442
580.96032
581.03334
581.20596
581.26686
581.73744
581.76090
581.98764
583.02168
583.06176
583.36014
584.06448
584.12190
585.18162
585.49008
585.83676
586.38564
586.93110
587.10264
587.21274
587.60676
587.61624
588.13146
588.49968
588.53184
588.78162
588.80322
588.81114
588.89112
589.37760
589.42044
589.47138
590.68626
590.69160
590.72184
591.07362
591.13254
591.49350
591.57276
591.59550
591.87252
592.26522
592.27272
592.83618
592.88964
593.61606
594.80022
594.81030
594.82146
594.86238
595.58472
595.60368
595.61406
595.68420
595.81872
595.83354
596.08968
596.66682
596.89158
596.89494
596.90586
596.94288
596.97474
597.47796
597.54264
597.54618
597.98850
599.10162
599.11164
599.13084
599.20578
599.21202
599.65248
600.35802
600.39708
600.63972
600.80298
601.01322
601.29258
601.51374
601.57488
601.95612
602.28378
602.82456
602.83278
602.85642
602.87760
603.23772
603.24312
603.30672
604.02216
604.19526
604.76190
605.06202
605.69574
606.26070
606.28710
606.36612
608.66940
608.97420
609.00354
609.37380
609.38670
609.39048
609.42468
609.87354
609.90204
609.95220
610.48920
610.49280
610.51368
610.87122
610.88046
611.55066
611.58852
611.66796
611.95806
612.09870
613.25988
613.31250
613.55412
613.59306
614.17668
614.18436
614.21502
614.21886
614.61930
614.92332
615.53622
615.87012
615.89988
616.39554
616.41090
616.41672
617.04852
617.08704
617.92188
617.93910
618.75006
618.75384
619.31550
619.32504
619.32678
620.02782
620.04924
620.09262
620.11632
620.14740
620.51412
620.54280
620.57916
620.93982
620.94834
621.16602
621.18294
621.63834
621.93132
621.95610
622.01934
622.10538
622.87230
622.97280
623.53356
623.54562
623.93022
623.93526
624.31974
625.07796
625.75668
625.76412
626.40324
626.44200
626.74704
626.76510
626.77158
626.77614
626.78514
626.79828
627.08052
627.08784
627.23154
627.77130
627.79656
627.80352
627.82236
627.83088
628.18524
628.23828
629.36190
629.37468
629.38572
629.39418
629.95554
629.98212
630.22896
630.76794
630.77838
630.81528
630.92790
630.92994
631.19640
631.26540
631.28592
631.70694
631.71630
631.72578
632.11590
632.14752
632.46834
632.74794
633.56028
633.58764
633.76254
634.14972
634.18512
634.23174
634.46742
634.91304
635.42484
635.93550
636.00498
636.55812
636.60852
637.02966
637.04802
637.15014
638.19810
638.67396
638.67966
638.70618
638.73414
638.79582
638.99064
639.01296
639.26394
639.27942
639.28998
639.64608
639.67020
639.68136
639.80130
640.18092
640.21734
640.21908
640.81362
640.83696
640.84158
641.42856
641.47992
641.61384
642.00150
642.00378
642.71046
643.20162
643.60596
643.61010
644.28234
644.42718
644.81430
644.82222
644.82744
645.08448
645.78294
645.94668
645.94980
646.00134
646.05714
646.28196
646.70322
646.90782
646.94430
646.96164
647.33046
647.65038
647.66418
647.88396
647.92206
648.35724
648.36054
648.42726
648.72264
648.87102
649.14702
649.17576
649.19166
649.20762
649.26012
649.61178
649.85268
650.51922
650.54442
650.56620
650.59326
651.46686
651.47268
651.86040
651.91758
653.08062
653.09430
653.26986
653.30328
653.32632
653.33658
655.47108
655.50150
655.50480
655.54530
655.56048
655.56576
655.89624
656.51724
656.51928
656.54442
656.55834
656.57016
656.60676
656.76624
656.99676
657.34218
657.50676
657.72864
658.59912
658.66296
659.16534
659.18688
659.51094
659.97972
659.98656
660.88578
660.89382
660.89694
660.92040
660.93012
661.73808
662.04018
662.04690
662.63082
662.71698
662.94594
662.95746
663.54096
664.05708
664.06914
664.10850
664.12188
664.19874
664.65588
665.39484
665.41068
665.45136
665.46828
665.81952
665.82582
665.86782
665.88954
665.95386
666.26136
666.35952
667.15680
667.18326
667.18758
667.21806
667.75866
667.92000
667.92318
667.97346
668.50728
668.58804
668.59710
668.68590
668.71632
668.72832
668.79708
670.44708
670.48242
670.80366
671.28768
671.62038
671.64054
671.69064
671.69826
672.01470
672.02070
672.02478
672.03690
672.57540
672.75468
672.82692
672.86016
673.18566
673.21812
673.52376
673.52922
673.54908
674.45868
674.50026
674.53560
674.55510
674.56014
674.57508
675.20364
675.23214
675.23706
675.56586
675.79524
675.80322
676.23708
676.33068
676.34910
677.07558
677.51376
677.57730
678.47340
678.48450
678.79248
678.85494
678.86442
679.33086
679.73190
680.01468
680.43858
680.50488
680.54232
680.86002
681.12366
681.12636
682.42320
682.45518
682.45710
682.47822
682.50246
683.01066
683.28276
683.49840
683.57328
683.61360
684.22962
684.25464
684.58734
684.61374
684.92952
684.96294
684.97356
684.98400
685.12458
685.13556
685.38006
685.65240
686.11170
686.58900
686.59368
686.84400
687.15564
688.26828
688.81686
688.82766
688.84950
688.85616
688.88268
688.97946
688.98126
689.34828
689.35230
689.35416
689.37546
689.37936
689.55882
689.59962
689.83482
689.84250
689.85606
689.86908
689.93064
690.11340
690.11526
690.11676
690.13620
690.34692
690.88038
691.09608
691.11456
691.13694
691.19382
691.19886
691.82604
691.85448
692.74170
692.77422
692.83506
692.84076
692.84676
693.24744
693.27690
693.33078
693.50418
693.94716
694.00200
694.00746
694.44882
694.45050
694.93932
695.30880
695.84538
695.87940
696.14520
696.17214
696.18864
696.52878
696.93582
696.95964
697.03314
698.06460
698.09886
698.15856
698.17398
698.34078
699.70254
700.10712
700.63776
700.66656
701.08758
702.42786
702.44742
703.37676
703.39098
703.81446
704.10462
704.13348
704.17476
704.76936
704.77182
705.39180
706.38486
706.88178
706.88964
707.60532
707.62650
708.53910
708.55662
708.81612
708.82986
708.83346
708.85692
708.86328
708.86700
709.60920
709.65642
709.67022
709.67370
709.86642
709.92636
710.39340
710.59992
711.70656
711.73110
712.06056
712.12764
712.91064
712.92468
712.93428
712.97688
713.35500
713.71266
714.02784
714.03462
714.54654
714.56310
714.65436
715.29522
715.31586
715.61328
715.65096
715.97238
716.01798
716.02998
716.06850
716.09952
716.13198
716.14920
716.85516
716.86218
717.27882
717.28050
717.89220
718.16916
718.18128
718.18458
718.69020
719.11464
719.18664
719.52252
720.01608
720.91884
720.97536
720.98040
721.07142
721.16382
721.24746
721.26294
721.27692
721.49856
722.06682
722.51550
722.52360
723.36810
723.40902
724.46628
724.54542
725.43618
725.44506
725.45736
725.92920
725.93232
726.43656
726.52914
726.61140
726.62868
726.74562
726.76254
726.76890
727.73490
727.75344
727.77828
727.81152
727.88952
727.89600
728.24892
728.48700
728.78244
728.84628
729.21156
729.21606
729.22032
729.26292
729.27234
729.38898
729.83628
730.17306
731.04984
731.13318
731.14104
731.16972
731.19690
731.36634
731.73930
731.79708
731.91060
732.68028
734.04582
734.08326
734.11716
734.57370
734.61678
734.61876
734.63844
734.64036
735.41634
735.42468
735.44976
735.47940
735.50520
735.51732
735.55530
735.58338
735.76704
736.13358
736.50756
736.51698
736.52754
736.53144
736.79850
736.82196
737.47812
737.82402
737.83542
737.89518
737.92200
738.54798
738.57108
739.22436
739.89780
740.06748
740.06946
740.10246
740.12796
740.78802
740.84784
741.09072
742.44426
742.45890
743.27292
743.28192
743.28384
743.30178
743.35920
743.88324
743.89638
744.13464
744.13662
744.13920
744.58554
745.82574
745.93536
746.71614
746.97612
746.98146
746.99898
747.29904
747.32364
747.36900
747.83706
748.57584
748.57944
748.65990
748.66506
748.71954
748.73898
748.77936
748.84650
748.85922
749.00322
749.04210
749.05260
749.09058
749.37264
749.45748
749.47302
749.48190
749.49648
749.51406
749.83620
749.85006
749.90898
750.71958
750.76050
750.78696
750.80622
750.81276
751.32354
751.34634
751.34808
751.82922
751.85244
752.38524
752.72472
752.77848
752.82336
752.86548
752.87448
753.68712
753.75996
754.05708
754.66590
754.66992
754.70346
754.72314
754.73274
755.39346
755.88288
755.99628
757.59486
757.59756
757.60662
758.01768
758.11038
758.15112
758.66460
758.89422
759.97326
760.01328
760.45422
760.78902
760.80750
761.30820
761.34516
761.70402
761.76168
761.77302
762.15894
762.18060
762.53064
762.58338
762.64680
762.66540
763.07220
763.09098
763.16826
763.17396
763.21806
763.25418
763.25766
763.53270
763.54500
763.55226
763.57596
763.63758
763.63950
763.66092
763.67334
763.94388
764.02752
764.15670
764.64384
764.72298
764.76036
764.93334
764.95758
765.42354
765.51180
765.64398
766.47714
766.48986
766.95762
766.97100
767.00088
767.42178
767.67858
767.68188
769.04994
769.07214
769.11456
769.72602
769.80564
769.85190
769.85442
769.88118
769.96788
770.30130
770.31324
770.39382
770.63700
770.64996
770.66184
770.66676
770.67786
770.72688
771.29520
771.32700
771.34518
771.38142
771.76326
771.80742
772.32822
772.39464
772.92030
772.94346
773.49972
773.99622
774.16668
774.39654
774.58554
774.61734
774.68130
774.69468
774.72054
774.72714
775.35078
775.94190
775.94400
775.97004
776.08674
776.87526
777.53442
777.55074
777.81282
778.35426
778.99938
779.01264
779.49588
779.86926
779.88744
780.13668
780.18066
780.28428
780.30090
780.50580
780.54036
781.28820
782.07168
782.10336
782.37582
782.46732
782.49924
782.89992
782.91570
783.30348
783.34440
783.35034
783.62166
783.62370
783.64158
783.65334
783.67278
783.89364
785.33418
785.56014
786.05952
786.34890
786.35352
786.35610
786.62346
786.65466
787.15014
787.39800
787.42134
787.95354
788.22120
788.36256
789.08082
789.60612
789.63282
789.66714
789.68352
790.02924
790.04802
790.08168
790.31952
790.32258
790.56948
790.86894
790.87626
790.88934
790.91112
791.47626
791.68656
791.93352
792.12384
792.20310
792.20460
792.62304
793.32342
793.35042
793.37586
793.39746
793.76400
794.02158
794.10966
794.12676
795.27900
796.00956
796.10046
796.30272
796.99086
797.41692
797.45748
798.20028
798.20712
798.21222
798.86964
798.88812
798.92808
799.06674
799.74768
800.04258
800.07108
800.07450
800.09580
800.15292
800.75316
800.82318
801.38628
801.48624
802.21410
802.25526
802.27146
802.77168
802.78614
802.79904
802.85760
802.88592
803.57640
803.68590
803.69316
803.70690
804.57528
804.60450
804.64032
804.64470
804.66738
805.16748
805.18350
805.28064
805.43046
805.44288
805.44486
805.46382
805.46574
806.46216
806.75976
806.86338
806.90292
806.90484
807.40308
807.40992
807.42252
807.46404
807.48048
807.65358
808.34178
808.50486
808.89828
809.35446
809.52462
809.72046
809.74350
810.26940
811.17090
811.18422
811.19592
811.38294
812.48466
812.91816
813.03012
813.03450
813.06672
813.08820
813.64692
813.65346
813.65586
813.66018
813.67884
814.40442
814.42134
814.47156
814.78512
814.79166
814.86078
814.86300
814.86798
814.88202
814.89036
814.89246
814.90206
815.34306
815.35632
815.40468
816.11694
816.11874
816.12120
816.14592
816.18534
816.40512
816.72834
816.74070
816.74448
817.67952
818.36436
818.42256
819.29904
819.31332
819.63162
819.63360
819.70656
819.74946
820.69116
820.71546
820.74618
820.77522
820.82550
821.30556
821.39220
821.40348
821.81166
821.85402
821.85918
821.86308
821.88762
822.14244
822.14934
822.16662
822.56670
822.59658
823.26564
823.31928
823.43268
823.43898
823.75554
824.91018
824.93046
825.25962
825.31338
825.56526
825.60984
826.05996
826.51020
826.51302
826.55214
827.09094
827.12760
827.12952
827.15664
827.49648
827.72538
827.92332
828.14766
828.85806
828.90258
829.33446
829.51926
829.65186
829.65384
829.69674
829.79016
830.38146
831.11040
831.46782
831.49746
831.61440
832.19700
832.21992
832.22592
832.25778
832.54170
832.83564
832.84752
832.86090
832.88724
832.89462
833.04840
833.40906
833.42130
833.46900
833.64138
834.32052
834.32736
834.48144
834.87186
834.91308
835.44876
835.50180
835.91916
836.18922
836.85480
837.23220
837.27306
837.56238
837.57636
837.88938
837.92046
838.26384
838.76286
839.08896
839.10432
839.17164
839.28078
839.79618
840.37884
841.20666
841.24620
841.29966
842.49096
842.82144
842.83158
842.85012
842.86020
843.08220
843.08808
843.25278
843.27210
843.27390
843.29718
843.43086
843.44280
843.92724
843.99528
845.19744
845.22120
845.82240
847.04766
847.07196
847.63062
847.64868
847.70106
847.70598
847.70880
847.97880
847.98516
848.03118
848.77758
849.13350
849.14196
849.46842
849.48024
849.73572
849.97476
850.01904
850.16478
850.51848
850.59402
850.75008
850.96986
851.00826
851.49570
851.50824
851.98662
851.99088
852.01254
852.74616
852.86274
853.35546
853.57404
853.59498
854.58162
854.64516
855.06684
855.07716
855.09756
856.12740
856.14678
856.17018
856.80276
856.81242
857.04804
857.05302
857.23518
857.30334
857.81076
857.81994
858.12498
858.20766
858.69630
858.74418
859.29408
859.61094
859.91370
859.91616
859.92060
859.92462
860.06766
860.19438
860.20494
860.22804
860.52840
860.56470
861.01488
861.24726
861.42480
861.45840
863.00784
863.13096
863.46138
863.84160
864.16848
864.38154
865.22520
865.27884
865.31490
865.41456
865.72212
865.73166
865.76232
865.83828
865.86186
867.68886
867.69798
867.70266
867.70692
867.73794
867.78636
867.78882
867.95454
867.97164
868.00866
868.47540
868.51500
868.51758
868.82166
868.82922
869.19132
869.44338
869.44842
869.46666
869.91528
869.98566
870.06102
870.06276
870.32934
870.39738
871.28898
871.30524
871.95666
871.98594
871.99878
872.38524
872.41170
872.43312
872.47944
872.75832
872.77260
872.89926
873.34608
873.49146
873.53724
873.66306
873.66732
874.33002
874.73640
874.76028
875.27400
875.30274
875.50584
875.52366
875.52990
875.91246
875.99946
876.06030
876.20562