0.64650
0.67650
1.17780
1.18278
1.19976
1.20354
1.21638
1.22046
1.54986
1.85010
1.87638
1.89480
1.91586
1.92354
1.96386
2.00046
2.10012
2.25444
2.29098
3.00096
3.22206
3.22932
3.27924
3.28722
3.65898
3.68808
4.22244
4.32360
4.50966
4.54578
4.58100
4.81566
4.84806
5.28702
5.30952
5.35308
5.44560
6.01566
6.05346
6.07464
6.19512
6.25338
6.25974
6.40068
6.42540
7.01112
7.01562
7.21842
7.24314
7.25400
7.26180
7.28046
7.30890
7.62366
8.12790
8.13162
8.20470
8.37840
8.39964
9.14928
9.19230
9.31278
9.34116
9.57876
9.92622
10.28334
10.32648
10.34088
10.35522
10.45686
10.63338
10.65624
10.66146
10.75800
11.09052
11.15046
11.23536
11.35116
11.37066
11.37390
11.37804
11.38524
11.40690
11.89182
12.17922
12.32286
12.38712
12.50814
12.88122
12.92928
12.95790
12.98022
13.35936
13.38582
14.12574
14.34006
14.40342
14.40672
14.43018
15.19800
15.23700
15.26046
15.37458
15.38292
15.58812
15.72318
15.94428
16.34124
16.38264
16.41708
16.44876
16.48974
16.85382
16.91262
17.08260
17.35404
17.41164
17.41962
17.43300
17.43756
17.45466
17.71290
18.11940
18.42606
18.43482
18.44106
18.45006
18.96516
19.48362
19.52694
19.55664
19.60782
20.00604
20.13432
20.50092
21.54978
21.58536
21.58812
21.59370
21.59712
21.73728
21.75966
21.98160
22.13868
22.16004
22.49274
22.53636
22.59468
22.86996
22.93896
23.20368
23.40246
23.63664
23.63994
23.66550
24.28680
24.69060
24.69492
24.70986
24.75882
24.96126
24.96600
24.99366
25.31040
25.38210
25.49664
25.52640
25.73310
25.84020
25.85490
26.29512
26.46168
26.79768
26.83818
26.87490
26.88168
26.91144
26.91930
27.09852
27.17076
27.40554
27.69168
27.82242
27.82596
27.83964
27.92880
28.01862
28.07904
28.10814
28.11204
28.17156
28.23294
28.81746
28.82010
28.82376
28.84992
29.55012
29.64174
29.64846
29.70048
29.71440
29.76936
29.85468
29.86296
29.87982
29.89320
30.02316
30.02628
30.38208
30.44346
30.48036
30.49110
30.49818
30.70110
30.83064
30.88374
30.91020
31.49940
31.92198
31.95936
32.88858
33.00312
33.00996
33.03474
33.07284
33.25878
33.45294
33.56004
33.58254
33.62232
34.07004
34.08306
34.11006
34.11744
34.42302
34.71714
34.91124
34.99752
35.04024
35.08770
35.13870
35.89056
35.91132
36.08442
36.19092
36.21354
36.43224
36.83478
37.13424
37.14630
37.43934
37.71270
37.97244
38.20860
38.21130
38.21904
38.22948
38.26866
38.50182
38.57340
38.63202
38.63580
38.64336
38.71518
38.98584
39.01920
39.22104
39.22956
39.36708
39.58680
39.59760
39.74364
39.78060
40.10688
40.12596
40.73718
40.85076
41.29410
41.35824
41.36508
41.37432
41.40090
41.50788
41.59572
42.09438
42.12714
42.13170
42.38808
42.39282
42.40476
42.41136
42.53946
42.69516
42.89790
42.90528
43.46232
43.46868
43.47642
43.48272
43.48524
43.50882
43.61094
44.26128
44.45358
44.49606
44.49990
44.53944
44.56032
44.56284
44.57046
44.57754
45.26106
45.43998
45.50562
45.56844
45.63390
45.76656
45.77040
45.81360
45.86070
46.36752
46.56876
46.57644
46.77018
47.04084
47.63538
48.16530
48.64830
48.65130
48.67194
48.69438
49.03578
49.24146
49.24416
49.31562
49.33650
49.58760
49.69476
49.71636
49.73748
49.74834
49.75206
49.75920
49.76730
49.78860
49.79250
49.80636
49.94268
49.97958
50.42424
50.76684
50.77122
50.77866
50.80668
50.83878
50.89668
50.97354
51.06426
51.06726
51.69378
51.70800
51.71112
51.81072
51.81666
51.83346
51.83724
51.87390
51.88206
52.33386
52.36116
52.48788
52.86438
52.89624
53.06136
53.17398
53.18400
53.21874
53.49840
53.88906
53.92476
53.98482
53.99016
54.08388
54.11286
54.24126
54.55404
54.66180
54.91782
55.14180
55.68468
55.99110
56.05632
56.06232
56.38644
56.39370
56.41968
56.68626
57.15768
57.25692
57.36330
57.65916
57.66936
57.68022
57.90762
57.94716
58.17078
58.66458
58.67508
58.67790
58.69182
58.71438
58.72782
59.11416
59.65938
59.68836
60.61062
60.70896
60.88908
61.23294
61.23936
61.68900
61.69590
61.72206
61.83342
62.13942
62.38236
62.62386
62.63916
62.64708
62.66604
62.81010
63.64644
63.65568
63.70752
63.79002
63.86664
63.94386
63.94770
64.43754
64.45692
64.70022
65.52828
65.59062
65.62818
66.25038
66.27162
66.63498
66.65232
66.72222
66.75270
66.77832
66.79908
67.64166
67.66590
67.69428
67.92876
68.42982
68.65902
68.66562
68.76342
68.95434
69.32994
69.66246
69.67248
69.68250
69.69972
69.70422
69.80922
69.91482
70.08036
70.15302
70.25286
70.50354
70.61202
70.65900
70.68840
70.80312
70.86492
71.29122
71.66814
71.69490
72.06774
72.57690
72.58836
72.73236
72.74034
72.77058
72.82266
72.95568
74.55084
74.73330
74.81538
75.43554
75.46830
75.72210
75.73596
75.74898
75.87252
76.21230
76.77648
76.84452
77.04240
77.80074
77.81910
77.87406
78.09894
78.14466
78.20724
78.21744
78.22254
78.33612
78.82476
78.85386
79.22430
79.38276
79.85412
80.12388
80.13780
80.21874
80.66862
80.69112
80.86686
81.39126
81.69552
81.72474
81.87468
81.88230
81.91236
81.92646
81.94092
82.28160
82.46022
82.64202
82.71942
82.89222
82.90608
82.92546
82.94244
82.99110
83.16798
83.18256
83.43264
83.52690
83.92662
83.94840
83.96490
83.99040
84.59922
84.69978
84.74322
84.97752
85.07262
85.15668
85.22238
85.31640
85.32024
85.68660
85.80036
85.97688
85.98918
86.00676
86.01024
86.01474
86.03682
86.16906
86.17314
86.18748
86.35752
87.00036
87.00378
87.21636
87.21816
87.65040
87.66558
87.82446
88.01112
88.01448
88.06878
88.10058
88.11030
88.13802
88.67898
89.03790
89.06388
89.16114
89.31774
89.63208
89.85408
90.13308
90.15492
90.16158
90.78366
90.94308
90.95532
91.02510
91.26180
91.48230
91.79616
91.88982
91.89348
91.89954
92.26842
92.29080
92.31924
92.32710
92.52534
92.52894
92.53578
92.56860
92.57622
92.67486
92.74692
92.96238
93.29322
93.30996
93.32862
93.46422
93.53550
93.63624
93.70044
94.30434
94.30770
94.31406
94.73634
94.78608
95.27814
95.45784
95.50776
95.61450
95.62080
96.36366
96.79506
97.70142
98.03130
98.26566
98.36628
98.40900
99.07500
99.27516
99.27924
99.36624
99.43908
99.52320
99.76932
100.02234
100.02534
100.21320
100.22682
100.25658
100.33224
100.35546
100.43946
100.57638
101.09592
101.23242
101.24334
101.26224
101.26812
101.43414
101.47758
101.50686
102.17658
102.20604
102.66378
102.75102
102.78462
102.82812
103.05768
103.21656
103.22772
103.25706
103.45098
103.54512
104.28654
104.30094
105.22920
105.24438
105.37962
106.01070
106.11834
106.25406
106.55472
107.73210
107.78214
107.95278
108.78924
108.81876
109.35348
109.62660
109.64556
109.77588
109.78338
110.10720
110.11098
110.16978
110.47704
110.59938
110.79426
110.82666
111.24156
111.40656
111.79800
112.35786
112.71492
112.79478
113.11422
113.27220
113.54220
113.58036
113.82990
114.04464
114.38490
114.44892
114.47550
114.50118
114.55170
114.64494
114.79362
114.88872
115.20282
115.26030
115.74306
115.75392
115.83654
115.90146
116.40282
116.42400
116.70810
116.71200
116.72406
116.73294
116.76666
117.11562
117.14610
117.25908
117.68196
117.70302
117.70536
117.93336
117.95484
118.06980
118.21938
118.23384
118.39278
118.54626
118.56894
118.58340
118.62300
118.66272
118.67082
118.69302
118.69614
118.73346
118.74828
118.76706
119.28996
119.57700
120.19734
120.46374
120.49344
120.64116
120.91308
121.18524
121.47990
121.52334
121.60884
121.62810
121.73460
122.58426
122.60148
122.63490
122.78808
123.15774
123.24318
123.68184
123.70224
123.70812
124.14414
124.14762
124.60116
124.61544
124.62504
124.63116
125.02578
125.30202
125.38038
125.46966
125.48172
125.61090
125.73252
125.74590
125.76816
126.01644
126.11298
126.13206
126.38232
126.50334
126.64680
126.72636
126.75912
127.05312
127.11900
127.15560
127.36968
127.60578
127.63890
128.38284
128.39670
128.41188
128.43330
128.45568
128.58240
128.59374
128.60352
128.68608
128.68980
129.59148
129.61392
129.81126
129.92184
130.37118
130.43010
130.55058
130.57650
130.58646
130.59228
130.61940
130.63782
130.84356
131.56362
131.58792
131.60316
131.60622
131.64978
131.65296
132.05658
132.07770
132.10068
132.59376
132.63618
132.76416
133.32786
133.59798
133.60062
133.61088
133.61502
133.62204
133.80972
134.63154
135.01146
135.03162
135.03804
135.12402
135.29544
135.40818
135.60054
135.60870
135.62214
135.64650
136.64070
136.83924
136.84458
136.94766
137.08938
137.75580
137.82822
137.84928
138.65586
138.68958
138.69876
138.80472
139.06536
139.66284
139.73568
139.95822
140.24286
140.66868
140.71584
141.34296
141.61578
142.12284
142.13016
142.55370
142.56504
142.57080
142.57530
142.59372
142.60896
142.61628
142.65240
142.78662
143.05770
143.48778
143.58738
143.60952
143.65434
143.90616
143.90874
144.25146
144.60804
144.61674
145.61862
145.62522
145.67064
145.71732
145.73364
145.74918
145.75338
146.60400
146.61078
146.62458
146.68452
146.71062
146.71440
146.98134
147.34134
147.34770
147.66402
147.99042
147.99252
148.07736
148.14702
148.17780
148.20444
148.40082
148.66188
148.66452
148.69014
148.69698
148.72014
148.82130
149.38656
149.39850
149.40564
149.66280
149.72190
149.74896
149.75862
150.70530
151.05678
151.18584
151.69422
152.14392
152.17770
152.18910
152.54244
152.71806
152.87316
153.15546
153.56184
153.68712
153.72342
153.73758
153.75168
153.82728
153.91038
154.23288
154.42026
154.72962
154.77678
154.84692
154.88304
154.97724
155.50524
155.71092
155.74902
155.83956
155.85426
156.01794
156.07026
156.17826
156.18282
156.68514
156.94734
156.97080
157.22154
157.52832
157.55472
157.74078
157.76598
157.77006
157.79958
157.82838
157.92828
158.18418
158.82294
158.83740
158.84316
158.95710
159.13062
159.85158
159.86382
159.97872
160.05780
160.28826
160.42140
160.46502
160.85778
160.90152
160.93806
161.87094
161.89332
161.90952
161.98854
162.06858
162.10164
162.35418
162.43920
162.82512
162.89172
162.94236
163.90236
163.92558
164.10966
164.77032
164.88246
164.91240
165.11862
165.12114
165.33384
165.49890
165.86502
165.91968
165.92748
166.11306
166.19232
166.32606
166.41354
166.73952
166.74312
166.94388
166.95216
166.96368
168.01350
168.04338
168.07596
168.08682
168.60738
169.01676
169.32330
169.40106
169.40556
169.91730
169.94982
170.07222
170.47146
170.49348
170.66028
170.68602
170.85342
170.88684
170.89740
171.10260
171.54372
171.72402
172.05162
172.11702
172.13886
172.41006
172.53930
172.78884
173.51094
173.53680
173.56206
173.69670
174.06102
174.21552
174.66858
175.03782
175.04148
175.06776
175.09266
175.14036
175.31130
175.67052
175.87836
176.02584
176.14902
176.50938
176.63718
177.28482
177.32370
177.34986
177.62868
177.64968
177.67170
178.31964
178.32336
178.60008
178.78608
179.67924
179.97990
180.01680
180.03018
180.09606
180.56022
180.59622
180.61116
180.61704
180.61884
180.62292
180.80940
180.81678
181.04334
181.09476
181.19376
181.26624
181.27986
181.66710
181.68870
181.84596
181.91718
182.29008
182.78340
182.78952
182.96766
183.60684
183.76950
184.19034
184.21986
184.24776
184.25664
184.29186
184.36512
184.62768
184.63536
184.63950
184.81398
184.82886
185.12748
185.53800
185.63502
185.64132
185.64810
186.68172
186.76878
187.66404
187.67616
187.67880
187.75932
187.79886
187.91454
188.11530
188.13168
188.15166
188.25834
188.63172
188.63682
188.66004
188.92500
189.47148
189.47514
189.56748
189.60456
189.61560
189.62598
189.63060
189.63318
189.66600
190.67562
190.75290
191.21646
191.31264
191.32668
191.35290
191.61018
191.61288
191.63928
191.65362
191.75016
191.83680
192.00966
192.01872
192.29202
192.39954
192.59664
192.69672
192.75300
192.75654
192.80334
193.49376
193.51914
193.54068
193.69110
193.69704
193.70520
193.71138
193.74432
194.13354
194.44062
194.70444
194.71470
194.73342
195.26172
195.32202
195.80070
196.00098
196.09374
196.68126
196.69128
196.69836
196.72884
196.91874
197.70024
197.71164
197.72274
197.72988
197.73780
197.77032
197.78850
197.94252
197.99298
198.02556
198.70410
198.71442
198.76104
198.78234
199.03800
199.69554
200.02578
200.03286
200.53224
200.71146
200.72982
200.74560
201.43206
201.44646
201.47166
201.67668
201.85332
202.56288
202.71906
202.74174
202.76106
202.77000
202.80366
203.22888
203.25012
203.37024
203.61540
203.71278
203.72880
203.73438
203.74980
203.76390
204.73518
204.82026
205.63074
205.63434
205.73202
205.74960
205.76028
205.79310
205.86480
206.24448
206.90946
207.75804
207.77304
207.88824
207.93192
208.08900
208.76220
208.80930
209.06232
209.13198
209.20494
209.48778
209.51064
209.53860
209.74944
209.79498
209.88156
209.88852
210.19530
210.41958
210.45492
210.48852
210.86760
210.94044
210.95664
211.55364
211.59378
211.65582
211.84656
211.88922
211.89672
212.11314
212.13942
212.15088
212.15466
212.34942
212.47032
212.92698
212.93454
213.28488
213.41298
213.46332
213.87036
213.91020
213.92910
214.24932
214.27098
214.77864
214.84464
214.90062
214.96938
214.97382
215.12790
215.13816
215.21400
215.33436
215.63040
215.66436
215.99412
216.00564
216.33834
217.00752
217.06020
217.09650
217.10454
217.39386
217.83834
217.97220
218.00238
218.03226
218.86824
219.04788
219.06894
219.08226
219.08406
219.61872
220.11276
220.60410
220.61946
220.79862
220.81128
221.11140
221.28246
222.14994
222.16626
222.20928
222.82716
222.94290
222.99876
223.61262
223.64934
223.93740
224.63628
224.74374
225.20994
225.38142
225.69348
225.70062
225.70764
225.75750
226.26096
226.77696
227.54826
227.62992
227.69016
227.70894
227.73048
228.43380
228.43806
228.67140
229.09302
229.11924
229.33416
229.40586
229.73280
229.73916
230.66094
230.68284
230.96334
230.97582
231.03270
231.12882
231.16332
231.17022
231.18174
231.20676
231.64962
231.72876
231.84198
231.98562
232.21218
232.26264
232.65258
232.91424
233.14020
233.15550
233.19150
233.66610
233.66958
234.07836
234.54282
234.65286
234.67806
234.69678
234.70740
235.72422
236.04546
236.06550
236.09568
236.10720
236.11026
236.63826
236.72676
236.73162
236.94504
237.28362
237.36756
237.83430
237.89844
237.90312
238.04748
238.16322
238.90530
238.95798
238.98396
239.04672
239.07516
239.30004
239.64318
239.85690
239.88996
240.24360
240.86598
240.87690
241.34280
241.39920
241.82022
241.84080
242.59302
242.61474
242.76840
242.78712
243.47826
243.53928
243.74016
243.81702
244.70124
244.72146
244.76418
244.92348
244.98804
245.71062
247.75554
247.98174
247.98504
248.20578
248.52954
248.64846
249.16164
249.89964
250.26486
250.54158
251.05632
251.59326
251.66592
252.63972
252.64272
252.72378
252.81480
253.54392
253.61598
254.51016
254.61654
254.64600
254.66700
254.78322
254.78688
254.79060
254.79426
255.62376
255.65358
255.66030
255.74772
256.11324
256.16688
256.62438
256.66098
256.68366
256.79040
257.01726
257.05704
257.21820
257.40030
257.59614
257.66130
257.71752
258.26388
258.48888
258.60162
258.61272
258.64128
258.67776
258.89082
259.50498
259.60896
259.82832
259.84842
260.08500
260.40582
260.55102
261.19416
261.37248
261.57006
261.66786
262.17246
262.38612
262.41492
262.58256
263.10102
263.52468
263.61240
263.61918
264.22608
264.53190
264.55344
264.55536
264.69546
265.02624
265.23234
265.49010
265.50936
265.52004
265.54602
265.62342
265.89678
266.24580
266.51922
266.53224
266.98332
267.19026
267.47694
267.86118
267.87186
268.31352
268.37988
269.14824
269.17254
269.41392
269.73948
270.27174
270.35112
270.35628
270.35832
270.41616
270.43002
270.68052
270.71976
270.73062
270.81744
270.98076
271.18686
271.19424
271.37064
271.41348
271.48680
272.27154
272.46822
272.53722
273.02514
273.15162
273.18084
274.32546
274.39038
274.39788
274.41072
275.03154
275.09766
275.30454
275.36862
275.95494
276.00558
276.20556
276.31524
276.39198
277.37532
277.48566
277.79310
278.43318
278.46222
278.57184
278.59008
278.59434
278.78808
278.79258
279.15846
279.22218
279.49284
279.72618
279.73680
279.83988
279.92184
280.60272
280.64574
280.66260
281.14392
281.20656
281.98860
282.01476
282.07638
282.51006
282.63900
283.01010
283.01778
283.36626
283.53384
283.57602
283.60620
284.16090
284.66274
284.81022
284.98236
285.12036
285.12684
285.45456
285.46356
285.50100
285.60444
285.62178
286.57830
287.57238
287.98548
288.56424
288.75660
289.33050
289.53090
289.53492
289.65816
289.90248
289.93266
290.35788
290.53722
290.60064
290.83734
290.87328
291.52398
291.53436
291.58428
291.76080
292.54014
292.54794
292.55844
292.56132
292.59504
292.62984
292.63716
292.74594
292.93044
292.96800
292.98192
293.55672
293.79102
293.99052
294.09024
294.60528
294.61350
294.66384
294.67164
294.67782
295.05732
295.53780
295.65504
295.84890
296.27802
296.31504
296.32410
297.55830
297.57186
297.57612
297.79608
298.50798
298.53672
298.56468
298.58520
298.60146
298.62540
298.63620
298.65366
298.66446
299.10828
299.12196
299.13702
299.61822
299.65074
299.85300
300.26784
300.78924
301.65570
302.07312
302.09436
302.12934
302.70924
302.71278
302.84544
303.01956
303.36252
303.43482
303.45012
303.52218
303.74232
304.26282
304.51236
304.56312
304.79904
304.81200
304.87134
304.88568
304.89984
304.95300
305.58558
305.59308
305.85372
305.95674
306.16272
306.84684
306.84996
306.87588
307.06668
307.43694
307.45044
307.48344
307.48740
307.50306
307.60116
307.73730
307.77372
307.89378
307.90506
307.91616
307.92312
309.47394
309.48000
309.68094
309.95250
310.05804
310.88148
310.94712
311.05980
311.61324
311.69958
311.84784
311.89746
311.97810
312.00390
312.01560
312.19068
312.22668
312.45582
312.48126
312.78852
312.87072
313.47024
313.48446
313.54842
313.57038
313.87794
315.06990
315.09258
315.11802
315.14412
315.15762
315.34224
315.61512
315.72756
315.73506
315.94512
315.98562
316.09458
316.24188
316.60044
316.74852
316.82898
317.14218
317.14980
317.15352
317.18484
317.73162
317.88852
318.10074
318.17418
318.19590
318.20220
318.21834
318.26136
318.30858
318.33834
318.99498
319.09176
319.10274
319.10964
319.35156
319.36410
320.07570
320.11902
320.65500
320.92524
320.96658
321.05310
321.25530
321.27636
321.29046
321.31254
321.93312
322.22748
322.27584
322.92972
322.93350
323.06904
323.10552
323.27118
323.27958
323.30460
323.31540
323.55036
323.58390
323.59242
323.61054
323.61234
323.62812
323.75622
323.77794
324.30708
324.31956
324.58626
324.58800
324.60390
324.62910
324.67224
324.73458
324.74286
325.31928
325.56648
325.61616
325.98660
326.07210
326.14974
326.35206
326.37678
326.40342
326.53980
326.76744
326.81310
326.84544
326.85258
326.86710
327.40932
327.43278
327.89580
327.90312
328.05396
328.07616
328.07994
328.12356
328.39350
328.53654
328.54398
328.55568
329.33412
329.41134
329.42388
329.43042
329.43402
329.44416
329.91000
330.10314
330.12612
330.45186
330.47442
330.47712
330.50370
330.83286
330.89148
331.28472
331.46316
331.52448
331.53210
332.07054
332.20026
332.47134
332.48520
332.49900
332.52786
332.55684
332.56110
332.66304
332.67786
332.69232
333.03534
333.52470
333.53064
333.60072
334.65828
334.75776
335.33652
335.55486
335.60928
335.73498
335.85108
335.98074
336.34554
336.38796
336.41700
336.42486
336.51042
336.61800
336.66174
336.68094
336.91608
337.00848
337.41714
337.60770
337.61508
337.61910
337.64766
337.69098
337.78212
337.88184
338.61138
339.54828
339.56178
339.56988
339.57756
339.59886
339.96864
339.97662
340.26930
340.98930
341.04036
341.04312
341.27706
341.38008
341.53380
342.19128
342.34806
342.35112
342.35922
342.36306
342.41280
342.55428
342.58128
343.00578
343.30866
343.31988
343.32354
343.32654
343.33662
343.35678
344.29572
344.31990
344.38650
344.81010
345.05142
345.31848
345.33588
346.28952
346.29366
346.31550
346.40538
346.63140
346.68264
346.77642
346.82946
346.91640
347.29530
347.31546
347.49552
347.70444
347.81046
348.20286
348.28248
348.28974
348.30126
348.30462
348.31272
348.45306
349.24782
349.38258
349.79244
349.79982
350.23338
350.24352
350.59986
350.65386
350.75070
350.94756
351.22134
351.22536
351.24006
351.25794
351.27606
351.28020
351.28692
351.30570
352.04286
352.06584
352.07688
352.10664
352.28346
352.29324
352.31394
353.03688
353.04390
353.21346
353.34348
353.52630
353.61348
353.99298
354.00864
354.23304
354.23670
354.25134
354.25398
354.43782
354.97980
355.21014
355.21710
355.23546
355.25118
355.25382
355.27026
355.45254
355.61886
355.84974
356.18022
356.61036
357.19710
357.25530
357.44760
357.65586
357.66006
357.75438
357.89634
357.92550
358.56756
358.84890
359.21814
359.48310
360.24228
360.52980
361.06362
361.28052
361.30008
361.40544
361.61430
361.62882
361.64322
361.87794
361.90050
361.90722
362.42304
363.09294
363.32436
363.38832
363.47184
363.47730
363.58050
363.76752
363.81066
363.97416
364.17378
364.32576
364.33548
364.45116
364.45848
364.58760
364.97394
364.97958
364.98840
365.32410
365.35074
365.35464
365.73318
366.37698
366.38370
366.39816
366.88344
367.44054
367.46976
367.73052
367.77048
367.81056
367.86942
368.47758
368.70480
368.78496
368.80656
368.83374
368.96412
369.00504
369.53394
369.61434
370.54362
370.56180
371.01384
371.12076
371.42640
371.58636
371.62170
371.65020
372.34380
372.35052
372.66690
373.06776
373.11180
373.11486
373.74594
373.78812
374.83842
375.40020
375.88818
376.04676
376.04994
376.07436
376.67844
376.68492
376.71798
376.75794
376.81686
376.82730
376.91724
377.09112
377.24520
377.54088
378.02754
378.70674
378.79386
378.83358
379.05726
379.66446
379.73616
379.86234
380.30760
380.31438
380.49402
381.15822
381.19506
381.34398
381.63078
381.90054
381.91422
381.98034
382.30326
382.73112
382.79568
383.09616
383.13546
383.14344
383.15442
383.18712
383.21430
383.53332
383.56722
383.95968
384.58716
384.78156
384.79776
384.95478
384.96078
385.68966
385.69344
385.70514
385.74060
385.74690
386.57106
386.57448
386.96934
387.11262
387.12060
387.12600
387.93714
387.94698
387.98478
388.00626
388.09182
388.88628
389.24970
389.34048
389.34390
389.37372
389.46390
389.52156
389.94378
390.27366
390.28452
390.78696
390.84660
390.86676
390.90246
390.91578
390.93624
391.93686
392.16558
392.34996
392.58678
392.75394
392.76570
393.32034
393.32328
393.32640
393.36072
393.58038
393.58284
393.61680
393.62376
393.80148
393.97560
393.98250
393.99366
394.30248
394.32642
394.48188
394.57590
394.92624
395.23848
395.24760
395.26302
395.59296
396.02178
396.49866
396.54882
396.56334
396.56970
396.59250
396.60654
396.70494
396.73926
396.74604
397.41978
397.47144
397.47876
397.49292
397.52220
397.55844
397.77204
398.44986
399.19260
399.30810
400.47240
400.47492
400.57194
400.72362
401.18520
401.36742
401.45802
401.49492
401.50956
401.51916
401.52396
401.55222
401.61150
402.35280
402.37428
402.42174
402.48192
403.36368
403.37832
403.38336
403.79718
403.83222
403.93416
404.03430
404.04792
404.29218
404.38482
404.94720
404.95344
405.52806
406.19994
406.28496
406.76484
407.51352
408.24078
408.25092
408.28446
408.29418
408.38448
408.69360
408.71400
409.26162
409.27482
409.27992
409.28904
409.31436
409.95804
410.06688
410.70960
410.71596
411.23172
411.25284
411.26058
411.26748
411.27948
411.97746
412.10568
412.22706
412.23996
412.25958
412.70010
412.71252
412.73892
413.22510
414.00588
414.60390
414.68352
414.86682
414.94080
415.19028
415.53348
416.02722
416.05638
416.19162
416.37948
416.38284
416.38656
416.40468
416.48628
416.60598
416.70528
417.18480
417.19182
417.19914
417.22140
417.29598
417.31590
417.36204
417.63066
418.14042
418.17690
418.18008
418.18488
418.22292
418.23852
419.04954
419.09286
419.29494
419.38584
419.69856
419.70216
419.70528
419.95926
420.01050
420.02850
420.03258
420.16602
420.56790
420.85866
421.02300
421.05300
421.08678
421.33224
422.03934
422.10198
422.89722
422.93526
422.95296
423.02460
423.03480
423.04290
424.01100
424.03770
424.15002
424.19826
424.53966
424.64076
425.02032
425.06316
425.49702
426.06468
426.07134
426.09426
426.14790
426.17046
426.37152
426.40824
426.62172
426.63726
426.77322
426.99312
427.05882
427.18704
427.34532
427.89384
428.05998
428.07306
428.10804
428.61780
429.08994
429.98034
430.09080
430.24584
430.26900
430.70472
430.84650
431.06328
431.07654
431.10654
431.13234
431.16936
431.58972
431.62080
431.65494
432.08892
432.09258
432.09624
432.10026
432.11814
432.13236
432.20256
432.52614
432.61974
432.62298
432.81912
432.89574
432.99732
433.02960
433.11042
433.13232
433.14708
433.73586
433.75620
433.85634
433.86834
434.12856
434.19204
434.29932
434.40540
434.45592
435.19206
435.24420
435.63672
435.79476
435.79854
435.80814
435.83412
435.84162
435.84888
436.01472
436.16436
436.17270
436.19244
437.21424
437.29548
437.40042
437.49348
437.77278
438.23028
438.26322
438.47370
439.15110
439.38102
439.63776
439.76658
440.30340
440.32026
440.33160
440.39754
440.42688
440.48310
440.50332
440.53302
440.83362
440.96136
441.22566
441.38358
442.19136
442.19880
442.20642
442.28976
442.29366
442.35702
442.36362
442.48560
442.99050
443.16300
443.24094
443.50254
443.79876
444.16230
444.21564
444.39276
445.29246
445.41798
445.43532
445.44924
445.49832
445.86528
446.22138
446.40906
446.43120
446.50824
446.76498
446.80170
446.87820
447.11694
447.12036
447.40890
447.86808
447.97170
448.03842
448.07436
448.12992
448.15422
448.16040
448.16760
448.48062
449.48664
449.97756
450.01710
450.06768
450.11010
450.17022
450.17682
450.18936
450.27432
450.32520
451.12452
451.25328
451.35018
451.71096
452.17074
452.32728
452.34276
452.34660
452.82006
453.12630
453.59808
454.08834
454.26648
454.65252
454.68912
455.11074
455.47878
456.13632
456.15102
456.15930
457.10166
457.59828
458.11698
458.34144
458.79444
458.86890
459.07416
459.09042
459.27402
459.73344
459.74496
459.80478
459.87690
460.04580
460.06728
460.26084
460.55460
460.77126
460.87830
461.05740
461.11122
461.12640
462.04272
462.04974
462.06198
462.14484
462.78738
462.84516
462.98604
463.03494
463.25028
464.07312
464.75274
464.77170
464.83590
465.03132
465.03624
465.04518
465.49734
466.02894
466.16502
466.35834
466.45212
466.63554
466.99344
467.68728
467.70912
468.00552
468.06354
468.13038
468.44724
468.59598
468.97560
469.03302
469.79784
469.98486
469.98942
470.00676
470.01066
470.05044
470.96382
470.98632
471.02622
471.02970
471.05094
471.07974
471.20022
471.22938
471.23646
471.96324
472.01040
472.16502
472.38522
472.78614
473.04984
473.11260
473.11548
473.15874
473.24898
473.34990
473.51616
473.78568
473.99616
474.09918
474.12156
474.17196
474.68736
474.90912
474.95742
475.01412
475.18788
475.50150
475.54440
475.83858
476.01132
476.03736
476.05860
476.61264
477.08430
477.29112
477.36708
477.42012
477.69084
477.70482
477.72402
478.03248
478.32654
478.54338
479.01906
479.07768
479.13516
479.58276
479.59722
479.68842
479.69286
479.69700
479.71392
479.71788
479.78694
480.04950
480.95244
481.08570
481.34976
481.90212
481.93698
482.05584
482.05944
482.08026
482.87190
483.10254
483.10854
483.12522
483.13872
483.18798
483.61794
483.96768
483.98184
484.07364
484.26000
484.27428
484.29510
484.95414
485.82654
485.87730
485.89098
486.11640
487.01778
487.17666
487.28856
487.60566
487.81056
487.83966
488.02548
488.21916
488.30556
488.93610
488.95086
488.96142
489.05538
489.88566
490.01454
490.05426
490.15146
490.86300
490.87494
490.88772
490.91454
490.93230
490.96488
491.45076
491.65740
491.67102
491.84322
491.85120
491.90094
492.19686
492.88626
492.91104
492.99342
493.00068
493.71918
493.85196
493.87488
493.87866
493.88736
493.92936
494.58318
494.60574
494.60862
494.61582
494.62704
494.85810
494.87418
494.90634
494.99514
495.10344
495.43782
495.80472
495.81192
495.81942
495.84150
495.88932
495.93474
495.96852
495.97560
495.98226
496.13202
496.47522
496.67406
497.27838
497.29860
497.30358
497.42466
497.50044
497.58372
497.83968
497.89032
497.93400
498.12114
498.14370
498.31950
498.32682
498.33342
498.34020
498.38478
498.46134
498.55008
498.66288
498.87690
498.93366
499.31394
499.32150
499.32732
499.66896
499.69314
499.70106
499.81398
500.34168
500.36130
500.37768
500.37942
500.50638
501.12696
501.27996
501.41106
501.42294
501.42972
501.59892
501.72912
501.75522
501.96498
502.17552
502.59252
502.60680
502.61544
502.63092
502.66140
503.47434
503.68110
503.88840
503.89056
503.90316
503.90532
503.91258
503.92536
503.97288
503.99532
504.23784
504.27642
504.32460
504.35022
504.79524
504.92106
505.02630
505.04874
505.05870
505.06980
505.07418
505.08738
505.13082
506.07090
506.07810
506.08566
506.09208
506.11260
506.14188
506.15226
506.20392
506.25684
506.26368
506.29698
506.33376
506.43360
506.57052
506.58438
506.80092
506.97528
506.98968
507.02586
507.08436
507.10326
507.10680
507.12084
507.12432
507.12834
507.14664
507.16794
507.53412
507.55662
507.97920
508.05618
508.12164
508.13640
508.15734
508.35600
508.38438
508.39134
508.42158
509.20614
509.38596
509.41530
510.04398
510.11598
510.14592
510.14958
510.34440
511.10946
511.58202
511.90836
511.94280
512.04444
512.10888
512.14542
512.16480
512.55162
512.61828
512.90214
513.30492
513.38316
513.51054
514.33944
514.35432
514.43904
514.55430
514.82028
515.06310
515.06760
515.07084
515.14116
515.14764
515.18424
515.53422
515.54706
515.80332
515.87670
516.00396
516.07656
516.10284
516.10650
516.67656
517.49262
517.82898
518.06544
518.06910
518.07918
518.17062
518.24676
518.33574
518.45016
518.49294
518.72112
518.77242
518.99262
519.10266
519.14232
519.15714
519.57972
519.97950
520.40802
520.90950
521.29566
521.38872
521.57550
522.09798
522.70176
522.78834
522.82548
522.84090
522.91626
523.11060
523.52898
523.72656
523.78866
524.06664
524.10408
524.10876
524.13060
524.14866
524.73888
525.02790
525.27114
525.80862
526.02654
526.43646
526.43964
526.88034
526.88442
526.92804
527.01378
527.04330
527.05254
527.53356
527.64276
527.80752
528.57312
528.89988
528.92364
528.99990
529.00902
529.03758
529.30302
529.43238
529.55280
529.85484
529.93848
530.07456
530.10126
530.39712
530.42316
531.01194
531.01626
531.01944
531.03372
531.10866
531.48984
531.73902
531.79686
532.07370
532.20318
532.58928
533.09910
533.44620
533.45298
533.45646
533.46384
533.53302
533.64084
533.83278
534.03126
534.20634
534.36282
534.38226
534.38634
534.70620
534.88506
534.94644
534.95052
534.95220
534.96222
535.07676
535.80486
535.94244
536.62026
536.97918
537.11250
537.54252
537.77898
537.90762
537.91038
538.13526
538.33722
538.70916
538.89504
538.92348
539.49774
540.13146
540.30510
540.49254
540.61860
540.63912
541.70316
541.89240
542.64906
542.88204
542.91144
542.92536
542.98410
543.34842
543.47742
543.86970
543.97908
543.99774
544.18560
545.11488
545.92164
546.64206
546.67272
547.04514
547.17150
547.48776
547.49262
547.58166
547.79940
547.83150
547.83432
547.85370
547.93908
548.21598
548.60856
548.84448
548.85432
548.92224
549.97566
550.00206
550.00884
550.21602
550.45794
550.71246
550.85586
550.98114
551.29782
551.46114
551.53872
551.54250
551.75490
552.22446
552.37806
552.40524
553.00416
553.25814
553.32174
553.42068
553.51872
553.75746
553.76262
553.86894
553.96512
554.31936
554.34162
554.36364
554.62770
556.27956
556.59444
557.31636
557.40438
557.42214
557.77788
558.16830
558.44454
558.80910
560.03928
560.24892
560.35212
560.91048
560.91810
560.92956
560.95506
561.09894
561.43344
561.51942
562.34796
562.45632
562.63440
562.78434
563.07870
563.09340
563.12304
563.17926
563.21268
564.01038
564.05088
564.29370
564.56574
564.57768
564.75162
564.75666
565.00074
565.80654
566.00028
566.25444
567.03084
567.46740
567.95166
568.27338
568.52376
568.55184
568.55358
568.55748
568.56768
569.06838
569.80170
569.92626
569.95608
569.96016
569.96706
570.06738
570.40710
570.41838
570.90534
571.05558
571.65420
571.66212
571.86912
571.87110
571.98486
572.01450
572.64168
572.84730
573.17214
573.42804
573.77958
573.86634
574.07940
574.30086
574.31436
574.88052
575.63088
575.80266
575.81628
576.08070
576.28254
576.29358
576.30330
576.40662
576.60384
576.86082
576.98940
577.91052
577.91328
577.92378
577.95450
577.98180
577.99626
578.02038
578.71830
578.80494
579.43806
579.48414
579.71814
580.08192
580.08366
580.09566
580.34850
580.72734
580.75518
580.85544
580.86294
581.44884
581.70258
581.74218
581.77164
581.98380
581.99826
582.52968
582.69630
582.90570
582.94272
583.03722
583.69326
583.76622
584.01372
584.20182
584.33622
584.41734
584.90334
585.31020
585.31764
585.75258
585.88560
585.90114
585.91794
585.98682
586.24410
586.66032
586.70442
586.83078
586.93986
587.13810
587.32824
587.62512
587.78856
588.05502
588.31080
588.68346
589.25400
589.29030
589.34514
589.35552
589.56180
589.68510
589.69902
589.82058
589.89060
589.91238
590.41206
590.41620
590.42202
590.49132
590.62878
591.34866
591.70908
591.85956
591.88596
592.68726
592.69956
592.86732
593.50932
593.70882
593.71644
593.75970
593.98026
594.66612
594.70200
594.91608
594.92268
594.93348
594.94428
595.62786
595.65390
595.76682
595.81062
595.82154
595.85490
595.91028
595.98120
596.62440
596.64126
596.81736
596.96778
597.06186
597.17472
597.22626
597.62826
597.96762
597.99654
598.01160
598.16796
598.34802
598.61178
599.08482
599.30610
599.59884
600.32226
600.32934
600.65670
600.84966
601.07268
601.09296
601.19418
601.57314
601.79286
601.81620
602.59578
602.62968
602.70288
602.71704
603.02322
603.03066
603.03714
603.16626
603.23034
603.36732
603.49326
603.49572
603.51426
603.51690
603.53100
603.58242
603.58950
603.61500
603.63138
603.66684
604.26780
604.55292
604.59504
605.18736
605.59194
605.83860
605.84160
605.88480
605.90802
606.28458
606.41808
606.62964
606.91068
607.10472
607.25706
607.46502
607.47186
607.75572
607.90428
608.16216
608.49060
608.78346
608.86410
608.86728
608.91432
608.92170
609.05496
609.27846
609.35544
609.55878
610.86342
610.87212
610.88232
610.89402
610.92252
611.22282
611.33670
611.35182
611.36610
611.66568
611.67276
611.67960
612.43680
612.59580
612.66624
613.60008
613.68714
613.69086
613.70190
613.85826
613.86762
613.90944
613.97292
613.99068
614.00130
614.23284
614.42394
615.33390
615.51210
616.17456
616.42458
617.43414
617.44848
617.47800
617.77866
618.19758
618.20514
618.20832
618.37098
618.71850
618.85806
618.86802
618.87156
618.99288
619.42176
619.43622
619.62942
620.06484
620.28696
620.32062
620.34216
620.69832
620.80188
620.90874
621.03750
621.13026
621.30876
621.61284
621.93000
622.02144
622.12644
622.27308
622.29648
622.34286
622.41120
622.43994
623.01708
623.13570
623.23362
623.25246
623.43138
623.68386
623.85996
624.08310
624.09048
624.21936
624.57678
624.65370
624.67110
624.99750
625.19904
625.32666
625.52058
625.95438
626.20410
626.34792
626.35314
626.36676
626.43810
626.94810
627.06498
627.11172
627.18708
627.19842
627.35730
627.63492
627.66498
628.12122
628.15836
628.18428
628.18776
628.20852
628.30662
628.34322
628.85832
628.87356
629.14848
629.17878
629.22156
629.52168
629.55726
629.57868
629.60004
630.08796
630.20688
630.35280
631.07880
631.49526
631.64550
631.68888
631.88784
632.13306
632.21916
632.34516
632.35224
632.71764
632.90640
633.39822
634.10340
634.17012
634.25598
635.09682
635.20494
635.41920
635.58522
636.19236
636.40704
636.48960
636.49650
636.62496
637.14192
637.84188
638.12760
638.14218
638.24436
638.38092
638.81622
639.11412
639.15810
639.46458
639.55206
640.21740
640.34424
640.36092
640.91880
641.13120
641.14548
641.16426
641.19066
641.44452
641.45838
641.98170
642.00168
642.05466
642.09756
642.17514
642.38904
642.46692
642.69786
642.85206
642.96180
642.99810
643.07070
643.20864
643.21212
643.21914
643.24254
643.24602
643.31928
643.34790
643.41852
643.62528
643.63458
643.66860
643.87200
643.90590
644.19606
644.22522
644.23212
644.36058
644.61948
644.62686
645.30468
645.31236
645.36114
645.36318
645.42294
645.44850
645.54228
645.58320
645.74238
646.07652
646.52616
646.61388
647.01474
647.02272
647.03664
647.26668
647.27298
647.28000
647.28738
647.62974
647.67696
647.81568
647.99436
648.01608
648.02304
648.53730
648.94620
649.21698
649.23978
649.24314
649.36020
649.37256
649.87482
650.10132
650.11764
650.26044
650.64684
650.66652
651.24726
651.74760
651.76062
651.78126
651.78744
652.27428
652.27728
652.28544
652.44738
653.24040
653.90502
654.24234
654.32712
654.36384
655.27824
655.36308
655.48422
655.71918
655.85532
655.86258
655.97184
656.06244
656.28516
656.29998
656.32842
656.33946
656.55150
657.27624
657.29826
657.31356
657.76524
658.10142
658.34286
658.59522
658.77846
658.79514
659.04576
659.36250
659.37264
659.47548
660.09582
660.36834
660.46134
660.48402
661.20204
661.21272
661.35870
661.36110
661.36938
661.37256
661.46694
662.69922
662.77530
662.88984
663.08388
663.09462
663.11286
663.18642
663.21906
663.28518
663.30636
663.32610
663.43584
663.61200
663.77904
664.11288
664.12626
664.23498
664.41372
664.74588
664.77912
665.98380
666.17292
666.76614
666.78048
667.14528
667.29330
667.51872
667.59102
667.68672
667.68816
667.75890
668.00136
668.01654
668.33076
668.35284
669.24216
669.44016
669.70986
669.75234
669.89754
669.92358
669.95988
670.80264
671.86260
672.51330
673.03380
673.07112
673.07736
673.08168
673.09068
673.50420
673.78626
673.82958
674.04186
674.05068
674.48340
674.49408
674.63874
674.72658
675.69396
675.75732
676.32918
676.34826
676.35840
676.39800
676.48218
676.48704
676.50060
676.85298
676.85694
676.86018
676.86786
677.18670
677.39292
677.56752
678.05346
678.58776
678.75378
678.79434
679.61646
679.70376
680.33862
680.37786
680.38962
680.57676
681.69150
681.69870
681.83226
682.57032
682.65510
682.72038
682.73442
683.20536
683.22090
683.46372
683.63562
684.16428
684.89850
684.99360
685.53822
685.76460
685.94484
686.18592
686.43258
686.70450
686.70792
686.71176
686.89710
687.34392
687.58002
687.61752
687.71880
688.32120
688.38312
688.44534
688.44924
688.45110
688.60878
688.73742
689.11914
689.12370
689.35590
689.36214
689.44818
689.60490
689.62698
689.64198
690.03222
690.56094
691.19364
691.34922
691.54176
692.26482
692.90958
693.35544
694.02192
694.04862
694.39188
694.55160
694.63734
694.66764
695.34510
695.41668
695.57274
695.60238
695.63868
695.87304
695.98824
696.00522
696.31050
696.31770
696.32940
696.33192
696.33648
696.36102
696.36528
696.93204
696.97596
697.76892
697.79838
698.24748
698.47158
698.49414
698.49846
698.78910
699.12810
699.17658
699.19902
699.23904
699.30354
699.34020
699.35472
699.36552
699.63168
699.64632
699.70572
700.07646
700.20006
700.22652
700.29906
700.64880
701.15628
701.95092
701.95494
702.45078
702.45426
703.81584
703.83036
704.15790
704.75250
704.75970
704.81022
704.97444
705.15258
705.51882
705.53208
706.11198
706.11882
706.15866
706.58754
706.75836
707.07630
707.09844
707.23878
707.28180
707.44554
707.45628
707.78940
707.94540
708.05382
708.06840
708.07230
708.26874
708.27030
708.96696
709.04448
709.04634
709.25022
709.25484
709.30416
709.40472
709.47798
709.52862
709.59774
709.83462
710.06922
710.34072
710.35446
710.36178
710.96232
710.96964
711.01854
711.69372
711.69984
711.75828
711.76500
711.80838
712.03764
712.04358
712.05024
712.12716
712.17018
712.75782
713.00850
713.02452
713.18160
713.79738
713.84076
714.13068
714.47136
714.53802
714.82338
714.84948
714.87294
714.89658
715.21644
715.86090
715.87878
716.07462
716.36748
716.37420
716.45310
716.45604
716.46048
716.89098
717.19662
717.43734
717.45618
717.72018
717.80280
717.81660
717.83304
719.11218
719.16342
719.70618
719.74086
719.74974
720.34056
720.42906
720.68520
720.71094
720.73560
721.29252
721.35516
721.51104
721.51704
721.67244
721.70208
721.73610
721.96578
722.03550
723.02262
723.34578
723.58032
723.58830
723.62298
723.63798
724.53552
724.56474
724.59402
724.62270
724.68738
724.70136
725.40486
725.46474
725.80530
726.09846
726.30450
726.48414
726.48900
726.49608
726.60486
727.02006
727.48248
727.60074
727.88538
727.90044
728.03304
728.17728
728.42796
728.43492
728.44038
728.63304
728.79738
728.82720
729.04980
729.29994
729.35118
729.39114
729.40008
729.80700
729.88050
729.97800
730.35660
730.52064
730.65006
731.27244
731.33730
731.38680
731.39928
731.42028
732.12414
732.34224
733.81926
734.14650
734.28906
734.29656
734.31870
734.32194
734.33676
734.96808
735.26958
735.53964
735.56862
735.59700
735.87414
736.22640
736.36494
737.15556
737.17704
737.18136
737.18460
737.19180
737.19576
737.54202
737.91390
738.22218
738.23580
738.34806
738.37698
738.71928
738.76278
739.16640
739.23522
739.24368
739.25868
739.26918
739.67184
739.77762
739.82814
740.13090
740.23116
740.51550
740.52822
740.57058
740.84472
741.16116
741.82422
741.89358
741.97914
742.40796
742.43484
742.44744
742.48986
742.67556
742.99776
743.00148
743.01588
743.10366
743.28738
744.21936
744.22746
744.26004
744.74100
745.80624
745.81314
745.82712
745.99008
746.16246
746.53446
746.53962
747.04074
747.08466
747.11706
747.19410
747.21288
747.28938
747.93102
748.17924
748.58520
748.74984
748.92882
749.44296
749.82906
749.92374
750.12366
750.36552
750.53244
750.88800
751.25976
751.76670
751.77360
752.33220
752.35536
752.83122
752.86140
752.90220
752.91600
753.29910
753.46176
753.87552
754.13868
754.14948
754.21242
754.86252
755.72754
755.75364
755.85588
756.34458
756.34842
757.47102
757.87164
757.90728
757.92726
758.11506
758.67324
758.68428
758.78562
758.83500
758.86794
758.87856
758.92578
759.63750
759.69432
759.83502
759.89406
760.76832
760.77864
761.38884
761.43918
761.46072
761.51094
761.87754
761.88474
761.88840
762.58998
762.76026
762.78180
762.79044
762.92040
763.46034
763.81194
764.11068
764.27082
765.32742
765.69834
765.75012
765.82008
765.82710
766.31754
767.67996
767.73138
768.55752
768.97482
769.14402
769.48542
769.56660
769.76580
769.88766
770.08170
770.75538
771.85422
771.86076
771.98418
771.99150
771.99840
772.03926
772.72278
772.74852
772.78524
773.25396
773.29068
773.33178
773.37588
773.55498
773.86308
774.05736
774.12756
774.27588
774.30456
774.39744
774.64896
774.67770
775.15674
775.31244
775.36380
775.41426
775.69206
776.02782
776.27148
776.47224
777.48840
777.69192
777.85896
778.78866
778.84818
778.86606
779.02896
779.03214
779.09700
779.16018
779.41578
779.42328
779.55276
779.59542
779.89470
780.20502
780.62304
780.66684
780.93144
781.06308
781.46946
781.49064
782.10492
782.22300
782.23398
782.24598
782.38248
782.61942
783.04284
783.05730
783.08202
783.37878
783.74298
783.76242
784.99938
785.38578
785.45034
786.00648
786.26574
786.90162
786.93030
786.94548
786.97344
787.06986
787.30320
787.92318
787.96752
788.93706
788.94402
789.05082
789.07956
789.09768
789.09948
789.17124
789.34464
789.67374
789.93054
789.94536
790.87020
790.92456
791.14716
791.16804
791.85372
791.86116
792.24732
792.30840
792.35280
792.84054
792.89130
793.31142
793.74834
793.83822
793.86966
793.88508
794.24046
794.43486
794.67150
794.70798
795.25470
795.44040
795.52842
795.85140
795.90888
796.12200
796.21584
796.66482
796.87854
797.12844
797.22198
797.48112
797.76768
797.78244
797.80836
797.81514
797.81850
797.82240
798.14664
798.61782
798.63876
798.64278
799.57446
799.79112
799.80252
800.12538
800.25222
800.25486
801.02934
801.03576
801.11310
801.12000
801.13512
801.33636
802.29252
802.33878
802.69284
802.73592
802.79862
803.28600
803.30886
803.67168
803.96910
803.99928
804.04272
804.23238
804.35808
804.69792
805.07184
805.45338
805.46688
806.81070
806.84622
807.04134
807.25920
807.30198
807.64836
807.70284
807.73020
807.76632
808.11318
808.37388
808.41000
808.43394
808.45986
808.66044
808.67586
808.68234
809.24004
809.60400
809.67660
809.70810
810.27048
810.38934
810.47130
810.62046
810.66342
810.67074
811.59054
811.65366
811.66164
811.66380
811.68174
811.69266
811.75572
811.77108
812.36352
812.62086
812.67828
812.71320
813.69390
814.00446
814.02174
814.57344
814.83096
814.83888
815.09496
815.24406
815.68350
815.85474
816.47610
816.71718
817.16712
817.23360
817.23996
817.63062
817.64130
817.65450
817.86780
817.88340
818.61834
819.01722
819.06420
819.46818
819.62766
819.87132
819.95508
820.62384
820.67094
821.14752
821.17050
821.26422
821.27040
821.39790
821.47794
822.62238
822.67950
823.61868
823.63476
824.06796
824.07240
824.38122
824.60856
825.29454
825.30894
825.36216
825.60432
825.61212
826.00704
826.05150
826.15842
827.57514
827.63484
828.55140
828.59844
828.73212
828.86880
828.87582
829.40622
829.45620
829.48986
830.11512
830.71578
830.89284
830.90742
831.40656
831.77310
832.19202
832.60002
832.67916
833.26638
833.51946
833.79354
834.27966
834.45258
834.57324
834.59598
834.78696
835.47666
835.49058
835.91058
836.26818
836.34822
836.76342
836.81364
837.30570
837.50292
837.51024
837.64152
838.09686
838.13370
838.13712
838.14054
838.50642
838.71942
838.74072
839.16468
839.25450
839.51388
839.52810
839.69988
839.89074
841.18614
842.35764
842.45358
842.48898
842.53014
842.77272
843.06732
843.23652
843.72444
844.66854
844.75908
844.79964
844.83570
844.84470
845.00352
845.33802
845.36064
845.36736
845.52672
845.90274
845.92434
846.04494
846.71052
846.83250
847.05744
847.14702
847.33188
847.39962
849.71382
849.75066
850.55808
850.63062
850.63506
850.83678
851.05122
852.12294
852.58620
852.75762
852.90366
853.70928
853.71090
853.73106
853.96704
853.97814
853.99428
853.99722
854.03202
854.25126
854.25486
855.50190
855.73152
856.40334
856.43244
856.92144
856.92522
856.94298
857.04246
857.24250
857.39922
857.47896
857.57106
857.59254
857.65560
857.76384
858.13566
858.25500
858.37248
858.43626
858.56568
858.74700
858.80886
858.94278
859.34856
859.50006
860.48232
861.12474
861.49494
862.09626
862.13958
862.26576
862.33932
862.98900
863.73030
863.82732
863.83926
863.87496
864.04632
864.27672
864.38976
864.45606
864.85332
864.92610
865.51320
865.51986
865.56768
866.18286
866.19546
866.53434
866.77038
867.19944
867.34974
867.35760
867.40734
867.70476
867.70638
867.72690
867.85134
868.08660
868.09974
868.18350
868.24182
868.90776
869.04408
870.17958
870.20910
870.23082
870.98988
871.61016
871.68210
871.70418
871.95426
871.99428
872.06700
872.30154
872.93724
872.98380
873.02316
873.03318
873.05388
873.26874
873.57642
873.89082
873.91080
874.36746
874.59762
875.07420
875.52450
875.86932
875.88438
875.94102
875.96238
875.97834
875.99202
876.04776
876.06258
876.06762
876.64836
876.68484
876.69138
876.69924
877.06506
877.78404
877.82124
878.70720
879.05826
879.65832
879.75816
879.97434
880.22496
880.32942
880.38810
880.47276
880.67142
881.11638
881.19024
881.42982
881.68872
881.94600
881.97540
882.06858
882.07560
882.44214
883.17588
883.40682
883.43232
883.47540