0.53858
0.55297
0.58216
0.60547
0.66157
0.69210
0.78493
0.81830
0.86175
1.54888
1.55246
1.56822
1.58285
1.58958
1.62518
1.64173
1.77830
1.84167
2.72829
2.77857
3.12826
3.13525
3.22834
3.73596
3.74930
3.75452
3.76182
3.85858
3.94210
4.00683
4.11571
4.13522
4.32844
4.49221
4.52811
5.15902
5.16596
5.16806
5.18025
5.18562
5.19503
5.25913
5.27911
5.30910
5.43586
6.40895
6.51567
6.60188
6.76498
6.78603
6.83213
7.05195
7.13966
7.32934
7.53271
7.54270
7.60881
7.68237
7.70194
7.71847
7.93949
8.05197
8.07579
8.09966
8.10264
8.47607
8.51895
8.52559
8.87617
9.26890
9.31904
9.36861
9.39139
10.11219
10.28277
10.29169
10.30595
10.57917
10.61931
11.03957
11.56450
11.58488
11.60003
11.74108
11.93536
11.95877
12.00610
12.21354
12.25590
13.42303
13.44275
13.46395
13.57153
13.60806
13.63689
13.66248
13.83583
13.90292
13.90842
13.91461
13.94249
13.96597
14.02890
14.10909
14.25212
14.25822
14.28611
14.28813
14.30690
14.34267
14.40158
14.47196
14.51553
14.55996
14.58700
14.62910
14.77873
14.79251
14.88033
14.90039
15.30776
15.32395
15.33571
15.40230
15.51572
15.52934
15.56017
15.59544
15.64585
15.67345
15.72387
15.73985
15.75324
15.76823
15.83928
15.85187
16.15208
16.31618
16.31841
16.33982
16.35152
16.35947
16.37537
16.39554
16.41595
16.71865
16.75207
16.84551
16.89554
17.00922
17.08220
17.08850
17.09576
17.21207
17.28276
17.40215
17.49550
17.54541
17.81210
18.03919
18.05505
18.20925
18.21859
18.22586
18.69099
18.69722
18.69907
18.79020
18.91216
18.98231
19.02586
20.01213
20.07621
20.26191
20.26884
20.47537
21.14232
21.62858
21.66255
21.71569
21.76238
21.99932
22.02251
22.05801
22.06976
22.09241
22.09920
22.59914
22.84243
22.92800
22.95930
23.06543
23.19417
23.80941
23.81691
23.83788
23.84224
23.85160
23.85863
24.09525
24.37845
24.40177
24.40908
24.43952
24.78862
24.79527
25.05200
25.09513
25.47993
25.49240
25.50189
25.51189
25.51535
25.66875
25.69719
25.70914
25.71165
25.77410
25.85910
25.99522
26.00882
26.07829
26.15170
26.90415
27.37505
27.46203
27.63282
27.66861
28.11867
28.14023
28.15466
28.16813
28.32542
29.02061
29.02581
29.03448
29.04714
29.05241
29.05488
29.05863
29.07835
29.11244
29.11535
29.14753
29.19924
29.83616
30.44275
30.61379
30.64250
30.78621
31.36568
31.40661
32.23526
32.52008
32.52231
32.53009
32.55650
32.58537
32.72860
34.05904
34.10952
34.12532
34.15181
34.17984
34.25748
35.07948
35.10172
35.11673
35.12917
35.14557
35.20946
35.73267
35.76879
35.77298
35.78072
35.78304
35.78979
35.82606
35.83928
35.93339
36.21897
36.22373
36.41795
36.44667
36.45246
36.45354
36.46863
36.54626
36.62582
36.79173
36.80979
36.85366
36.92640
37.16914
37.42536
37.44914
37.45605
37.48546
37.54712
37.94576
37.94754
37.95947
37.98316
37.98949
38.04635
38.23563
38.32615
38.66827
38.67644
38.93545
39.26967
39.31942
39.34665
39.38586
39.39003
39.39269
39.51940
39.82380
39.84329
39.85053
40.54369
40.56301
40.57188
40.57960
40.61331
40.70085
41.94416
42.10000
42.42909
42.43148
42.45166
42.45855
42.49340
42.50751
42.54321
42.65024
42.82359
42.92375
44.05335
44.26096
44.33708
44.33958
44.35998
44.41364
44.61719
45.43669
45.47748
45.49429
45.51050
45.51717
45.64717
45.74736
45.80312
45.82992
45.83338
45.91071
46.44682
46.89713
46.94073
46.96280
47.19681
47.29766
47.31057
47.44713
47.64149
47.64819
47.77737
47.78398
47.80038
47.80478
47.82019
47.87014
47.88410
47.94698
47.96983
48.26328
48.27725
48.53386
48.55806
48.67721
48.94926
49.13426
49.40812
49.63015
49.79387
49.84400
49.85064
49.94406
50.06382
50.10752
50.13729
50.14270
50.14461
50.15073
50.19130
50.55804
50.56417
50.63457
51.13710
51.15763
51.48106
51.67177
51.68714
51.70066
52.43703
52.45031
52.68011
52.72450
52.75172
52.75639
52.75828
52.92800
52.93009
52.95165
52.95380
52.96036
52.97497
53.15122
53.91140
54.23774
54.39449
54.66723
54.67204
54.68971
54.70850
54.71149
54.71817
55.29787
55.64778
55.92740
56.06065
56.28424
56.34148
56.34762
56.35513
56.38959
56.39795
56.43380
56.44822
56.45433
56.46849
56.47525
56.49062
56.60460
56.86160
57.29787
57.85115
57.91413
58.14453
58.17822
58.91218
59.24842
59.52940
59.56491
59.57144
59.59544
59.59951
59.60483
60.26490
60.42141
60.76070
60.79527
60.81583
60.90138
60.93674
61.08813
61.12863
61.19570
61.23200
61.27191
61.62901
62.04537
62.23196
62.35280
62.53185
62.64989
62.95261
63.05219
63.94593
64.06552
64.35291
64.36030
64.39598
64.73357
64.76171
64.78240
64.83236
64.83925
64.85450
64.86205
65.33269
65.70531
66.44283
66.52659
66.53446
66.54605
67.20585
67.46285
68.30064
68.30515
68.33548
68.34145
68.34330
68.45174
68.45605
68.56316
68.64247
68.65623
68.68651
69.42991
69.61601
69.65010
69.84953
69.90172
69.92992
69.96597
70.03004
71.17378
71.18007
71.19421
71.20735
71.20938
71.36040
71.62344
71.65347
72.22405
72.23774
72.25130
72.28071
72.33585
72.42331
73.29715
73.30765
73.31786
73.31967
73.34030
73.35464
73.37432
73.45647
74.05700
74.06049
74.07444
74.11730
74.45388
74.96901
74.98990
75.16105
75.44737
75.73401
76.15684
76.16434
76.33737
76.51431
76.67023
76.68735
76.70012
76.70734
76.72084
76.72746
76.73401
76.73720
77.10691
77.48553
77.72128
77.90075
78.16379
78.20731
78.38793
78.47113
78.47836
78.72405
79.06422
79.23118
79.25750
79.25869
79.30847
79.45822
79.52379
79.58109
79.66742
79.68866
79.69318
79.70429
79.73105
79.97960
79.98472
79.98768
80.01681
80.02909
80.09107
80.20841
80.21739
80.23190
80.23874
80.39427
80.61488
80.73138
81.26751
81.35884
81.57328
81.64401
82.08160
82.31029
82.69093
82.78203
83.07543
83.34841
83.49835
83.54165
83.55483
83.57405
83.57537
83.57817
83.58086
83.58798
83.58970
83.59138
83.59700
83.61229
83.74846
83.90490
83.93459
84.61923
84.87757
84.88410
84.89879
85.14114
85.74846
86.13486
86.16938
86.19101
86.61239
86.83460
87.05804
88.15868
88.34218
88.39480
88.39892
88.47267
88.62459
88.65290
88.65824
88.67873
88.72154
89.11527
90.31525
90.44604
90.44860
90.45864
90.46523
90.50322
91.44498
91.48200
91.58857
92.13850
92.19896
92.21148
92.23189
92.33198
92.92546
93.85848
93.87604
93.91200
94.64885
94.66257
95.49165
95.58500
95.69862
95.84872
96.02197
96.07884
96.09226
96.09791
96.10155
96.35835
97.10830
97.12160
97.32303
97.35766
97.46500
98.51522
98.79453
99.04556
99.06750
99.09568
99.11612
99.12555
99.22449
99.33829
99.64394
99.65124
99.67397
99.73081
99.88813
100.73131
100.73402
100.73704
100.75388
100.75487
100.81740
100.82410
100.91768
101.29802
101.50176
102.34834
102.35450
102.41935
102.43424
103.50081
103.50766
103.51426
103.53229
103.64077
103.65044
103.65462
103.73415
103.79872
103.80055
103.81160
104.25717
104.36443
104.42702
104.43375
105.07069
105.27783
105.30799
105.32687
105.50742
105.61439
105.62131
105.62325
105.70924
105.94145
106.26403
106.81376
106.88721
107.01261
107.01453
107.07260
107.47407
107.97357
108.20962
108.24702
108.75990
108.76716
108.78929
108.79352
108.82269
109.22316
109.38296
110.14664
110.43938
110.65539
110.66907
110.82549
111.51298
112.67614
112.67828
112.68872
112.69292
112.74306
112.84191
113.69858
113.71294
113.72207
113.75623
113.77610
113.80501
113.96316
113.99893
114.42205
114.47871
114.48726
114.49496
114.49613
114.49898
114.49998
114.50690
114.52224
114.67252
114.69882
114.82159
115.21529
115.42872
115.50653
115.76226
116.05045
116.07762
116.07888
116.08162
116.10011
116.11512
116.33876
116.37932
116.99519
117.00759
117.01094
117.01503
117.02324
117.03308
117.03734
117.04444
117.53881
117.54467
117.78159
118.14523
118.30427
118.43815
118.68233
118.84515
119.08146
119.19432
119.21127
119.22235
119.24517
119.48113
120.69765
120.92481
120.92830
120.94098
120.95486
121.05427
121.09761
121.50414
121.56054
121.57093
121.96126
122.34741
122.42800
122.61428
122.68434
122.68753
122.73434
122.82075
122.89897
123.98697
124.21435
124.31408
124.38739
124.41595
124.43432
124.43707
124.44400
124.54421
124.70101
124.78710
124.85874
125.43823
125.45087
125.47506
125.50994
125.63031
125.75975
126.14250
126.17430
126.19438
126.20571
126.22012
126.22231
126.23169
126.23733
126.29429
127.01084
127.03022
127.04496
127.12436
127.38786
128.03690
128.04625
128.05349
128.06071
128.11736
128.21035
128.21632
128.50334
128.81025
129.29705
129.30341
129.31042
129.31941
129.62720
129.64779
129.89642
129.93373
130.51943
130.69630
131.37382
131.37647
131.42678
131.71285
131.71959
133.08672
133.42957
134.13067
134.13583
134.15161
134.18417
134.20093
134.20276
134.21256
134.22183
134.91645
134.98974
135.15958
135.19560
136.16425
136.16859
136.17447
136.56011
136.56555
136.56844
136.68217
136.73211
137.37572
137.98945
137.99532
138.00612
138.00852
138.08809
138.24870
138.93167
139.47536
139.48239
139.49706
139.50467
140.09234
141.04841
141.45652
141.52856
141.54876
141.60117
141.66382
142.09202
142.10921
142.11139
142.11529
142.12813
142.18492
142.26516
142.69228
143.09169
143.13167
143.40827
143.42396
143.82194
143.86636
143.87407
145.01792
145.07385
145.33161
145.35753
145.35968
145.55209
145.93122
146.38160
146.51089
147.07437
147.11741
147.12478
147.17664
147.18127
147.20286
147.22431
147.23739
147.23933
147.24781
147.25448
147.26110
147.42466
147.47507
147.51071
147.52497
147.54772
147.55501
147.57489
147.59778
147.61061
147.61959
147.75072
148.01130
148.35476
148.48446
148.77729
148.78383
148.83401
148.87690
148.98312
149.00413
149.01262
149.03885
149.07821
149.09083
149.19063
149.63688
149.64921
150.19343
150.20741
150.23840
150.36243
150.36441
150.37059
150.41355
151.35051
151.37348
151.39365
151.60699
151.95105
151.96382
152.13391
152.95705
153.00295
153.07316
153.12349
153.13741
153.59702
153.61502
153.62359
153.71642
153.75243
153.97388
154.45266
154.48760
154.52342
155.28717
155.31124
155.31600
155.35413
155.36647
155.71089
155.71267
155.72632
155.73135
155.73314
155.74656
155.76671
155.77393
155.79516
155.81638
155.81817
155.82363
155.82632
155.83068
155.83274
155.84024
156.26735
157.03314
157.04667
157.06093
157.06648
157.07582
157.07687
157.08630
157.09308
157.09686
157.11283
157.13373
157.18964
157.23711
157.35395
157.36901
157.38019
157.59985
157.76858
158.06075
158.14029
158.50067
158.53305
158.54292
158.59893
158.60652
158.64261
158.75421
158.78374
158.78633
158.99916
159.04928
159.11306
159.65652
159.83589
159.84226
159.87837
159.89159
159.89863
160.26294
160.38706
160.39908
160.40037
160.40805
160.43705
160.50183
160.50691
160.50989
160.54256
161.20834
161.24930
161.25659
161.27061
161.55337
161.55908
161.56623
162.22286
162.44288
163.07278
163.60893
163.63728
163.87271
163.87507
164.06061
164.12295
165.23235
165.36149
165.56624
165.56940
165.73919
165.89233
165.91212
165.92589
165.94619
166.94203
166.95613
167.07573
167.13221
167.16195
167.16934
167.17550
167.40583
167.64342
167.69171
167.69852
167.74183
167.76228
168.14847
168.17232
168.18541
168.21946
168.22909
168.42758
168.61908
168.80609
168.82084
168.84272
168.94283
168.97280
168.99399
169.09860
169.10829
169.14453
169.17235
169.48646
169.82822
169.84217
169.97222
170.13800
170.17912
170.46501
170.64169
170.66529
170.67211
170.67906
170.70849
171.37232
172.01463
172.03787
172.11571
172.14428
172.15892
172.25149
172.85883
172.88792
173.91021
173.93103
173.95930
173.97587
174.01467
175.61906
175.62134
175.63094
175.63462
175.69160
176.08147
176.09245
176.88875
176.93428
177.34156
177.36477
177.44793
177.53460
177.69868
177.73418
177.77197
178.03519
178.34204
178.44154
178.76465
179.05534
179.10807
179.12290
179.20839
179.72843
180.19498
180.23198
180.26459
180.42838
180.63593
180.90208
180.97166
182.13163
182.13599
182.15048
182.15479
182.15935
182.18856
182.20186
182.33162
182.38137
182.43105
183.04515
183.18093
183.84864
183.86125
184.04746
184.89784
185.16154
185.60045
185.61807
185.62802
185.63252
185.63498
185.65501
185.66151
185.87818
185.97045
186.18362
186.34094
186.77809
187.03547
187.27154
187.30748
187.32101
187.32800
187.35522
187.56393
187.59154
187.62059
187.65771
187.99857
188.00686
188.02788
188.04983
188.06559
188.07136
188.55657
189.17136
189.17796
189.19422
189.20080
189.22134
189.25153
189.25791
189.28780
189.33092
189.33666
189.33830
189.40481
189.55768
189.63177
189.65742
189.66490
189.70777
189.87391
190.10203
190.10792
190.12062
190.18803
190.60123
190.61416
190.62373
190.63982
190.65098
190.84453
190.85912
190.89396
191.05941
191.63837
192.49717
192.53222
192.55458
192.70460
192.78713
192.83223
192.89565
192.90878
192.93131
193.55483
194.00503
194.02560
194.16169
194.22426
194.39751
194.54718
194.65471
194.67062
194.68282
194.69726
194.95643
194.96149
195.92780
195.94112
195.95482
195.96228
195.96429
196.16180
196.17126
196.22644
196.22763
196.22915
196.24741
196.24980
196.28408
196.43500
196.64152
196.77164
197.40200
197.40607
197.40769
197.67099
198.10487
198.39871
198.40793
198.42935
198.43808
198.45406
198.45600
198.45874
198.47135
198.47446
198.57579
199.34497
199.37135
199.53834
199.63137
199.65944
199.66476
199.69539
199.72461
199.83686
199.83820
199.88892
200.75233
200.75527
200.78539
200.78847
200.94536
200.95458
200.96624
200.97848
200.98886
200.99565
200.99765
201.00169
201.03882
201.38340
201.38792
201.41797
201.48893
201.70209
202.13145
202.38177
202.82001
202.83877
202.92497
202.93860
202.98178
202.98884
203.52129
203.70476
203.75416
203.80561
203.82133
204.55641
204.56948
204.59202
204.60565
204.65517
204.75478
204.84857
205.07901
205.16931
205.18898
205.44938
205.62577
205.70511
205.75609
206.16511
206.17952
206.19214
206.19899
206.45578
206.51329
206.52957
206.53622
206.54495
206.55597
206.64335
206.72229
206.77932
207.66580
207.67295
207.90713
207.91578
208.31607
208.36407
208.57299
209.27325
209.46593
209.50986
209.62365
209.92307
209.96802
210.03992
210.97365
211.17371
211.35363
211.36085
211.36887
211.38290
211.42609
211.71045
211.77484
211.79710
211.84668
211.98331
212.09036
212.16929
212.17095
212.92683
213.03752
213.05669
213.08323
213.12680
213.20640
213.21118
213.23352
213.23572
213.56873
213.58620
213.60615
213.72593
214.90688
214.92123
214.93347
215.40030
216.21345
216.22119
216.22670
216.23476
216.52713
216.54389
216.78841
216.82059
216.90083
217.75766
218.20771
218.22129
218.23875
218.26065
218.40241
218.85217
218.98005
219.01708
219.08052
219.46731
219.91705
219.96519
219.96771
219.98193
220.16093
221.12587
221.46792
221.58438
221.76794
221.77485
221.78922
221.79118
222.77068
222.89184
223.16438
223.17916
223.25571
223.89834
223.90089
223.94332
224.10847
224.14814
224.19081
224.33469
224.68473
224.76421
224.82823
224.83491
224.87847
225.27846
225.28965
225.30644
225.31570
225.57870
225.58467
225.60449
225.64105
225.71510
226.39228
226.42112
226.56426
226.74989
226.75569
226.77544
226.77745
226.77947
226.85152
227.33845
227.40236
227.43266
227.54515
228.27853
228.29212
228.29508
228.31548
228.46678
228.53260
228.83916
229.16804
229.18052
229.18395
229.18947
229.19618
229.21651
229.22432
229.23684
229.23870
229.97593
230.24943
230.26866
230.27507
230.28281
230.28958
230.31861
230.41895
230.52626
231.08253
231.11839
231.85611
232.07655
232.13332
232.14859
232.39916
232.61394
232.76358
232.81189
232.82600
232.83379
233.93539
233.96469
233.98286
233.99957
234.04299
234.27978
234.41548
234.43362
234.54326
234.57949
234.65672
234.68582
234.84299
234.86124
234.86358
234.87958
234.88601
235.12107
235.12916
235.17959
235.18556
235.19277
235.58632
235.70201
235.70990
235.76661
235.85883
235.86643
235.91607
236.39290
236.71653
236.73103
236.73690
236.76315
236.79000
236.81109
236.81910
236.83948
236.85373
237.08119
237.08966
237.09400
237.09498
237.09642
237.10299
237.10689
237.10917
237.12997
237.15144
237.15308
237.15699
237.19347
237.21592
237.23872
238.27394
238.89653
238.90989
238.91876
238.94039
239.51974
239.58340
240.02428
240.06943
240.08278
240.08742
240.25323
240.30472
240.66986
240.68347
240.73987
240.91315
240.91896
240.92654
241.89282
242.09044
242.22411
242.23377
242.26951
242.42593
242.71983
242.72966
242.74064
242.74173
242.74814
242.75010
242.75643
242.77249
242.78473
243.78722
244.19429
244.24337
244.34431
244.38656
244.41386
244.54298
244.65947
244.67462
244.70274
244.90431
245.00789
245.08712
245.30057
245.32151
245.33780
245.43850
245.45957
245.60343
245.88703
246.15093
246.15942
246.16169
246.17276
246.18113
246.18919
246.41033
246.43054
246.53775
246.81104
247.51131
247.52447
247.53364
247.55396
247.59657
247.90227
247.91091
247.91793
247.92473
247.94362
247.94692
247.98050
248.55484
248.56788
248.58111
248.58537
248.58722
248.60540
248.62552
248.64464
248.83562
248.83783
248.86767
249.09776
249.55500
249.58518
249.59167
249.59745
249.60713
249.61829
249.64738
249.65511
250.72808
250.74804
251.39275
251.47136
251.76477
251.87109
251.92891
251.95834
251.99271
252.70629
253.28533
253.29879
253.30834
253.32069
253.33365
253.35777
253.36537
254.29380
254.29576
254.31502
254.32459
254.33591
254.36355
254.36490
254.36713
254.41614
254.42235
254.55207
255.08623
255.13891
255.20415
255.22244
255.55317
255.64645
256.16620
256.19448
256.22259
256.24010
256.63008
256.82523
256.86116
256.87395
256.87637
256.96961
257.19724
257.30357
257.35577
257.38302
257.73770
257.74440
257.78193
257.78966
257.85645
257.93915
258.16834
258.25029
258.34004
258.43975
258.46718
258.46910
258.49058
258.51082
258.52758
258.53363
259.05490
259.53367
259.53860
259.55521
259.59051
259.64057
259.71015
260.21319
261.03432
261.45776
261.71154
261.80709
261.82764
261.96492
262.40782
262.41490
262.57899
262.67067
263.02911
263.05790
263.80837
263.85176
264.37028
264.62877
264.75150
264.75879
264.80258
265.05975
265.08147
265.08630
265.08736
265.09206
265.10568
265.15920
265.24516
265.26615
265.55260
265.58354
265.61575
265.64527
265.65949
265.66665
265.67609
266.87629
266.90420
266.90805
266.90984
266.92088
266.93103
266.93786
266.99030
267.40381
267.41006
267.41119
267.41920
267.42671
267.43046
267.43885
267.44046
267.45208
267.70366
267.86752
267.94008
267.95062
268.06092
268.09106
268.23463
268.30413
268.56967
268.82751
268.86170
268.91835
269.22131
269.62868
269.64950
269.69909
270.21896
270.54127
270.54869
270.58822
270.61617
270.95568
271.53585
271.71111
271.73482
271.76393
271.77880
272.25811
272.26000
272.26269
272.26671
272.28035
272.28526
272.30331
272.58647
273.74409
273.80104
273.87495
273.91080
273.92326
273.94414
273.95351
273.96058
274.29410
274.95188
275.47445
275.51766
275.54745
275.56145
275.63855
275.66787
276.28132
276.29762
276.33878
277.11147
277.15622
277.27681
277.36289
277.38452
277.76747
278.56268
278.60634
278.67596
278.74986
278.99927
279.29953
279.39958
279.40950
279.44295
279.51323
279.81362
279.96360
279.97318
280.35738
280.73794
280.75077
280.75671
280.76431
280.85019
280.90019
281.00758
281.10124
281.11419
281.12016
281.15029
281.20131
281.22741
281.39956
281.61748
282.07197
282.15740
282.17897
282.18076
282.18270
282.18531
282.18813
282.19987
282.22476
282.27945
283.68776
283.86837
283.90991
284.00205
284.01159
284.03583
284.09535
284.11164
284.15118
284.17323
284.20215
284.44539
284.61873
284.67630
284.97642
285.25244
285.34701
285.60318
285.64093
285.68298
285.86933
285.88722
285.89778
285.90432
285.91339
287.36018
287.38543
287.40412
287.41286
287.42067
287.42657
287.43280
287.46435
287.47129
287.48447
287.56782
287.59048
287.71173
287.79740
287.82068
288.02192
288.72842
288.80719
288.86295
289.07871
289.29288
289.29775
289.29876
289.30233
289.30509
289.31510
289.34233
289.36221
289.82643
289.97199
290.12935
290.17916
290.19992
290.87285
290.88021
290.89274
290.90697
291.17991
291.24957
291.27261
291.42292
291.56630
291.63021
291.78015
291.81585
292.15792
292.18053
292.19427
292.22386
292.71771
292.72106
292.72433
292.72628
292.76035
292.85395
292.87509
292.87993
292.89749
293.86667
293.87396
293.87599
293.88818
294.21943
294.42561
294.66820
294.67402
294.86843
294.93168
295.07559
295.13198
296.33570
296.45384
296.45857
296.47521
296.48221
296.48549
296.48934
296.52112
296.95713
296.98306
296.99261
297.12623
298.18351
298.18645
298.26364
298.29341
298.30736
298.48678
299.21457
299.48762
299.80137
299.84228
299.85195
299.91506
299.99894
300.07806
300.09429
300.11509
300.12240
300.21513
300.29171
300.44148
300.45043
300.45805
300.47589
300.48499
300.75902
300.78790
300.81849
300.86566
301.31807
301.50240
301.53235
301.60237
301.60951
301.61909
301.69264
301.71602
301.78901
301.83872
301.87226
302.30908
302.32529
302.34528
302.35366
302.38247
302.45003
302.50297
302.68961
302.71269
303.39711
303.40100
303.40332
303.45296
303.62643
303.65652
303.71018
303.72023
304.34469
305.09719
305.10411
305.12735
305.13321
305.13446
305.25468
305.25681
305.45427
305.75453
306.02799
306.03189
306.12118
306.15510
306.77752
306.87883
306.90573
307.19287
307.20544
307.25505
307.29188
307.34306
308.00870
308.02963
308.07236
308.53449
308.54199
308.54861
308.55037
308.67285
308.75677
308.77955
308.94273
310.19965
310.23644
310.25796
310.27102
310.28084
310.28780
310.29513
310.30980
310.60735
310.91641
310.92261
310.93694
311.16621
311.46038
311.75952
312.13377
312.16005
312.16962
312.46049
312.46675
312.50177
312.52480
312.56030
312.74543
312.82958
313.86156
313.86561
313.87596
313.88493
314.11863
314.29871
314.41809
314.52574
315.57613
315.57890
315.64279
315.94797
315.96554
315.98547
316.02649
316.54310
316.80688
316.89327
317.28914
317.29153
317.34996
317.35715
317.38007
317.38611
317.40708
318.17049
318.17922
318.19460
318.20048
318.20225
318.22422
318.22969
318.39255
318.40795
318.43045
319.00840
319.02331
319.02453
319.03597
319.05109
319.30071
319.44467
319.44779
319.45759
319.46472
320.64487
320.65848
320.67859
320.68796
320.69535
320.69867
320.70102
320.72249
322.01899
322.02428
322.03184
322.14010
322.14263
322.14570
322.15607
322.17786
322.18895
322.54566
322.55587
322.56044
322.57705
322.80526
323.68413
323.68936
323.69187
323.70982
323.71908
323.72223
323.72509
323.74234
323.84889
323.86293
323.99046
324.01270
324.05499
324.80580
325.33344
325.35056
325.36496
325.38341
325.89931
326.17177
326.21922
326.22928
326.38664
326.62258
326.65962
326.67300
326.71348
326.76349
326.77814
326.83810
326.85639
326.90672
327.87754
327.89352
327.92378
327.93038
327.93693
328.43986
328.44496
328.46082
328.46728
329.34728
329.56711
329.92501
329.93745
329.94044
330.07929
330.27383
330.29461
330.51205
330.53810
330.56069
330.58751
331.71127
331.73101
331.73744
331.74083
331.81862
331.83170
331.84048
331.84523
331.84828
331.90467
332.03115
332.03407
332.07693
332.11216
332.22157
332.27036
332.47628
332.47850
332.50473
332.53143
332.80470
332.87093
332.87712
332.89721
333.20398
333.21249
333.21924
333.23809
333.25484
333.26268
333.26822
333.55620
333.84145
334.04253
334.09857
334.19218
334.42161
334.44714
334.73189
334.74138
334.74426
334.76403
334.77562
334.79147
335.34170
335.51567
335.52135
336.31472
336.34302
336.35183
336.35845
336.53567
336.76566
337.78193
337.78724
337.79479
337.80071
337.80228
337.80326
337.85306
337.85903
337.90880
337.92235
337.93611
337.94924
337.95247
337.97554
337.98865
338.11395
338.11584
339.21396
339.23208
339.43237
339.48127
339.48671
339.60276
339.60398
339.62266
339.63317
339.85952
340.92591
340.95283
340.95585
341.38322
341.39001
341.39821
341.45373
341.74300
341.79002
342.37641
342.52013
342.77671
342.97785
343.07114
343.07634
343.10695
343.13386
343.19774
343.28692
343.34745
343.68372
344.50066
344.78395
344.79194
344.80102
344.80725
345.37079
345.46758
345.47880
345.48432
345.49887
346.05769
346.19385
346.36429
346.36629
346.39168
346.41585
347.89505
347.97352
347.97482
347.98381
347.99464
348.09552
348.71841
348.85183
349.37779
349.41170
349.42870
349.48092
349.57340
349.60240
349.60413
349.63893
349.91197
350.61168
351.36280
351.37562
351.46102
351.77456
351.78298
351.81200
352.81239
352.96231
353.05171
353.06101
353.06295
353.06417
353.08595
353.24251
353.26163
353.27312
353.27612
353.29958
353.56250
353.57909
353.79855
353.80046
353.81446
354.22928
354.40345
354.42039
354.44993
354.48571
354.52003
354.57916
355.15089
355.20649
355.77999
356.22016
356.23129
356.25354
356.25788
356.45309
356.46700
356.48179
356.49254
356.49697
356.49921
356.52968
356.54629
356.57277
356.65865
356.68666
356.78711
357.01787
358.09823
358.15377
358.30340
358.31913
358.37776
358.37995
358.40369
359.22668
359.23998
359.85351
359.87015
359.89151
359.99737
360.04029
360.07497
360.11079
360.30396
360.31100
361.31079
361.35410
361.43350
361.52769
361.57071
361.60473
361.62155
361.62752
361.66426
361.69065
361.82081
362.01428
362.02728
362.09067
362.11430
362.64118
362.64846
362.65219
362.67747
363.37930
363.52125
363.71418
364.09189
364.17877
364.22214
364.76438
365.11468
365.15810
365.22157
365.25204
365.78121
365.80960
365.88581
366.02454
366.05165
366.17149
366.19417
366.88853
366.95225
366.95415
366.95822
367.03257
367.03874
367.04614
367.05218
367.06610
367.18149
367.39507
367.48832
367.52896
367.53095
368.22678
368.25257
368.28237
368.31225
368.59587
368.60992
368.61191
368.68400
368.69576
368.73212
370.04876
370.05554
370.40689
370.46339
370.49934
371.40589
371.44892
371.45103
371.46597
371.48176
371.48641
371.59881
371.64922
371.86441
371.93446
371.94256
372.16812
372.17019
372.24909
372.41321
372.41493
372.99227
373.86585
373.87292
373.89284
373.90882
373.91622
373.92334
373.96562
373.99388
374.14298
374.19997
374.60299
374.60888
374.72960
375.60899
375.63950
375.79423
375.84286
375.84548
375.85923
375.87278
375.91586
376.20920
376.35883
376.41845
376.51899
376.75934
377.33971
377.48707
377.50413
377.59753
377.60317
377.78843
378.09589
378.44951
378.73664
378.76318
378.78280
378.79642
378.86299
378.95575
379.32064
379.36348
379.62763
379.68378
379.69757
380.60685
380.62767
380.83602
381.02090
381.03928
381.05723
381.14307
382.24342
382.48712
382.66423
382.67062
382.67339
382.70670
382.72364
382.72964
382.94980
383.04442
383.76597
383.80342
383.81627
383.82998
383.84308
383.96087
383.97999
384.02803
384.33576
384.33768
384.34407
384.36001
384.36643
384.38254
384.67307
384.69705
386.01140
386.02353
386.04675
386.20987
386.21836
387.20356
387.29612
387.49037
387.59707
387.63718
387.75700
387.76810
387.78333
387.78994
387.82646
387.87815
387.92671
387.94707
387.95685
387.99020
388.21910
388.27972
388.67034
388.73380
388.88262
388.89046
388.92579
388.93311
388.94299
389.55474
389.60691
389.62716
389.64138
389.64672
389.66875
389.67029
389.68327
390.02667
390.46364
391.18646
391.22723
391.86389
392.30007
392.79356
392.88013
392.90020
392.90460
392.90760
392.91358
392.91597
392.91717
392.92261
392.93716
392.94374
392.98762
393.29354
394.39475
394.54659
394.56116
394.56670
394.58995
394.68756
394.91643
395.74744
395.93959
396.01920
396.27619
396.28285
396.29227
396.29546
396.64970
396.89589
397.06926
397.08357
397.74072
397.74720
398.05599
398.06956
398.07678
398.09805
398.16383
398.27816
398.30684
398.33347
398.38443
398.40719
398.43354
398.59016
398.66374
399.07099
399.10065
399.19663
399.41370
399.44990
399.54319
399.60012
399.61392
399.70065
400.88030
400.98745
400.99020
400.99835
401.00751
401.02333
401.03001
401.05683
402.44389
402.46044
402.79549
402.80386
402.80746
402.80951
402.81400
402.82702
402.84004
402.84320
402.85087
402.85694
402.87949
402.93026
403.43037
403.56675
404.45997
404.50982
404.51233
404.55457
404.57293
404.57988
404.60753
404.60930
404.63300
404.72375
404.75950
404.78045
405.36679
406.04732
406.08368
406.10331
406.13327
406.40650
406.42019
406.42755
406.43003
406.43259
406.52666
408.07765
408.09967
408.12121
408.23557
408.27086
408.39974
408.64076
408.94178
409.53712
409.54494
409.58539
409.60736
409.61575
409.62664
409.63381
409.65703
409.82653
409.88468
410.15704
410.27097
410.35099
410.45654
410.50934
410.56620
410.90027
410.90982
410.93662
410.98023
410.99345
411.03049
411.13777
411.62073
411.62247
411.62433
411.63933
411.64441
411.65331
411.65942
411.66688
411.67194
411.78057
411.80283
411.80967
411.81668
411.82392
412.13018
412.96700
413.30185
413.30375
413.33035
414.29046
414.93351
414.95253
414.98305
415.00387
415.01300
415.02360
415.04009
415.19691
415.37667
415.43043
416.17612
416.18284
416.20351
416.21360
416.37079
416.41364
416.41988
416.43928
416.44367
416.44658
416.46268
416.49671
416.62719
416.63988
416.64291
416.66148
416.66335
417.60042
417.60631
417.60912
417.61438
418.30702
418.31367
418.31577
418.33490
418.34990
418.35698
418.35930
418.36290
418.45684
419.15623
419.17121
419.17368
419.17809
419.18572
419.19390
420.05898
420.06589
420.08684
420.32292
420.35228
420.35902
420.38283
420.60651
420.66586
420.73818
420.76658
420.80029
420.87873
420.93935
421.02195
421.12994
421.27305
421.33075
421.36819
421.85886
421.88219
421.88990
421.90002
422.08231
422.08873
422.37933
422.41545
422.44625
422.45319
422.48948
422.67315
422.85929
422.89508
423.55311
423.56233
423.56662
423.56948
423.58920
423.63237
423.73920
423.75538
423.81651
424.07463
424.21858
425.26146
425.29829
425.30218
425.31235
425.31944
425.33277
425.35544
425.41204
426.61954
426.63412
426.67703
426.75573
426.89261
426.90791
426.91226
426.92509
426.92610
426.92835
426.95523
426.97887
427.04071
427.05796
427.26485
427.55565
427.59817
427.59927
428.13576
428.16391
428.17208
428.26428
428.64817
428.65919
428.66676
428.67231
428.67982
428.71478
428.82884
429.00249
429.66470
429.98861
430.05078
430.37472
430.64497
431.13219
431.70492
431.84496
432.03791
432.11103
432.11768
432.25480
432.31837
432.33223
432.38846
432.49736
432.58800
432.64132
433.10496
433.28829
433.29474
433.76917
433.78338
433.81147
434.11830
435.17800
435.19723
435.22065
435.39326
435.40728
435.42095
435.77098
436.20714
436.47988
436.52059
436.97764
437.02372
437.24361
437.25699
437.27097
437.42073
438.04960
438.05188
438.05502
438.09035
438.12348
438.13113
438.69531
438.82941
438.96442
438.96694
438.97098
438.97439
438.97975
438.98698
438.99330
439.08709
439.25226
440.13254
440.15335
440.16909
440.18142
440.18364
440.21007
440.63352
440.84985
441.01721
441.05399
441.10318
441.13299
441.22581
442.16227
442.20261
442.21230
442.24707
442.70288
442.77603
443.04637
443.09000
443.45574
443.79272
444.02858
444.03584
444.20769
444.28608
444.74047
444.74242
444.75673
445.04890
445.10883
445.71870
445.75429
445.84891
446.37842
446.39525
446.43544
446.50866
446.53632
446.59319
447.35154
447.36534
447.37717
447.39411
447.78781
448.64895
449.03122
449.06732
449.07498
449.07737
449.09420
449.09698
449.09947
449.21705
450.54057
450.67507
450.69097
450.69383
450.70070
450.73430
450.75370
450.86757
450.88137
450.88928
450.90994
450.91673
450.93182
450.94747
450.97403
451.02405
451.15349
451.17686
451.20339
451.21028
452.10371
452.37672
452.64808
452.68362
452.69726
452.87620
453.01996
453.22045
453.50624
454.16360
454.36929
454.39377
454.42609
454.45664
454.51392
454.95564
454.97148
455.19267
455.85882
455.86434
455.88017
455.94999
455.99978
456.89930
457.20870
457.48568
457.49011
457.52293
457.56596
458.11603
458.28863
458.32347
458.33893
458.37250
458.37988
458.43094
458.90190
459.20812
459.21888
459.23911
459.24577
459.63658
459.64567
459.65357
459.67457
460.47535
460.48876
460.49699
460.50778
460.51623
460.51808
460.52391
460.53213
460.55165
460.67452
460.68976
460.73428
460.91150
460.92590
460.93178
460.98163
461.64802
461.91474
461.93882
462.35497
462.61940
462.62934
462.83439
463.04119
463.20690
463.24817
463.26330
463.29105
463.45088
463.67126
463.67970
463.77146
463.85713
464.15799
464.17036
464.17231
464.18023
464.19176
464.19766
464.21442
464.45563
464.51453
464.70829
464.72403
464.75073
464.95771
464.98838
465.02208
465.70718
465.72210
465.80887
465.93399
466.23757
466.28096
466.43076
466.48723
466.82945
466.88035
467.95990
467.97029
467.97737
467.98212
467.98335
467.99516
467.99647
468.00019
468.00122
468.00258
468.03815
468.05367
468.06041
468.14706
468.16828
468.18992
468.37550
468.59385
469.75659
469.76323
469.77039
469.78259
469.90629
469.91053
469.91927
469.94008
469.96674
469.98973
470.01305
470.21897
470.48946
470.63966
470.65607
471.43324
471.45561
471.51120
471.51741
471.52161
471.54904
471.76310
472.01268
472.39899
472.78957
473.00545
473.32895
473.34650
473.38604
473.39306
473.65621
473.88628
473.91165
473.92280
474.37123
474.57826
474.59327
474.62172
474.88581
474.89168
474.89954
474.90197
474.95198
475.07901
475.09537
475.21524
475.67252
475.72359
475.99542
476.16531
476.17869
476.19373
476.21545
476.21881
476.22417
476.24508
476.38154
476.63183
476.79554
476.80165
476.81628
476.81818
476.84190
476.86488
477.77545
477.78981
477.79750
477.79989
477.81089
477.81818
477.92513
478.81865
478.84160
478.85366
478.89745
478.95412
479.57077
479.57768
479.59478
479.59727
479.63275
479.64763
479.89706
479.95413
480.01088
480.22465
480.23964
481.16070
481.25470
481.27051
481.27675
481.33424
481.35600
481.36390
481.38301
481.38458
481.43457
481.50401
481.50662
481.52722
481.62122
481.66369
482.11384
482.26365
482.37038
482.69796
482.81336
483.18483
483.20826
483.24378
483.25738
483.54401
483.55629
483.57048
483.58641
484.40941
484.60669
484.65878
484.83386
484.85712
484.86290
484.88582
484.92531
484.92919
484.95089
484.96694
484.97951
485.16636
485.39388
485.40342
485.41424
485.45987
485.46277
485.46500
485.47042
485.48722
485.62202
485.64525
485.76638
486.06991
486.13700
486.20232
486.30980
486.35256
486.36626
486.43065
486.45992
486.62541
486.63707
486.65999
486.66279
486.66643
486.75957
486.91641
487.13131
487.20956
487.21257
487.23285
487.28091
487.38284
487.44225
487.56003
487.90272
488.36924
488.39756
488.41232
488.41910
488.72592
488.76640
489.04882
489.12620
489.67614
490.01389
490.04226
490.17642
490.19871
490.33563
490.48498
490.62880
491.20592
491.79947
492.00775
492.01316
492.02320
492.03556
492.07066
492.56566
492.78489
492.82255
492.86527
493.14533
493.15172
493.44871
493.45152
493.45885
493.46190
493.55623
493.60895
493.70155
493.85844
494.72209
494.74487
494.76906
494.79522
494.80119
494.92843
495.25830
495.26782
495.29468
495.30961
495.35875
495.48530
495.49561
495.50911
495.51081
495.54015
495.56694
495.88929
495.89609
495.90195
495.94764
496.00138
496.26115
496.33816
496.34832
496.76864
497.86740
497.88502
497.88858
497.90340
498.06746
498.08466
498.08825
498.09094
498.18409
498.61333
498.63412
498.86834
498.97748
499.29797
499.30728
499.31092
499.89124
500.12759
500.13486
500.17064
500.98694
501.00739
501.05005
501.20458
502.40735
502.58757
502.59121
502.59305
502.60746
502.61681
502.64486
504.17428
504.23174
504.23791
504.25147
504.36706
504.40062
504.56048
504.57429
504.61070
504.63059
505.01017
505.48892
505.81642
505.83363
505.84632
505.85467
505.86024
505.90998
506.47399
506.53335
506.99764
507.05585
507.13342
507.36855
507.41197
507.49059
507.51936
507.52648
507.53354
507.55398
507.73957
507.75687
507.98125
508.02009
508.37384
508.44726
508.60450
508.73312
509.01350
509.06319
509.14078
509.15683
509.67645
509.69989
509.84973
510.34322
510.58681
510.80591
510.80780
510.81582
510.82100
510.82956
511.07949
511.14988
511.17955
511.81647
512.36622
512.53637
512.54375
512.82325
512.88117
512.96608
513.08191
513.16604
513.80948
513.97311
513.99617
514.02328
514.04607
514.05230
514.08207
514.17297
514.17483
514.19013
514.21648
514.48268
514.58289
515.32608
515.63331
515.64420
515.64642
515.64878
515.65340
515.67226
515.67615
515.68260
515.68989
515.70373
515.71035
515.72075
515.78219
515.79381
515.80327
515.83302
515.83976
515.87623
516.27617
516.81100
516.83949
516.85327
517.32604
517.45393
517.61370
517.63335
517.72970
517.81990
517.89951
517.94281
518.17815
518.24905
518.84920
518.99353
518.99930
519.05620
519.09949
519.15617
519.79257
519.80630
519.92934
520.37059
520.39409
520.42785
520.47308
520.57298
520.58673
520.72285
520.73623
520.74910
520.75673
520.76007
520.91568
520.92301
520.92802
520.94685
520.99922
521.01560
521.07983
521.15006
521.15882
521.20975
521.22049
521.22984
521.23220
521.36595
522.27348
522.51024
522.62312
522.69718
522.70953
522.77299
522.80024
522.81637
522.85359
523.06334
523.63982
524.19007
524.33301
524.37584
524.38701
524.49932
524.67333
524.88274
525.13287
525.17700
525.84028
525.84953
525.85398
526.35634
526.40647
527.18995
527.19953
527.34925
527.55620
527.57805
527.59994
527.84924
527.86341
527.94930
528.10645
529.14271
529.21549
529.29294
529.30732
529.32961
529.34990
529.59280
529.86618
530.37319
530.38420
530.40966
530.42319
530.67333
531.09921
531.11627
531.50986
531.79489
531.80242
531.80978
531.88534
532.65015
532.65442
532.67950
532.68990
533.00069
533.00995
533.02348
533.04533
533.27372
533.32366
533.58266
533.88809
533.88960
533.89605
533.89956
533.92609
533.93289
534.14483
534.27616
534.30574
535.28974
535.29746
535.63315
535.97533
536.44323
536.66330
537.29851
537.62095
537.63437
537.65100
537.67098
538.09969
538.19770
538.43595
538.43766
539.39937
539.40226
539.40667
539.54302
540.57320
541.00185
541.02369
541.03701
541.04047
541.04298
541.05239
541.07485
541.08765
541.10041
541.13929
541.14674
541.14971
541.21658
541.24687
541.36659
541.40271
541.42286
541.48725
541.68309
541.69528
542.13002
542.16581
542.38371
542.75965
542.83286
542.83710
542.91084
542.92328
542.92622
542.95328
542.96157
543.38270
543.46012
543.65634
543.72635
544.38974
544.57657
544.70611
544.73995
544.75528
544.80652
544.92623
545.18275
545.21332
545.42799
545.44971
545.48736
545.53600
546.05659
546.42050
546.42670
546.48960
546.50651
546.59955
547.14925
548.10666
548.12748
548.13644
548.14357
548.16375
548.16630
548.17126
548.61650
548.86586
549.63914
549.72984
549.74614
549.81644
550.21624
550.42317
550.97333
551.12303
551.22445
551.34003
551.34365
551.34648
551.36060
551.36307
551.39011
551.47769
551.98980
552.10940
552.50268
552.51945
552.60404
552.61946
552.63993
552.64684
552.72651
552.73287
552.76344
552.78749
552.92422
552.98980
553.06732
553.07568
553.08367
553.10373
553.10617
553.11276
553.14629
553.31828
553.34094
553.54012
553.58431
553.60679
554.14040
554.66429
554.76360
554.77623
554.78374
554.81006
554.82653
554.91319
555.10703
556.04311
556.15673
556.23429
556.27256
556.34300
556.56331
556.57076
556.57328
556.59284
556.64934
557.71642
557.87319
558.18754
558.20051
558.21629
558.30968
558.36590
558.60997
558.65852
559.03740
559.14666
559.42360
559.83752
559.86001
560.11005
560.13058
560.47046
560.51724
560.52342
560.74687
561.28332
561.38325
561.45313
561.45723
561.45931
561.47645
561.48347
561.52387
561.55393
561.68317
562.56956
562.90634
562.97671
562.98307
563.01332
563.02055
563.04005
563.19977
564.10666
564.15678
564.17630
564.19993
564.29774
564.32682
564.55663
564.56289
564.59048
564.59284
564.60032
564.60696
564.74989
564.91376
565.01013
565.03444
565.20703
566.09530
566.10103
566.11084
566.11366
566.11594
566.12265
566.13428
566.14071
566.18117
566.64974
566.78535
567.07369
567.88352
567.92355
568.01020
568.27353
568.32355
568.56828
569.27382
569.29675
570.24084
570.25911
570.26665
570.26905
570.27005
570.27283
570.28308
570.30429
570.31035
570.44031
570.90325
570.91764
571.17643
572.22734
572.64014
572.77658
573.06052
573.11383
573.90705
574.30018
574.30374
574.30756
574.31063
574.32033
574.32264
574.48567
574.49335
574.49991
574.80583
575.38556
575.81612
576.00696
576.10700
576.12367
576.12750
576.12979
576.13898
576.15043
576.16440
576.16640
576.37346
576.48007
576.49193
576.97967
577.23677
577.75686
577.76466
577.80243
577.81582
577.96701
577.98022
577.98998
578.00340
578.01083
578.37345
578.38736
578.41718
578.43905
578.45326
579.80350
579.84009
579.86336
579.86732
580.09611
580.63264
580.84041
581.18193
581.42564
581.48319
581.49536
581.51967
581.52072
581.54898
581.64884
581.68233
582.36236
582.68600
582.77144
582.83443
583.13588
583.16311
583.96283
584.31931
584.77845
584.82266
584.87188
584.88738
585.08660
585.26465
585.29415
585.52844
585.55042
586.03129
586.10913
586.77141
586.78090
586.79587
586.80190
587.03143
587.47166
587.47374
588.19611
588.20470
588.21138
588.21833
588.24585
588.26723
588.27512
588.53738
588.54500
588.56253
588.56808
588.58331
588.61113
588.61817
588.65215
588.75186
588.96121
589.06760
589.39759
589.95230
589.96833
589.97030
589.98344
590.04746
590.11101
590.61337
591.66783
591.68489
591.69757
591.82082
591.92055
592.02996
592.03446
592.08402
592.34764
592.88420
592.98607
593.00060
593.43633
593.44294
593.46426
593.47293
593.54971
593.57023
594.63682
594.90304
594.90967
594.92174
594.93639
594.98688
595.03710
595.18645
595.25738
595.42905
595.45940
595.47999
595.60332
595.61503
596.34591
596.68918
596.69255
596.72274
596.73891
596.98208
596.99535
597.01824
597.03183
597.04528
597.06649
597.36826
598.24557
598.31890
598.48861
598.49624
598.50866
598.51132
598.52254
598.52450
598.52880
598.55637
598.56856
598.71165
598.98848
599.98553
600.01166
600.04871
600.24425
600.27780
600.28312
601.66455
601.72129
601.72981
601.73406
601.74269
601.74800
601.75104
601.77782
602.30784
602.33451
603.00764
603.43867
603.44372
603.44612
603.45009
603.47818
603.48335
603.52065
603.55572
603.55752
604.89329
605.10951
605.22398
605.31746
605.34358
605.38019
606.05952
606.22547
607.00977
607.03986
607.05295
607.06463
607.07751
607.08958
607.10620
607.12999
607.13362
607.26690
607.58961
607.66015
607.70269
608.24926
608.25292
608.32319
608.33321
608.53089
608.55621
608.57659
608.85428
608.86621
608.86930
608.87632
608.87808
608.90217
608.91929
609.00639
609.19952
609.25592
609.43940
609.76141
609.77118
609.78338
609.79909
609.82652
609.93487
609.97827
609.98669
610.02701
610.03292
610.24220
610.29861
610.53268
610.72665
610.74207
611.85201
612.30866
612.31588
612.32136
612.34256
612.34878
612.35163
612.36237
612.37164
612.40381
612.42908
612.43011
612.45800
612.46237
613.47210
613.53828
613.58799
613.60103
613.96017
613.97345
613.98872
614.05806
614.22808
614.23196
614.25124
614.36570
614.63622
614.65814
614.69380
615.12427
615.72463
615.75756
615.76193
615.76531
615.76813
615.77432
615.78737
615.93815
616.24801
616.30186
616.30472
616.73967
616.75460
616.78116
616.80451
617.10455
617.49014
617.50989
617.51776
617.52432
617.59784
617.81006
618.10235
618.45458
618.60998
618.69774
618.71864
619.21195
620.02074
620.57751
620.62152
620.68674
620.92064
620.92711
620.92952
621.47034
621.50008
621.53049
621.54905
621.56341
621.61397
621.65025
621.67320
622.33691
622.36402
622.38630
622.42622
622.46788
622.51402
622.53044
622.54406
622.75345
622.79402
622.94405
623.09390
623.73678
623.92303
623.96041
624.43361
624.43932
624.44610
624.49686
624.76128
625.55978
625.59657
625.60323
625.64675
625.75592
626.02980
626.09207
626.09924
626.10989
626.11264
626.11968
627.15001
627.26061
627.75565
627.76755
627.77937
627.79034
627.83303
628.84117
629.47906
629.48596
629.50599
629.50710
629.56262
629.71232
629.72144
629.78605
630.16969
630.17992
630.20592
630.32881
630.37963
630.99456
631.08571
631.12897
631.50961
631.83379
631.84902
632.42200
632.65994
632.66524
632.66727
632.68562
632.70710
632.84480
633.22182
633.91537
633.98163
634.04598
634.19497
634.34588
634.48946
634.52450
634.55144
634.80220
635.55536
635.56622
635.58948
635.59794
635.63894
635.64084
635.81202
636.34573
636.37895
636.40481
636.47564
636.56125
636.74847
636.89851
637.91861
637.99046
637.99212
638.15478
638.17179
638.20528
638.25492
638.67900
638.73469
638.93555
639.78805
639.79541
639.82734
639.94407
640.01346
640.17134
640.22862
640.51289
640.54179
640.64266
641.32851
641.40790
641.42955
641.43836
641.44944
641.49533
641.57932
641.63879
641.72232
641.75699
641.88787
642.18903
642.29464
642.88782
642.88902
642.91126
643.14527
643.25568
643.26469
643.28300
644.16156
644.51822
644.58165
644.91649
644.91804
644.92594
644.93186
645.50468
645.76172
646.12833
646.13188
646.13783
646.17598
646.20720
646.25431
646.58644
646.61142
646.69159
647.27834
648.16156
648.17162
648.18729
648.19478
648.20684
648.24163
648.27199
648.28091
648.37176
648.39235
648.69801
648.71428
649.16505
649.21430
649.74416
650.01484
650.08138
650.09220
650.09894
650.10103
650.28525
650.34496
650.88521
650.90822
650.93511
650.97356
651.01527
651.02247
651.68853
651.70827
651.71841
651.73799
651.86560
651.88279
651.93845
651.95126
652.64498
653.05986
653.07303
653.13866
653.18090
653.18815
653.19485
653.20147
653.30172
653.31183
653.43843
653.46122
653.53793
653.53896
653.56195
653.68140
653.74823
653.78762
653.81133
653.82543
653.83878
653.85444
653.86836
654.01874
654.06231
654.07523
654.10435
654.51931
654.58097
655.32781
655.34779
655.59837
655.60887
655.68253
655.72101
655.74185
656.77809
657.02840
657.14792
657.32331
658.77123
658.86450
658.88705
658.99219
659.62859
660.10912
660.16636
660.22401
660.46675
660.48932
661.71560
661.71746
661.74030
662.15504
662.18107
662.18802
662.19739
662.20210
662.30439
662.31651
662.49814
662.87139
662.89127
662.90145
663.30828
663.32560
663.34779
663.93166
663.93355
663.94022
663.95179
663.95346
663.96182
664.01148
664.49787
664.71190
665.68188
665.70415
665.71371
666.19851
666.24206
666.31483
666.96393
667.03480
667.09401
667.32425
667.32802
667.34412
667.34984
667.35525
667.35847
667.47103
667.71464
667.72849
667.73275
667.83530
668.06177
668.07141
668.08483
668.10840
668.12406
668.27138
668.92252
668.95838
668.98149
668.98587
669.00119
669.02186
669.02853
669.09469
669.10264
669.62186
669.83114
670.28192
670.28970
670.29465
670.30100
670.30710
670.30836
670.30950
670.33082
670.33521
670.72421
670.85869
670.99473
671.94751
672.27478
672.42676
672.43185
672.46742
672.46909
672.48861
672.52479
672.79051
674.16399
674.17685
674.27764
674.37066
674.61133
674.62461
674.62752
674.64266
674.65106
674.65602
674.66414
674.84383
675.82125
675.82409
675.82724
675.83395
675.84321
675.84805
675.85053
675.85717
675.89421
675.92064
676.14429
676.24431
676.27039
676.48796
676.74258
676.74412
677.00755
677.04984
677.19168
677.19858
677.21389
677.45072
677.45717
677.47124
677.47248
677.47868
677.49493
677.50367
677.51346
677.52745
677.86367
677.88695
678.25949
678.27011
678.30212
678.80822
678.82357
679.02712
679.03717
679.05399
679.06510
679.10763
680.18342
680.20277
680.27255
680.72581
680.74641
680.77358
681.08349
681.64636
681.66024
682.38997
682.44212
682.61280
682.79650
683.11277
683.15419
683.21950
684.14566
684.15005
684.16262
684.17059
684.17675
684.18549
685.83261
685.85837
685.86261
686.21332
686.99256
686.99359
687.03644
687.71615
687.72310
687.80019
687.80912
688.46544
688.96906
688.97626
688.97863
688.98046
688.98338
688.98619
689.01546
689.02320
689.02508
689.05258
689.05999
689.08191
689.10227
689.34394
689.37551
689.51699
689.63605
689.74540
689.77336
689.77545
690.71828
691.31133
691.37420
691.38139
691.39686
691.41880
691.47560
691.61881
691.81834
691.88183
691.91153
692.00896
692.22821
692.54829
693.08560
693.08802
693.09153
693.11243
693.24180
693.34783
694.02557
694.75104
694.79152
694.88887
694.89182
694.89484
695.27055
696.00086
696.49411
697.80105
697.81713
697.85133
697.88786
697.95408
698.11563
698.12422
698.13102
698.14437
698.16042
698.20298
698.20573
698.20938
698.21806
698.22878
698.36675
698.48783
698.54024
698.55223
698.57264
698.59710
698.65921
698.93080
699.07412
699.11033
699.57351
699.58367
699.66016
699.66773
699.67407
699.68312
699.68412
699.69042
699.69608
699.70160
699.71142
699.71830
699.83977
699.87431
699.87720
699.88279
699.88746
699.88955
699.91041
699.91758
700.32390
701.34067
701.35351
701.37788
701.37998
701.39012
701.41327
701.43356
701.45414
701.77710
701.81338
701.81949
701.83367
701.87667
702.45594
702.92360
702.92569
702.94323
703.09479
703.12560
703.13368
703.96319
704.12996
704.61374
704.63258
704.64220
704.64758
704.85095
705.21577
705.24250
705.26553
705.71613
705.73042
706.22948
706.24405
706.25319
706.28077
706.45593
706.50140
707.88811
707.89567
707.90173
707.95234
708.03219
708.08910
708.09596
708.31604
708.33218
709.23213
709.25935
709.27190
709.36208
709.63869
709.66890
709.67020
709.67583
709.69849
709.95548
709.98884
710.23406
710.25591
710.26885
710.59820
710.60910
710.63904
710.69807
710.80532
711.11932
711.29797
711.32218
711.32672
711.35623
711.36882
711.44214
711.44900
711.64159
711.71210
712.70558
712.80780
712.94838
712.95507
712.95826
712.97656
713.00061
713.17190
714.13719
714.17193
714.18126
714.22380
714.56465
714.72204
714.79315
715.03857
715.74415
716.11544
716.13087
716.13723
716.14466
716.15227
716.16512
716.43104
716.43838
717.56877
717.63133
717.73934
717.76143
717.96226
718.01161
718.01928
718.05104
718.08848
718.11178
718.18806
718.41890
719.24504
719.27775
719.44077
719.44817
719.46207
719.46813
719.47485
719.47647
719.48799
719.52603
719.58470
719.59785
719.61270
719.64825
719.69170
720.34784
720.36861
720.39129
720.44768
720.87852
720.88403
720.93502
720.95554
721.00509
721.35517
722.24879
722.25148
722.26470
722.27067
722.27206
722.29421
722.30867
722.32146
722.37772
722.39874
722.67378
722.68574
722.96419
723.07779
723.33488
723.40785
723.41424
723.88094
723.88497
723.90258
723.92830
724.68068
724.71550
724.72173
725.63660
725.64202
725.64705
725.66404
725.66727
725.67404
725.78754
725.81826
726.68256
727.26845
727.42411
727.44494
727.44868
727.46263
727.95442
728.01077
728.09852
728.14736
728.15458
728.21097
729.03992
729.05414
729.41138
729.44733
729.45513
729.55486
729.69828
729.70445
729.88507
729.92697
730.05434
730.17124
730.18417
730.19289
730.19795
730.21391
730.26057
730.26401
730.29900
730.42838
730.47190
730.55133
730.94135
730.95619
730.97173
731.27139
731.30101
731.30758
731.32028
731.34825
731.37010
731.45469
731.51772
731.52121
731.59330
731.94806
731.95728
732.02911
732.76424
732.93058
732.94972
732.96433
732.97773
732.98036
733.02140
733.15130
733.33080
734.30223
734.33085
734.52657
734.57838
734.58102
734.59564
734.60192
734.60383
734.61087
734.73799
734.86701
734.88100
735.30343
735.43095
735.43825
735.97743
736.22421
736.24580
736.25423
736.27378
736.39726
736.40413
736.42404
736.59745
736.77435
736.79866
736.80440
736.82749
736.85444
737.44272
737.44733
737.52563
737.52788
737.53122
737.91071
737.94038
738.26339
738.97586
739.03470
739.32771
739.64168
739.65008
739.67093
739.81370
740.12091
740.14713
740.15699
740.57709
740.60716
741.35007
741.36436
741.36642
741.37069
741.44143
741.54402
741.60767
741.62101
741.66646
741.67947
741.77039
741.85851
742.22318
742.23776
742.27118
742.29083
742.29979
742.33731
742.43037
742.55759
742.59686
742.60136
742.60818
742.61092
742.85441
742.87362
743.03034
743.09422
743.13731
743.17100
743.21655
743.63722
743.90101
744.13704
744.19816
744.22020
744.61064
744.77386
744.77991
744.82153
744.82705
744.83223
744.83413
744.85102
744.98299
745.03114
745.25406
745.74755
745.76781
746.44041
746.46714
746.47554
746.52389
746.59037
746.64703
747.44773
747.56958
747.61064
747.76345
747.87063
747.99023
748.22798
748.42069
748.58683
748.62664
749.12858
749.33977
749.37116
749.40678
749.41736
750.03711
750.04938
750.06963
750.15081
750.23443
750.24277
750.25820
750.26539
750.27037
750.27886
750.37345
751.34356
751.35233
751.36586
751.37037
751.38730
751.42966
751.52331
751.53681
751.78053
751.78634
751.78824
751.81034
751.83768
752.63697
752.93689
753.02986
753.03226
753.07401
753.10020
753.10598
753.12348
753.13688
753.18683
753.22290
753.71798
753.72316
753.73023
753.73676
753.74605
754.00385
754.00984
754.04622
754.05350
754.05955
754.16551
754.24612
754.43314
754.52377
754.54548
754.99669
755.31775
755.33330
755.34618
755.39624
755.40477
755.41887
755.43975
755.45324
755.47590
755.56678
755.57663
755.61239
755.99671
756.11245
756.46982
756.78341
756.84657
756.98565
756.99100
756.99717
757.01371
757.11302
757.30619
758.07834
758.56869
758.58384
758.59308
758.61962
758.73328
758.73574
758.84271
758.93627
759.38631
759.62989
760.26713
760.27171
760.27928
760.29393
760.30931
760.32930
760.44566
760.47896
760.62243
760.80897
760.83597
761.17168
761.18767
761.97342
762.00264
762.05247
762.09502
762.20949
762.38588
762.50252
762.78111
762.80222
763.30560
763.78227
763.79670
763.81709
763.85252
763.86854
764.12566
764.31945
764.33474
764.34614
764.34864
764.36128
764.40528
764.77532
765.07508
765.30498
765.56130
765.60490
765.61843
765.80487
765.82603
765.85659
765.92508
766.43516
766.45455
766.89154
766.94814
767.27240
767.30653
767.31393
767.34783
767.42526
768.99353
769.00189
769.02842
769.05716
769.20120
769.79396
769.80112
770.09446
770.63121
770.77998
770.81616
770.82073
770.84456
770.86011
770.87281
771.15040
771.16014
771.16468
771.50144
771.51722
771.52381
771.81751
772.31244
772.34005
772.36062
772.36431
772.47374
772.48386
772.51661
773.38928
773.42595
773.57704
773.68466
773.83993
774.10352
774.10965
774.11631
774.13655
774.14548
774.15990
774.17743
774.17944
774.21203
774.21973
774.27717
774.28655
774.28958
774.33977
774.44708
774.89340
774.94006
774.96135
775.14876
775.19985
775.70624
775.84251
775.89265
775.89918
775.94257
776.33274
777.04220
777.19245
777.22937
777.23196
777.23497
777.23692
777.24194
777.24843
777.25605
777.25775
777.27686
777.30867
777.34194
777.34954
777.38587
777.46344
777.59188
778.28559
778.28895
778.32865
778.37239
778.61641
778.64982
778.90724
778.94229
779.40855
779.66567
779.75755
779.76558
779.81547
779.82263
780.40802
780.51805
780.64525
780.66500
780.68175
780.68635
780.68871
780.92462
780.99412
781.06590
781.14351
781.19622
781.19791
781.48047
781.57440
781.67444
781.89836
781.92502
782.03179
782.04777
782.04876
782.06745
782.07460
782.11776
782.22421
782.34567
782.75473
783.72668
783.74490
783.86896
784.50662
784.51307
784.55676
784.74740
784.80407
784.96112
785.02069
785.06393
785.16372
785.36756
785.39128
785.40570
785.50716
785.90736
785.91291
785.91591
785.92157
785.93501
785.93724
785.94200
785.95702
785.97006
785.97704
785.99124
786.04288
786.10357
786.10665
786.29995
786.40075
786.40675
786.81458
786.90680
787.07049
787.59354
787.60638
787.62906
787.63345
787.63579
787.63716
787.68019
787.79222
787.79422
788.23694
788.96629
789.21728
789.23779
789.41678
789.41958
789.42321
789.45345
789.57315
789.58076
789.67981
789.72989
790.32977
791.18415
791.19540
791.20358
791.21834
791.22561
791.26960
791.27553
791.38276
791.65273
791.95278
792.61258
792.64000
792.65514
792.66284
792.66968
792.67623
792.91920
793.70520
793.77593
794.19861
794.20509
794.22609
794.31242
794.37895
794.42704
794.65575
794.67558
794.68579
794.70547
794.81940
794.83526
794.84160
794.84559
794.86898
794.87181
794.87429
794.94849
794.95039
795.01372
795.07174
795.22119
795.22886
795.26222
795.35620
795.43518
795.80548
795.92091
795.95585
796.00477
796.07890
796.49269
796.50809
796.51498
796.52183
796.57870
796.62877
796.66501
796.67167
796.69299
797.33901
797.37200
798.30786
798.33079
798.43285
798.45890
798.70173
798.70949
798.73132
799.43131
799.99014
799.99557
800.00848
800.02364
800.02570
800.03144
800.04498
800.05189
800.05887
800.17196
800.26796
801.26630
801.27478
801.29424
801.29719
801.44790
801.64125
801.77700
802.17776
802.18168
802.19145
802.22768
802.97647
803.63439
803.64069
803.65742
803.67043
803.77736
804.02044
804.53499
804.55104
804.55743
804.57046
804.57753
804.57878
804.62765
804.71393
804.73362
804.81537
805.12024
805.30738
805.32024
805.33781
805.37772
805.48696
805.92050
805.94372
806.29389
806.68671
806.90032
807.15290
807.17418
807.18024
807.39386
807.44647
807.45956
807.47723
807.47973
807.53834
808.13702
808.15970
808.17243
808.21710
808.23077
808.80311
808.83260
808.85401
808.87362
808.91066
808.94061
808.97985
808.98140
808.99659
809.19375
809.51017
809.51881
809.52512
809.53994
809.59644
810.33346
810.57590
810.59604
810.59811
810.60336
810.62643
810.65300
810.71961
811.13884
811.36261
811.66328
811.70729
812.34924
812.36282
812.37395
812.38285
812.39613
812.44096
813.09289
813.29931
813.51980
813.56955
813.97209
813.98715
814.09280
814.10038
814.13638
814.14349
814.42036
814.47676
814.48587
814.92062
815.65004
815.83654
815.84334
815.85921
815.88294
815.90229
815.90724
815.92980
816.55253
816.59378
816.61642
816.62534
817.39617
817.48731
817.52287
817.53735
817.78579
818.20259
818.69649
819.01934
819.02366
819.04005
819.05993
819.12372
819.17526
819.19618
819.31985
819.35300
819.35874
819.36290
820.65709
820.66731
820.67071
820.67362
820.67484
820.67726
820.68866
820.69000
820.69495
820.69737
820.71185
820.74056
821.15669
821.89266
821.91329
821.93296
821.94940
822.16968
822.47697
822.48623
822.51312
822.52574
822.54886
822.91952
823.26562
823.27063
823.28488
823.30593
823.31424
823.32089
823.33628
823.34277
823.44675
823.49353
823.61318
824.24248
824.25724
824.26527
824.27710
824.27946
824.28674
824.29293
824.74352
825.43637
825.44313
825.45065
826.00323
826.03788
826.05280
826.16342
826.17425
826.50956
826.87412
827.58130
827.64463
827.80021
827.94674
827.96012
827.99695
827.99798
828.00292
828.01784
828.03769
828.08182
828.11384
828.28084
828.33110
828.36091
828.37387
828.42470
828.55374
828.83840
829.14707
829.15368
829.28933
829.41104
829.46722
829.55446
829.59065
829.63027
829.64814
830.81781
830.91004
830.91362
831.25493
831.25713
831.34113
831.37084
831.37817
831.39137
831.57114
831.92812
832.02777
832.52810
832.80675
832.92804
833.11484
833.17148
833.18125
834.74500
834.96147
836.30874
836.32808
836.33817
836.43781
836.48743
836.74480
837.04522
837.96205
838.00465
838.07501
838.24823
838.26206
838.39040
838.39480
838.42238
838.42426
838.51058
838.53187
838.53411
838.53821
838.71212
838.75217
838.76931
838.83485
838.98834
839.09818
839.14232
839.16889
839.21181
839.24162
839.47586
839.48930
839.49044
839.50503
839.50898
839.94847
840.25514
840.25964
840.29105
840.32143
840.41207
840.46190
840.66965
840.71407
840.71907
840.79116
841.06219
841.07167
841.09831
841.62842
841.64272
841.72188
841.94285
842.18847
842.46500
842.62894
843.33577
843.33869
843.34332
843.34792
843.35225
843.35490
843.36321
843.36524
843.54544
843.58843
843.67885
843.75797
843.82213
843.97902
844.57982
845.04556
845.05706
845.05921
845.06711
845.14299
845.17306
845.20240
845.20986
845.45264
845.88865
846.69633
846.73264
846.74655
846.78935
847.09626
847.26979
847.45215
848.14718
848.16178
848.19834
848.21285
848.78963
849.03990
849.56344
849.57722
849.59053
849.59752
849.61352
850.14281
850.18326
850.34072
850.34871
850.36894
850.40581
850.57134
850.60632
850.71371
850.83687
851.00069
851.09295
851.27106
851.37789
851.40159
851.40631
851.81305
851.82835
851.83477
851.85710
852.08710
852.09459
852.11314
853.12103
853.77478
853.78185
853.78734
853.79044
853.80118
853.81665
853.82382
853.85063
853.97753
854.00016
854.15078
855.23146
855.48139
855.54697
855.57819
856.11766
856.38228
856.38852
856.39036
857.23169
857.30277
857.31081
857.33158
857.33969
857.37444
857.38080
857.43183
857.88341
857.88637
857.90605
858.76222
858.78847
858.79187
858.81318
859.09135
859.10577
859.13435
859.14249
859.98643
859.99399
859.99882
860.00763
860.01855
860.16306
860.24173
860.57251
861.27257
861.27975
861.47012
861.75983
861.76608
861.78688
861.79228
861.79435
861.80221
861.82279
861.84165
861.85226
861.85893
861.94270
861.94381
862.10906
862.51013
862.51558
862.53177
862.53903
862.55981
862.57966
862.59328
863.06727
863.32287
863.47313
863.48041
863.48962
863.49403
863.49640
863.50153
863.51631
863.52316
863.60962
863.76647
863.96653
864.56622
864.81660
865.05758
865.06017
865.07395
865.08050
865.08382
865.10283
865.11019
865.13266
865.14043
865.20300
866.04063
866.33371
866.73995
866.74766
866.75044
866.75401
866.84163
866.84744
867.53376
867.57744
867.63897
867.66891
868.27039
868.27743
868.29164
868.32028
868.33435
868.34205
868.35339
868.98493
869.05063
869.53452
869.89424
869.92214
870.18442
870.20018
871.17105
871.19413
871.25176
871.35161
871.37154
871.39454
871.42740
871.44325
871.45742
871.45902
871.46531
872.27499
872.46014
872.48805
872.70848
873.05840
873.06757
873.08926
873.09424
873.25224
873.26828
873.34614
873.36187
873.38055
873.38648
873.43844
873.76118
873.79587
873.83616
873.86632
873.99566
874.10233
874.21934
874.64540
874.68940
874.78313
874.82535
875.31921
875.96956
876.05936
876.07040
876.07644
876.08120
876.08364
876.09270
876.09728
876.10577
876.10701
876.11973
876.43207
876.50598
876.59713
876.62630