0.98208
1.81770
1.98216
2.01828
3.92736
4.77054
4.84350
4.97994
5.00760
5.07012
5.73126
5.73360
5.81010
6.27192
6.27390
6.91074
7.57944
7.65372
9.80958
9.94284
9.96384
9.97014
11.04252
11.22600
12.20658
13.13232
13.36824
14.27520
15.39816
15.42846
15.50070
15.58584
15.84654
16.15278
16.17282
16.20096
16.52490
17.10348
17.66208
17.88132
17.90832
18.62166
18.85494
19.00746
20.29080
20.52408
20.54778
20.82702
20.91432
21.23100
21.45480
21.79398
22.50726
22.83060
23.06778
23.77122
23.79018
24.07704
24.09834
24.57282
25.22070
25.67406
25.78338
25.82412
25.84488
26.60748
26.61396
26.63784
26.64774
26.94054
26.97384
27.22398
27.90156
27.90402
28.22274
28.40724
28.43046
29.08404
30.22350
30.94050
31.03974
32.27634
33.23040
33.43092
34.39026
34.57410
34.96380
34.98318
35.01372
35.36382
36.07338
36.75426
36.91908
37.15716
37.35420
37.80396
37.92366
37.94712
37.97358
38.19924
40.30680
40.54014
41.35668
43.54296
44.17056
44.36124
44.36574
44.37972
44.43360
44.44974
45.17352
45.95040
46.31712
46.59288
46.81644
46.95378
47.22336
47.24280
47.39436
47.42274
47.53266
48.60372
48.83706
49.02624
49.47342
49.97016
51.69600
52.53666
52.81674
52.82004
53.22966
53.23686
53.81082
55.60158
56.01024
58.85574
58.87908
58.92480
59.43186
59.63916
60.35598
61.82238
62.75250
62.94570
62.95086
64.18206
64.55964
65.16912
65.32866
65.42586
66.09492
66.98154
68.57796
68.99460
69.00468
69.03186
69.40176
69.86502
70.03500
70.10202
70.46094
70.49172
70.69188
70.73052
70.75140
70.75434
70.88760
71.08134
71.34024
71.49708
72.67998
73.11282
74.78064
74.79624
75.10362
75.38694
76.13376
77.40000
78.08610
78.76650
78.78978
80.19264
80.21448
80.42184
80.72586
80.81160
81.07236
81.27282
82.84872
83.59176
84.64662
84.96186
85.16688
85.76544
86.03214
86.34882
86.55582
87.30114
88.99818
90.06876
90.07164
90.55716
91.35702
92.11434
92.13036
92.86704
92.87796
93.00714
93.03084
93.03372
93.07350
93.49410
93.50484
96.25362
96.45378
96.52044
96.93936
97.18254
97.41858
97.43922
97.82604
97.86288
98.48214
98.64894
98.66238
99.00174
99.72558
100.94460
100.94820
101.51142
101.85186
101.86134
102.16890
102.68736
102.74136
102.75798
102.97020
102.97692
103.02042
103.23732
103.40124
103.57056
103.60350
104.31996
104.38680
104.51070
104.52990
104.80098
104.87034
104.90598
104.92992
105.15582
105.55632
106.71534
107.25216
107.60214
107.61144
107.63550
108.82224
108.84894
108.89472
109.01436
110.01384
110.21712
110.30460
111.20766
111.60750
111.63354
112.10946
112.14750
112.96260
113.95908
114.16182
114.58182
114.74454
114.77796
114.94458
116.28738
116.57100
116.60760
118.86084
118.87008
118.88706
119.16072
120.52494
120.74784
121.81122
122.00508
122.54460
123.14436
123.99678
124.02714
126.58620
126.91440
127.32870
127.39596
130.25772
130.69092
130.96686
132.23400
133.19970
134.08506
135.23946
135.30318
135.37614
135.43002
135.48624
135.69852
136.31940
139.10406
139.91436
141.58002
142.63596
144.03996
144.24276
144.25956
145.07868
145.35204
145.43520
146.25486
147.33468
147.63204
147.65532
147.90816
147.97140
147.99150
148.22778
148.28808
148.74114
149.20794
149.44872
149.45076
150.56328
150.80346
151.72404
151.74600
152.02632
152.21424
152.94300
155.45610
156.40164
156.78456
157.29828
157.42176
157.84428
157.85112
158.47428
158.52456
158.52762
158.62152
158.89752
158.90514
158.91486
158.99754
159.89808
159.93108
159.95292
159.96828
160.36944
160.38066
160.40766
161.26902
161.28420
161.65422
161.88018
162.75402
162.77034
163.37622
163.93230
163.96284
164.01978
164.66076
165.18672
165.50220
165.53322
165.92562
166.16052
166.16292
166.55304
167.40594
169.05204
169.28880
170.06856
170.43462
170.55912
170.76804
170.78664
170.81118
171.10458
172.33002
172.37094
172.62720
172.68102
174.96510
175.65708
177.14520
177.16260
178.82520
179.98974
179.99904
180.12570
180.19896
180.23250
180.24558
182.81154
182.86152
183.61818
183.66432
184.20042
184.20744
184.21020
184.37016
185.17332
185.86008
186.57738
186.59730
186.61020
187.25970
187.29240
188.36874
189.46578
191.10900
191.18844
191.34360
191.56488
192.00432
192.28788
192.62130
193.14774
193.60422
194.05050
194.35374
194.48358
194.89686
194.93370
195.23688
195.71958
199.51842
200.47098
201.59448
201.65388
202.12740
202.94130
202.97748
203.48034
203.62704
203.66232
203.83764
204.17718
204.81378
205.06020
205.49970
205.54638
206.38836
206.79234
208.00902
208.96362
209.21208
210.00582
210.50850
212.19150
212.74782
212.75976
212.77098
212.82168
212.88090
213.31440
213.57888
213.73194
213.77136
214.29054
214.76364
215.58750
215.61756
215.90700
219.47556
222.41850
223.23024
223.25874
223.60416
224.02080
224.22390
224.58390
224.68422
225.46008
225.89724
231.83496
232.57452
233.38194
233.72406
234.08412
234.40350
234.43890
234.44772
234.50784
234.53682
234.75078
235.47756
236.02890
236.08692
236.31270
236.33322
238.91316
239.29272
240.26556
240.27006
240.27624
240.27966
240.73884
241.78170
242.44590
243.98214
244.56462
244.66158
244.99800
245.28372
245.49444
245.51496
246.17784
246.19752
246.21876
246.34446
246.92034
247.04100
248.83626
248.85942
249.86568
250.17930
250.22244
251.52912
254.39214
255.96792
256.20114
256.23426
257.03046
257.36040
257.38470
257.63220
258.23376
260.16312
260.20308
260.62998
263.56350
264.07998
264.89514
264.90858
264.91014
267.49824
267.90846
268.21434
269.11458
269.54760
269.82342
270.51384
270.61428
270.66408
271.14114
271.20264
272.26026
272.26374
273.62772
275.04282
277.46268
279.07872
279.09552
279.10842
279.66936
279.77688
279.78234
279.80118
281.14536
282.36144
282.59754
282.64104
282.90510
282.91728
283.59450
284.38032
285.14172
286.36056
288.93930
289.35744
289.55544
289.60578
289.63626
289.74816
289.79268
289.81662
289.90704
289.94808
290.31918
290.93262
291.13560
292.80456
292.83186
293.37480
294.89766
295.73682
296.14038
296.49036
296.89314
297.03102
297.15048
297.15264
297.46968
298.30272
299.21580
300.39504
300.60810
300.96516
301.06212
301.71204
301.85508
301.87170
302.61762
302.82522
303.29490
303.32460
303.65742
303.87078
304.40700
304.46124
304.83294
304.83990
304.97034
305.34420
305.88678
306.27978
306.31950
306.34158
306.89652
308.60742
309.10938
311.25150
311.65068
312.10830
313.02222
313.62360
313.85706
314.13714
314.18994
314.21028
314.35008
314.45964
314.54592
314.56884
314.74314
315.05976
315.57582
315.70158
315.70632
318.04920
318.23124
318.61422
319.65594
320.51154
321.27366
321.64584
323.27634
323.36538
324.57150
324.91476
325.61106
325.93140
327.08712
327.77418
327.82344
328.44306
328.66362
328.67694
328.68000
329.49264
330.50526
330.96804
331.21548
332.52516
332.96424
332.97942
334.94694
335.22384
335.44932
335.48526
335.73900
335.91864
336.20196
337.43226
337.62900
337.65468
337.96482
338.31204
339.07824
339.73032
340.16328
340.90332
341.35344
342.34014
342.91944
343.69578
345.03282
346.12824
346.32162
347.41086
347.43792
347.51076
348.22446
349.99980
351.42138
352.42566
352.97550
353.00154
353.89200
353.92548
355.21074
356.11230
356.41458
356.42916
356.63094
356.88852
357.15510
357.99342
358.96368
359.92980
360.72984
361.26300
361.33998
361.34592
361.50594
361.77246
361.78686
361.79982
362.21262
362.39640
363.64554
364.33122
364.35042
364.77168
365.68542
365.70486
365.71134
366.35742
366.53790
367.51098
367.53462
367.96446
367.99410
368.67072
368.75382
368.89380
368.92692
369.17754
369.19638
369.25344
370.35282
370.36224
371.73360
371.80590
371.82636
372.03360
372.45570
372.56454
373.30194
375.57510
375.70596
376.89372
376.95360
378.15954
378.16428
379.10622
379.29720
379.48014
380.12094
380.77026
380.77632
381.28500
381.58890
382.46742
382.82838
382.83600
383.48382
383.50428
383.50818
384.67044
385.07298
385.72686
387.15810
387.75912
389.67480
389.70414
389.70618
389.90166
389.91738
390.21738
390.26490
390.29094
390.56328
390.87426
390.87642
390.88812
391.19790
391.35708
391.58502
391.86252
392.26620
392.28294
392.58300
392.72574
394.14150
394.98138
395.29782
395.69046
396.89688
396.98028
397.52328
398.51958
399.96912
400.22976
400.42164
400.49766
400.50756
400.80750
401.03124
401.32446
401.82078
402.79428
402.81702
403.88610
405.23568
405.52218
405.73578
406.20606
406.63476
406.65846
407.02464
408.02790
409.31712
410.46330
410.66892
411.07032
411.10596
411.73242
412.15188
412.44858
412.56774
413.75448
413.94492
414.48384
414.67782
416.56926
417.24336
417.58596
418.89252
419.25462
419.78736
420.17760
422.49330
423.12186
423.46908
423.57624
424.06614
425.00268
425.02578
425.67228
425.87232
425.95842
425.97030
425.98890
428.67096
429.35364
429.36870
430.16574
430.52976
431.62224
432.79248
432.81882
433.86852
434.89416
435.14784
436.32972
437.10312
437.75706
437.77608
437.80920
439.16796
440.46498
441.74070
442.04388
442.48056
442.51446
442.77330
442.97598
443.47590
444.31602
444.47544
444.54876
445.11474
445.11804
445.26240
446.95194
448.02972
448.46364
451.88328
451.89060
452.98872
453.51762
453.53052
454.62708
455.51256
456.04956
456.58542
456.64914
456.76188
456.85236
456.88188
457.14552
457.41522
458.16276
458.16486
458.41782
460.41822
461.02404
461.05080
461.05452
462.25938
462.28542
463.52904
464.04558
465.55770
465.55968
465.58542
466.51836
466.58484
467.54754
467.86776
467.88708
468.10752
468.24360
468.28962
468.71718
468.78798
469.21314
469.24068
469.67616
469.90704
471.12300
474.46410
474.94542
475.33350
475.68990
477.34926
477.72252
477.98514
478.78188
479.21514
479.50146
479.63826
480.07140
480.08370
480.19758
481.25160
481.72062
481.73706
483.57696
485.14818
486.00414
487.72500
488.30808
488.31702
488.34768
488.78808
489.21486
489.60054
490.28334
490.49610
490.53618
491.75832
492.19254
492.22716
493.93182
496.32690
496.34106
497.05674
499.12992
499.34640
499.35132
499.83942
499.94598
500.33286
500.33454
500.59956
502.10946
502.40520
503.15442
503.62806
505.94718
506.27718
506.41302
506.64006
507.66072
508.40592
508.44300
508.46304
509.02410
509.03670
509.35950
509.48334
510.55554
512.09232
512.66880
513.12558
513.12810
514.87500
515.30160
515.31228
515.68476
517.09398
517.21740
518.05392
518.06124
518.09052
518.45502
519.46098
519.73356
520.01946
520.04034
520.68702
520.71690
521.19744
521.37342
521.43606
521.83974
523.29984
524.28006
524.93268
525.24660
526.38252
526.50192
526.75338
527.19282
528.64848
529.09374
531.11034
531.83826
531.86202
532.01220
532.02534
532.24158
532.35240
534.20454
534.71814
534.80442
536.93100
536.93736
537.16410
537.17418
537.53712
538.63404
538.63704
539.77758
540.78234
542.94060
543.17940
543.41094
544.61970
544.62924
545.17980
545.38656
545.42262
545.44584
545.46588
547.08462
547.14024
547.54662
547.55286
548.41008
549.10998
549.70560
549.72204
549.72876
550.10256
550.81224
550.83888
552.38586
553.55610
553.94844
554.01234
554.70198
554.74572
554.78388
554.81700
555.02616
555.61884
556.55934
556.58526
557.00208
557.05920
557.07882
557.36226
558.00924
558.02562
558.43314
559.48152
560.41470
560.58504
563.18280
563.23122
564.09192
564.18732
565.18080
565.78092
566.77818
566.78076
566.83866
567.20394
567.76620
567.77184
572.22354
572.89410
573.16578
573.18858
573.43734
574.02810
575.64192
575.98482
576.12840
576.51138
576.51822
576.54762
577.00158
577.86804
579.36828
580.19208
580.21560
580.68282
580.69506
581.26458
582.54252
583.03878
584.76858
585.48516
585.49716
587.17572
587.21184
587.39496
587.43924
587.68152
587.97120
588.43518
588.47862
588.95898
589.16208
590.25204
590.93508
590.94090
591.19248
592.99260
593.69970
594.37272
595.24230
595.65564
596.05446
596.10870
596.13504
597.40872
598.17126
598.47882
599.16180
599.85924
600.15186
600.98880
601.00176
601.24476
602.06448
602.07480
603.54744
605.12322
606.71100
608.41380
608.43828
608.46414
608.69418
608.73444
608.87142
609.96552
610.16754
610.17768
610.49730
610.52460
611.10180
611.12784
611.36766
613.89570
615.31104
616.69374
616.92738
617.01054
617.13630
617.15040
617.16348
619.40058
619.87734
620.36436
620.38632
621.13350
621.30750
621.89358
621.98376
623.29080
624.20286
624.26040
624.81948
629.05284
629.49324
630.10002
630.13296
630.27912
630.88014
631.15710
631.74618
632.51640
632.53056
632.67936
633.65946
634.21242
635.31420
635.34288
635.62302
636.53028
636.53250
636.99570
637.86546
639.13584
639.17550
639.46326
640.22538
642.99456
644.15460
644.38878
644.81502
646.10154
646.51248
646.53708
646.58898
646.96110
648.29118
648.89130
648.89790
650.27154
651.22428
651.24756
651.38154
651.58488
651.83148
651.83856
651.84600
652.00788
652.57008
652.91454
653.10054
653.61732
653.62488
655.16460
655.80786
657.21834
657.23130
658.25502
658.52418
658.90782
659.62722
661.28844
661.30290
661.30818
661.54200
662.08188
662.08404
663.10812
663.30516
664.45224
664.45482
664.46562
665.24454
665.47200
666.44820
666.67218
666.83436
666.84150
669.09228
671.62194
671.66154
673.28952
673.53936
674.65248
675.03960
675.06564
675.07710
675.11880
675.82548
675.82866
675.85302
676.93542
679.14288
680.76630
680.79042
681.29010
682.37358
682.37982
682.39026
682.64040
682.99044
683.40732
683.67090
683.71020
684.01020
684.38598
685.52712
685.70388
687.14394
688.83786
688.83966
690.48984
690.51360
691.47174
691.47516
691.52790
693.13122
693.17832
693.88530
693.99462
694.26606
694.28514
695.07876
695.10876
695.12562
695.64258
695.78916
696.31152
696.31890
696.78534
701.12688
701.34660
703.34922
703.35594
703.37004
704.56536
704.77422
705.13032
705.19422
705.43074
705.86394
705.89424
706.52376
709.35432
710.68410
711.46146
712.06170
712.66176
713.23812
713.82168
713.85150
714.07446
714.52512
714.66510
716.25498
716.95512
717.13170
717.16074
717.63222
717.71226
718.03686
718.04808
718.53504
718.58166
718.84872
719.12916
719.31522
719.65596
719.68158
721.71300
722.85540
723.35214
724.27254
725.38200
727.21260
727.22658
727.59180
727.94934
728.41248
729.07566
729.36858
729.51306
729.51882
729.72972
730.07232
730.23270
734.18208
734.49150
735.00150
736.14096
736.15194
736.49418
736.86228
737.50302
738.10476
739.18134
739.19550
739.22418
739.24752
739.98132
739.99044
740.48778
741.10434
741.35418
741.80124
742.13742
742.30722
742.31364
742.33038
743.59704
744.25338
744.30342
745.29372
747.71652
748.09986
748.81854
749.40132
749.45688
749.74002
749.90130
749.91798
750.02532
750.53184
750.55836
750.64470
751.35798
752.12676
753.57684
755.09556
757.06524
758.46732
759.17388
759.19050
759.19236
759.53766
759.67086
760.36110
760.37856
760.41114
760.46742
761.73996
762.70914
762.73596
763.67628
763.67874
763.95540
766.14192
766.19436
766.21080
766.74738
767.70084
768.40638
769.43358
769.49310
770.27964
770.28312
771.69942
771.71250
776.59542
776.90700
778.51542
779.24922
779.28552
779.30196
779.44962
779.49666
779.50254
780.83202
782.25510
782.50506
782.92518
783.45456
783.85860
783.95838
785.73726
786.08688
786.09432
786.62046
787.28694
787.29108
787.49676
787.50348
788.51592
790.07868
790.22910
790.26258
790.50246
790.65510
791.70228
792.86520
793.50138
793.95558
794.93232
794.94930
795.83442
796.29108
796.91460
797.29386
798.20346
798.21462
798.57690
798.93318
799.65678
799.92552
799.99026
801.22470
802.01388
802.57302
802.57566
802.86558
803.27568
803.29200
803.66766
803.90580
803.91528
804.17520
804.30858
804.72912
804.76104
805.04802
805.62462
805.77444
805.78824
805.79154
806.24352
806.24508
806.85486
806.92134
807.50442
809.79648
810.91278
811.05312
812.11728
813.14934
813.15750
813.53250
814.26114
815.95422
815.97060
815.99358
816.50118
816.72726
817.28406
817.31022
818.75316
819.19038
820.58556
821.18274
821.85498
822.25842
822.27246
824.15532
824.21754
824.52420
824.86734
824.93112
825.41718
825.79008
825.87360
827.23044
827.24712
827.81646
828.04686
828.29946
828.56340
829.93914
831.91032
831.92178
832.37112
834.27096
834.49956
834.54294
834.56868
835.20414
835.83702
835.98534
836.55120
836.65614
837.19632
837.62988
837.86736
838.59900
838.63992
842.77080
843.72066
843.98454
844.00386
844.56762
845.20806
845.22744
845.24076
846.47988
846.61686
846.77394
846.80724
847.61670
847.93686
849.49584
849.54948
851.14650
851.22540
851.43612
852.49152
852.64836
855.17082
856.45734
856.88022
856.89258
857.77080
858.87582
858.90894
859.94964
860.31780
860.68638
860.71050
861.60276
861.60828
861.98868
862.25562
862.89552
864.29520
865.31154
866.77782
867.74970
867.78270
867.88716
868.20384
868.54380
868.79400
868.81068
869.05380
869.27070
869.88684
870.00366
871.70316
871.94568
873.31464
874.42206
874.42578
874.58568
874.61016
874.61256
874.61628
874.69224
875.70234
875.87784
875.88264
875.89998
875.91594
877.79472
877.79844
877.98498
878.92470