0.14286
0.17400
0.17640
0.18300
0.97602
1.00926
1.01682
1.01934
1.10916
2.01648
2.23860
2.24262
2.24952
2.29248
2.81586
2.81940
2.82354
2.82588
3.50844
4.03272
4.14228
4.16448
4.36560
4.40262
4.48860
4.65828
4.76856
4.78230
4.78536
4.79592
4.83588
4.99470
5.01576
5.13564
5.14218
5.25828
5.27526
5.48490
5.51376
5.54520
5.66868
5.69946
5.70864
5.76252
5.99802
6.20856
6.23490
6.23922
6.25188
6.29436
6.32778
6.90144
7.17114
7.49532
7.52772
7.54428
7.55064
7.55832
7.56558
7.56762
7.58778
7.61856
7.85832
7.93902
7.94424
7.95828
8.38470
8.40120
8.40828
8.55822
8.61066
8.77494
8.78412
9.17712
9.37776
9.50790
9.86778
10.08408
10.60092
10.60788
10.61004
10.61184
10.61400
11.05074
11.41776
11.43696
11.87712
11.92668
12.45066
13.14378
13.16424
13.35756
13.87374
13.89054
14.28708
14.54664
14.55708
15.09738
15.20310
15.31680
15.37110
15.37656
15.43062
15.43530
15.44256
15.72708
15.74238
15.88626
15.91950
15.93318
16.08018
16.28988
16.43946
16.44366
16.50294
16.56930
16.63338
16.79334
16.83348
17.02302
17.11680
17.61630
17.84268
18.27306
18.28944
18.50880
18.58932
18.61368
18.73938
18.99384
19.32546
19.34328
19.50606
19.55628
19.96878
19.99314
20.53680
20.57238
21.08010
22.17594
22.19574
22.80888
23.18910
23.44626
23.44902
23.78646
23.79918
23.80578
24.11268
24.56964
24.58644
25.16292
25.20810
25.32246
25.38228
25.79604
25.81086
25.81530
25.84134
26.04900
26.05170
26.18904
26.21568
26.46276
26.56230
26.82936
26.89596
26.93892
26.94570
26.95788
26.97918
27.03636
27.15534
27.18624
27.45168
27.46050
27.47496
27.49836
27.83838
27.84876
28.21254
28.29234
28.35558
28.56522
28.82754
28.85148
29.25558
29.33214
29.37222
29.41854
29.52204
29.55180
29.56272
29.63190
29.64858
30.00828
30.11808
30.42906
30.81264
31.01226
31.28862
31.30872
31.75920
31.87932
32.42214
33.35550
33.43836
33.45552
33.71988
33.82212
34.04130
34.18878
34.52196
34.55814
34.56930
34.99842
35.00286
35.07186
35.95500
36.39876
36.54888
36.58644
36.60282
36.61962
36.65280
36.65544
36.65934
36.67920
36.72456
36.90144
37.12914
37.13514
37.28874
37.47474
37.50828
37.51212
37.66950
37.73466
38.11224
38.71512
39.01764
39.17184
39.30234
39.31230
39.36492
39.50838
39.81516
39.81948
39.94536
40.14168
40.24158
40.26492
40.39830
40.40292
40.41492
40.90896
41.35116
41.39868
41.40492
41.60136
42.87894
42.97182
43.11780
43.25838
43.26960
43.28478
43.32498
43.43838
43.85136
43.86510
43.88832
43.92444
44.38476
45.03840
45.18756
45.19560
45.24084
45.45282
45.84522
46.55274
46.55748
46.57404
46.58178
46.72164
46.80108
46.90758
47.04546
47.11764
47.21046
47.21748
47.23470
47.24544
47.25744
47.30088
47.40258
47.41758
47.60496
47.66508
47.83440
47.85450
47.85744
47.93190
47.93802
48.04524
48.32850
48.43446
48.47850
48.56490
48.94530
49.25070
49.59048
49.60482
49.79142
49.89072
49.95066
49.97850
50.02146
50.10450
50.18424
50.32146
50.66442
50.70444
50.87874
50.89512
51.08142
51.49050
51.53748
51.74814
51.76452
52.32138
52.68798
52.77138
52.78746
52.85742
52.97838
53.31450
53.56734
53.78766
53.79162
54.01140
54.12108
54.22392
54.24798
54.25740
54.57816
54.62370
54.84468
55.02402
55.06422
55.08444
55.10184
55.13772
55.30692
55.44042
55.56840
55.89042
55.99818
56.75202
56.90442
56.92800
57.88512
58.21122
58.54728
58.76130
58.78770
58.89726
58.90380
58.95690
59.05776
59.08746
59.14038
59.19084
59.20434
59.21700
59.23074
59.47812
59.58720
59.59722
59.62368
59.62812
59.67102
59.76150
59.84130
59.85678
59.87034
59.91126
60.07452
60.07794
60.12468
60.15438
60.28050
60.42090
61.05414
61.07088
61.85010
61.97082
62.31672
62.40408
62.41380
62.46366
62.48352
62.55924
62.76102
62.77038
62.83338
63.12042
63.50394
64.04394
64.11042
64.11630
64.12434
64.13322
64.14696
64.73316
65.22036
65.30370
66.62010
66.93624
67.21014
67.40670
67.56996
67.81968
67.82664
68.57250
69.03936
69.38574
69.83622
69.85254
69.85614
70.04274
70.07934
70.35246
70.37940
70.41960
70.43616
70.72308
70.73856
70.80552
70.81776
70.85262
70.87944
70.89306
71.04624
71.05956
71.07144
71.26236
71.36508
71.50260
71.67900
71.70936
71.72628
71.73222
71.82876
71.96238
71.98230
72.01914
72.17916
72.25200
72.65550
72.65910
72.66624
72.86874
73.10202
73.11858
73.13556
73.36890
73.37244
73.37898
73.75212
74.14248
74.68146
74.69502
74.76792
75.12108
75.44178
75.77094
75.77796
75.78258
76.00164
76.01814
76.55262
76.95156
76.96128
77.64948
77.66784
78.27858
78.28686
78.66762
78.75822
78.77736
79.08366
79.37736
80.10762
80.19660
80.22114
80.22444
80.29374
80.34414
80.38380
80.39100
80.39382
80.45316
80.48400
80.75304
80.91702
81.00060
81.26706
81.56046
81.68622
81.75042
81.97386
82.00278
82.01472
82.04358
82.33632
82.35342
82.57026
83.12946
84.64308
84.96600
85.15314
85.17324
85.36260
85.37334
86.11980
86.22342
86.76228
87.59556
87.90966
87.95634
90.00186
90.01176
90.03924
90.22884
90.91218
91.16538
91.18950
91.50162
91.78950
91.79640
91.80144
92.02824
92.04216
92.08926
92.10798
92.21550
92.28210
92.45268
92.48526
92.49504
92.56830
92.59506
92.74476
92.74884
92.81778
92.92830
92.98896
93.23178
93.28206
93.30822
93.32778
93.52506
93.85128
94.01910
95.29812
95.75064
96.22176
96.23124
96.73356
96.93102
97.33092
97.35414
97.39356
97.45014
98.43318
98.63058
99.09030
99.16320
99.33696
100.17996
100.52988
100.53258
100.55634
100.56318
100.57968
100.64652
100.87974
100.89234
100.91568
100.92216
101.42226
102.14592
102.39198
102.39846
102.62226
102.64344
102.67224
102.84570
102.92502
102.94884
103.10820
103.11594
103.16472
103.18872
103.24560
103.26162
103.28550
103.70286
103.92480
104.08224
104.20524
104.32152
104.35218
104.35548
104.37864
104.56128
104.87376
105.13530
105.81102
106.11804
106.12128
106.12734
106.13784
106.39800
106.53042
106.56798
106.75416
106.96086
107.22486
107.24376
107.24952
107.59368
108.20640
108.75294
108.85206
109.99980
110.65506
111.07494
111.21894
111.22524
111.24204
111.40854
111.83526
111.89178
113.05368
113.50764
113.90040
113.93406
113.98404
114.00306
114.02370
114.05382
114.12762
114.17634
114.21708
114.29994
114.42618
114.47010
114.90648
115.03332
115.26648
115.33596
115.47318
115.84674
115.86342
116.24670
117.40896
117.44580
117.44886
118.10094
118.10490
118.11216
118.11480
118.27158
118.46454
118.57878
118.81026
119.09028
119.27496
119.32380
119.35344
119.60430
119.70432
120.44400
120.73026
121.81794
121.83894
121.95288
122.00274
122.12910
122.19936
122.22612
122.52192
122.84898
122.94294
122.97270
123.63180
124.01208
124.10184
124.74804
124.85184
124.90812
124.93284
124.94856
124.96470
125.28438
125.30424
125.31786
125.32494
125.37552
125.68734
125.69202
125.72790
125.76744
125.77512
125.90814
125.96412
126.16380
126.17772
126.21810
126.26400
126.26988
126.39090
126.41562
126.58806
126.82740
126.85062
126.85464
126.90318
127.11744
127.26756
127.40082
127.46742
127.51344
127.54116
127.57692
127.59750
127.60782
127.72728
127.83402
127.97430
128.00328
128.28120
128.36694
128.67678
128.72394
129.34050
129.54000
129.91254
130.18566
130.73280
130.74000
130.74948
130.77906
131.02302
131.11218
131.13246
131.44914
131.46582
132.19512
132.20598
132.21288
132.23940
132.78132
132.78432
132.83928
133.02510
133.13874
133.52922
133.53402
133.54836
134.06232
134.06802
134.07402
134.43864
135.25482
135.26400
135.29496
135.34746
135.35448
135.40134
135.42822
135.43320
135.46038
135.54354
135.56040
135.61044
136.05096
136.09698
136.10094
136.16370
136.65408
136.76634
137.09676
137.18274
137.54670
138.29616
138.32286
138.66600
138.68652
138.68928
139.41588
139.72242
141.27816
141.28806
141.51438
141.56466
142.02828
142.21164
142.49448
142.82790
143.07744
143.86800
144.05688
144.20100
144.26790
145.08384
145.26030
145.78386
146.17668
146.19384
146.22930
146.99238
147.01212
147.03348
147.03570
147.05982
147.06954
147.15582
147.17628
147.39996
147.47640
147.48624
147.53910
147.73332
147.86658
147.91902
147.92214
147.95226
148.05276
148.17576
148.27938
148.29978
148.43910
148.82598
148.84980
148.86888
148.94760
149.15904
149.48886
149.49630
149.49918
149.85204
150.16590
150.35856
150.46122
151.53786
151.74882
152.21748
152.32470
152.57100
152.70762
153.23196
153.35532
153.35982
153.61020
153.85392
153.92442
154.49052
154.52376
154.95744
155.46714
155.68350
155.88090
155.90070
155.92134
155.93682
155.94012
156.16722
156.36960
156.67332
156.89976
156.91404
156.93036
156.96966
157.00284
157.37580
157.39710
157.70664
157.85388
157.86636
157.86924
158.06910
158.38968
158.49666
158.53968
158.55264
158.61924
159.14226
159.14718
159.15618
159.27624
159.29940
159.40218
159.42966
159.67518
159.68256
159.74178
159.83562
159.83898
159.85956
159.89616
159.94632
160.19166
160.25550
160.41858
161.01822
161.42898
161.80542
161.84874
162.10134
162.43818
162.61782
162.78438
162.88818
162.97434
163.22172
163.53126
163.90248
164.23818
164.53410
164.66448
164.71896
164.87130
164.91180
165.49722
165.53058
165.58746
165.87822
166.14426
166.95414
167.20782
167.21028
167.38734
167.39094
167.42076
167.45394
168.30372
168.51768
168.53304
168.55338
168.79662
168.99642
169.18308
169.19604
169.26042
169.31082
169.31316
169.32720
169.33410
169.33644
169.61316
169.63260
169.67322
169.67664
169.73298
169.98618
170.04360
170.07990
170.10324
170.33628
170.75262
170.81556
170.99910
171.07674
171.27204
171.34896
171.35982
171.61938
171.64290
171.64884
171.66900
171.94974
171.95214
172.07610
172.12194
172.20516
172.34286
172.61898
172.63800
172.89822
172.99272
173.27574
173.27868
173.53506
173.70186
174.51846
174.61458
174.94212
174.95160
174.95868
174.97848
175.02504
175.07832
175.12320
175.12830
176.22498
176.25828
176.50494
176.51724
176.52480
176.56080
176.58702
176.75076
176.84418
177.36720
177.53406
177.54132
177.54750
177.55320
177.88662
178.09842
178.20072
178.24092
178.26330
178.49358
178.72434
178.74360
178.83648
178.85022
179.25012
179.25750
179.26944
179.29608
179.32680
179.60298
180.03348
180.07644
180.13368
180.19344
180.22608
180.29010
180.29316
180.35352
180.52956
180.55998
180.66258
180.71670
181.02936
181.06656
181.09032
181.10664
181.78266
181.91232
181.95678
182.45238
182.71212
182.83644
182.84568
182.86614
183.62256
183.95862
184.39236
184.93470
185.98752
185.99814
186.00108
186.05826
186.57540
186.59154
186.72168
187.03116
187.24458
187.26750
187.69410
188.16288
188.17758
189.05010
189.24738
189.45420
189.85722
189.85998
190.62240
190.64298
190.84686
190.85646
190.90944
191.03994
191.04960
191.07624
191.10648
191.18010
191.18268
191.30046
191.35332
191.58282
191.69640
191.99646
192.08694
192.13248
192.22944
192.26604
192.29412
192.31704
192.54606
192.84642
193.02924
193.07940
193.35300
193.71516
193.73166
193.73616
194.11938
194.28834
194.42466
194.61468
194.87466
195.15240
195.18804
195.40218
195.50226
195.50496
195.51216
195.52140
195.67128
195.87120
195.89742
196.63788
197.03454
197.09436
197.12748
197.45118
197.91060
198.46776
199.02984
199.46040
199.89348
201.24096
201.24972
201.26226
201.63312
201.76236
202.06920
202.13604
202.14798
202.48266
202.50936
202.51632
202.51908
202.54974
202.79934
202.81146
202.81890
202.85568
202.91262
203.02572
203.11308
203.37540
203.40468
203.45652
203.56902
203.57568
204.07518
204.09900
204.10830
204.13818
204.39462
204.52152
204.57528
204.59196
204.83730
204.86832
204.94152
204.99918
205.02126
205.15170
205.20840
205.21518
205.27782
205.29174
205.42488
205.57104
205.70832
206.34414
206.78436
207.13722
207.39360
207.44478
208.52016
208.74084
208.95990
208.97346
208.99326
209.42700
209.49054
209.52642
210.51690
210.53304
211.67580
212.14656
212.15940
212.61912
212.75346
212.76300
212.77548
212.77980
212.78856
212.80224
212.80596
213.01596
213.02520
213.19272
213.20952
213.29604
213.33246
213.36600
213.40908
213.47226
213.63912
213.72240
213.76284
213.97518
214.00560
214.02510
214.03920
214.27458
214.27944
214.44576
214.46844
214.52238
214.53192
214.57950
214.67232
214.72806
214.74882
214.75806
215.61228
215.63166
215.88486
216.16788
216.53844
216.55242
217.03428
217.71168
217.73532
218.01750
218.07120
218.61138
218.84772
218.86356
219.48078
219.53340
219.72030
220.20384
220.22298
220.28034
220.62066
221.35350
221.83302
221.86596
222.06960
222.96546
223.14912
223.19898
223.38876
223.54590
223.60230
223.91922
223.92636
223.93542
223.93860
224.01912
224.02290
224.08350
224.53830
224.56902
224.76624
224.76858
224.90928
224.93544
225.00918
225.03138
225.03546
225.04266
225.17274
225.21204
225.32592
225.36198
225.42576
225.43500
225.46476
225.54528
225.59964
225.63132
225.63282
225.84462
225.84792
225.88782
225.90516
226.25544
226.27518
226.34184
226.35132
226.51800
226.56816
226.57098
226.58088
227.44122
227.63454
227.65806
227.98440
228.00480
228.30810
228.55068
229.38180
229.39080
229.56996
230.02986
230.05722
230.39274
230.41494
230.88342
231.04632
231.19338
231.27972
231.45672
232.22358
232.51896
232.53996
233.10912
233.31852
233.34552
233.35200
233.59572
233.73006
233.75214
233.79162
233.97870
234.06306
234.22566
234.27264
234.44514
234.63936
234.64500
234.69630
234.72546
234.85146
234.85572
234.88176
234.91188
234.96810
234.97260
235.02498
235.48920
235.64796
235.74084
235.81854
235.83192
235.90116
236.32494
237.47904
237.52440
237.57138
237.60060
237.79398
238.14792
238.20762
238.21056
238.21674
238.22616
239.26392
239.30472
239.49756
239.88072
239.88738
240.23070
240.77670
240.87390
241.34328
241.35678
241.38024
241.39956
241.75710
241.78728
241.82052
241.86372
242.15364
242.64936
242.74650
242.92314
243.15342
243.15924
243.17322
243.70320
243.91080
243.93342
244.27290
244.28214
244.29264
244.57950
244.58928
244.61292
244.62954
244.65306
244.65600
244.67010
244.68330
245.15850
245.25876
245.44968
245.50590
245.50872
245.70270
245.87886
245.89848
246.01254
246.02268
246.07890
246.17226
246.47238
247.03254
247.04532
247.77090
248.01420
248.14494
248.14776
248.43114
248.59488
248.81106
249.25746
249.31392
250.19418
250.22778
250.25184
250.40160
251.31348
251.33112
251.56782
251.69670
251.70714
252.73698
252.93432
252.94326
253.46010
253.94346
254.10960
254.14302
254.42358
254.44296
254.45964
255.54984
255.97998
256.01328
256.02612
256.06038
256.10274
256.13340
256.17234
256.24284
256.26630
256.27230
256.28928
256.29960
256.48584
256.50600
256.79970
256.80528
256.93860
256.94532
257.25894
257.36862
259.14924
259.26864
259.30848
259.33524
259.39134
259.50810
259.52136
259.63248
259.67490
260.13234
260.13492
260.13792
260.14140
260.14800
261.03468
261.37464
261.48420
261.49092
261.62706
261.94812
261.95796
262.20774
262.73688
262.97430
263.14074
263.34780
263.34996
263.57388
264.10332
264.14772
264.15072
264.37668
264.38652
264.39762
264.58062
264.89736
264.92358
264.94788
264.96012
265.34760
265.42374
265.84302
266.06406
266.32356
266.63046
266.95896
266.96694
267.50598
267.51378
267.80652
267.81924
267.92706
268.21920
268.23036
268.23588
268.24674
268.53960
268.55394
268.58574
268.63008
269.08944
269.10366
269.12964
269.76888
269.92926
269.94642
269.99640
270.21246
270.45846
270.52188
270.87210
270.88200
271.13502
271.21740
271.96224
272.52900
272.69412
272.70498
272.71800
272.88840
273.15510
273.71610
274.25484
274.32162
274.67172
274.73820
274.96920
274.99836
275.01474
275.43822
275.67402
275.94528
276.32862
276.86742
276.88554
276.89508
276.93762
277.85442
278.83974
279.10026
279.14016
279.15654
279.30780
279.31074
279.34380
279.62070
279.65016
279.66078
279.72072
279.75624
279.80400
279.90174
279.93012
280.02060
280.06692
280.19442
280.24422
280.26366
280.28712
280.32288
280.51368
280.70382
280.96062
281.13666
281.18358
281.18682
281.21004
281.43636
282.24594
282.63648
283.39608
283.78854
283.79904
283.81632
284.16948
286.14258
286.31196
286.33530
287.21826
287.50932
287.52570
287.53764
288.05886
288.24738
288.25524
288.53124
289.55832
289.59420
289.60794
289.75086
289.75428
289.78716
289.86486
289.98828
290.24154
290.25096
290.26500
290.38416
290.42748
290.61342
290.77746
290.80080
291.18354
291.99762
292.02222
292.42956
292.80666
293.09316
293.10240
294.88242
294.89508
295.72206
296.09892
296.10552
296.43210
296.88276
296.88888
297.35832
297.68400
298.02438
298.35474
298.47468
298.78410
298.95486
298.96422
298.96806
299.55756
299.57100
299.58090
299.72700
300.18012
300.56346
300.58350
301.12524
301.14300
301.14690
301.32630
301.40406
301.42080
301.49280
301.49916
301.58742
301.60686
301.76562
301.80372
302.07996
302.32290
302.55540
302.55930
302.57760
302.59248
302.80560
302.87736
302.95344
303.08970
303.10314
303.26976
303.33930
303.51258
303.60594
304.12914
304.40952
304.42152
304.44828
304.57884
304.95528
305.29494
305.35248
305.35956
305.38584
305.72802
305.86410
305.87454
306.20796
306.33990
306.81840
306.84396
306.87804
307.60728
307.70130
307.94400
307.97364
307.99422
308.13474
308.37384
308.51754
308.52498
309.19332
309.21396
309.40680
309.42024
310.87248
311.06664
311.46210
311.61918
311.86650
311.87592
312.28944
312.31170
312.67902
312.89196
312.99762
313.01544
313.04184
313.05624
313.14186
313.17804
313.29144
313.33254
313.33488
313.34454
313.39176
313.65564
313.78182
313.78812
313.96836
314.00820
314.06802
314.10804
314.30580
314.50416
314.51070
314.51820
314.55798
314.56512
314.72454
314.94828
314.99106
315.00366
315.36468
315.39738
315.40080
315.47778
315.62676
315.65754
315.72084
316.28070
316.28358
316.38666
316.68636
316.91010
317.50602
317.52588
317.78988
317.80650
318.18582
319.08924
319.25580
319.27488
319.59606
319.61514
319.80558
320.52192
321.03828
321.22098
321.24120
321.48804
321.59502
321.60066
322.42836
322.54458
322.68366
322.71372
322.71702
323.31102
323.31384
323.48670
323.56374
323.66634
323.80014
323.81058
323.91084
323.98656
324.55734
324.56022
324.86976
325.75260
325.90974
325.91700
326.34858
327.33498
327.76164
327.77616
327.78114
327.80556
328.31790
328.46790
328.69140
329.26374
329.26722
329.47458
329.74830
329.76588
329.78412
329.94084
330.03648
330.21336
330.47982
330.48354
330.51666
330.84078
330.94062
330.95346
332.13504
332.51586
332.56920
332.65632
332.98248
333.62508
333.65544
333.65844
333.66120
333.69822
333.73884
333.74202
333.99480
334.00584
334.01574
334.02222
334.04850
334.09854
334.14822
334.17240
334.19760
334.21494
334.32810
334.37184
334.48434
334.57182
334.64106
334.93146
335.02194
335.23092
335.43072
335.45772
335.47452
335.58108
335.64384
335.73372
335.92428
335.93034
336.15768
336.19980
336.23358
337.06338
337.13292
337.34682
337.54686
337.68276
337.79622
337.89666
338.50362
338.72286
339.05316
339.06990
339.07554
339.21984
339.44598
339.71538
339.71730
340.18158
341.31672
341.61408
341.89482
342.67398
342.89052
342.89442
342.95406
343.22382
343.64016
343.64922
343.67718
344.62968
345.08958
345.34596
345.64980
345.69576
345.97650
346.07400
346.13622
346.15596
346.15980
346.35966
346.41654
346.43316
346.45014
346.46682
346.46970
346.59294
346.62600
346.83894
347.02566
347.05272
347.09226
347.30238
347.31630
347.40180
347.41626
347.53260
347.56926
348.02172
348.21618
348.27552
349.06578
349.09194
350.05062
350.25162
350.27460
350.60106
350.82918
350.84430
350.87460
351.90720
352.12710
352.65498
352.70688
352.93374
352.94364
353.30358
353.38374
353.88654
353.89038
353.91954
354.47604
354.86352
354.87276
354.88656
355.43292
356.09958
356.10624
356.38236
356.42286
356.43690
356.56326
356.62074
356.85222
357.07944
357.16320
358.97892
360.03834
360.18828
360.25722
360.67842
360.97098
361.06740
362.33760
362.39490
362.43762
362.91390
363.15402
363.42066
363.58722
363.88680
364.03974
364.36080
364.61964
364.65366
364.77732
365.29386
365.31276
365.67708
365.69934
366.08628
366.34626
366.36732
366.38646
366.47934
366.78252
367.00518
367.28910
367.49322
367.53630
367.54884
367.55982
367.73610
367.93596
368.34882
368.38188
368.40612
368.40948
368.42628
368.64510
368.72622
368.75964
368.85942
368.88756
368.91204
369.13806
369.15462
369.31860
369.35202
369.36192
369.42870
369.70728
369.85890
369.86214
370.25442
370.34196
370.35450
371.24748
371.43084
371.46414
372.05118
372.75378
372.76068
372.92754
373.15098
373.31130
374.38386
374.78082
374.83362
374.88324
375.33114
376.91190
376.91580
377.29926
377.37306
377.39880
378.99162
379.00518
379.27488
379.35078
379.36854
379.41744
379.46460
379.59150
379.65798
379.67190
379.71120
379.88862
379.89426
379.96458
379.99416
380.25486
380.26416
380.51424
380.53770
380.55450
380.56434
380.65446
380.67414
380.71428
380.72400
380.73342
380.78808
380.87124
380.93754
381.04320
381.17364
381.21378
381.22074
381.23718
381.43296
381.49332
381.49728
381.53760
381.54306
381.54714
382.08726
382.18296
382.22598
382.42038
382.44978
382.72926
382.81812
382.82016
382.82598
382.84254
383.49198
383.53182
383.62884
384.62826
384.64134
384.70218
385.74426
385.74720
385.80756
386.36118
386.57118
387.14406
387.50676
388.09620
388.22310
388.55718
388.57290
388.80978
389.50248
389.65932
389.71620
389.86146
389.87964
389.94954
390.25896
390.28548
390.51264
390.53238
390.60474
390.68862
390.89148
390.91794
391.02498
391.12512
391.16838
391.17240
391.53960
391.58166
391.60140
391.61526
391.62090
391.69782
391.90404
392.00052
392.00802
392.06520
392.30742
392.54472
392.56440
392.99040
393.18660
394.45020
394.45668
394.47360
394.70652
395.03946
395.26302
395.26614
395.26890
395.55204
395.65578
395.70600
396.19872
396.22524
396.22704
396.25560
397.25124
397.54500
398.29050
398.29440
398.55438
398.58990
398.69466
398.79426
399.27768
399.93672
399.94362
400.22010
400.43250
400.44648
400.50084
400.98906
401.03886
401.79600
401.81226
402.10206
402.27564
402.61866
402.77904
402.79044
402.92568
403.86402
403.86762
404.89062
405.06354
405.22398
405.51966
405.73374
406.19616
406.21278
407.24940
407.37576
407.43564
407.69904
407.70162
407.98938
408.01212
408.01638
408.01806
408.02574
408.31572
409.32774
409.33440
409.35564
409.85196
410.03382
410.60172
410.60790
410.64744
410.65002
410.69094
411.08082
411.43800
411.54696
411.64056
411.75078
411.77046
411.88710
411.92772
411.93774
411.94962
412.12074
412.36326
412.42632
412.54680
412.58010
412.63986
412.64442
412.80966
412.84668
412.86678
413.15910
413.20656
413.33208
413.44968
413.47002
413.50320
413.64234
413.64612
413.84208
413.93616
414.65556
414.66240
415.02888
415.03152
416.01120
416.01414
416.02806
416.57808
417.02784
417.05748
417.38448
417.74406
417.76788
417.91044
418.59354
419.22648
419.75280
419.75988
419.78016
420.06270
420.38910
420.74016
420.74970
420.77604
420.92958
421.12590
421.44690
422.07756
422.12790
422.78940
422.79162
422.81550
422.82132
423.12858
423.15198
423.41490
423.43470
423.48456
423.54810
423.76044
423.77082
424.00392
424.02372
424.05060
424.05708
424.12038
424.52388
424.57704
424.67646
424.72356
424.72686
424.92396
425.43648
425.88054
425.91366
425.93976
426.02604
426.08610
426.75642
427.35618
427.50840
427.53582
427.88244
427.89576
427.89894
428.62224
428.90796
430.32384
430.53570
430.65066
430.80414
431.32794
431.57328
431.77476
432.19704
432.20892
432.72714
432.73950
432.79962
432.82566
433.24704
433.26054
433.28682
433.32990
433.59648
433.64604
433.65402
433.85556
433.87680
433.90272
433.91946
433.99620
434.01006
434.02932
434.03634
434.03940
434.10276
434.13222
434.13864
434.37168
434.39322
434.42670
434.43870
434.70960
434.97906
435.10200
435.15948
435.26898
435.91854
436.03494
436.27560
436.67778
436.68474
437.13468
437.33454
437.76780
437.78394
437.79090
437.91042
437.97444
438.55068
438.63354
438.75060
438.86718
438.86982
439.00302
439.15026
439.33344
439.74636
439.76268
439.83336
440.43054
440.63994
440.95176
440.99556
440.99934
441.75144
442.47198
442.50096
442.53186
442.75818
442.76424
442.88142
442.96722
443.45790
443.48832
443.50122
443.53086
443.63838
443.97750
444.20028
444.21666
444.31800
444.32400
444.42690
444.52158
444.59340
444.73764
445.04706
445.10616
445.40400
445.68006
445.83696
445.96314
446.08962
446.99538
447.00324
447.44820
447.58896
447.99552
448.41870
448.42476
448.44300
448.44480
448.48122
448.54482
448.97832
450.20178
450.22770
450.58764
450.58998
450.61752
450.63414
450.90102
450.97728
451.41942
451.51410
451.90302
452.22654
452.29320
452.30298
452.35986
452.45976
452.64534
453.00882
453.42834
453.62580
453.62796
453.84954
454.04466
454.25880
454.27806
454.28256
454.82490
454.83498
455.08182
455.08458
455.14416
455.26548
455.27748
455.30412
455.48436
456.05406
456.17448
456.33138
456.44100
456.49098
456.55734
456.60024
456.61128
456.70068
456.70356
456.79080
456.81132
456.89010
456.90750
457.05732
457.07022
457.09794
457.21992
457.32360
457.32756
457.34040
457.36482
457.46682
457.49046
457.53996
457.58994
457.80990
457.85034
457.87350
457.88346
457.97358
457.99026
458.00640
458.10690
458.47332
458.53626
458.57082
458.58036
458.66622
459.45360
460.01850
460.38888
460.47186
460.85556
461.24100
461.34120
461.53854
461.89074
462.30780
462.32130
462.43128
462.65082
463.48740
463.49430
464.03346
464.07786
464.32014
464.52030
464.54706
464.54880
464.55618
464.79060
465.08310
465.53622
465.76584
465.93624
466.46952
466.52304
466.88364
466.88586
466.89258
467.01858
467.26908
467.29578
467.36598
467.51508
467.57580
467.68884
467.76882
467.79558
467.81496
467.83794
467.96466
468.07560
468.12582
468.20136
468.25866
468.27228
468.35184
468.48756
468.70494
468.70878
468.91152
468.91782
468.96822
469.22454
469.35096
470.30352
470.68002
470.79660
470.86056
471.07398
471.21018
471.31704
471.56292
471.61944
472.05990
472.19994
472.24326
472.53282
473.17308
473.39268
473.42304
473.63502
473.82288
474.22824
474.44202
474.69492
474.93210
474.96492
475.41768
475.88160
476.80020
476.90058
477.32682
477.33480
478.31010
478.32804
478.36368
478.37646
478.47120
478.62780
478.69674
478.69956
478.74354
478.78554
478.89018
478.96356
479.04024
479.05680
479.06676
479.07612
479.16126
479.16978
479.18694
479.34918
479.43972
479.61318
479.67300
479.67954
479.70930
479.88648
480.09600
480.10314
480.15594
481.25556
481.25850
481.31220
481.69554
482.27202
482.28582
482.28828
482.33820
482.48826
482.56902
482.74770
483.01434
483.06870
483.30444
483.32142
483.87102
484.22088
484.23450
484.26108
484.41108
484.43730
484.55406
484.58730
485.12838
485.15682
485.41014
485.85366
486.26268
486.72276
487.25292
488.31312
488.32908
488.34510
489.15486
489.16872
489.19542
489.21132
489.22602
489.23820
489.49890
489.52806
489.81474
489.85836
490.05828
490.10832
490.27104
490.28946
490.34832
490.44162
490.45836
490.47474
490.49106
490.54890
490.61808
490.97472
490.97802
490.99134
491.26032
491.32440
491.45772
491.47446
491.49792
492.09060
492.10758
492.14322
492.16716
492.21444
492.33384
492.42408
494.89350
495.04296
495.05988
495.07590
495.07998
495.57228
495.58548
495.90210
496.05522
496.32966
496.34310
496.48908
496.49622
496.57194
497.05308
497.05506
497.10162
497.90844
498.10470
498.56466
499.14186
499.16448
499.22076
499.32858
499.51464
499.69470
499.79076
499.80426
499.84164
499.97088
500.01720
500.05440
500.31702
500.32746
500.53500
500.54736
500.61390
500.62086
500.63724
500.78748
500.80410
500.88756
500.96832
501.09714
501.23988
501.27300
501.81348
502.08006
502.08420
502.11618
502.40046
503.13936
503.15268
503.16294
504.45258
505.23534
505.43868
505.53582
505.90224
505.91874
505.96896
506.13504
506.38494
506.39520
506.97576
507.08508
507.62376
507.64218
509.00130
509.05368
509.26392
509.40840
509.42454
509.45502
509.63190
509.66754
509.76084
510.21096
510.30114
510.43452
510.49446
510.54096
510.54870
510.57060
510.97434
510.98424
511.61742
511.66740
511.71744
512.21472
512.24664
512.62698
512.66484
513.13374
513.31704
514.04970
514.08354
514.09362
514.11042
514.11438
514.11678
514.12704
514.25256
514.78332
515.06286
515.08596
515.29302
515.33304
515.43276
515.72922
515.77656
515.78058
516.27828
516.28020
516.29934
516.84234
517.06548
517.08294
517.09188
517.10622
518.04636
518.08584
518.12538
518.13492
518.14908
518.46564
519.46914
519.63174
519.65808
519.78480
519.94464
519.98448
520.09470
520.37238
520.38198
520.38516
520.38714
520.55106
520.71120
520.81512
520.84614
520.84836
520.87956
521.06766
521.09826
521.11284
521.11560
521.15562
521.16504
521.42898
521.57460
521.65104
521.70162
521.72466
521.81484
521.91282
521.92182
521.93394
521.97768
522.03846
522.58836
522.61080
523.04802
523.13856
524.41434
525.09738
525.37122
525.38316
525.69750
525.93042
526.01406
526.05456
526.07700
526.61022
526.83072
526.87032
526.87380
526.90998
526.94982
527.17830
527.19684
527.20680
527.68056
529.80180
529.80912
530.84904
530.86740
530.87316
531.09678
531.47604
531.48678
531.52050
531.67590
531.71562
531.81984
531.86952
532.28268
532.28682
532.29360
532.45350
532.77942
532.97304
533.67342
533.67930
534.18660
534.19884
534.20268
534.71652
534.79194
534.79896
534.97272
534.97938
535.17894
535.28634
536.02248
536.32890
536.33604
536.36244
536.46906
536.93922
536.95284
536.98908
536.99298
537.15834
537.55542
537.75966
537.86232
538.42848
538.43610
538.59558
538.63224
538.64892
539.56908
539.62476
540.42876
540.47874
540.79542
541.55796
541.56198
541.57842
542.09088
542.09298
542.09454
542.10216
542.49102
542.84124
542.85204
542.90100
542.91864
542.99136
543.02856
543.14118
543.15174
543.20220
543.38562
543.42474
543.45942
543.56478
543.67158
543.78840
543.87780
543.90192
543.90762
543.90918
543.96132
544.04730
544.11894
544.22466
544.53810
544.54752
544.59240
544.64856
544.67406
544.70202
544.78818
544.91454
544.94466
545.12124
545.12820
545.15148
545.21868
545.28486
545.41398
545.45622
545.46870
546.59730
548.31132
548.33028
548.61360
549.67368
549.71076
549.74064
550.06998
550.10712
550.47780
550.82784
550.84434
550.86090
551.39748
551.98734
552.03054
552.12756
552.41094
553.40406
553.53714
553.55376
553.59414
553.61022
553.91730
553.92090
553.94664
554.29404
554.38452
554.65380
554.71308
554.91978
555.03108
555.17712
555.18444
555.21756
555.23706
555.26286
555.32982
555.42438
555.51000
555.63696
555.80664
555.92442
556.07970
556.09374
556.10064
556.10364
556.12050
556.12728
556.14390
556.15320
556.16574
556.17720
556.31778
556.32720
556.45806
556.60650
556.87668
556.88244
557.31708
557.34354
557.45046
557.96046
558.00324
558.99348
559.91736
559.92492
560.53944
560.54598
560.57934
560.74326
560.95254
560.96760
561.81726
561.86010
562.06230
562.21716
562.25298
562.25718
562.71372
562.72038
563.19378
563.35296
563.91936
564.15300
564.68976
564.92904
564.93414
564.96666
565.00308
565.06668
565.25958
565.26360
565.29270
565.30242
565.35030
565.37616
565.54110
565.75014
565.82646
566.10018
566.34570
566.58018
566.63352
566.67918
566.79816
566.81328
567.19992
567.58332
567.76992
567.78912
568.73910
568.95588
569.12226
569.51238
569.52264
569.74548
569.81976
569.82594
570.56970
570.82740
570.83646
570.84576
572.24040
572.85972
572.88354
573.02898
573.16986
573.17592
573.17892
573.21252
573.40962
573.49290
574.03002
574.05594
574.05972
574.08348
574.28358
574.47642
574.79958
574.80270
575.35032
576.18642
576.19314
576.45312
576.46662
576.55344
576.57258
576.69318
576.74616
576.85608
576.86658
576.97260
577.04280
577.42422
577.43568
577.54578
577.65990
577.72914
577.80996
577.98204
578.08938
578.47914
578.50050
578.75082
578.75292
578.89314
579.16710
579.44310
579.52650
579.56256
579.61716
580.13334
580.20060
580.38324
580.69122
580.71258
581.88582
582.10038
582.40668
582.51018
582.51270
583.06380
583.10070
583.30638
583.47330
584.35986
584.41032
584.46030
584.46726
584.79306
584.80038
585.49014
585.51402
585.52944
585.67656
585.74370
586.68684
586.69302
586.77948
586.92012
586.97310
587.05266
587.22336
587.26686
587.30652
587.47026
587.62698
587.64600
587.65368
587.70654
587.72466
587.90664
587.97312
588.17970
588.18420
588.22026
588.25650
588.39366
588.43998
588.47316
588.58656
588.62658
588.81042
588.93420
589.19004
589.29648
589.33410
589.41048
589.52460
590.26746
590.36310
590.92986
591.07980
591.13986
592.00092
593.19378
593.65080
593.70666
595.20336
595.41030
595.65846
596.35074
596.58408
596.59608
596.60022
597.07968
597.13392
597.29688
597.32466
597.36642
597.44358
597.58338
597.76734
598.10640
598.41264
598.46334
598.52022
598.52286
599.33358
599.85036
599.87664
600.25974
600.30594
600.37026
600.66246
601.00626
601.23942
602.04888
602.05044
602.05266
602.66754
603.09324
603.55038
603.57246
603.58620
603.60324
603.60612
605.10030
605.11230
606.68916
606.70296
606.78018
606.94368
607.37556
607.59288
607.77240
607.78308
607.79682
607.95000
608.03904
608.06952
608.40006
608.44056
608.71494
608.77860
609.00552
609.08064
609.15270
609.17616
609.28332
609.29262
609.34530
609.43272
609.48552
609.71226
609.96252
610.00242
610.00890
610.05246
610.43094
610.61646
610.67838
610.89954
611.04240
611.33562
612.55536
612.55908
612.57216
612.74970
613.17840
613.89924
613.92198
614.35674
614.36286
614.38848
614.76198
615.86586
615.96186
616.12554
617.10246
617.14470
618.52560
618.80892
618.83832
619.13538
619.14264
619.15488
619.16142
619.40220
619.41882
619.64178
620.08512
620.09904
620.18256
620.52504
620.59920
620.60190
620.77164
620.82534
621.03504
621.08844
621.09540
621.25182
621.27906
621.43524
621.54150
621.70530
621.97260
622.45866
622.64178
623.05188
623.28792
623.29428
623.29596
623.30610
623.44128
623.58510
623.79912
623.85846
624.13788
624.18246
624.19440
624.20832
624.22482
624.24528
624.48234
624.67524
624.75858
624.91116
625.48788
625.79886
625.80858
625.94886
626.44176
627.03930
627.06054
627.12516
627.76842
627.78774
628.46856
628.48224
628.49178
628.49562
628.50444
629.02476
629.05794
629.19174
630.04536
630.06546
630.09528
630.18210
630.26076
630.27732
630.37494
630.39168
630.50592
630.50808
630.62106
630.72102
630.75606
630.83898
630.91158
630.92472
631.19118
631.31802
631.33758
631.34844
631.36548
631.38450
631.70808
632.64090
633.10404
633.66498
633.67716
634.51020
634.53864
635.64078
635.97696
636.14070
636.15078
636.16782
636.17394
636.49074
636.51042
636.51456
636.52626
636.54090
637.06740
637.13406
637.21476
637.45740
637.47408
638.21028
639.17388
639.38814
639.40716
639.40980
639.41712
639.43644
639.45318
639.45972
639.46740
639.54024
639.70674
640.24374
640.64694
640.68642
640.69698
640.78086
640.99290
641.00466
641.04120
641.06064
641.07636
641.24004
641.40648
641.41386
641.45322
641.46402
641.48352
641.62362
641.63640
641.68350
641.72406
641.80008
641.87592
641.91696
642.05688
642.19020
642.72318
643.25682
644.04006
644.10990
644.31936
644.82588
645.62316
646.08042
646.08600
646.10916
646.52232
646.56948
647.22690
647.70636
648.02316
648.26928
648.28944
648.30270
648.60252
648.87270
648.89310
649.14654
649.24968
649.92306
649.92528
650.24238
650.46606
650.52576
650.53026
650.54364
650.55606
650.58006
650.93028
650.97570
651.24252
651.27372
651.39690
651.50640
651.51300
651.56136
651.80238
652.00404
652.07586
652.48956
652.50660
652.50900
652.55604
652.64226
652.68294
652.86348
652.88946
653.07312
653.16912
653.45628
653.56620
653.59224
653.68974
653.71908
653.79216
653.85612
654.08274
654.59226
654.87558
655.41258
655.42308
655.43604
655.50636
655.80372
655.81344
656.39640
656.40438
656.43012
656.80890
657.52578
658.00578
658.45620
658.48284
658.89642
659.40576
659.43270
659.59488
659.62542
660.07296
660.72300
660.74970
661.31322
661.77306
661.96890
661.98588
662.00574
662.01324
662.01642
662.02674
662.05374
662.06310
662.13576
662.49708
662.50920
662.75394
662.85918
662.99940
663.11340
663.56352
663.58704
663.80616
664.09692
664.41930
665.18976
665.21370
665.24712
665.43594
665.51922
666.05658
666.44658
666.47568
666.67632
666.82650
666.85272
667.77552
668.25936
668.31954
669.08760
669.09012
669.23982
669.24288
669.37356
670.16652
670.17726
670.81968
671.15934
671.25018
671.25960
671.66358
671.78982
671.90700
672.20466
672.22890
672.39048
672.42384
672.43134
672.85716
672.86988
672.87654
673.14048
673.20498
673.32378
673.37388
673.39320
673.40682
673.43406
673.68102
673.89774
674.11674
674.24046
674.39970
674.40732
674.43636
674.47362
674.79768
674.91450
675.06030
675.47400
675.50724
675.51006
675.60990
675.74754
675.80088
676.59318
676.70364
676.97382
677.40018
677.98422
678.07422
678.34350
678.78432
678.79116
678.81768
679.13478
679.13898
680.76066
681.09402
681.27456
681.56496
681.90108
682.01532
682.07466
682.15824
682.86816
683.05428
683.15826
683.28210
683.30850
683.38218
683.39814
683.44128
683.57520
683.60142
683.89188
683.92776
683.97468
684.03516
684.04146
684.07506
684.24870
684.28242
684.29892
684.30858
684.45834
684.49884
684.57150
684.61536
684.62976
684.64206
684.82464
684.89454
685.04442
685.06542
685.07808
685.10634
685.12866
685.13796
685.54164
685.90854
686.35884
686.37828
686.66160
687.68844
687.80232
687.94236
688.36632
688.37226
688.37586
688.52184
688.82382
688.83606
689.06886
689.69988
689.71404
689.73330
689.86662
690.20580
690.45252
691.52274
692.07642
692.33652
692.35008
693.27678
693.52494
693.53388
693.59640
693.62682
694.25046
694.25346
694.25586
694.32288
694.52016
694.53414
694.67292
694.78404
694.78668
694.81020
694.81404
694.82466
694.86378
695.01036
695.03436
695.25324
695.47014
695.61012
695.69322
695.74368
695.76720
695.77668
695.80056
695.87700
695.88978
696.09366
696.52320
696.79392
697.01064
697.19400
697.97526
697.98132
699.02766
699.06810
699.33018
699.41790
699.42714
700.03320
700.03638
700.09716
700.98486
701.12022
701.54064
701.81388
702.36132
702.36828
702.39486
702.81870
703.28136
703.72146
703.72842
703.97448
704.53572
704.71146
704.72868
704.74350
704.74524
704.75802
704.78844
705.10200
705.15498
705.18108
705.19788
705.23136
705.31170
705.59778
705.61902
705.76218
705.86220
706.23858
706.45506
706.65552
706.96200
707.44878
707.55864
707.68614
707.72904
708.12552
708.13434
708.75300
708.76944
708.94200
708.94584
709.86240
710.11278
710.14842
710.68638
710.71056
710.71992
710.72928
710.75910
711.49224
711.50346
711.97914
712.02570
712.02924
713.02974
713.22312
713.84352
714.15348
714.63978
715.02612
715.06344
715.38048
716.39946
716.56314
716.59950
716.93292
716.93988
717.05370
717.10674
717.12318
717.15660
717.32802
717.35400
717.39666
717.99342
718.16328
718.17786
718.43040
718.45350
718.48266
718.48722
718.51332
718.80684
718.84710
718.85046
719.27652
719.28036
719.30424
719.36388
719.44962
719.53716
719.63772
719.79312
720.29316
720.41388
720.56364
720.60000
720.82680
721.11348
722.32122
722.86392
723.22092
723.31200
723.79686
724.26006
724.96416
725.39736
725.50740
725.87118
725.92650
726.71418
726.94074
726.95058
726.95412
727.16382
727.23078
727.55448
728.22096
728.24064
728.24352
728.28774
728.34714
728.39358
728.55462
728.61012
728.62854
728.80404
728.89098
728.96394
729.06018
729.23088
729.30006
729.31014
729.53340
729.56424
729.69066
729.69744
729.70464
729.75444
729.75666
729.95454
729.96108
729.97158
729.97686
730.00734
730.02312
730.04712
730.20018
730.21794
730.26018
730.26408
730.27086
730.38774
730.89330
730.89690
730.91388
730.93302
730.93782
730.94994
731.66406
732.40080
732.52104
732.84738
733.05030
733.11372
733.46634
733.64028
733.64466
733.65444
733.67676
734.18448
734.45430
734.46636
734.48766
734.89674
734.99034
734.99712
734.99958
735.10392
735.46662
735.50028
735.52038
735.54030
735.86370
736.16616
736.84002
737.49954
737.50938
737.52984
738.12930
738.36582
738.44022
738.61818
738.62586
738.64938
738.65292
738.78222
738.89616
738.91560
738.92034
739.20336
739.36566
739.71972
739.88940
739.93932
740.46276
740.51244
740.59236
741.54834
741.74328
741.84570
742.69290
742.76220
742.98864
743.61186
743.63832
743.78580
744.28494
744.28866
744.29742
744.60768
744.81852
744.84198
744.86154
745.01154
746.28012
746.51820
746.67360
747.37686
747.71430
748.73370
748.84350
748.86732
748.98360
748.99596
749.50002
749.57280
749.76660
749.77884
749.80020
749.88348
749.91246
750.52614
750.53592
750.53880
750.54546
750.54990
750.55236
750.57204
750.57588
750.64962
750.74232
751.02570
751.20888
751.23570
751.24746
751.37184
752.08842
752.14476
753.41502
753.49866
753.57480
753.76476
754.13454
754.15092
754.21782
754.80738
754.82412
755.76894
755.90688
756.45666
756.49020
756.50016
758.67186
758.71320
759.08220
759.12228
759.19914
759.52494
759.53472
759.87444
759.90126
760.00134
760.07862
760.16238
760.49808
760.59102
760.90080
760.99794
761.05476
761.15478
761.27130
761.32392
761.48412
761.64504
762.62334
763.30908
763.68498
763.70682
763.94598
764.36016
764.52234
764.56614
764.60322
764.70576
765.08934
765.09684
765.37638
765.86256
766.06266
766.10526
766.40970
767.71674
767.73480
767.97576
768.00192
768.13530
768.34800
768.39792
768.41634
768.43512
768.43770
768.88500
768.93732
769.19196
769.23450
769.24392
769.30392
769.45140
769.51806
769.56774
769.98828
769.99164
770.01396
770.30820
770.33700
770.58678
770.63382
770.64084
770.75358
771.06750
771.70728
771.71718
771.84372
771.85032
772.21980
772.32408
772.78632
773.40720
773.93298
773.98536
774.77856
775.11198
775.48188
775.72278
776.39490
776.63904
776.64486
776.90214
777.31524
777.58440
777.80832
777.87174
778.46064
778.47468
778.74432
778.75044
778.77150
779.26740
779.29008
779.34780
779.42826
779.46696
780.39048
780.39702
780.40416
780.42120
780.48738
780.73302
780.74730
780.75264
780.76638
780.77382
780.79968
780.80994
781.45644
781.93734
782.05392
782.10978
782.11314
782.28270
782.44272
782.45628
782.57292
782.76372
782.91816
782.92062
783.08688
783.18960
783.25644
783.38940
783.66294
783.66990
783.70650
783.79626
783.83202
784.26270
785.46246
785.52888
785.54580
785.75850
786.05274
786.10110
786.11208
787.28076
787.30770
787.35234
787.41876
787.49298
787.92144
787.92804
788.67438
788.67816
788.73828
789.01128
789.02130
789.03516
789.67794
789.68490
789.70188
790.11366
790.12752
790.60434
790.62078
790.64424
791.27502
791.29680
791.67054
791.67732
791.69016
791.98680
792.07284
792.21048
792.24648
793.00992
793.01280
793.04322
793.08654
793.17672
793.20060
793.30632
793.40028
793.45068
793.49292
793.51020
793.51680
793.51992
793.66968
793.74318
793.98384
794.15952
794.21700
794.27424
794.27958
794.93916
794.94672
794.95968
796.31628
796.77204
796.88196
796.89228
796.97532
797.29236
797.95104
798.19818
798.22818
798.25122
798.68784
798.82122
798.96054
798.96810
799.42104
799.45098
799.64862
799.89156
799.96512
799.99386
800.22414
800.30802
800.47464
800.57466
800.74830
800.89116
800.93124
801.20736
801.41706
801.82032
801.95370
801.97026
802.87656
802.90674
803.20302
803.23536
803.24046
803.25006
803.56374
803.85690
803.86362
803.89638
803.93640
803.94984
804.18738
804.25284
804.58590
804.59964
804.78966
804.89388
805.03032
805.05888
805.08012
805.54194
805.57296
805.76616
805.91622
806.23908
806.25210
806.65548
806.90244
806.91312
807.13236
807.82926
807.85524
808.07208
808.56198
808.59840
808.60488
808.60800
808.62912
808.88850
809.02134
809.25114
809.33460
809.50458
809.78142
810.00066
810.15798
810.97104
811.32360
811.47048
811.47384
811.47810
811.92054
812.13336
812.14734
812.45364
812.62296
812.64960
812.66802
812.92272
812.96100
813.13698
813.16368
813.52998
813.63282
813.78018
814.05690
814.06980
814.22688
814.25292
814.26966
814.27926
814.29366
814.30320
814.36980
814.60572
814.71576
814.95294
815.03592
815.05074
815.09622
815.50494
815.80260
815.97642
816.32148
816.49860
817.04256
817.29198
817.31838
817.33170
817.88514
817.89786
817.91160
818.11842
818.45106
818.55144
818.65518
818.71764
818.73438
818.77092
818.96406
819.19764
819.95340
820.50792
820.51350
820.52718
820.53300
820.58106
820.61052
821.20050
821.20296
821.86308
822.67350
822.68112
823.38312
823.81626
823.84572
824.03274
824.39238
824.43270
824.49888
824.54682
824.55264
824.55612
824.57562
824.60184
824.64930
824.77266
824.78022
824.79888
824.91384
825.01524
825.05142
825.07320
825.08244
825.08556
825.29850
825.34188
825.38604
825.41154
825.41532
825.56556
825.58944
825.78450
825.85566
826.03836
826.08336
826.29852
827.21874
827.69154
827.83140
828.02742
828.27444
828.28128
828.28410
828.58116
828.58386
828.80178
828.81456
829.21404
829.97400
830.30700
830.77374
831.22638
831.23316
831.88734
831.89310
831.90684
832.34364
832.35354
832.36326
832.36560
832.37328
832.97946
833.16306
833.58924
834.21924
834.24612
834.50988
834.53580
834.81498
834.86610
834.88188
834.88614
834.93846
835.00266
835.19862
835.22232
835.26972
835.35522
835.50246
835.52220
835.53894
835.77864
835.81932
835.82232
835.97190
835.97850
836.03130
836.04126
836.05800
836.17836
836.18544
836.23578
836.24136
836.32200
836.34498
836.41530
836.46204
836.47866
836.51850
836.52552
836.53860
836.73528
836.84766
836.85204
836.97852
837.00510
837.06852
837.16458
837.20772
837.35220
837.56874
837.61872
837.71436
837.89436
837.90198
838.61814
838.63044
839.81046
840.57024
840.57960
840.58674
841.02960
841.17708
841.28418
841.28970
841.36008
841.58670
841.85604
842.40318
842.40588
842.67630
842.76234
842.76666
843.02268
843.47250
844.04274
844.15518
844.52196
844.54932
844.57206
845.24940
845.27520
845.71854
845.72556
845.98200
846.00828
846.03450
846.08532
846.17538
846.24204
846.37776
846.41142
846.47538
846.57480
846.66120
846.70860
846.73524
846.79146
846.80142
846.93222
847.14138
847.19442
847.35144
847.41786
847.42896
847.73178
847.85118
847.85418
847.91538
848.01774
848.41476
848.85786
848.86674
849.51780
849.52398
850.30374
850.34280
850.37022
850.78824
851.30346
851.41704
851.42340
851.43072
851.70318
851.95020
851.96676
852.02370
852.02652
853.07334
853.18956
853.33986
853.56348
853.57056
853.57884
853.58994
854.11908
854.14194
854.15634
854.70222
854.89872
855.16866
855.17970
855.18546
855.96852
855.98244
856.87494
856.90146
856.91262
857.21814
857.39562
857.43480
857.46276
857.47206
857.49762
857.51274
857.65518
858.15102
858.23448
858.33828
858.58824
858.59514
858.82494
858.84546
858.87414
858.88764
858.89544
859.98138
860.16732
860.29494
860.51424
860.70426
860.70852
860.71722
860.73714
861.60000
861.61440
861.62064
861.97296
862.00662
862.28028
862.28472
862.29720
862.36380
863.24616
864.13686
864.30654
864.30996
865.33650
865.37694
865.47960
865.70562
865.73898
867.08580
867.83334
867.97200
868.11150
868.18308
868.23798
868.28862
868.34856
868.36902
868.44978
868.50558
868.74576
868.90206
869.00238
869.02608
869.03952
869.52846
869.64528
869.80302
869.85180
870.27810
870.33504
871.23492
871.26180
871.26834
871.32504
871.56168
871.68738
871.93242
871.99122
872.00508
872.62044
872.65842
873.01380
873.21708
873.23442
873.67500
873.72726
873.73188
873.74316
873.74706
874.39134
874.39704
874.41390
874.42776
874.43784
874.55154
874.58142
874.66080
874.67460
875.45058
875.70048
875.76720
875.89356
876.17664
876.31320
876.38364
876.60036
876.68604
876.88368
877.15020
877.20726
877.41300
877.41642
877.42224
877.49970
877.58340
877.79010
878.06634
878.09310
878.11266
878.21664
879.06258
879.09948
879.10254
879.13296
879.18300
879.21636