0.00906
0.65238
0.75534
0.93576
1.13286
1.96842
2.26566
2.34240
2.38530
2.96820
3.31200
3.38904
3.79206
4.09224
4.37790
4.41780
4.61118
4.62396
4.73178
4.97520
5.01870
5.03562
5.06082
5.16456
5.19018
5.25048
5.29026
5.62758
5.74770
5.82492
5.83098
5.89758
5.91966
5.94528
6.09102
6.15144
6.31428
6.33078
6.39114
6.43356
6.63978
6.90618
7.18044
7.46358
7.90992
8.50980
8.59596
9.07620
9.50526
9.94602
10.08852
10.26012
10.44870
11.12262
11.31504
11.39202
11.52126
12.18138
13.30530
13.48524
13.73724
13.91418
14.25744
14.51394
15.00354
15.27738
15.36366
15.48390
15.82998
16.15314
16.66758
16.71054
16.79646
16.85664
17.32308
17.81700
17.90610
17.91138
17.92278
18.00630
18.02292
18.11694
19.08642
19.11252
19.17234
19.18896
19.45536
20.03844
20.24466
20.51892
20.75106
20.80212
21.12864
21.47142
21.56580
21.90048
21.91704
22.03764
22.13148
22.86042
22.90392
24.10464
24.13086
24.14754
24.17352
24.19950
24.25956
24.27660
24.63660
25.47720
26.71266
27.51048
27.56166
27.65172
27.99078
28.02486
28.05912
28.22178
28.29120
28.46220
28.86528
28.89120
29.15748
29.35458
29.93766
29.97816
30.52140
30.58092
30.66726
30.95424
31.17282
31.75632
31.95648
32.32278
32.33946
32.51988
33.38286
33.83220
33.95250
33.96918
33.97854
34.41552
34.59606
34.68198
34.69878
34.92192
35.25594
36.13128
36.56490
37.28088
37.84686
37.89840
37.94118
38.57622
38.65332
38.70972
38.71356
38.74734
38.82444
38.91090
39.23688
39.44262
39.47700
39.51972
39.57978
39.71658
39.74640
39.79446
39.85926
40.36902
40.56636
40.72926
41.00346
41.01252
42.10170
42.21342
42.21870
42.46188
42.47874
42.48762
42.71868
42.94218
43.83420
43.85124
43.96284
43.98882
44.00544
44.45214
44.76102
44.77758
45.20688
46.00452
46.35642
46.79358
47.15424
47.65998
48.02034
48.06330
48.52644
48.64656
48.72336
49.19268
49.20930
49.52196
49.61580
50.03640
50.15628
50.35296
50.62524
50.76504
50.82528
51.01380
51.08292
51.12534
51.39192
52.05228
52.06908
52.08600
52.33554
53.03826
53.62170
53.64744
53.70756
54.77118
55.14048
55.15704
55.45692
56.14638
56.15250
56.20668
56.30652
56.58564
57.07014
57.43932
57.45606
57.47646
57.73920
57.85890
57.93648
58.32246
58.54524
58.59252
58.80288
58.82874
58.94022
59.11170
59.13744
59.14944
59.17152
59.26608
59.33460
59.44920
59.51928
59.61780
59.73852
59.75508
59.87952
59.90088
59.97792
60.03810
60.20112
60.33828
60.36750
60.39444
60.48396
61.30776
61.34178
61.35036
61.63356
61.75410
61.78740
62.53434
63.20364
63.28068
63.29766
63.58074
63.74010
64.35288
64.55016
64.59270
65.39970
66.36852
67.15782
67.57818
67.65528
67.66410
67.80132
67.81794
68.15292
68.46168
68.54394
68.66772
68.74506
68.76186
68.92512
68.96220
69.12228
69.50826
69.89442
71.24946
71.77290
71.93238
72.67632
72.92190
72.98214
73.14852
73.26528
73.64280
74.63778
74.98110
75.17790
75.64152
75.77052
76.69698
77.86296
77.88060
78.04344
78.57546
78.78984
78.86250
78.98676
79.13244
79.15842
79.19280
79.20954
79.25310
79.32480
79.56180
79.58736
79.67304
79.72476
79.78998
79.84512
80.16174
80.33868
80.42238
80.44488
80.89452
81.08850
81.23436
81.56466
81.58542
81.59142
81.68400
81.80052
81.85158
81.93390
82.35264
82.62426
82.91016
83.15598
83.24994
83.73906
83.77644
84.09948
84.18546
84.72588
84.96552
85.02600
85.19742
85.28610
85.32576
85.35222
85.79826
85.98198
86.00856
86.04708
86.32116
86.38134
86.39838
86.47506
86.61594
86.71608
86.87850
86.92206
87.80502
87.89106
88.11414
88.17426
88.19088
88.25100
89.05728
89.09178
89.13456
89.18916
89.21094
89.23764
89.25468
89.80404
90.38724
90.54678
90.95328
90.99612
91.29630
91.56258
91.65606
91.80228
91.83654
91.91880
91.98642
92.26230
92.38914
92.85750
93.22206
93.61152
93.93828
94.24716
94.74438
96.10008
96.51174
96.82062
97.30098
97.55358
98.06424
98.21868
98.47614
99.23982
99.25674
99.31686
99.71964
100.58580
101.07522
101.13540
101.41872
101.53896
101.73546
101.85150
101.89908
101.94156
101.97618
102.25512
102.40518
102.97428
103.09068
103.18830
103.19382
103.51482
103.85442
104.18040
104.37804
104.46360
104.57520
104.59188
104.69814
105.76704
105.82740
105.91710
106.41078
106.47942
106.53960
110.08194
111.04224
111.06840
112.38096
112.72020
112.86120
112.94718
113.17038
113.20440
113.33304
113.41374
113.47014
113.51376
113.53068
113.60778
114.31986
114.36690
114.56832
114.67974
114.71442
114.77388
115.46922
115.76646
115.76940
116.05242
116.12934
116.82504
117.05628
117.09558
118.33956
118.40250
118.46262
118.63440
118.99464
119.59482
120.72738
121.57698
122.28012
123.42966
123.60942
123.71280
124.65618
124.67910
124.68954
124.73346
124.73850
124.75620
124.80504
124.81044
125.13636
125.22258
125.82252
125.90850
126.05724
126.29460
127.25814
127.56438
127.79106
129.71742
129.73416
129.75132
129.94032
130.24026
130.32660
131.24388
131.28690
131.87034
132.43950
132.53952
132.70212
133.42866
133.80918
134.18628
134.34918
134.84652
135.00132
135.25872
135.39582
135.53256
135.79320
135.82482
135.98796
136.28802
136.47144
140.13102
141.53262
141.83256
142.30932
142.49274
142.54110
142.66938
142.69590
143.53572
143.74230
143.94834
144.16290
144.86580
144.96864
146.21238
146.26416
147.28458
147.30462
147.40506
147.44838
147.82536
147.84786
148.00086
148.05420
148.14216
148.68726
149.22342
149.71092
149.94720
150.24408
150.97332
150.99978
151.01628
151.38024
152.20014
152.21220
152.26008
153.64992
153.75288
153.91554
154.27590
154.59588
155.06520
155.28816
155.63154
155.86590
155.87154
155.92572
156.10902
156.13152
157.11840
157.19202
157.19544
157.20150
157.35870
157.51440
157.63872
157.78770
158.24766
158.41428
158.47902
158.51394
158.53098
158.73084
158.75370
159.20820
159.39324
160.11762
160.54680
160.64100
160.70964
161.01342
161.22408
161.30940
161.75280
162.31668
162.33894
162.74250
162.77958
162.81654
163.58310
163.60914
163.88328
164.59572
165.55596
166.05792
166.07934
166.28508
166.39686
166.41336
167.04858
167.38326
167.39190
167.40000
167.43462
167.71806
167.85534
167.89788
168.28422
168.75534
168.94428
169.09044
169.17156
169.25826
169.78542
169.99422
170.09430
170.11074
170.18820
170.60028
170.66838
171.07134
171.20058
171.48384
171.50052
172.42686
173.39676
173.41338
173.43030
173.71380
173.75712
173.77386
173.85096
174.19674
174.30576
174.53712
175.00038
175.17246
175.23228
175.27512
175.53252
176.41608
176.47596
176.63886
177.07608
177.40290
177.43956
177.72840
177.73962
177.78864
178.01994
178.94568
179.00610
179.07534
179.09208
179.28918
179.31546
179.64144
179.98134
180.07872
180.12180
181.06506
181.39164
182.49774
182.57466
183.78396
183.86430
184.00776
185.07390
185.16498
185.24232
185.37402
185.41422
185.63172
186.04038
186.17742
186.29790
186.52362
186.59808
187.58418
187.61052
187.65270
187.79022
187.91046
188.01306
188.48586
188.85396
188.91396
188.96286
188.96928
189.15366
189.91698
190.10616
190.32924
190.36344
190.69302
190.92408
190.95588
191.56728
191.69310
191.73624
191.99964
192.06204
192.66228
192.78864
193.02690
193.10838
193.51164
193.93254
194.37810
194.43828
194.73834
195.02148
195.03822
195.09012
195.30474
196.07634
196.29426
196.45440
196.59144
197.21742
197.58930
197.62116
197.74404
197.75790
197.99820
198.01488
199.18470
199.29354
199.48746
199.57668
199.74432
200.58066
201.25482
201.42060
201.43788
201.54354
201.56646
201.71232
201.82380
201.98694
202.66404
202.95336
202.95972
202.98204
203.16690
203.89908
203.92596
204.16566
204.29406
204.35430
204.38052
204.50298
204.64914
205.30644
205.63230
206.35866
206.37024
206.53608
207.07296
207.09972
207.21906
207.44202
207.45900
207.47976
208.84626
210.10176
210.32502
210.87390
210.88266
211.19088
211.20798
211.40520
211.45164
211.46832
211.55130
211.57476
211.64556
212.62398
212.72688
212.79816
212.91486
213.86748
213.94488
213.97854
214.07388
214.10706
214.15086
214.43394
215.15430
215.59998
216.10638
216.57306
216.76638
217.77360
217.81332
217.83414
217.89936
218.01342
220.13814
220.43838
220.49832
220.50348
220.53186
220.63530
221.75082
222.17076
222.22206
222.23130
222.58260
222.59424
222.81420
222.90834
223.09740
223.39734
223.82664
223.84698
223.94058
224.10978
224.24688
224.26392
224.40948
224.46984
224.69286
224.84406
225.03600
225.49368
225.51624
226.14246
226.59696
226.89216
227.45172
227.50644
227.68674
227.76378
227.78970
228.00930
228.69870
230.87724
231.38358
231.58392
232.79058
233.16732
233.19324
233.59944
233.83704
233.98278
234.07674
234.24924
235.71570
236.15274
237.67470
240.03930
240.05100
240.07368
241.21722
241.35990
244.11312
244.22190
244.49934
244.77828
244.99182
245.18556
245.49444
245.54580
245.55468
245.64864
245.91522
246.12096
246.25782
247.57044
247.84482
247.97352
248.31630
249.42336
249.48336
250.05270
250.06662
250.08336
251.52522
251.74824
252.04818
252.44598
252.48882
252.58866
252.75168
252.83490
253.33464
255.47076
255.72798
256.09686
256.11408
256.26318
256.48536
257.48676
257.58972
257.64438
257.64996
257.68668
258.69960
258.81618
259.37670
259.90548
259.95684
260.73216
260.97792
261.13590
261.39240
261.69840
262.29828
262.56492
262.65900
263.61480
263.93742
263.95452
264.18114
264.82050
264.95820
265.04358
266.47626
266.52768
266.70780
267.09702
267.43692
267.74064
267.78012
267.87402
268.65258
268.68108
268.79226
268.92972
269.11278
269.79588
269.84316
270.29292
270.36252
270.37902
270.54558
271.21974
271.51188
271.52868
272.20596
272.97834
273.04140
273.93900
274.04190
274.90056
275.99784
276.58098
277.38774
277.49382
277.61064
277.62708
277.68798
277.83360
278.02716
278.03064
278.66010
278.98314
278.99988
279.32676
279.42084
279.81000
281.23026
281.59908
282.24270
282.32010
282.36582
283.55526
283.57188
283.59816
283.99236
284.53842
285.51954
286.17156
286.40286
287.03802
287.77530
288.56496
288.73614
288.74826
289.22508
289.42224
289.46496
289.52526
289.78272
290.09496
290.10852
290.46900
290.53776
290.91492
291.05214
291.15552
291.29844
291.55830
291.65256
291.67860
291.78138
292.14144
292.41594
292.47096
293.72466
294.39762
295.28124
295.64112
295.86432
295.92444
295.94136
296.13072
296.26806
296.30202
296.33064
296.37060
296.40504
297.10776
297.46854
297.49464
298.09470
298.19784
299.00376
299.52780
299.54460
299.61090
300.34242
300.41094
300.45762
300.59100
301.17420
301.55172
301.56900
301.62024
302.04048
302.17776
302.23794
302.40126
302.46108
302.62392
302.71824
302.76108
302.89854
303.16410
303.43056
303.84732
304.31394
304.88004
305.70342
306.02400
306.21810
306.62100
306.70716
306.93024
307.06764
307.42002
307.76202
307.95090
308.25114
308.31984
308.68008
309.32364
309.84684
310.14702
310.20726
310.68750
310.79040
310.86792
310.94022
311.07378
311.38224
311.45094
311.46786
311.73036
311.75142
311.87988
312.25710
312.37728
312.43758
312.54042
312.73764
313.16064
313.64700
313.88742
313.93008
315.17370
316.03116
316.04016
316.36056
316.46052
316.84662
317.40402
317.44686
318.25320
318.39384
318.43722
319.58724
319.96044
320.62062
320.88720
321.07512
321.24666
321.26730
321.50394
321.68994
321.83952
321.88992
322.17324
322.71348
322.95384
323.28006
323.41746
323.64006
323.89770
324.12036
324.24108
324.42030
324.78096
325.83618
325.97334
327.15702
327.23010
327.56040
328.54668
328.90686
328.98426
329.07336
329.76462
329.77362
330.07362
330.17670
330.75096
330.81966
330.85410
331.99512
332.14980
332.40690
332.85702
333.09666
333.29034
333.30174
333.30708
333.33306
333.39360
333.55110
334.01058
334.68012
334.74024
334.99728
335.04048
335.76072
335.88132
336.12108
338.25726
338.42892
339.90726
340.80468
340.87380
340.89042
341.33658
341.37090
341.47386
343.00086
343.12098
343.13766
343.21500
343.52400
343.55736
343.78140
343.79406
344.10732
344.40744
344.63052
344.66472
344.69046
344.70708
345.21384
345.55740
345.67680
345.69732
345.72384
345.73674
345.77142
345.78318
345.80604
345.84030
345.87420
348.38790
348.40458
348.76488
349.53744
349.61472
349.83738
350.07744
350.81790
351.19242
351.97380
352.09710
352.15344
352.20474
352.24794
352.27380
352.41078
353.38014
353.39718
353.43144
353.68014
354.34056
354.70122
354.73026
354.90714
355.02708
355.10730
355.11336
355.24164
355.35336
355.44714
356.29668
356.78028
356.81988
357.27732
357.28650
357.43458
357.70302
357.74658
357.78024
357.82386
358.54380
358.54734
358.56060
358.63014
359.00700
359.12724
359.15322
359.18748
359.81382
359.83020
359.85132
359.89038
360.45696
360.55092
360.83448
360.85110
361.05696
361.11774
361.18632
361.24044
361.37514
361.39182
361.86366
362.50692
362.74722
363.09048
363.25320
363.39042
363.51060
363.53628
363.65694
363.67362
363.96474
364.75440
364.95138
364.97718
365.08032
365.36358
365.58438
365.92998
366.00708
366.48738
367.27098
367.44822
367.97976
368.10852
369.13776
369.40722
370.11576
370.48458
370.69038
370.85340
371.21358
371.47374
372.09702
372.51780
373.85592
374.09040
374.10738
374.20740
374.99676
375.64848
375.96858
376.03476
376.10334
376.32102
376.42032
376.75512
377.00358
377.67738
377.75928
378.10746
378.61644
378.75360
378.75744
378.98508
379.05738
379.68030
379.73172
380.03202
380.04084
380.20344
380.24700
380.46102
381.44730
381.46812
383.13702
383.63820
384.86118
384.92148
385.19874
385.32444
386.19126
386.28528
386.67444
387.09474
387.37182
387.45192
387.49500
387.65772
387.89778
387.95802
387.99792
388.06890
388.07448
388.25784
388.30098
388.33554
388.36164
388.51566
388.67820
388.68732
388.84134
389.32182
389.48850
389.57064
389.69928
389.96544
390.12834
390.23088
390.29136
391.08066
392.36166
393.22500
393.70806
393.79110
393.88518
394.09134
394.61460
394.75806
394.80828
394.87194
394.88868
395.25786
395.83248
396.03840
396.11586
396.14148
396.33852
396.43566
397.37622
397.45392
397.63716
398.19102
398.67192
398.75772
398.92062
398.98110
399.05778
399.13524
399.23808
399.28110
399.55182
399.58128
399.62460
400.12476
400.13058
400.16442
400.36146
400.42170
400.44402
400.44762
400.91418
401.08530
401.18514
401.27142
401.61426
401.65776
401.66862
401.81454
402.02562
402.15462
402.27810
402.35490
402.36540
403.34124
403.60776
404.00790
404.83098
404.88234
405.14004
405.49128
405.63720
406.26396
406.44750
406.49100
406.92426
407.31840
407.34744
407.35884
407.64444
407.80764
407.99088
408.53664
408.55758
408.57108
408.57564
408.61380
408.67410
408.86250
408.99102
409.06848
409.13706
409.17138
409.39428
409.42026
409.49748
409.75470
409.80360
409.91814
409.93500
410.49228
410.51826
410.88708
410.92134
411.01830
411.02382
411.24738
411.42768
411.44430
411.54762
411.98478
412.07076
412.32282
412.39728
412.49958
412.59426
412.97136
413.28768
413.29806
413.39184
413.64066
413.79060
413.90100
414.16380
414.30126
414.42090
414.44700
414.52398
414.85008
415.06782
415.09038
415.25316
415.70478
415.79682
416.05434
416.32098
416.40306
416.72364
416.75418
416.76324
417.03744
417.32352
417.37710
418.20408
418.22082
418.40082
418.60674
418.89366
419.60226
419.80272
419.85078
420.62316
420.78612
420.92316
421.06638
421.13718
421.22310
421.28718
421.32678
421.62642
421.69008
422.06412
422.19300
422.55642
422.90418
422.97324
422.99358
423.40224
423.56538
423.61686
423.69384
424.13958
424.42314
425.00640
425.16900
425.81274
426.07008
426.31008
426.37020
426.39606
426.45624
426.47292
427.41678
427.50600
428.04636
428.10606
429.05544
429.08940
429.20604
429.41856
429.67242
429.95592
430.15308
430.25598
430.33326
431.64594
432.18624
432.21204
432.28908
432.92382
433.37868
433.55898
433.76466
433.92738
434.37354
434.51952
434.54538
435.08610
435.18900
435.48900
436.07226
436.36344
437.16624
437.17836
437.34972
437.62434
437.71926
437.77866
437.98494
438.04506
438.10548
438.86832
438.88896
439.00542
440.06940
441.17574
441.59652
443.41164
443.50932
443.89524
444.10914
444.33264
444.51612
444.83880
444.89034
444.95550
445.06158
445.12206
445.42194
445.91946
446.04486
446.06550
446.12544
446.28846
446.78274
446.98866
447.00882
447.26142
447.35238
447.44634
447.45528
447.75510
448.11540
448.61268
448.74156
449.42814
449.50854
449.62518
449.67678
450.01140
450.08826
450.22566
450.37152
450.87774
450.99186
451.61574
451.62138
451.63224
451.95840
452.06124
452.14752
452.28414
453.28800
453.51120
454.52628
454.54860
454.56606
455.53530
455.71530
456.07122
456.96858
457.04538
457.05060
457.10046
457.11708
457.12230
457.13364
457.57722
458.17752
458.22876
458.43486
459.22710
459.35568
459.54114
459.60162
459.85014
460.21062
460.27068
461.11074
461.30010
461.93484
461.97204
462.03744
462.07224
462.28614
462.33744
462.46674
462.47862
462.76668
463.02444
463.18734
463.20408
463.26486
463.42698
463.51296
463.99344
464.93712
465.03144
465.07056
465.23736
465.29766
465.83202
465.86022
465.87666
465.97062
466.00380
466.01448
466.15494
466.31448
466.51032
466.57032
466.69068
466.92696
466.98708
467.18430
467.45364
467.51022
467.57040
467.67336
467.85360
467.91384
467.99052
468.01644
468.09336
468.15360
468.23388
469.42314
470.04936
470.18676
470.33256
470.63286
470.65860
470.77002
470.99310
471.05328
471.23664
471.87588
471.89730
471.93648
471.98790
472.21986
472.42578
473.08620
473.30916
473.32596
473.38614
473.74224
473.89212
474.51900
474.56160
474.69864
474.81894
474.83586
474.91338
474.98184
475.11912
475.23930
475.64208
475.67682
476.10582
476.36304
476.56896
476.65524
476.92938
476.94630
477.00600
477.03252
477.15216
477.15738
477.18654
477.20322
477.24630
477.52944
477.73536
478.31868
478.39584
478.50798
478.54182
478.58484
479.33460
479.34774
479.46798
479.57166
480.21810
480.47154
480.60870
480.80112
480.91794
481.05468
481.29498
483.23370
483.35400
483.41718
484.06572
484.37448
484.41786
484.51656
484.65792
485.55024
485.68674
486.05628
486.45090
486.75054
486.89676
487.23630
487.40592
487.47972
487.54326
487.60872
487.98636
488.07204
488.08902
488.14914
488.24346
488.73234
489.40194
489.43578
489.47046
489.47496
489.49614
489.54210
489.59892
489.76164
490.19994
490.60248
490.72284
491.96628
491.99220
492.03498
492.12120
492.61818
493.02990
493.03506
493.93080
494.05092
494.22210
494.25666
494.48856
494.72034
495.02028
495.05418
495.32046
495.51762
495.58572
496.06998
496.13028
496.86474
496.90758
496.98456
497.00160
497.16006
497.31024
497.44788
497.55012
497.65332
497.68350
497.69652
497.95722
498.00546
498.14226
498.16818
498.18576
498.19680
498.33120
498.65700
498.69618
499.22358
499.34604
499.49760
499.58322
499.64340
499.65216
499.93554
500.13300
500.41242
500.57520
500.58786
500.80188
500.87904
500.88762
501.02496
501.28212
501.83946
501.86556
501.90816
502.17456
502.19916
502.52562
502.55166
503.07810
503.22072
503.23830
503.25528
503.31516
504.32190
504.54162
504.56754
504.90504
504.92760
505.04778
505.77744
506.04282
506.14566
506.30040
506.96058
507.26058
508.01058
508.54734
508.59312
508.60446
508.71894
508.77078
508.79682
508.99326
509.19030
509.26344
509.32350
509.55978
509.93712
509.96322
510.00600
510.54642
510.56310
510.58896
511.48974
511.51596
511.78974
511.87572
511.95324
512.15886
512.35620
512.43306
513.10212
513.11970
513.13638
513.30876
513.59184
513.60852
513.83196
514.07202
514.08888
514.17516
514.29828
514.36932
514.45824
514.65546
514.67208
514.75812
514.76616
514.82208
515.06676
515.64120
515.65032
515.92452
515.93334
516.07074
516.18210
516.62802
516.81798
516.89436
517.29714
517.42560
517.79064
518.01822
518.12106
518.22384
518.38668
518.80698
518.82390
518.88432
518.92410
518.99178
519.08148
519.16764
519.38178
519.41604
519.48438
519.51048
519.57036
519.61344
519.81060
520.10274
520.16304
520.17972
520.20060
520.24014
520.53996
520.61712
520.71276
520.82304
520.98588
521.10612
521.12304
521.50032
521.82648
521.92908
522.21240
522.27270
522.93312
523.06176
523.24200
523.28478
523.33626
523.77360
524.07888
524.18550
524.21130
524.34852
524.42544
524.46888
524.48580
524.58828
524.85498
524.96580
525.15474
525.31770
525.48930
525.53208
525.58416
525.61800
525.81552
526.24416
526.32150
526.60422
526.77606
526.82760
526.88778
526.96110
526.96482
527.23074
528.34608
528.56058
528.63726
529.46100
530.28078
530.29800
530.51004
530.61078
531.08244
531.59274
531.72594
531.93978
532.48032
532.54890
532.60908
532.62624
533.04696
533.17566
533.83572
534.09846
534.11502
534.59916
534.75372
534.84828
534.86514
534.92520
535.08834
535.20828
535.50828
535.52946
535.86876
536.01474
536.15214
536.24598
536.43534
536.45220
536.46858
536.52918
536.67516
536.78640
537.03528
537.05262
537.15546
537.59292
537.65274
537.82458
537.90180
537.99600
538.09890
538.20162
538.48524
538.61832
538.88478
538.98198
539.00832
539.06850
539.23986
539.26530
539.31702
539.49750
539.51418
539.62596
539.93490
540.07182
540.14082
540.23082
540.32892
540.47490
540.56082
540.59550
540.72420
541.38468
541.47864
541.90764
542.02794
542.20800
542.24748
543.04854
543.15132
543.48186
543.52866
543.73458
544.69524
545.32104
545.34738
545.38182
545.47662
545.63922
545.69046
546.55728
547.05096
548.31174
548.68128
548.88144
549.06756
549.19032
549.47382
549.56466
549.85056
550.22826
550.38762
550.80702
550.85142
550.86726
551.18916
551.25408
551.52366
551.63526
551.81586
551.89752
552.16410
552.31320
552.37362
552.51024
552.78498
552.91320
552.96102
553.03374
553.06758
553.35966
553.57074
553.63380
553.77972
553.85724
554.05686
554.09670
554.18772
554.30322
554.33736
555.29460
555.38382
555.46104
557.86296
557.87988
558.64626
558.97374
559.04058
559.12368
559.16682
560.24760
561.34098
561.47094
561.72288
561.83070
562.10022
562.29744
562.70952
562.82124
562.89774
562.90674
563.38704
563.92758
563.94420
564.01302
564.43344
564.55020
565.23996
565.31688
565.41102
566.04606
566.06310
566.32932
566.42346
566.48340
566.70660
566.81400
566.83062
566.89104
566.90364
566.92950
567.07578
567.83052
567.90762
568.14738
568.21662
568.61070
569.03988
569.09988
569.15628
569.17734
569.56284
569.58312
569.60598
569.68326
570.50694
570.54084
570.54984
570.58404
570.64392
570.74712
570.76356
570.86664
570.94980
571.38648
571.61346
572.46234
572.46666
572.55294
572.83974
572.92248
573.18270
573.32928
573.67236
573.77520
574.20336
574.32396
574.42686
574.49550
574.54344
574.63272
574.98414
575.35326
575.79918
576.82848
577.60944
578.00022
578.41554
579.41916
580.34802
581.91540
583.90524
584.35422
585.29148
585.30366
585.60396
585.77562
586.34466
586.58202
586.98540
587.22222
587.74848
588.06576
588.12222
588.19494
589.57188
590.19324
590.39904
590.96544
591.38550
591.48852
591.54888
592.56924
592.58226
592.73232
593.22192
593.25540
593.43576
593.85582
593.89902
594.25026
594.29334
594.48210
594.54510
594.59316
594.90264
595.16010
595.17378
595.18560
595.21974
596.83242
596.84646
597.01728
597.56196
597.61332
597.77238
597.84948
597.99936
598.57884
598.74984
598.77684
599.16600
599.74062
600.04950
600.84702
601.01016
601.02696
601.03290
601.10964
601.79958
601.93308
602.13924
602.54532
602.56248
603.06054
603.48948
604.00374
604.13298
604.69584
604.75002
605.04990
605.06388
605.71074
606.21258
606.21672
606.51372
606.70614
607.08342
607.48674
607.52640
607.63716
607.88352
607.96680
609.13362
609.53706
609.97770
610.17984
610.22310
611.33784
612.06726
612.66750
612.83040
614.81166
616.09872
616.10790
616.17570
616.75092
616.78464
617.40264
617.71992
618.23472
619.11816
619.56420
619.58118
619.64136
619.92456
619.94160
620.07906
620.20164
621.15156
621.26244
621.33120
621.57150
622.27938
623.52240
624.28188
624.34206
624.37638
624.46242
624.53922
624.70224
625.28574
625.50876
626.40912
626.67552
627.31938
627.33612
628.18482
628.44270
628.48506
629.00292
629.00922
629.19234
629.23992
629.24898
629.37738
629.92632
630.18636
630.26970
630.56970
630.86952
631.07868
631.26438
631.26996
631.36728
631.55622
632.17398
633.04032
633.60336
633.98418
634.38690
634.67016
634.77312
634.86756
637.30362
637.35138
637.46682
637.98732
639.77442
640.17714
640.76046
640.77792
641.27490
641.64396
642.00456
642.82806
643.48788
643.77114
643.91748
644.71542
644.88636
645.13530
645.96738
646.26738
647.21094
647.73414
647.89158
649.84464
649.87854
649.92204
650.29920
650.34456
650.62524
651.16584
651.53472
651.74910
652.06170
652.14360
652.48602
652.54638
652.60644
652.81218
653.13846
653.26734
653.73888
653.97078
654.26226
654.30540
654.72504
654.84540
654.90180
655.05912
655.14558
656.06652
656.07240
656.23506
657.00744
657.31608
657.39312
657.43920
659.00034
659.26284
660.12960
660.35262
661.01280
661.07310
661.36452
661.40250
662.48010
662.73726
663.06336
663.08004
663.47496
663.49224
663.51390
663.52992
663.54054
663.55698
663.69042
663.80124
663.99054
663.99534
664.00146
664.13514
664.24710
664.60758
664.61802
664.68492
664.95054
665.29704
665.34714
665.37402
665.48502
665.49066
665.50770
665.58498
665.68836
665.71038
665.74260
666.23688
666.27444
666.47796
667.18074
667.63542
668.40222
669.20838
669.54810
669.73164
669.77124
669.84870
670.48332
670.88622
671.11806
671.22918
671.91570
672.09570
672.27606
672.37056
672.38730
673.37340
673.62234
673.75974
673.88016
674.10582
674.62086
674.72052
674.76390
674.84058
674.87808
675.71610
675.75024
675.97290
677.41044
678.37452
678.46074
678.62364
678.73524
678.87768
679.34424
679.48158
680.16774
680.60556
680.64804
680.69064
680.71116
680.75082
680.81118
681.39462
681.41136
681.51474
681.91758
682.21788
682.26150
682.27818
682.46646
682.86150
682.87836
684.26826
684.44238
685.06566
685.30920
685.52322
685.58922
685.63212
685.67508
685.81212
685.99560
686.02920
686.03538
686.10378
686.69562
686.85846
686.93568
687.17568
688.00230
688.24002
688.59978
688.92588
689.00310
689.26062
689.58624
690.30726
690.50436
691.73592
692.29698
692.89716
693.04332
694.22700
694.28754
694.51020
694.52202
694.90428
695.24754
695.72820
695.80896
696.37152
696.43146
696.47484
696.52128
696.58926
696.72552
696.80880
696.91200
696.99816
697.29822
697.49532
697.53822
697.69242
697.78776
697.85904
697.88544
698.09244
698.18532
698.21226
698.27262
698.32164
698.33844
698.38164
698.42148
698.48172
699.17166
699.27930
699.48558
699.54582
699.64854
699.74286
699.86268
699.93972
700.76934
700.83240
700.92654
701.25258
702.11328
702.21318
702.31620
702.55632
702.59946
702.61620
702.71058
703.35726
703.37424
703.49982
703.73982
704.10360
705.30414
705.46440
705.48114
705.61434
705.66450
705.85062
705.86724
706.60800
706.86528
706.87068
706.89204
707.05116
707.33460
707.41134
707.85768
707.90478
708.01212
708.02868
708.03192
708.05502
708.11796
708.14094
708.19158
708.20310
708.21816
709.01574
709.15842
709.37214
709.39308
709.45320
709.49634
709.54164
709.60206
709.61094
709.65036
709.88538
710.00568
710.97990
711.60900
712.02156
712.25262
713.04744
713.29572
714.47136
714.63402
714.72006
715.06632
715.32042
715.50090
715.72386
716.56404
716.64102
717.06192
717.10464
717.66216
717.95094
718.25076
718.29696
718.61742
718.67118
718.79430
719.59182
720.03264
720.03810
720.20118
720.62178
720.78438
720.95664
721.04208
721.52208
721.90836
721.95144
722.04552
722.68902
723.27228
723.67890
724.41984
724.67010
724.67910
724.75584
724.92258
725.33952
725.83680
726.22302
726.70350
727.02078
727.20372
727.25244
727.32942
728.37960
729.32718
729.35418
729.43134
729.57738
729.75696
730.03470
730.37406
730.92414
731.61834
731.66106
731.82432
732.34734
734.08872
734.38098
734.62086
734.68122
734.75808
735.50460
735.86466
736.38786
736.43112
736.53774
736.74816
737.04852
737.72892
737.85498
738.69564
739.15878
739.27896
739.51806
739.85316
739.87044
739.91280
739.98222
740.59110
741.73218
741.78660
742.10922
742.85982
743.21598
743.78208
743.91060
744.09930
744.11310
744.21096
745.02600
745.23234
745.62612
746.46714
746.57016
746.75358
746.87016
746.93880
747.01620
747.07638
747.55656
747.94266
748.13988
748.15686
748.24284
749.20680
749.40924
750.57582
750.87612
751.44264
751.53690
751.61052
751.65666
751.90542
752.03442
752.12340
752.22306
752.32608
752.47200
752.98668
753.44916
753.77556
754.12776
754.25628
754.39608
754.64244
755.52576
755.82564
757.42560
758.99976
759.00870
759.14568
759.35112
760.19184
760.92114
761.16462
761.25534
761.64162
761.92476
762.68520
763.06548
763.08222
763.47768
763.84638
763.88868
764.13840
764.27472
764.51850
765.08094
765.64758
765.70758
768.02376
768.11784
768.44382
768.77190
769.90266
770.04000
770.43396
770.86290
771.16296
771.22296
771.44616
771.48390
771.50616
772.67256
773.17920
773.65926
774.01962
774.37572
774.45726
774.92880
774.94158
775.06614
775.21188
775.35522
775.41804
775.59792
775.98444
776.01780
776.07840
776.15538
776.21580
776.48712
776.70492
776.72172
777.39150
777.40776
780.20400
780.42684
780.44796
780.76158
782.34936
784.03008
784.15908
784.41612
784.51944
784.81944
784.93944
785.13714
785.20290
785.45928
785.52558
785.66328
786.11490
786.26862
786.39216
787.04118
787.13874
787.25532
788.66550
789.20280
789.27138
789.80712
790.33800
791.00394
791.16720
791.36418
791.72460
792.76254
792.81372
792.83994
792.87432
793.02918
793.62912
794.23776
794.47230
794.77860
794.81604
795.29298
795.48228
795.64482
795.89328
795.89886
796.06530
796.08192
796.18176
796.36530
796.64856
797.06820
798.45840
798.68106
799.67664
799.97658
800.09718
801.35736
801.65292
801.65760
801.76992
802.22412
802.42986
802.83312
803.57940
804.57450
804.61728
805.10640
805.29522
805.51830
805.81848
805.98966
806.12736
806.17854
806.29866
806.82462
806.95380
806.99652
807.16494
807.85092
808.44780
808.48140
809.00112
809.06100
809.18406
809.42376
809.69028
810.73374
811.03344
811.13976
813.17400
813.19500
813.27246
813.40974
813.48720
814.39932
814.42218
815.25384
816.04224
816.05232
816.47550
816.58308
816.77520
817.08162
817.62138
818.00466
818.02542
818.09346
818.21634
818.56506
819.25134
819.33738
819.59142
819.59766
820.01472
820.54134
820.64124
821.80776
822.03060
822.98820
823.07154
823.27422
824.20170
824.26092
824.39850
825.29064
825.30762
826.35438
826.62366
826.65390
826.87734
827.73444
827.82984
827.89806
829.14192
829.39680
829.41330
829.42488
829.42962
830.45790
831.10662
831.40650
831.70656
831.85248
832.88070
832.88694
833.15634
834.27420
834.32286
837.31674
838.46646
838.68876
839.34990
840.46134
840.60504
840.80814
840.98820
841.28820
841.43436
841.45152
841.52886
841.67160
842.15466
842.94408
842.98752
843.14112
843.51024
843.60420
843.70410
843.87036
845.23716
845.33724
845.35392
845.80080
845.90346
846.06624
846.58110
846.66978
846.78666
846.84732
846.89004
848.04366
849.06036
849.12048
849.14220
849.36888
850.80168
850.88238
851.77920
854.49810
855.45078
856.46310
857.28336
858.33300
859.11342
859.21608
859.48266
859.86318
859.93260
859.96590
860.26590
860.46306
860.64900
860.94918
861.49284
861.53232
862.38216
862.77600
862.84488
862.85664
862.98186
863.16228
863.21844
863.47584
863.83170
864.16602
864.86106
865.59798
866.16456
866.59350
867.33444
867.51144
867.89748
868.31400
868.69452
868.75494
869.28678
869.93022
870.00774
870.05028
871.01058
871.08006
871.09680
871.33686
871.66314
872.52078
872.64354
872.84994
872.99346
874.09050
874.25382
874.33590
874.65954
874.76268
875.08578
875.35194
875.89554
876.15570
876.31218
877.16202