0.01870
0.21556
0.65494
0.66826
1.16842
1.22614
1.64878
1.87762
1.89544
2.50570
2.81530
2.88478
2.88814
2.94994
2.96392
3.18202
3.28204
3.42628
3.42832
4.03120
4.41934
4.44802
4.47394
4.67782
4.88578
4.89124
4.92058
5.00464
5.02114
5.09848
5.20726
5.26720
5.27914
5.28808
5.34172
5.38516
5.44846
5.55382
5.57830
5.63296
5.89480
5.90968
5.91646
5.93296
6.12136
6.14566
6.15646
6.17188
6.17830
6.18430
6.20962
6.36670
6.59506
6.60124
6.63196
6.95134
6.96142
7.08190
7.11118
7.12822
7.16776
7.18192
7.20748
7.44580
7.59580
7.71544
7.84582
7.87816
8.30794
8.30998
8.46256
8.66254
8.67832
8.69224
8.81542
8.84866
8.93218
8.96254
8.98216
9.16540
9.17140
9.17626
9.19426
9.26542
9.27928
9.31540
9.36538
9.47926
9.56542
9.61540
9.62926
9.63196
9.68212
9.69868
9.77926
9.81538
9.82930
9.86536
9.91540
10.04212
10.05994
10.08214
10.08928
10.09162
10.21540
10.22926
10.32928
10.41538
10.43212
10.49344
10.62076
10.63204
10.74598
10.78210
10.94866
11.01430
11.29600
11.29888
11.44498
11.63752
11.64580
11.64886
11.71564
11.96254
11.97604
12.00520
12.62068
12.62578
12.65548
12.68308
13.30780
14.19178
14.19910
14.20786
14.24536
14.73664
14.76064
14.78122
15.06454
15.09934
15.10462
15.10960
15.62626
15.67270
15.77032
15.77398
15.83254
16.06162
16.08568
16.11370
16.12270
16.23256
16.23430
16.25926
16.26220
16.27138
16.33378
16.34032
16.45594
16.46602
16.48252
16.50256
16.50730
16.51342
16.52212
16.54258
16.56490
16.74742
17.27638
17.29000
17.32552
17.77000
17.85532
17.86234
17.87476
17.93920
18.35566
18.36184
18.37120
18.39478
18.67888
18.86878
19.09696
19.09996
19.53526
19.54198
19.55194
19.55560
19.57294
19.57960
19.58374
19.75744
19.78300
20.08504
20.50204
20.57920
20.59684
20.85022
20.87548
20.99596
21.00610
21.01408
21.02176
21.37312
21.38644
21.39862
21.40870
21.97048
22.04992
22.13728
22.15918
22.32790
22.46668
22.89238
22.90204
22.91650
22.92904
22.93054
22.93216
22.94218
22.96672
23.65924
23.67568
23.70136
23.70784
23.71690
24.30676
24.32560
24.33232
24.34240
24.35272
24.36310
24.71398
24.71554
24.73240
24.77188
25.10014
25.12006
25.12198
25.41292
25.76350
25.82200
25.87660
26.15266
26.18224
26.24800
26.26522
26.53972
26.55010
26.57326
26.57560
26.58178
26.60530
26.66236
26.72212
26.76688
26.79610
26.96692
27.13234
27.16552
27.17686
27.40618
27.41362
27.41680
27.42466
27.44686
27.52894
27.53074
27.64936
27.68362
28.47160
28.49566
28.50334
28.53358
28.56682
28.83352
28.85404
28.91152
29.28358
29.38480
29.67862
29.69470
29.95360
29.96308
30.03358
30.58540
30.58792
30.63358
30.63994
30.87898
31.10032
31.41040
31.42006
31.80028
32.00716
32.02072
32.45296
32.75026
32.93350
32.96776
32.98744
33.00226
33.33352
33.48502
33.53758
33.76702
33.81700
33.92830
33.93646
33.95050
33.98320
34.30048
34.31698
34.35484
34.38400
34.79878
34.85338
34.85800
35.85202
35.86276
35.91304
36.13372
36.14626
36.16018
36.16846
36.17236
36.21556
36.81460
36.82618
37.71766
38.12494
38.40964
38.42146
38.48044
38.50144
38.55754
38.62168
38.72410
38.72590
38.72896
38.73202
38.84854
38.85064
38.89444
38.93860
38.98000
38.99110
39.00676
39.18286
39.22762
39.28126
39.45064
39.49366
39.73630
39.86950
40.21246
40.36246
40.37254
40.38928
40.40086
40.43410
40.46248
40.54774
40.58020
40.59688
40.61164
40.83412
40.85674
40.86034
41.06812
41.08150
41.08768
41.13748
41.15164
41.16856
41.25088
41.48902
41.49124
41.49670
41.50210
41.73046
41.74102
41.75428
41.77810
41.78950
42.31414
42.32002
42.32278
42.50650
42.51358
42.51634
42.53050
42.82054
42.84748
42.85624
42.87112
42.90082
42.90718
43.28434
43.79554
43.79716
43.81984
43.82290
43.83778
44.38048
45.50386
45.52444
45.87778
45.88600
45.88972
45.89734
45.91390
46.23502
46.23994
46.25128
46.40134
46.41406
46.41880
46.44352
46.83454
46.88164
46.88326
47.22730
47.22982
47.76922
47.77114
47.77912
47.79088
47.80330
47.81050
48.06496
48.10126
48.11824
48.40042
48.42580
48.44272
48.84526
48.84712
48.89110
49.05418
49.30762
49.35670
49.39162
49.40146
49.56820
49.58110
49.61200
49.61824
49.70218
49.90426
50.04730
50.06824
50.07766
50.08600
50.09956
50.25382
50.27254
50.28472
50.32468
50.51992
50.53468
50.77222
50.78686
50.85058
50.85706
51.00040
51.00196
51.05146
51.25678
51.51718
51.53470
51.63748
51.78622
51.80494
52.33492
52.61410
52.63546
53.20168
53.56222
53.60416
53.61946
53.90962
53.91706
53.91916
53.92618
54.15454
54.16216
54.16840
54.17122
54.18202
54.20506
54.92338
54.93358
55.05472
55.30186
55.69432
55.69708
55.70878
56.10700
56.55772
56.56708
56.72374
56.73226
56.74894
57.04900
57.16294
57.16570
57.16750
57.17200
57.18136
57.18922
57.21058
57.81640
57.83776
57.86410
57.87490
57.91552
58.04434
58.35232
58.38964
58.56856
58.62256
58.65448
59.21854
59.40184
59.44924
59.45284
59.47228
59.48404
59.62738
59.64046
59.83654
59.84458
59.85496
59.86372
59.87140
59.99038
60.04048
60.11224
60.31078
60.34918
60.35452
60.36148
60.36742
60.58528
60.69118
60.71740
60.84244
61.09510
61.14070
61.23148
61.33792
61.34452
61.35040
61.41748
61.87948
62.11876
62.13526
62.68162
62.70268
62.71900
62.74444
63.47056
63.50788
63.79804
63.80050
63.80656
63.83236
63.84136
64.38172
64.40710
64.42138
64.92118
64.94014
65.43496
65.59186
65.59792
65.60296
65.61118
66.07186
66.08056
66.08500
66.08908
66.93862
66.95032
66.95500
66.96094
66.96844
66.97018
66.99364
66.99952
67.15504
67.20832
67.56220
68.02642
68.21842
68.41840
68.42242
69.27916
69.45556
69.46066
69.48250
69.95050
69.98296
69.99604
70.32916
70.62874
70.65166
70.67350
70.71250
70.80094
70.85344
70.85848
70.95160
71.04898
71.24278
71.26756
71.32690
71.41366
71.41858
71.42158
71.42326
71.93794
71.95696
72.09142
72.12760
72.21838
72.37810
72.39814
72.59974
72.68764
72.82084
72.83050
72.85072
72.85534
72.93508
72.98506
73.29016
73.31548
73.31974
74.34820
74.37898
74.40184
75.31492
75.31750
75.34522
75.43750
75.44452
75.48424
75.50128
75.61468
76.10176
76.11346
76.12150
76.14814
76.54042
76.54588
77.12494
77.14624
77.18500
77.32150
77.33524
77.34802
78.03424
78.08770
78.10996
78.11512
78.22852
78.24634
78.25576
78.27802
78.60790
78.62704
78.63826
78.91150
78.94642
79.47670
80.23546
80.25220
80.27308
80.34496
80.35222
80.36512
80.36872
80.38576
80.48770
80.50564
80.51734
80.54932
80.64082
80.69698
80.73844
80.80222
80.80678
80.81608
81.06916
81.29932
81.31138
81.31768
81.51604
81.60220
82.26454
82.95460
82.95880
82.97194
83.83252
84.10240
84.48700
84.51136
84.52132
85.16806
85.99792
86.01604
86.26798
86.49742
87.21472
87.24646
87.52720
87.53506
88.22056
88.26526
88.27936
88.91722
89.23372
89.25916
89.28658
89.29342
89.29810
89.30284
90.03682
90.11548
90.42922
90.45550
90.65068
90.67516
90.68140
90.68494
90.68974
90.70330
90.70864
90.71080
91.19398
91.21630
91.22026
91.24960
91.33852
91.46926
91.54312
91.70602
91.70854
91.73704
91.74208
91.75480
91.77976
91.89364
92.16964
92.23330
92.29234
92.50576
92.51434
92.64388
92.66302
92.66938
92.67664
92.84620
92.90734
92.91250
92.95852
93.17074
93.26296
93.31630
93.36082
93.45634
93.95110
93.97072
93.98314
94.00054
94.27762
95.11834
95.12098
95.12608
95.15344
95.41324
96.55468
96.72244
96.73816
97.04242
97.05700
97.07260
97.16566
98.67430
98.67934
98.69302
98.69812
98.84098
98.98864
98.99644
98.99818
99.31570
99.58888
99.75562
99.90982
99.93430
99.94042
99.95044
100.17820
100.20454
100.27000
100.93318
100.95586
100.96246
101.35726
102.09832
102.10834
102.12358
102.12766
102.32308
102.34084
102.35074
102.36898
102.42634
102.67450
102.69286
102.70552
102.71668
102.73984
102.74212
102.76756
102.93310
102.94102
103.02994
103.05808
103.06594
103.08694
103.33840
103.35376
103.37602
103.39498
103.58986
103.63618
104.94184
104.98636
105.49288
105.50332
105.79186
105.79450
106.07404
106.09744
106.10056
106.10728
106.11076
106.49050
106.50730
106.51342
107.01268
107.03626
107.03788
107.04076
107.42428
107.98834
108.32338
108.51148
108.54124
108.88300
108.89482
108.90460
108.91942
109.47796
109.48726
109.86802
109.92472
110.10712
110.12122
110.12890
110.13106
110.26336
110.27434
110.28760
110.70802
110.71198
110.72140
110.72362
110.97490
111.01792
111.02794
111.03184
111.05044
111.07066
111.27772
111.32536
111.32716
111.33862
111.36688
111.40456
111.41956
111.74008
112.23442
112.56208
112.57048
112.57948
112.62514
112.83154
112.94620
113.22232
113.23204
113.23462
113.25298
113.42662
113.49502
113.55868
113.57518
113.70064
113.75866
114.07144
114.10708
114.12718
114.19804
114.20086
114.21094
114.21832
114.23050
114.23878
114.24802
114.28930
114.45940
114.49048
114.58150
114.70780
114.73180
114.75184
114.75862
115.42846
115.43584
115.49512
115.49800
115.76374
116.20882
116.21644
116.24866
116.38870
116.72632
116.80006
117.30748
117.31102
117.32206
117.33430
117.99868
118.00486
118.01596
118.02088
118.02268
118.40020
118.41262
118.42840
119.30212
119.30452
119.31988
119.34070
119.36854
119.55904
119.59660
119.59840
119.87056
119.87290
120.57628
120.59560
120.60388
120.63070
120.86950
120.90772
121.29226
121.82764
121.83208
121.83424
121.86184
121.87576
122.00524
122.59714
123.32572
123.75898
123.94222
123.96412
124.08826
124.10122
124.64698
124.66300
124.69906
124.70746
124.85734
124.86424
125.21944
125.26042
125.51410
125.52436
125.56408
125.60020
125.60170
125.63440
125.64112
125.70892
125.83210
125.86534
126.16534
126.19084
126.34216
126.52546
126.53926
126.81766
126.85102
127.04212
127.22800
127.50706
127.50958
127.55812
127.59268
127.64218
127.69390
127.72726
127.74724
127.94800
127.95868
127.97194
128.15866
128.28790
128.74822
128.76814
129.39658
129.44458
129.67960
129.68572
130.37938
130.39960
130.66138
130.68124
130.78894
131.12740
131.13454
131.15434
131.15596
131.96710
131.97718
132.00478
132.18130
132.53428
132.55864
132.57508
132.59182
133.27270
133.27630
133.29046
133.70374
133.71364
133.71526
133.74274
133.74628
133.75510
133.86040
133.87402
133.87810
133.88404
133.89070
134.88580
134.90386
134.92708
135.07966
135.24178
135.38554
135.41464
136.02178
136.02394
136.02700
136.47958
136.48114
136.48816
136.52842
136.56364
136.61722
136.87738
137.00842
137.28196
137.29432
137.29810
137.30422
137.48158
137.48548
137.53480
137.57338
137.75122
137.75452
137.75746
137.84176
137.85610
137.86126
137.99782
138.03394
138.76930
138.77494
138.77710
138.77896
138.79642
139.17886
139.20370
139.33882
139.89814
139.90408
139.92676
139.94218
139.97518
141.01972
141.21094
141.23164
141.26476
141.72994
141.76480
141.97126
141.99634
142.24138
142.26454
142.28290
143.31802
143.34754
143.35114
143.51782
143.52634
143.52814
144.02896
144.06082
144.09160
144.28102
144.29038
144.33100
144.37486
144.46888
145.30192
145.30834
145.31104
145.48096
145.52866
145.55884
145.57486
146.23750
146.27464
146.28688
146.58046
146.60350
147.33238
147.82858
147.83872
147.84436
147.85804
147.88120
147.99820
148.00672
148.01422
148.06864
148.11814
148.12996
148.15222
148.17220
148.17478
148.22776
148.28170
148.31308
148.41418
148.69960
148.71580
148.71874
148.73764
148.96960
148.99768
149.00416
149.00626
149.26876
149.46976
149.48284
149.51116
149.51926
149.52664
149.63092
149.65828
149.69578
149.70826
149.71930
149.72866
149.74048
150.14836
150.15076
150.19042
150.49156
150.96436
150.98782
151.00696
151.26292
151.31098
151.49584
151.86154
151.92292
152.69968
152.72134
152.73136
152.73448
152.74018
153.02104
153.17500
153.49462
153.53908
153.98158
153.99946
154.45528
154.46716
154.46890
154.65844
154.77520
154.78420
154.80334
154.80742
155.46538
155.49190
155.53108
155.54062
155.85868
155.87824
155.89906
155.91790
156.02740
156.51136
156.95866
157.16530
157.17748
157.20088
157.24018
157.34992
157.35250
157.36720
157.40758
157.80112
157.80862
157.82710
157.84108
158.31382
158.32828
158.77660
158.82046
158.82352
159.47794
159.48712
159.51796
159.52708
159.54724
159.83332
159.85276
159.85480
159.85864
159.87538
159.89314
160.20886
160.29448
160.34212
160.39210
160.52428
160.58974
160.59214
160.59538
160.79206
160.80250
160.80700
160.83202
160.99462
161.02738
161.03860
161.06494
161.32702
161.34286
161.37040
161.40766
161.45884
161.58808
161.64748
161.67184
161.89210
162.00184
162.12580
162.15646
162.17602
162.35800
162.36058
162.36754
162.39844
162.62578
162.66442
162.67186
162.86224
162.88330
162.95836
162.96850
162.97216
162.98170
164.50306
164.53378
164.84836
165.01546
165.04444
165.05020
165.05818
165.07600
165.16294
165.71614
165.75928
165.86014
165.86536
165.87730
166.50952
166.53238
167.63524
167.64838
167.65198
167.67622
167.67874
168.49654
168.61744
168.62128
168.62644
169.12222
169.12816
169.71538
169.72006
169.73104
169.75648
169.78132
169.96918
169.97404
169.99678
170.01166
170.01712
170.09986
170.14882
170.24050
170.24242
170.25010
170.26396
170.28118
170.30362
170.30752
170.39200
170.70364
170.70700
170.99728
171.02692
171.24364
171.24766
171.26290
171.40660
171.42154
171.42406
171.43564
171.45568
171.64534
171.67426
171.76294
171.79906
171.95290
171.97714
172.19686
172.79644
172.82764
172.84282
172.86730
173.54152
173.54800
173.59312
173.89276
173.90476
173.90638
173.91724
173.93452
174.42196
174.77062
174.85264
175.76848
175.78420
176.05384
176.13166
176.14192
176.17078
176.19760
176.22286
176.22466
176.22616
176.87008
177.52426
177.56506
177.57880
178.20616
178.22902
178.25704
178.54882
178.55590
178.56868
179.21452
179.23540
179.24248
179.43406
179.78062
179.81662
179.84602
180.12124
180.13300
180.52078
180.53212
180.88588
180.89650
180.92626
181.22284
181.23232
181.24558
181.25746
181.28392
181.31944
181.34650
181.52974
181.80142
181.82716
181.83328
181.84696
181.85962
181.89070
181.91554
182.04298
182.11624
182.51374
182.51644
182.55214
182.65966
182.89540
182.89696
182.91544
182.91958
183.00898
183.01276
183.01984
183.03712
183.04942
183.27244
183.28708
183.31990
183.32248
183.61396
183.89746
183.96004
184.78096
184.81282
184.82374
185.10334
185.11804
185.13358
185.14096
185.71612
185.71978
186.36892
186.42778
186.78166
186.81490
186.98164
187.00432
187.02634
187.78462
187.78708
187.80274
187.88572
187.89364
187.91284
188.55400
188.55664
188.87926
189.77812
189.78334
189.79438
190.28404
190.33288
191.04238
191.04586
191.04904
191.64112
191.73580
191.91262
191.91688
191.93476
191.94208
191.94676
192.03082
192.09568
192.15544
192.19384
192.20032
192.39652
192.48994
192.57928
192.59674
192.60640
192.84652
192.85696
192.91120
192.94306
193.12054
193.13272
193.16248
193.33600
193.34380
193.35994
193.36294
193.59040
193.63192
193.76140
193.97992
193.98448
194.02930
194.04580
194.06260
194.13826
195.01480
195.45562
195.64888
196.01848
196.05172
196.18084
196.61872
196.91896
197.02504
197.03872
197.16952
197.34184
197.35246
197.46634
197.50246
197.56924
197.58310
197.78224
197.81548
197.90272
197.98618
198.06946
198.11944
198.16684
198.17260
198.21946
198.26968
198.33622
198.38620
198.51682
198.51970
198.63646
198.83644
198.91708
199.01998
199.06996
199.33666
199.35346
199.45342
199.52098
199.53406
199.54960
199.55584
199.58692
199.74004
199.78690
200.00368
200.07040
200.08432
200.13718
200.18716
200.21962
200.50882
200.56342
200.58742
200.75416
200.78740
201.12298
201.14434
201.17308
201.17962
201.35488
201.37990
201.39382
201.40468
201.55462
201.67804
201.70690
201.72136
201.73288
201.74434
201.80788
201.84508
201.84688
202.03816
202.08652
202.20490
202.25488
202.40752
202.41760
203.00962
203.01778
203.03860
203.04250
203.34526
203.38366
203.38888
203.98324
203.98474
203.98960
204.00202
204.00454
204.02854
204.04498
204.30904
204.47020
204.47794
205.46428
205.47742
205.50040
205.50376
205.53022
206.02876
206.03344
206.04010
206.04784
206.06122
206.47534
206.51608
206.51860
206.91166
206.97406
206.97802
206.98612
206.99584
207.00394
207.03634
207.66538
207.68284
207.82372
207.84742
207.85162
207.85978
207.89512
207.90802
208.33612
208.37026
208.39048
208.76158
208.77196
208.80742
209.00560
209.75998
209.78806
209.83420
209.86384
210.08836
210.12550
210.14326
210.25900
211.27702
211.46260
211.48546
211.48918
211.53880
211.57624
211.92250
211.93150
212.22946
212.23168
212.23330
212.23516
212.60014
212.63356
212.80996
212.88208
213.01864
213.03928
213.04492
213.06124
213.14242
213.16822
213.27298
213.28684
213.31606
213.35884
214.00756
214.01224
214.01392
214.02346
214.10368
214.27606
214.28110
214.29388
214.30006
214.31164
214.31632
214.38850
214.70692
215.13106
215.14438
215.76118
215.79514
216.03124
216.03376
216.27790
216.40762
216.42790
217.14226
217.14466
217.84222
218.09512
218.19514
218.22838
218.39512
218.42182
218.44684
218.46190
218.52574
218.52862
218.61586
218.72860
218.74534
218.82856
218.85922
219.00922
219.01210
219.10924
219.11206
219.12082
219.12322
219.15928
219.21208
219.46900
219.60946
219.69274
219.87910
219.88102
219.90736
219.93334
219.97912
220.15966
220.19866
220.36258
220.52434
220.55122
220.57594
220.57828
220.59184
220.67932
221.30122
221.50840
221.51410
221.52670
221.54050
221.55016
221.55808
221.57956
222.71044
222.71524
222.71806
222.72280
222.74242
222.90736
223.18000
223.40194
223.79350
223.80220
224.08030
224.09860
224.17552
224.17762
224.19052
224.19388
224.30758
224.41648
224.42398
224.44252
224.47450
224.48152
224.77936
224.86288
224.86474
224.87014
224.89030
224.89726
224.91604
225.33688
225.40414
225.46522
225.91552
226.01686
226.05274
226.06114
226.07710
226.25386
226.28608
226.52602
226.58122
226.58284
227.56084
227.56360
227.58148
227.58676
227.59972
227.88148
228.10336
228.15100
228.16180
229.31434
229.62874
229.63054
229.63828
229.65220
229.66102
230.41060
230.41456
230.44528
230.45584
230.96326
230.98288
231.42652
231.43594
231.46258
231.49066
232.08832
232.11544
232.12888
232.66126
232.67464
232.71556
232.89748
232.93336
232.94362
232.94590
232.99264
233.58526
233.59336
233.61298
234.09430
234.10060
234.10456
234.11608
234.12862
234.51358
234.56920
234.59950
234.61756
234.63124
234.75352
234.89020
234.97372
235.00858
235.48642
235.52218
235.56886
235.59520
235.74952
235.80718
235.87660
235.99972
236.11684
236.38456
236.73190
236.76520
236.81806
236.99866
237.09868
237.29020
237.31318
237.32776
237.34384
237.35548
237.37420
237.41830
237.44380
237.48214
237.56830
237.59716
237.70180
237.76564
237.84892
237.86566
237.96568
238.18528
238.23628
238.29916
238.41592
238.68262
238.82866
238.83106
238.85488
238.85794
238.88704
239.23570
239.41294
239.69986
239.76640
239.77540
239.87464
239.89114
240.49264
240.67636
240.73624
241.41172
241.41844
241.43464
241.44664
241.44934
242.17612
242.27020
242.38264
242.39776
242.41126
242.98432
243.05368
243.35032
243.36448
243.37966
243.38320
244.05046
244.22332
244.22944
244.23820
244.56490
244.57612
244.58020
244.62292
244.72162
244.74112
244.78396
244.83682
244.87810
245.24020
245.26342
245.27878
245.28232
245.28952
245.66416
245.67520
245.72728
245.75464
246.14428
246.34030
246.37054
246.40486
247.04614
247.68964
247.69372
247.70914
247.73086
247.87672
248.29120
248.30428
248.31742
248.32024
248.32510
248.33314
248.56852
248.57656
248.59810
248.64502
249.19810
249.22234
249.22444
249.22600
249.24262
249.78058
249.81034
249.82048
249.93910
250.01386
251.06530
251.46382
251.47288
251.47636
251.76412
251.78848
251.79184
251.86084
252.22090
252.22678
252.23452
252.26080
252.54616
252.60754
252.62014
252.90652
253.45678
253.55596
253.56478
253.69384
253.70086
253.72618
254.15698
254.19028
254.37568
254.38426
254.39152
254.41576
254.45698
254.50702
254.66236
254.70346
254.97580
254.99050
255.10726
255.34690
255.35908
255.97060
255.99256
256.01722
256.01926
256.03348
256.20748
256.21186
256.21726
256.23034
256.34020
256.40194
256.40746
256.41004
256.42420
256.45750
256.48018
256.56148
256.59760
256.72420
256.73344
256.74736
256.79098
256.92544
256.99096
257.15914
257.16172
257.27452
257.29240
257.31304
257.34892
257.48572
257.65510
257.66980
257.68318
257.69194
257.89996
257.90248
257.90794
257.92180
257.94454
257.95306
257.95504
258.30022
258.43984
258.44812
258.46990
258.47608
258.48316
258.49012
259.18240
259.19398
259.20424
259.21024
259.23106
259.46116
259.48786
259.54138
260.03314
260.04520
260.04754
260.14138
260.21740
260.27104
260.59138
260.70814
260.80816
261.25816
261.42490
261.50890
261.57490
261.92488
261.94162
261.95548
262.39162
262.47718
262.49614
263.51848
263.54440
264.57532
264.66358
265.19872
267.10408
267.57580
267.61408
267.62554
267.62728
267.65668
267.84172
268.19356
268.41778
269.00278
269.02372
269.38240
269.62576
269.63242
269.65516
270.17020
270.19636
270.51538
270.61966
271.17592
271.57594
271.59778
271.60924
272.44888
273.40072
273.41842
273.47620
273.68566
273.93544
273.99004
274.50946
274.55944
275.59390
276.13576
276.14242
276.15676
276.65362
276.67474
276.68800
276.91864
277.46188
277.51594
277.89124
277.90852
278.32636
278.58922
278.61106
278.79820
278.99308
279.14206
279.24904
279.79528
279.99196
280.01758
280.47346
280.66504
280.71304
280.81498
281.28268
281.79580
282.53860
282.56290
282.59092
283.20976
283.25926
283.31326
283.54324
284.16292
284.19742
284.21614
284.61520
285.16984
285.17356
285.22672
285.39322
285.60196
286.19542
286.20406
286.21762
286.22674
287.76334
287.78284
287.80192
287.95732
288.40264
288.40750
288.79342
289.00288
289.15624
289.16194
289.16680
289.17148
289.17790
289.18306
289.48186
289.51630
289.54366
290.10874
290.20900
290.23084
290.23384
290.59204
290.64364
290.64670
290.87404
290.89468
290.89618
290.94778
290.96014
291.06040
291.59710
291.63586
291.65752
291.87424
291.88756
291.91012
291.92404
291.99382
292.12096
292.98514
292.99462
293.04070
293.22712
293.80852
293.82238
293.99098
294.10768
294.11032
294.39382
294.50554
294.70768
294.89380
294.94120
294.97438
294.99376
295.01056
295.32442
295.52974
296.04406
296.08870
296.22730
296.32732
296.36080
296.41078
296.48392
296.52466
296.56078
296.64406
296.86078
296.97754
297.02464
297.02752
297.06076
297.09292
297.14140
297.21082
297.22468
297.24406
297.34138
297.37468
297.39136
297.44140
297.45568
297.48676
297.49138
297.49426
297.59140
297.67750
297.74140
297.74428
297.77752
297.94138
297.99142
297.99430
298.19428
298.21348
298.22752
298.26100
298.54426
298.67776
298.97488
299.21908
299.22412
299.22772
299.22970
299.58304
300.32410
300.32818
300.33094
300.33808
300.71464
300.71662
300.72082
300.73102
301.11838
301.13140
301.47814
301.76806
301.78540
301.82818
301.92844
301.96834
302.04478
302.06806
302.23720
302.39494
302.56192
302.71672
302.72434
302.91784
303.15364
303.16084
303.41920
303.57844
303.66856
303.81358
303.81562
304.10824
304.11394
304.20202
304.22848
304.83478
304.97392
304.98502
306.07450
306.09280
306.87346
306.89770
307.91674
307.95610
307.96234
308.09584
308.55028
308.69104
308.72908
308.82670
308.84800
308.92930
309.49504
309.50410
309.97354
309.99634
310.22080
310.27954
310.74394
311.30248
311.32978
311.36038
311.61964
311.69380
311.87206
311.87878
311.88598
311.92714
311.98876
311.99848
312.36868
312.56212
312.81064
312.83002
312.88000
313.13776
313.14832
313.15024
313.16722
313.19026
313.31044
313.31650
313.35580
313.37716
313.59748
313.96498
314.08390
314.10700
314.11354
314.14282
314.17636
314.26348
314.38024
314.69698
315.01372
315.14410
315.19246
315.33610
315.35308
316.13734
316.16008
316.19722
316.67368
316.70716
316.93168
317.35894
317.44456
317.75926
317.77390
317.80462
317.92366
317.93068
318.52372
318.53494
319.28092
319.37224
319.37416
319.41442
319.63090
319.81762
319.82596
319.84660
319.87228
320.49088
320.51302
320.54968
320.86894
320.89786
320.96464
321.31462
321.69520
321.82876
321.83368
321.86704
321.89524
322.35424
322.39366
322.41484
322.42264
322.42408
322.43158
322.49542
322.51834
323.08366
323.08960
323.09728
323.10082
323.10232
323.10448
323.10772
323.69416
323.72608
323.91724
324.07624
324.08506
324.09274
324.09754
324.11536
324.53206
324.91012
324.93304
325.14286
325.93840
326.41582
326.94928
327.33256
327.70048
327.96076
328.45774
328.46470
328.49482
328.94932
328.98328
328.98622
329.13322
329.26384
329.27932
329.29222
329.51386
330.39064
330.42862
330.43348
330.78370
330.90652
331.62568
331.66612
332.06458
332.07904
332.08696
332.52664
332.52814
332.55016
332.97940
332.98882
333.30604
333.31018
333.31378
333.72520
333.73720
333.75076
333.78154
333.98782
334.00468
334.24048
334.71220
334.72312
335.00464
335.03176
336.02152
336.02896
336.36250
337.50184
337.51372
337.84900
337.91572
338.00182
338.10184
338.11570
338.23840
338.30182
338.89924
338.94922
339.01882
339.17260
339.20206
339.23266
339.28534
339.63268
339.73558
339.75232
339.83554
339.84946
339.89944
340.01440
340.03558
340.13554
340.31620
341.09962
341.10256
341.41870
341.43604
342.13012
342.13492
342.16246
342.16558
342.70888
343.25686
343.25914
343.27150
343.28542
343.94938
344.33254
344.33746
344.65528
344.71270
344.71918
344.73118
344.73670
344.74930
344.75326
344.94340
344.95138
344.98486
345.24808
345.25246
345.40444
345.41146
345.43432
345.44470
345.95878
345.99748
346.01998
346.07656
346.09852
346.13878
346.16914
346.37020
346.62706
346.67602
346.69954
346.79332
346.79572
347.29780
347.30494
347.35366
347.45368
347.94562
347.97202
347.98354
348.22276
348.27472
348.60394
348.61912
349.13716
349.33714
349.47046
349.65112
350.27062
350.59378
350.68738
351.50764
351.52348
351.64750
351.65392
351.66826
351.67450
352.50988
352.51426
352.52110
352.52428
352.52878
353.38750
353.40622
353.41678
353.43910
353.44660
354.78778
354.82486
354.84004
354.85456
355.05430
355.06414
355.78270
355.79170
355.94962
355.97104
356.41228
356.44390
356.45992
356.47252
356.49958
356.59396
356.90914
356.92762
356.94022
356.97886
357.27232
357.42274
357.43168
358.29724
358.56862
358.57900
358.59598
358.62058
358.62226
358.63828
358.90474
358.98412
359.45002
359.45770
359.48818
359.49412
360.01786
360.41476
360.46108
360.46480
361.22758
361.22944
361.23820
361.62472
361.62862
361.65520
361.90870
362.32168
362.73838
362.76784
363.59200
363.61468
363.86182
363.93838
364.55152
364.57588
364.58296
364.59454
364.60516
364.91944
365.34640
365.40538
365.82502
365.82934
365.86150
365.95276
366.37126
366.66850
366.74554
366.77548
366.99838
367.00564
367.00858
367.04602
367.25272
367.30762
367.32442
367.47388
367.52230
367.64914
367.66510
367.74166
367.75396
367.82128
367.91974
367.95580
368.12278
368.13910
368.33212
368.34112
368.35732
368.63248
368.64208
368.66512
368.68138
368.71108
368.82124
368.82382
370.03666
370.36558
371.28952
371.49028
371.53102
371.53900
372.02992
372.04150
372.04876
372.05512
372.46234
372.48172
372.92992
372.95176
373.92964
373.95982
374.76238
374.81524
374.90650
375.38092
375.39100
375.58996
375.99898
376.00672
376.01008
376.02958
376.33888
376.36936
376.38346
376.49536
376.63648
376.65220
376.66096
376.66798
376.68418
376.68910
376.89916
376.97368
377.15410
377.32672
377.33152
377.34418
377.35696
377.87626
377.88346
378.06226
378.10420
378.42388
378.70714
378.81910
378.83968
378.87904
378.88936
379.57390
379.75606
379.78312
379.94086
379.99504
380.17018
381.28702
382.07434
382.07998
382.08334
382.08844
382.09390
382.12060
382.79386
383.13928
383.18092
383.63044
383.64154
384.44668
384.44824
384.45700
384.46816
385.22674
385.22896
385.25572
385.57372
385.70902
386.93110
387.06910
387.09694
387.12748
387.13492
387.14332
387.55492
387.67498
387.96730
387.97834
388.12624
388.21096
388.35640
388.46194
388.47850
388.48042
388.75276
388.76512
388.93588
388.95094
388.96462
389.14198
389.21104
389.21722
389.32084
389.32600
389.47060
389.48704
389.57524
391.17130
391.19290
391.20088
391.20772
391.21228
391.22284
391.22518
391.24570
391.39192
391.45366
391.46194
391.48390
391.48930
391.55380
391.56268
393.45298
393.45466
394.31476
394.39648
394.40962
394.76404
394.81420
395.12560
395.54476
395.55622
395.68510
396.64828
396.67084
396.84232
396.84544
396.85906
397.40104
397.44364
397.82296
397.83820
398.07556
398.41594
398.43754
398.44798
398.57560
398.88814
399.03370
399.33850
399.67552
399.72934
399.79744
399.90694
400.26412
400.71490
400.76410
400.89226
401.00386
401.02846
401.45464
401.66488
401.67550
401.75170
401.75476
401.77546
401.82550
401.84764
401.88190
401.94226
402.37222
402.38164
403.18090
403.19224
403.23088
404.00554
404.33674
404.35228
404.35516
404.39224
404.84758
404.88568
405.02764
405.05140
406.27492
406.64242
406.65040
406.66708
407.28004
407.59540
407.96788
407.97022
407.98540
408.63100
409.21036
409.21270
409.22842
409.50916
409.60912
410.28274
410.29240
410.69164
410.70274
410.71498
410.72584
410.73250
410.74384
410.75110
410.75572
410.77300
410.78932
410.81452
411.00208
411.32506
411.34876
411.81520
412.08274
412.09666
413.15176
413.47582
413.56264
413.56942
413.60644
413.75830
413.84254
414.73324
414.74512
414.74848
414.76546
414.89878
414.90190
414.92392
415.10926
415.55182
415.95664
416.23990
416.25928
416.27602
416.27878
416.28526
416.85466
417.10534
417.12904
417.16966
417.40660
417.40924
417.42202
417.42790
417.54700
418.05808
418.06858
418.38550
418.53910
418.54156
418.56898
418.59274
419.05456
419.07412
419.08156
419.30494
419.31370
419.32600
419.42110
419.95168
420.28942
420.95836
420.97618
420.98518
421.05970
421.37884
421.39492
421.39858
421.40338
421.41166
421.43230
421.43518
421.45708
421.45942
421.46200
421.46818
421.63564
421.63906
421.87642
421.88920
421.89418
421.94956
422.25070
422.25784
422.30368
422.34940
422.63182
422.67640
422.86864
423.74314
423.84928
423.87136
423.88594
423.89362
423.91552
424.51570
424.75000
424.75216
424.76602
424.77034
425.04310
425.10988
425.25988
425.65984
425.69050
425.70988
425.75986
425.90908
425.92660
425.93638
425.94046
425.97562
426.16006
426.17020
426.37654
426.50206
426.62086
426.71008
426.76006
426.81010
427.02880
427.06336
427.07680
427.16008
428.11510
428.30920
428.90464
428.92138
428.93770
428.94628
429.30304
429.31402
429.69406
429.70042
429.74992
429.75592
429.77728
429.86062
430.87726
430.89262
430.89892
430.90918
430.93450
431.63368
431.65198
431.70652
431.89294
431.91580
432.01096
432.05836
432.07570
432.08650
432.09346
432.32614
432.33850
432.36172
432.69424
432.72958
433.04422
433.12774
433.47484
433.49344
433.50718
433.55836
433.56484
433.82266
434.25604
434.77246
435.09850
435.10726
435.14002
435.17794
435.45784
435.62044
435.93850
435.94444
435.96334
436.00726
436.00930
436.04032
436.62502
436.66114
436.77310
436.78354
438.04714
438.07066
438.36652
438.44464
438.79204
438.80950
439.04464
439.31536
439.31938
439.32712
439.34464
440.38426
440.40262
440.90398
441.23968
441.25864
441.27808
441.96328
442.16134
442.29898
442.32298
442.34482
442.59748
442.68196
442.72240
442.91134
442.92124
443.19118
443.21656
443.38216
443.45380
443.68318
443.87080
444.07204
444.36364
444.38704
444.41134
444.54454
444.54646
444.56734
444.57316
444.58972
444.59650
444.62878
444.67756
444.74170
444.76102
444.79672
444.97780
445.02778
445.06690
445.07494
445.07782
445.10500
445.11100
445.11496
445.14430
445.17778
445.19164
445.27492
445.41100
445.42780
445.46104
445.52776
445.66102
445.69162
445.71100
445.86100
445.91098
446.07778
446.21104
446.46100
446.52490
446.67772
446.77222
446.81764
447.35908
447.89572
447.91408
447.92482
448.29286
448.30810
448.33414
448.35034
448.57750
448.74286
448.75084
448.75390
448.77724
448.79938
448.83514
448.84288
449.22868
449.27746
449.55712
449.56666
449.57962
450.54370
450.55144
450.91684
450.95320
450.98302
451.22188
451.95754
451.97230
452.45530
452.46316
452.48614
453.76960
454.07830
454.17394
454.17688
454.19980
454.20730
454.21624
454.34338
454.36654
454.43818
454.52320
454.68466
454.74334
454.77832
454.89334
455.06416
455.13676
455.14336
455.17552
455.18656
455.18818
455.19622
455.27662
455.41864
455.42392
455.46232
455.48560
455.67640
455.67964
455.70982
455.74660
455.74846
455.75902
455.76736
456.22660
456.54226
456.55744
456.55984
456.56380
456.57526
456.95986
457.58944
457.62844
457.63300
457.79308
458.12368
458.12566
459.03238
459.55954
459.61150
459.63700
460.73572
460.73740
462.06424
462.06994
462.12136
462.12340
462.14146
462.27946
462.32602
463.18498
463.60150
463.85680
463.86742
464.03584
464.07952
464.21482
464.22592
464.31934
464.33260
464.35918
464.45230
464.67304
464.67574
464.71582
464.76214
464.86636
464.96716
465.18466
465.20920
465.21262
465.29908
465.33868
465.61294
465.69772
465.70918
465.90922
466.04242
466.05628
466.11352
466.27594
466.29520
466.31584
466.37590
466.49242
466.55914
466.70914
466.80916
467.04760
467.05018
467.07460
467.08252
467.10628
467.14240
467.15626
467.22586
467.64238
467.67094
467.83102
468.33868
468.37018
468.39130
468.42874
468.89398
469.09468
469.10188
469.39240
469.56526
469.59124
469.80910
469.84780
469.85650
469.85908
470.27992
470.99230
471.01036
471.05668
471.24232
471.59284
471.60292
471.68428
471.69232
472.26520
472.26982
472.60894
473.15500
473.16400
473.16778
473.17420
473.94736
473.95540
473.97196
473.99692
473.99926
474.01516
474.19228
474.22132
474.22558
474.22834
474.25750
474.27070
474.31492
474.31924
474.38428
475.39714
475.40374
475.41436
475.41976
475.42228
475.42978
476.35714
476.35876
476.42524
476.83660
476.84302
476.86198
476.89198
477.36046
477.37024
477.72742
477.81046
478.20514
478.21120
478.21906
478.22116
478.41748
478.49062
479.44810
479.45722
479.48188
479.79142
479.80348
479.83366
479.83624
480.57496
481.08796
481.09774
481.82494
481.85704
481.88026
482.10838
482.12488
482.34076
482.35390
482.39242
482.40040
482.46742
482.47360
483.09286
483.50200
483.51136
483.52792
483.56452
483.70210
483.72118
483.72616
483.73666
484.36876
484.70134
485.25352
485.79334
485.79676
485.81608
486.46732
486.54436
486.55354
486.56782
486.57532
486.62218
486.67372
486.76030
486.86446
487.04086
487.04338
487.05364
487.07482
487.08430
487.11064
487.23658
487.32604
487.70698
487.71250
487.71418
487.72480
487.74766
487.79566
488.00830
488.13376
488.42062
488.43592
488.44150
488.44822
488.47216
488.49664
488.59666
488.62396
488.74204
488.83582
488.92168
489.12502
489.12892
489.20698
489.59128
490.17766
490.17910
490.94788
490.97476
491.12476
491.27476
491.42188
491.60098
491.67184
491.70796
491.77474
491.87188
491.97472
492.07084
492.50800
492.65512
492.84010
492.96592
492.96898
493.02184
493.04242
493.30798
493.40902
493.41124
493.65796
494.02600
494.05000
494.06716
494.32720
494.47444
494.74294
494.75686
494.79610
494.92468
495.45394
495.45862
495.75790
495.83290
495.89116
496.31824
496.92928
496.94218
496.96522
497.02252
497.03956
497.07652
497.08030
497.19088
497.27896
497.59090
497.78668
497.82736
498.05740
498.20842
498.22744
498.24964
498.26668
498.45898
498.46918
498.52300
498.54856
498.57028
499.32280
499.83070
499.87384
500.08078
500.10580
500.59690
500.60422
500.63308
501.34546
501.44032
501.99976
502.01908
502.02196
502.02358
502.03660
502.03900
503.12560
503.13256
503.50522
503.51578
503.75368
504.08980
504.17302
504.75226
504.75874
504.79174
505.20280
505.22938
505.68928
506.10910
506.13424
506.28148
506.42248
506.54002
506.55952
506.87248
507.03544
507.04954
507.07246
507.28480
507.29566
507.30154
507.35572
507.41434
507.43096
507.44224
507.46780
507.73876
507.79894
507.80758
507.83854
507.99046
508.00156
508.44232
508.47352
508.55518
508.57828
508.75360
508.77808
509.32168
509.37544
509.37808
509.45494
509.54452
510.10684
510.11440
510.70468
511.05652
511.07374
511.13998
511.15444
511.67500
511.73482
511.73788
512.07088
512.08762
512.08918
512.11996
513.06490
513.79030
513.83932
514.20634
514.49746
514.50712
514.91326
515.08660
515.49460
515.52622
515.53954
516.14356
516.19270
516.41980
516.71956
516.84556
516.86848
517.36744
517.37476
517.41178
517.80172
517.81510
517.84618
517.88488
518.09290
518.11078
518.24482
518.25280
518.32444
518.40238
518.47888
518.60572
519.01906
519.21460
519.21826
519.23866
519.47098
519.48070
519.48340
519.50326
519.51352
519.60250
519.83464
519.85252
519.85840
520.06900
520.20226
520.51432
521.11126
521.14546
521.15890
521.82394
522.34030
522.37084
522.98026
522.99664
523.56844
523.72384
523.73146
524.05168
524.06458
524.07232
525.11092
525.11446
525.11818
525.12538
525.12886
525.26116
526.02382
526.03786
526.04248
526.28038
526.71790
526.89448
526.92022
527.25478
528.01258
528.04462
528.07192
528.20506
528.35086
528.50752
528.51238
528.85750
529.16926
529.19986
529.24696
529.26340
529.28200
529.28410
529.47250
529.49980
529.51732
529.75060
529.76104
529.79074
529.79308
529.80136
529.95466
530.46958
530.54212
530.56708
530.88760
531.13360
531.21520
531.31570
531.32098
531.35962
531.37462
531.41680
531.65218
531.66682
531.67612
531.68356
531.69670
531.70384
531.73378
532.45516
532.69978
532.74904
532.79692
532.83304
532.93300
533.18302
533.49952
533.53012
533.79670
533.89504
533.92288
533.92864
533.93812
534.04954
534.39664
534.39928
534.41602
534.42988
534.53278
534.56602
534.64204
534.64744
534.67210
534.67990
534.69928
534.76312
534.83272
534.91600
535.06312
535.20076
535.21210
535.22374
535.23916
535.54924
536.03248
537.06724
537.08224
537.08836
537.25228
537.26548
537.27958
537.96466
538.70536
539.52460
539.53558
539.54422
539.57266
539.71762
539.72104
539.72272
539.86492
539.98354
540.06964
540.07756
540.08008
540.11374
540.29476
540.92674
541.02082
541.03678
541.04710
541.27078
541.29814
541.34452
541.41028
541.55320
541.66978
541.74790
542.52388
542.58088
542.87434
542.88112
542.88652
543.59884
543.60346
543.61000
543.62308
543.63832
544.14238
544.44988
544.45684
544.46356
544.93282
545.31328
545.31484
545.33548
545.46334
545.70460
545.73934
546.09298
546.85408
546.86584
546.88150
546.89632
546.95860
546.96844
547.24234
547.27150
547.69162
547.69606
547.70500
548.62840
548.69458
548.87902
549.08908
549.10756
549.26224
549.63604
549.69286
549.89548
549.92950
550.17874
550.20526
550.24546
550.34548
550.37854
550.47604
550.52536
551.00158
551.03464
551.05300
551.25916
551.42146
552.40294
552.41080
552.43888
552.89704
553.12042
553.12372
553.13338
553.14496
553.48276
553.79446
554.02504
554.07370
554.08972
554.12788
554.21116
554.31118
554.39158
554.50828
554.64442
554.71114
554.79442
554.83714
555.06088
555.07480
555.08260
555.31090
555.32764
555.41092
555.87766
555.99442
556.05076
556.05340
556.17382
556.57738
556.58404
556.58890
556.60078
556.60336
556.91086
556.92838
557.08216
557.16064
557.55100
557.72320
557.72788
557.76064
557.96062
558.22426
558.27094
558.27346
558.92470
559.67920
559.68142
559.72576
559.94896
559.96450
559.98220
560.24356
560.30458
560.35462
560.37808
560.52682
560.67682
561.21166
561.26008
561.35560
561.46006
561.49528
561.51388
561.72760
561.74632
561.74830
561.84328
561.91150
561.94330
562.14580
562.49014
562.74694
562.76170
563.17912
563.26360
563.27050
563.27236
563.43532
563.52652
563.69302
563.69608
563.70952
564.29302
564.30664
564.75100
564.75274
565.40950
565.57780
565.58386
565.61380
565.63624
566.15662
566.16538
566.20390
566.39272
566.39422
566.40220
566.48668
567.27622
567.28624
567.28954
567.31588
567.32788
567.35194
567.86956
567.94246
568.21324
568.84474
568.85992
568.86772
569.19244
569.24218
569.37568
570.25498
570.26146
570.28840
570.29830
570.32542
570.63808
570.64084
570.67540
570.95866
571.48048
571.69570
571.72786
571.76038
571.79188
572.23576
572.24362
572.44804
572.52514
572.69188
572.72344
572.72512
573.16030
573.19156
573.45544
573.59158
573.73876
573.75958
573.76114
573.78874
573.80548
573.90544
573.90814
573.99160
574.00546
574.08874
574.13872
574.18870
574.20808
574.28872
574.32484
574.33870
574.37200
574.45810
574.49158
574.50808
574.52200
574.55806
574.58866
574.61758
574.62412
574.62760
574.75804
574.77196
574.87366
574.97482
575.05522
575.05804
575.10808
575.13946
575.15410
575.25808
575.30518
575.45518
575.54134
575.55520
575.56606
575.73844
575.92168
575.95780
576.05782
576.07456
576.14128
576.28096
576.29386
576.30670
577.55752
577.59256
577.60252
577.62352
577.64746
577.65130
578.16970
578.64736
579.30754
579.63436
579.63688
579.64150
579.90748
580.07404
580.07560
580.07920
580.08718
580.12726
580.13008
580.58476
580.87396
580.88728
580.90720
580.91488
580.92268
580.92610
581.32558
581.35048
581.67676
581.71360
581.97370
582.16762
582.41860
582.42592
582.44554
582.46732
582.68554
582.69646
582.71596
582.74020
582.81802
582.92890
582.96358
583.03978
583.10710
583.19044
583.37212
583.38004
583.45768
583.50844
583.53148
583.59016
583.85554
583.89022
583.89508
583.91866
583.94914
584.00692
584.21206
584.23654
584.63584
584.66602
584.71198
584.76844
585.35122
585.36790
585.38542
586.16464
586.18090
586.19020
586.19350
586.20292
586.21252
586.45912
586.94938
586.96822
586.97392
586.98352
587.15638
587.29624
587.53702
587.54908
587.78962
588.17008
588.60634
589.07284
589.26940
589.71244
589.75606
589.94416
589.94710
589.95706
589.99762
590.08552
590.57572
590.89546
590.92042
590.92870
590.95312
591.00910
591.33526
591.33904
591.34054
591.34444
591.38020
592.50784
592.58902
592.63900
592.85578
592.90858
592.93906
592.98904
593.28904
593.58028
593.59564
593.67226
593.83276
593.87752
593.99410
594.00442
594.15544
594.17224
594.48298
594.68608
594.71566
594.76072
594.79018
594.86068
594.97222
595.13896
595.21528
595.37116
595.48876
595.55542
595.59154
595.86586
595.88224
596.30548
596.47588
596.50702
596.51212
596.68870
596.73760
596.75008
597.28870
597.53872
597.67834
597.69964
598.00156
598.25902
598.28470
598.29046
598.51750
598.55548
598.56442
599.09476
599.10544
599.10706
599.12728
599.30542
599.67214
599.77216
599.79790
600.27262
600.95194
600.96598
601.01464
601.77598
601.81486
602.11924
602.76340
602.78458
603.01048
603.53830
603.55972
603.59500
603.69238
603.71176
603.72748
603.77824
603.93574
604.38214
604.44034
604.61614
604.62208
604.63882
604.68574
604.68880
604.92814
605.63410
605.64004
605.65582
606.03880
606.80554
607.06702
607.34932
607.55704
607.57150
607.58386
607.60576
607.61092
607.61884
608.46916
608.51236
608.68030
609.23506
609.24274
609.25894
609.28924
609.46108
609.46912
609.50290
609.52252
609.53920
609.54244
609.54460
609.54802
610.44106
611.30074
611.31802
611.33608
611.50162
611.76670
611.77792
611.84068
612.27268
612.70894
612.71494
612.71668
613.10122
613.13968
613.15618
613.35358
613.92172
613.92346
613.92592
613.94554
614.19844
614.21542
614.25136
614.27812
614.89894
614.91202
615.08962
615.23884
615.26416
615.85282
615.88750
616.12204
616.15330
617.23750
617.24014
617.94010
617.94304
617.94556
617.96062
618.25888
618.51322
618.51586
619.21762
619.22506
619.73548
619.78738
621.02140
621.03532
621.03916
621.04384
621.06364
621.07060
621.34078
621.40948
621.42448
621.43354
621.46018
622.35778
622.35940
622.38490
622.49128
622.60108
622.97266
622.98064
623.00002
623.39038
623.40094
623.43010
623.56720
623.57062
623.57500
623.58304
623.59018
623.64328
624.00400
624.06076
624.06634
624.11698
624.25828
624.32500
624.34174
624.36184
624.50548
624.96826
624.98698
624.99142
625.02550
625.04098
625.23682
625.24606
625.28200
625.28452
625.36486
625.39198
625.47520
625.48450
625.66384
625.66912
625.68394
626.04196
626.43394
626.45008
626.46490
626.72620
627.17110
627.21412
627.22228
627.69760
628.89700
628.90168
628.90942
629.49196
630.03682
630.06766
630.07174
630.08518
630.09388
630.62638
630.64978
630.67384
630.69466
630.70750
630.97636
631.71364
631.72684
631.75714
631.96810
632.04076
632.29438
632.36008
632.92654
633.09976
633.11836
633.14254
633.58822
633.61552
633.95098
634.11058
634.45630
634.50388
634.57732
634.85068
634.86418
634.88056
635.17732
635.51476
635.54530
635.77780
635.80024
635.82160
635.85022
635.86210
635.95744
636.00328
636.16102
636.24454
636.27778
636.46390
636.48778
636.54166
636.55468
636.62404
636.63700
636.68722
636.76126
636.90838
636.95842
637.09450
637.16128
637.17442
637.21126
637.24504
637.34608
637.34902
637.53676
637.57204
637.64188
637.68814
637.70854
637.74604
637.77802
637.80862
637.82542
637.85422
638.01154
638.73856
638.74708
638.77402
639.06538
639.10036
639.10450
639.12406
639.71596
639.72148
639.75910
639.80914
639.94522
639.98482
640.43506
640.43914
640.61224
641.08306
641.09596
641.10958
641.11630
641.11882
641.46352
641.79184
641.80852
642.21442
642.22372
642.78124
643.22470
643.25398
643.26184
643.74694
643.75336
643.76314
643.77496
643.78168
643.78744
643.84642
644.17990
644.20636
644.22004
644.54524
644.56780
644.59372
644.60944
644.78014
644.78314
644.78866
644.89264
644.89666
645.03040
645.15352
645.23530
645.35614
645.45922
645.48136
645.51772
645.56362
645.98038
646.05634
646.24108
646.69654
646.72612
646.74064
646.75354
646.84342
646.85734
647.39056
647.67226
647.84782
648.39808
648.96166
648.98590
649.02430
649.42798
649.66528
649.96288
650.27530
650.29498
650.31556
651.14926
651.16228
651.17134
651.18970
651.56824
651.79954
651.97810
652.00354
652.25992
652.28302
652.30492
653.00872
653.03290
653.03584
653.58376
653.59432
653.61220
653.61646
653.62426
653.76724
653.78806
653.83372
654.45406
654.46918
654.47674
654.48142
654.77968
654.81748
654.95608
655.10098
655.45348
655.45996
655.47310
655.50904
655.52986
655.54504
655.56280
655.58854
655.62436
655.68442
655.70104
655.72120
655.78444
655.80118
655.83448
655.86400
655.86796
655.96510
655.98184
656.03470
656.35066
656.35786
656.45146
656.47924
656.66818
656.68492
656.78206
656.90170
656.98222
656.99212
657.00970
657.06826
657.28516
657.40192
657.43096
657.45712
657.48568
657.50194
657.55192
657.56866
657.59908
657.65194
657.66868
657.91870
657.96094
657.97306
657.98824
657.99928
658.15216
658.18540
658.26604
658.41262
658.53280
658.54954
658.58278
658.65238
659.19490
659.21896
659.69998
659.87632
659.88016
659.89564
660.13510
660.16540
660.18226
660.61990
660.69712
660.71212
660.72064
660.74488
661.18402
661.19590
661.19872
661.22290
661.25536
661.26238
661.26742
661.28290
661.28560
661.28764
661.36612
661.39588
661.82908
662.08078
662.09326
662.61436
662.63344
662.67418
663.05560
663.05788
663.07696
663.12910
663.48058
664.19086
664.22566
664.23202
664.24756
664.65412
665.08858
665.10112
665.51218
665.51968
665.52208
665.53876
665.54062
665.55094
665.91778
665.92228
665.93404
665.97226
666.85726
666.87580
667.10866
667.11292
667.30258
667.30678
667.36972
667.56238
667.85110
668.02036
668.02432
668.07844
668.15674
668.16664
668.23102
668.25274
668.40340
668.40670
668.59942
668.63500
668.99632
669.05698
669.12988
669.24664
669.31336
669.36988
669.38476
669.47728
669.98458
669.98740
670.00930
670.01620
670.01956
670.02712
670.04356
670.12288
670.34074
670.37422
670.40944
670.47730
670.49218
670.63108
670.67626
671.66224
672.16120
672.16900
672.18766
672.89170
672.89956
672.90682
672.91228
673.42900
673.44490
673.45498
673.46380
673.90990
673.91230
673.95892
674.35864
675.39520
675.40546
675.43354
675.67252
676.17520
676.74922
676.77190
676.78744
677.08582
677.09608
677.10358
677.14570
677.54308
677.62372
677.83936
677.96008
677.98738
678.11008
678.15412
678.16378
678.25288
678.39598
678.39946
678.51010
678.55726
678.61006
678.61360
678.62680
678.67684
678.74338
678.76006
678.97684
679.02682
679.12678
679.18120
679.19356
679.55752
679.57708
679.58338
679.60048
679.60672
679.89994
679.94380
680.15788
680.36506
680.37850
680.38720
680.84398
680.86078
680.95456
680.96578
680.97316
681.00658
681.11080
681.17656
681.55636
682.39912
682.74448
682.75066
683.19598
683.19826
683.21548
683.39500
683.79502
683.82826
684.24928
684.62848
684.96250
684.96496
685.61326
685.62994
685.64878
685.65832
685.69546
686.17894
686.18434
686.52154
686.52784
686.53672
686.53936
686.58016
686.73844
686.75560
686.77342
687.07918
687.57478
687.60904
687.61366
687.62782
687.91060
687.91870
687.93460
687.93916
688.35382
688.44616
688.65280
688.69642
688.97776
688.97962
689.01928
689.03218
689.06422
689.15512
689.16292
689.17288
689.37268
689.38864
689.51848
689.87356
689.87596
690.09556
690.11950
690.24934
690.26326
690.30442
690.37726
690.49864
691.46842
691.89856
692.24962
692.25928
692.53390
692.54242
693.00892
693.30058
693.31402
693.32476
693.49756
693.50524
693.51532
693.53086
693.54628
694.62430
694.64332
694.70296
695.21668
695.23498
695.54782
695.61088
696.09802
696.27406
696.29428
696.29986
696.75700
696.76012
696.76216
696.77890
696.89824
697.41214
698.13070
698.13688
698.13976
698.15896
698.16670
698.48794
698.50210
698.52424
698.53978
698.54566
699.02842
699.47902
699.49948
699.54742
699.86548
699.87064
700.01548
700.60942
700.62520
700.63834
700.67518
700.78222
700.92814
700.94614
701.18242
701.37556
701.58856
701.89072
701.89462
701.89708
701.90308
701.91946
701.95108
702.04522
702.06304
702.07558
702.09634
702.11194
702.38446
702.38638
702.56302
702.57364
702.62752
702.74938
702.97078
702.98908
703.07260
703.25392
703.67254
704.34676
704.52736
704.55838
705.03442
705.03634
705.34960
705.41638
705.76666
706.39990
706.40386
706.41706
706.43176
706.43458
706.45048
706.96660
706.98046
706.98334
707.08336
707.14612
707.99980
708.41410
708.56680
708.91072
708.91828
708.94228
709.26424
709.73380
709.93708
710.32006
710.37778
710.38528
710.39944
710.42986
710.64892
710.65078
710.66614
710.98534
711.05266
711.06640
711.08548
711.11494
711.25204
711.26206
711.63430
712.11004
712.43530
712.51642
712.54204
712.62868
713.02306
713.03452
713.40886
713.41882
713.44582
713.46148
714.37438
714.47596
714.73738
714.80146
715.36168
715.38340
715.51402
715.52032
715.73794
715.77148
715.78774
715.79368
716.37982
716.88130
716.88490
716.89060
716.92198
716.92432
716.93038
716.93590
717.15298
717.19108
717.20806
717.23230
717.62092
717.63130
718.19788
718.21678
718.22716
718.61116
718.65286
719.21644
719.22244
719.33098
720.18646
720.21862
720.63154
720.64756
720.89638
720.93196
720.95314
721.32064
721.60210
721.62574
721.63732
721.64152
721.66204
721.69924
721.75210
721.88968
722.07184
722.08882
722.29438
722.29600
722.30380
722.34724
722.51512
722.83054
722.84602
722.87002
722.88424
722.89168
722.99944
723.01534
723.02152
723.04174
723.12496
723.12658
723.23554
723.40174
723.53224
723.59806
723.61102
724.09966
724.65226
724.88932
724.90642
725.34118
725.71798
726.21400
726.23674
726.24268
726.90448
727.15300
727.29904
727.33312
727.74886
727.78042
728.93650
729.32140
729.33646
729.35668
729.44956
729.49156
730.32022
731.00560
731.01580
731.06290
731.32042
731.34826
731.37460
732.38272
732.39094
732.40108
732.43504
732.61618
732.61804
732.63040
732.65128
732.76450
732.76696
732.79150
732.79714
732.88132
732.89146
732.92866
733.08766
733.21942
733.22524
733.22728
733.30054
733.54132
733.65514
733.89040
733.91416
734.04136
734.05306
734.09710
734.28676
734.29966
734.66920
734.67658
734.82652
734.85196
734.98810
735.02614
736.09636
736.09912
736.10404
736.11556
736.14808
736.14982
736.88518
736.89136
737.13982
737.42404
737.44870
737.45662
737.48788
738.12844
738.18106
738.20452
738.21196
738.55774
738.56884
738.59320
738.97894
739.01194
739.02178
739.29802
739.33804
739.34992
739.35298
739.39450
739.58956
740.15632
740.15926
740.92942
740.94916
740.95414
740.96314
740.99368
741.61180
741.66340
741.66958
741.72520
742.22884
742.25194
742.25854
742.26496
742.58380
742.58890
742.64050
742.65700
743.00902
743.02558
743.03008
743.05300
743.06596
743.07376
743.16784
743.17054
743.19814
743.21332
744.17590
744.18370
744.64096
744.68908
744.70366
744.71692
745.07026
745.70470
745.71016
745.90930
745.93444
745.94008
745.95922
746.41198
746.43004
746.75476
747.70840
747.71644
747.76072
747.95086
747.96028
747.97024
747.97732
748.23904
748.26814
748.28926
748.35682
748.72198
748.73818
750.46786
750.47296
750.47842
750.86908
750.94588
751.14280
751.15060
751.17316
751.21552
751.78786
751.79020
751.79284
752.19490
752.20558
752.22052
752.65564
752.65852
752.66140
752.66350
752.67298
752.68660
752.69584
753.30478
753.31390
753.33244
753.34306
753.47878
753.50902
753.89944
753.91522
753.92920
754.00558
754.14994
754.16794
754.17244
754.19278
754.20472
754.43344
754.46518
754.48852
754.71028
754.86376
755.00908
755.02420
755.03290
755.19310
755.38780
755.40148
755.42344
755.46538
755.59354
755.88394
755.97700
756.06052
756.12700
756.13108
756.36052
756.38782
756.40870
756.43822
756.46246
757.19398
757.22338
757.22512
757.23334
757.46260
757.47586
757.48390
757.91074
758.22364
758.49424
759.04420
759.11332
759.14392
759.30064
759.63778
759.66604
759.68620
759.84568
759.89446
759.97768
760.39444
760.42396
760.45936
760.46896
760.47868
760.64182
760.79446
760.84678
760.88596
761.42788
761.42974
761.43850
761.85748
761.88670
762.04390
762.05158
762.05440
762.36754
762.60316
762.63688
763.16734
764.04490
764.09794
764.22226
764.43880
764.44912
765.26482
765.35782
765.37060
765.70540
765.71824
766.02244
766.06822
766.07860
766.12570
766.14508
766.61536
766.63894
766.64506
766.66438
766.68838
766.69774
766.70020
766.71340
766.79098
767.00176
767.11828
767.15074
767.16256
767.27854
767.30380
767.72884
767.79724
767.80120
767.96980
768.00046
768.04786
768.07390
768.08062
768.08518
768.09154
768.11866
768.15046
768.18658
768.44518
768.50140
768.68518
768.79288
769.32484
769.62880
769.81282
769.85596
770.19760
770.21680
770.23438
771.14578
771.26200
771.26356
771.31246
771.35962
771.61510
771.61768
771.75964
771.86248
771.87928
771.90238
772.22638
772.42636
772.52638
772.72510
772.73254
772.97920
773.17390
773.85700
773.86546
773.88334
773.91268
773.92654
774.01270
774.69994
774.70258
774.91522
775.06270
775.12660
775.16008
775.17394
775.18300
775.18744
775.19620
775.51006
775.55716
775.62784
775.63960
775.69330
775.79620
775.94332
775.96810
776.00674
776.01274
776.01886
776.06002
776.06290
776.06812
776.09062
776.11270
776.16292
776.26270
776.29036
776.31184
776.47966
776.56006
776.76004
776.76292
776.79256
776.96290
776.98762
777.01294
777.16006
777.22678
777.23038
777.24898
777.25126
777.26290
777.27136
777.28186
777.32962
777.35308
777.42946
777.45736
777.52066
777.89350
778.13218
778.14352
778.32964
778.37962
778.39636
778.54636
778.62964
778.67962
778.72960
778.77964
778.79350
778.92964
778.94638
778.97962
779.22964
779.31022
779.35498
779.36950
779.39350
779.55670
779.56828
779.66026
779.91310
780.21022
780.36022
780.40684
780.59350
780.59638
780.64636
781.11334
781.14274
781.39288
781.59916
782.01304
782.22982
782.28502
782.50444
782.53150
782.88238
782.97586
783.00190
783.53002
783.54586
783.56704
783.79312
783.79546
783.80668
783.81034
783.81520
784.30438
784.30672
784.31842
784.33504
785.16328
785.18254
785.18998
785.37256
785.38300
785.41330
785.71846
785.72224
785.73616
786.10288
786.13324
786.32998
786.52450
786.54328
786.64306
786.65452
786.76990
786.79276
786.94672
787.10296
787.11598
787.21354
787.24540
787.49242
787.54654
787.71346
787.72474
787.78000
787.78372
787.82644
787.89274
787.90624
787.92640
787.93024
788.11348
788.13094
788.13322
788.24566
788.40958
788.47240
788.49124
788.51080
788.52490
788.53558
788.59672
788.61370
788.84560
788.88760
788.91352
789.09802
789.93220
789.95308
789.98398
790.54696
791.31370
791.51104
791.53312
791.55796
791.69098
791.69278
791.73040
791.77750
791.96488
791.99266
792.52492
793.11820
793.12390
793.63060
793.97380
794.01928
794.36128
794.39734
794.41882
794.44342
794.45344
794.83462
794.84266
795.45850
795.47212
795.52408
795.69760
796.10746
796.11046
796.40086
796.50826
796.58086
796.58422
796.62382
796.72336
796.74034
796.85164
796.93624
796.97074
797.31586
797.32354
797.44252
797.47384
797.51962
797.68108
797.69686
797.70340
797.71162
797.79304
797.84122
797.86060
797.93800
797.94358
798.49804
798.51082
798.51340
798.92866
799.28626
799.31170
799.84414
800.29252
800.56684
801.07114
801.09334
801.10750
801.10930
801.45652
801.47332
801.91498
801.95860
801.97492
802.55176
802.94560
802.99564
803.06398
803.75818
803.77594
803.79484
803.93062
804.09868
804.19870
804.82810
804.86098
805.17730
805.21570
805.86184
805.87606
805.90696
805.94680
806.36566
806.38240
806.43394
806.46142
806.46844
806.51302
806.52046
806.54452
806.56120
806.59630
806.69494
806.75698
806.79916
806.85214
806.85508
807.15688
807.35800
807.36502
807.49810
807.75256
807.79648
808.03264
808.04962
808.47568
808.50916
808.61200
808.61566
808.62718
808.96426
808.99960
809.05480
809.24962
809.47756
809.50204
809.51350
809.71636
809.80624
810.18922
810.19540
810.20908
810.28312
810.61372
811.19026
811.19614
811.21660
811.57834
811.58632
811.59718
811.71520
811.83550
812.08330
812.40904
812.42074
812.85886
812.89228
812.89876
813.04000
813.13870
813.14584
813.16306
813.16678
813.20254
813.41308
813.41806
813.81928
814.04902
814.06144
814.06828
814.44484
814.45612
814.47742
814.95454
815.26978
815.51326
816.13138
816.13744
816.50950
817.06174
817.06798
817.10254
817.27960
817.30150
817.32826
817.39834
817.52800
817.57540
817.72918
817.74454
817.75786
817.76926
817.99678
818.00074
818.18422
818.21122
818.26750
818.70250
818.99368
819.01480
819.19726
819.21484
819.78442
819.80368
819.93442
819.99742
820.00120
820.03660
820.42204
821.23708
821.26066
821.28178
821.63026
821.66428
822.01816
822.36304
822.37312
823.27480
823.28410
823.73512
823.75948
823.76674
823.86460
824.08510
824.61310
824.63422
825.17134
825.17344
825.41542
825.95098
825.96706
826.38700
826.39924
826.40074
827.11882
827.19832
827.26882
827.53738
827.91592
827.97124
827.99452
828.00820
828.23554
828.33190
828.34756
828.57562
828.62206
828.63370
829.08448
829.09828
829.10620
829.34248
829.51618
829.55794
829.70890
829.72054
830.16610
830.19190
830.19616
830.21284
830.59450
830.59888
830.60842
830.61706
831.45838
831.64762
831.64954
831.65506
832.24270
832.80544
833.20828
833.73958
834.06790
834.51868
834.82084
834.82378
834.85726
834.88522
835.07104
835.07992
835.10560
835.12558
835.13542
835.56868
835.79128
835.80712
835.83136
836.26318
836.28820
836.30320
836.85568
837.34084
837.34816
837.35056
837.38230
837.77716
837.78844
837.81838
837.82504
837.82738
837.83608
838.02130
838.04440
838.48486
838.55458
838.58068
838.68586
838.70158
839.79592
839.87062
839.89384
839.95132
839.99710
840.11734
840.12760
840.16366
840.17752
840.18466
840.26290
840.37636
840.38650
840.42400
840.45316
840.55108
840.63556
840.85108
840.86032
841.05634
841.13434
841.35106
841.36222
841.37188
841.40080
841.58458
841.59190
841.59712
841.63432
841.80028
841.81498
842.03614
842.08126
842.09182
842.09482
842.10082
842.10718
842.35180
842.40016
842.40550
842.43874
843.01600
843.99742
844.02394
844.15690
844.16878
844.17736
844.34710
844.60000
844.75000
844.76284
844.78090
845.45974
845.64022
845.97520
845.99842
846.00280
846.00568
846.27934
846.31180
846.70714
846.73936
846.76486
847.22008
847.22674
847.34920
847.58908
847.61308
847.62694
848.19898
848.21308
848.71036
848.73346
849.11542
849.59866
849.61942
849.73192
849.86158
849.90388
849.91786
850.14496
850.16926
850.17778
850.18858
850.41520
850.63192
850.65160
850.66186
850.66750
850.68364
850.70896
851.12128
851.24506
851.26414
851.45950
851.46382
851.61160
851.64112
851.71516
851.72464
851.83168
851.84740
851.85430
851.86132
851.86588
852.15406
852.20794
852.23164
852.43144
852.54700
852.56686
852.85096
852.85306
852.85474
852.95950
853.72636
853.74334
853.75846
853.76644
854.06512
854.07214
854.78782
854.81146
854.82070
855.50710
855.50896
855.51328
855.98392
856.00270
856.54396
857.65024
858.05206
858.05608
858.09700
858.24658
858.26698
858.31570
858.78328
859.45990
859.47922
859.50310
859.76452
859.79254
859.80670
859.88224
859.96378
860.08300
860.50570
860.51650
860.53396
860.56990
861.06370
861.08770
861.55546
861.56326
861.56986
861.62998
861.96580
861.97006
861.97690
861.99646
862.00000
862.06324
862.31620
862.39648
862.62388
862.72834
862.88920
862.91398
863.65564
863.75182
863.76250
863.78140
863.80360
864.25840
864.28288
864.28504
864.32944
864.41590
864.61318
864.74536
864.94216
864.96184
864.97192
865.58296
865.60540
865.61482
865.94356
866.53504
867.30562
867.31588
867.33034
867.34348
867.37366
867.38260