0.54184
0.58228
0.61858
0.99418
0.99688
1.02148
1.17904
1.18522
2.30626
2.30824
2.31544
2.64574
2.65198
2.98552
2.99464
3.40108
3.52540
3.92788
4.06894
4.25500
4.29874
4.40248
4.40674
4.42252
4.73992
4.74472
4.74736
4.98412
5.00506
5.06800
5.08576
5.27962
5.29714
5.41408
5.46148
5.46568
5.56186
5.74012
5.74936
5.79742
5.80696
5.87188
5.97400
6.09544
6.11902
6.24490
6.27598
6.41914
6.54766
6.67828
6.74248
6.74914
6.81310
6.85246
6.93856
7.13086
7.18612
7.25428
7.37824
7.47352
7.52812
7.93600
8.10154
8.13094
8.14192
8.15278
8.15548
8.17996
8.22238
8.32852
8.33266
8.83900
9.26506
9.88618
10.05190
10.14964
10.16188
10.73032
10.85584
11.34004
11.36200
11.39098
11.55208
11.61868
11.74822
11.96230
11.97916
11.99926
12.24160
12.25366
12.55618
12.69598
12.70210
12.71920
12.93676
13.53850
14.02036
14.40238
14.40670
14.45362
14.63710
14.78620
14.94826
14.96326
15.45388
15.47242
15.47494
15.51598
15.52990
15.87694
15.88846
15.88996
16.18318
16.18618
16.18900
16.37488
16.38748
16.47130
16.63270
16.99180
17.00110
17.23276
17.31214
17.42092
17.55976
17.57050
17.61400
17.61778
17.98270
17.98456
17.99026
18.29740
18.67240
19.26100
19.27126
19.58014
19.62010
19.84972
20.32150
20.32438
20.33056
20.34082
20.42140
20.45272
20.45650
20.49232
20.89066
20.98546
20.99992
21.00136
21.29986
21.31450
21.57964
21.59110
22.20790
22.46584
22.78564
22.79356
23.40550
23.40904
23.41342
23.41924
23.42110
23.42764
23.80558
23.82808
23.87224
23.89156
24.00580
24.06466
24.66646
24.73486
25.14064
25.24900
25.25122
25.25686
25.27966
25.28518
25.30186
25.30594
25.75774
26.11672
26.48962
26.69248
27.08872
27.10774
27.11902
27.14446
27.48478
27.71296
27.72862
28.03996
28.12498
28.22284
28.24912
28.29160
28.31560
28.42354
28.44598
28.63000
29.56366
29.65702
30.19048
30.20290
30.61642
30.62146
30.74650
30.75502
31.17862
31.58302
31.59448
31.94644
32.14108
32.18098
32.37874
32.39122
33.11050
33.18994
33.20650
33.21370
33.46216
33.49570
33.60784
34.30192
34.30900
34.43062
34.69018
35.11726
35.13370
35.15314
35.31268
35.32204
35.34820
35.35060
35.36872
35.49418
35.77486
36.18388
36.50032
36.70228
36.73396
37.04464
37.41454
37.43764
37.64452
38.07478
38.09476
38.53906
38.54752
38.91472
38.92012
38.94466
38.95360
39.00124
39.04600
39.16006
39.16294
39.16522
39.20356
39.26626
39.27538
39.41512
39.51412
39.52684
39.53014
39.55744
39.72676
39.84490
40.04836
40.17508
40.18102
40.20076
40.28440
40.47526
40.48684
40.60528
40.66510
40.66810
40.69804
40.82170
40.98196
40.99504
41.07034
41.10736
41.38480
41.53432
41.79088
41.79790
42.17704
42.34822
42.64480
42.65764
42.68404
42.69214
43.09144
43.56490
43.56754
43.59112
43.60546
43.81936
43.83004
44.06764
44.64538
44.68606
44.83540
44.87434
44.94154
45.08710
45.33484
45.34846
45.36160
46.17550
46.46536
46.74826
46.79482
47.07544
47.33884
47.56300
47.63596
48.62230
48.68506
48.71764
48.87172
48.88702
48.94114
49.39474
49.40224
49.55854
49.66456
49.67416
49.68868
49.70764
49.79788
50.50348
50.77948
50.81452
51.68398
51.71014
51.71494
52.09318
52.30834
52.46206
52.52956
52.62490
52.86028
52.88170
53.24428
53.44030
53.87854
53.90422
54.56230
54.58480
54.66694
54.82450
54.89128
55.30672
55.67116
55.80652
56.08348
56.50864
56.52628
56.56816
56.57428
56.74366
57.02854
57.13324
57.36400
57.73630
57.75544
58.85104
58.98274
59.60806
59.80948
60.23740
60.79738
60.79978
60.82210
60.82606
61.38184
61.52332
61.52962
61.59136
61.69126
61.79440
61.96096
62.10028
62.13118
62.43820
62.51788
62.63638
62.70508
62.71024
62.73466
62.83462
62.87734
62.92786
62.93338
63.12556
63.13372
63.16972
63.29776
63.40852
63.61804
63.85114
63.87166
64.32952
64.41040
64.46008
64.47172
64.56292
64.75486
64.96660
64.99072
65.33602
66.04204
66.05092
66.26146
66.27526
66.29452
66.30736
66.94462
67.04188
67.31476
67.41472
68.06008
68.07910
68.11168
68.40280
68.41222
68.45092
68.47234
68.97892
69.30958
69.69094
69.72994
69.95554
70.38106
70.50046
70.51840
70.54192
70.76902
70.99390
71.05546
71.07478
71.83870
72.02200
72.12736
72.16834
72.18130
72.18532
72.34954
72.36190
72.39058
72.46438
72.61852
72.63550
72.65962
72.82678
73.03390
73.12102
73.13254
73.15534
73.17076
73.22848
73.40530
73.52074
73.53868
73.66720
73.79836
73.85308
73.85950
73.89778
74.03104
74.25022
74.25670
74.28748
74.30044
74.57806
74.58118
75.20788
75.44104
75.98578
75.99466
76.00780
76.02814
76.41178
76.75204
76.80004
77.35912
77.38090
78.00778
78.09850
78.10960
78.12430
78.14098
78.14386
78.14890
78.48820
78.90478
78.96496
79.31374
79.91164
79.92328
79.93138
80.04082
80.04934
80.66416
81.23488
81.34702
81.44038
81.44716
81.60646
81.61378
81.64084
81.66382
82.21162
82.97026
83.05744
83.17666
83.25238
83.26132
83.35756
83.73202
84.05884
84.06538
84.18652
87.36856
87.44530
87.76576
88.69780
89.11318
89.12464
89.58232
89.81962
90.23092
90.44554
90.46774
91.01506
91.52086
91.68052
91.68508
91.68898
91.69588
92.04364
92.24512
92.80126
92.83786
92.91496
92.92018
92.93554
92.95090
92.96518
92.98138
92.99686
93.00064
93.15568
93.51064
93.51550
93.52768
93.53152
93.54190
93.55834
93.83068
93.89578
94.08184
94.08808
94.19320
94.20802
94.34056
94.39210
94.45246
94.45870
94.47142
94.49818
94.56646
94.77142
94.83304
94.96270
95.15482
95.24290
95.25112
95.48938
95.58616
95.74354
95.75290
95.90116
96.03196
96.31156
96.36952
96.40888
97.10620
97.12570
97.16398
97.20724
97.68238
97.69240
97.80646
98.14414
98.26900
98.27758
98.40916
98.57314
98.89924
99.46324
99.50362
99.50932
99.53734
99.59008
99.89896
99.96826
100.37620
100.39006
101.00080
101.34046
101.34700
101.40694
101.94046
102.61990
102.62368
102.63448
102.65218
102.65632
102.98278
103.14454
103.16614
103.20724
103.80226
103.80874
103.82536
103.87108
104.04448
104.35732
104.44624
104.61238
104.65852
104.66008
104.69752
104.74954
104.75236
104.84332
104.86018
104.86366
104.90128
104.95732
105.09718
105.09964
105.10738
105.18298
105.24352
105.26902
105.65740
105.76198
105.77404
106.10752
106.15750
106.27546
106.45468
106.47142
106.56022
106.94116
106.94380
106.94542
106.96918
107.01724
107.39488
107.43328
107.44486
107.53084
107.59990
107.96038
108.73126
108.75772
108.76414
109.26046
109.26946
109.35172
109.36678
109.79794
109.97176
110.14522
110.51446
110.51704
110.52388
110.54506
110.59690
111.12748
111.13126
111.30436
111.72742
111.84694
111.85366
111.86488
111.88078
112.19032
112.35484
112.50436
112.94110
113.03062
113.65228
114.05170
114.60190
114.81484
115.45366
115.46494
115.50484
115.68382
116.06254
116.10226
116.19430
116.38534
116.44450
116.44852
116.45536
116.52016
116.62858
116.64346
116.72392
116.76112
116.93476
117.05746
117.12100
117.13138
117.27184
117.28426
117.42508
117.60736
117.68566
117.80110
117.86758
117.88678
117.91522
118.11148
118.56226
118.99198
119.14198
119.14822
119.50234
120.07780
120.09094
120.86824
121.06558
121.06744
121.06942
121.43608
121.49884
121.84222
121.85392
121.86304
121.86760
121.89238
121.89640
122.72092
123.15904
123.23476
123.25006
123.27076
123.53524
123.55792
123.77080
123.82144
123.94882
124.06354
124.10404
124.12072
124.15222
124.55890
124.85422
125.02552
125.09842
125.10412
125.16202
125.32222
125.34016
125.35594
125.90806
125.96038
126.52582
126.55006
126.56554
126.62734
126.63004
127.06870
127.10806
127.16854
127.17112
127.21606
127.25464
127.26586
127.34914
127.36180
127.38478
127.62730
127.74316
127.85326
128.00926
128.12098
128.19268
128.30188
128.30422
128.36200
128.53168
128.55214
128.62582
128.65918
128.70814
128.80816
128.82082
128.83960
128.99824
129.07450
129.12298
129.12862
129.22864
129.32872
129.50146
129.50932
130.23370
130.23772
130.34656
130.91482
130.91980
130.92448
130.94626
130.98490
132.09250
132.13606
132.14428
132.47344
132.61612
132.65182
132.84262
133.13746
133.18762
133.34422
133.34938
133.58482
133.88236
133.97548
133.98136
133.98760
134.04376
134.04904
134.55916
134.59894
134.60188
134.69308
134.71690
134.73928
134.77882
135.12472
135.12880
135.21202
135.31570
135.32956
135.33748
135.86548
136.45012
136.45546
136.45804
136.47118
136.62586
137.04106
137.04550
137.05804
137.07592
138.10648
138.11476
138.20446
138.22456
138.24838
138.30796
138.36886
138.39238
138.44254
138.55282
138.55810
138.62428
138.79900
139.04602
139.05562
139.12468
139.16050
139.29544
139.35640
139.35790
139.61812
139.71814
139.79122
139.84516
139.85140
139.89124
139.90318
139.90600
140.02834
140.04640
140.80402
140.89738
140.91310
141.56560
141.74992
142.24888
142.38892
142.46488
143.12116
143.12500
143.13154
143.15116
143.18542
143.23462
143.34214
144.50518
145.16746
145.26514
145.71862
145.72228
145.73572
146.13202
146.32918
146.33446
146.35150
146.44204
146.88694
147.41566
148.17244
148.45750
148.50208
148.61800
148.62934
149.06134
149.08024
149.11912
149.14216
149.21542
149.26756
149.31796
149.58136
149.77696
149.83762
149.88160
149.95390
150.05134
150.34660
150.35128
150.47800
150.52810
150.61156
150.77800
150.97042
151.13434
151.69606
151.76512
151.93528
151.98916
152.07046
152.07928
152.51140
153.76504
153.77380
153.77560
153.77818
153.79648
154.35886
155.56162
155.98438
156.21160
156.58480
156.62452
156.79846
156.83530
159.65776
159.66304
159.68152
159.88108
159.89692
160.11166
160.57594
160.65142
160.76044
160.83502
160.88620
160.91962
160.98724
161.18926
161.28490
161.31562
161.56048
161.58616
161.70886
161.76970
161.77570
161.77960
161.86810
161.87086
161.96788
162.00892
162.07582
162.18640
162.32224
162.40402
162.54148
162.55402
162.62554
162.63472
162.65902
162.73930
162.81274
162.99874
163.07572
163.22836
163.25578
163.31368
163.32058
163.35034
163.50652
163.51960
163.52584
164.19904
164.35132
164.73472
164.85550
164.85904
164.97076
165.01486
165.40894
165.54610
165.97966
166.08166
166.27576
166.67848
166.78492
166.79512
166.83460
166.85128
166.92130
167.14690
167.25784
167.31784
167.49232
167.82808
168.07150
168.71182
168.88000
168.92542
169.17220
169.20898
169.27912
169.59226
169.92058
170.16166
170.49226
170.57842
170.62054
170.97544
171.05218
171.22054
171.22438
171.40642
171.54208
171.96778
172.23994
172.38586
172.45384
172.75882
173.10880
173.14666
173.67424
173.68450
173.75638
173.75866
174.05380
174.07438
174.07822
174.23608
174.31846
174.33088
174.42544
174.50524
175.01770
175.03594
175.33858
175.43488
175.50370
175.89196
176.04580
176.14840
176.17426
176.46148
176.64490
176.65132
176.71144
176.93428
176.95084
177.03700
177.12052
177.14206
177.31756
177.32302
177.95992
177.96772
178.00102
178.03588
178.08184
178.09438
178.13158
178.56520
178.56760
178.59874
178.98868
179.16160
179.73682
179.74084
179.81716
180.00556
180.01498
180.03190
180.04864
180.60844
180.64570
180.85816
180.90844
180.96112
181.07794
181.08562
181.09846
181.11136
181.12786
181.15840
181.40842
181.79170
182.09446
182.12950
182.37982
182.39050
182.45542
182.46292
182.94064
183.00226
183.05350
183.06298
183.06514
183.15328
183.15730
183.17020
183.22012
183.27946
183.29452
183.66808
183.67012
183.76114
183.84160
184.10626
184.41796
184.51330
184.51738
184.54432
184.61260
184.69354
184.79176
184.79824
184.99450
185.11480
185.13400
185.14816
185.21824
185.31334
187.41478
187.43404
187.67512
187.69366
187.81726
188.03860
188.33404
188.35402
188.54326
188.55838
188.57776
188.70406
188.81482
188.83426
188.83696
188.84728
189.28384
189.29602
189.30064
189.31318
189.35506
189.35656
189.95830
190.52794
190.80346
190.99174
191.07460
191.14060
191.55616
191.55838
191.62780
191.70376
191.73172
192.31744
192.74878
192.77158
192.90064
192.91000
193.00354
193.00858
193.05076
193.10566
193.17088
193.35076
193.35850
193.41892
193.42246
193.52290
193.52500
193.60342
193.64614
193.65472
193.84336
193.85092
193.93354
193.93564
193.95520
193.96024
194.10058
194.14714
194.33866
194.63866
194.82388
194.83186
194.84182
194.96116
195.53110
196.15078
196.19434
196.27492
196.49584
196.50316
196.78396
196.95328
196.98658
197.64802
198.01096
198.68644
198.71494
199.24288
199.24594
199.30306
199.36582
199.60792
199.68430
199.92724
199.93918
200.56834
201.81910
202.35448
202.42300
202.54054
202.86034
202.93468
202.94728
203.84974
203.86468
204.05992
204.08548
204.09730
204.17152
204.17392
204.18052
204.23950
204.34318
204.36874
204.48004
204.48274
204.84682
204.94468
205.04926
205.08268
205.10830
205.20418
205.23268
205.73218
205.96870
206.01562
206.19286
206.28868
210.60184
210.66814
210.84142
211.05532
211.22872
211.23622
211.40524
211.40680
211.44130
211.86730
211.87930
211.95388
212.13526
212.28706
212.29726
212.30164
212.66650
212.79700
212.94250
212.96008
212.96422
212.97604
212.98306
213.23032
213.23320
213.23992
213.24184
213.24682
213.35452
213.68674
213.83116
213.84550
213.86452
214.41598
214.44658
214.46320
214.46698
214.86388
214.91446
214.91746
214.92514
215.38984
215.59030
215.59642
215.60668
216.02320
216.07036
216.16696
216.30634
216.55390
216.64966
216.98572
217.15246
217.38562
217.73548
217.79824
217.81600
217.83370
218.01640
218.13658
218.70982
218.81494
219.30172
219.38776
219.49498
219.84160
220.10950
220.12804
220.25134
220.46308
220.46824
220.48258
220.76158
221.01574
221.31388
221.40214
221.40868
221.56876
221.62768
221.73538
221.88808
221.91364
222.06574
222.13216
222.14164
222.14410
222.75166
222.75484
222.88378
223.59088
223.61038
223.70404
223.71034
223.88458
223.93360
224.05834
224.70988
224.71756
224.73430
225.05086
225.38434
225.68284
225.70066
226.26136
226.69270
226.98634
226.98964
226.99420
227.03356
227.07238
227.15458
227.20306
227.29798
227.31964
227.38780
227.49730
227.56072
227.57344
227.57734
227.77624
227.79238
227.88220
227.97886
227.98342
228.06328
228.10366
228.24262
228.55276
228.57298
228.66034
228.66298
228.70156
228.83566
229.25854
229.26136
229.26904
229.36156
229.39960
229.44592
229.44838
229.45120
229.52536
229.55344
229.63414
229.65220
229.74454
230.22616
230.28850
230.93248
231.26836
231.55168
232.09384
232.22206
232.22602
232.24294
232.26046
232.69372
232.72204
232.85134
233.07226
233.10040
233.34358
233.44084
233.45764
233.47198
233.88178
233.95516
234.26386
234.60100
235.12264
235.12852
235.13158
235.74340
235.75870
235.79710
236.38408
236.42116
236.51062
236.51344
236.58802
236.67118
236.69806
236.70976
236.88136
237.34660
237.35044
237.49006
237.49462
237.50758
237.52366
237.79024
238.10668
238.59670
238.85032
238.85404
238.86400
238.98076
239.15644
239.48086
239.54404
239.62954
240.09880
240.13714
240.48064
240.49996
240.50176
240.52564
241.33576
241.34848
241.38226
242.24578
242.51218
242.52292
242.52532
242.53924
242.55670
242.84572
243.10102
243.11224
244.05844
244.14676
244.38934
244.91842
244.93396
244.97308
245.54674
245.65564
245.67412
246.16252
246.18520
246.19546
246.73270
246.74152
246.75946
246.78142
246.89986
246.94936
247.52326
247.54846
247.57210
247.88158
248.11600
248.28394
248.38462
248.45998
248.46346
248.93566
248.94202
249.03652
249.14950
249.23896
249.30550
249.52996
249.60970
250.02994
250.07224
250.11304
250.12378
250.13902
250.65538
250.65712
250.67878
250.68670
251.20600
251.22886
251.24062
251.25820
251.52874
251.93848
251.94940
252.30718
252.41608
252.58774
252.69364
252.69928
252.71092
252.82216
253.12420
253.12996
253.15678
253.27018
253.40320
254.38000
254.48914
254.50060
254.54938
254.55364
254.91340
254.99680
255.69574
255.70066
255.76636
255.78814
256.19842
256.21012
256.65880
256.66630
256.94848
256.97626
257.22514
257.23678
257.41366
257.45998
257.47708
257.60122
257.60758
258.06352
258.08998
258.11752
258.57922
258.61294
258.63910
259.07056
259.13590
259.31878
259.32580
259.45150
259.58854
259.62028
259.63480
259.69612
260.00356
260.16070
260.20642
260.33320
260.48362
260.49406
260.50390
260.98198
260.98738
261.00388
261.36400
261.55030
261.61282
261.61870
261.86404
262.03768
262.67764
262.98076
262.98982
263.00032
263.37310
263.37964
263.53546
263.64250
263.85442
263.90014
263.94028
263.95720
264.14758
264.59644
264.73996
264.75820
264.96316
265.12492
265.14424
265.16320
265.23544
265.46452
265.68388
265.79008
265.90834
265.92106
265.92994
265.96870
266.26996
266.54788
266.76436
266.82628
266.83120
266.97352
267.00802
267.49552
267.51730
267.64036
267.93022
268.12930
268.33126
268.44118
268.82218
268.82818
268.83424
268.91362
269.11378
269.15086
269.33032
269.89828
269.95732
270.13144
270.14056
270.22150
270.25996
270.31954
270.34336
270.61516
270.66244
270.71506
270.76000
271.26418
271.27420
271.38568
271.41016
271.95304
271.96060
271.97470
271.99102
272.10784
272.45020
272.48494
273.08086
273.08236
273.08488
273.22702
274.10650
274.11436
274.40680
274.41838
274.90576
275.26066
275.26336
275.61070
275.65354
276.11266
276.14206
276.57256
276.91852
276.92758
276.94162
277.99498
278.01112
278.01520
278.01718
278.06290
278.26612
278.26804
278.31136
278.64178
278.67274
278.69296
279.21286
279.24190
279.37396
279.37864
279.45280
279.46012
279.49168
279.85600
279.89716
279.97954
280.21762
280.33300
280.40242
280.44958
280.53556
280.54966
280.55950
280.70242
280.70986
280.74664
281.21014
281.21626
281.38312
281.42308
281.50234
281.57824
281.69686
281.71636
281.74474
281.89330
281.89864
281.90248
281.92294
281.97148
281.97586
282.07540
282.08320
282.39160
282.40162
282.49264
282.49846
282.58306
282.58762
282.67324
282.78316
282.80644
283.82140
283.82356
283.83232
283.83508
284.29210
284.61172
284.61934
284.73760
285.02254
285.02818
285.11656
285.68788
285.69676
285.84508
285.95278
286.02844
286.04224
286.29976
286.34890
286.36822
286.37632
286.38610
286.76680
287.38636
287.39446
287.40982
287.44492
287.51188
287.52124
287.52880
287.59408
287.64910
287.98624
288.00640
288.14710
288.15274
288.21688
288.78364
288.97774
289.20022
289.22176
289.37596
289.42858
289.45192
290.14912
290.15974
290.37388
290.57362
290.68624
290.68840
290.76712
290.88058
290.98804
291.03796
291.23644
291.37858
292.05034
292.16728
292.50958
292.52758
292.54066
292.54522
293.10598
293.11972
293.18848
293.54428
293.58364
293.61310
293.63266
293.63566
294.12610
294.40036
294.51196
294.52372
294.95032
295.57762
295.59550
295.65328
295.96600
296.03074
296.87254
296.90416
297.33280
297.33754
297.50500
297.81700
297.83896
297.88384
298.07854
298.08250
298.08832
298.09420
298.12360
298.13056
298.14022
298.15306
298.20310
298.48372
298.71094
298.78600
298.79896
298.80340
298.81192
298.81582
299.03638
299.09914
299.42614
299.42764
299.45662
299.46964
299.85934
299.94496
299.96194
299.96776
299.98108
300.59770
300.61204
300.61570
300.70018
300.75688
300.84664
300.85972
300.86182
300.86386
301.18048
301.19242
301.20172
301.28218
301.29700
301.33864
301.49032
302.02852
302.09896
302.10412
302.25910
302.26396
302.38618
302.39992
302.41186
302.51686
302.69512
302.70910
302.71678
302.89246
303.11680
303.25420
303.65290
303.68740
303.69022
304.17988
304.44484
304.44664
304.46188
304.47418
304.48156
304.51162
304.89688
304.93612
304.95232
304.95922
304.96654
305.47108
305.47828
305.64766
305.65666
306.19984
306.25906
306.26938
306.66148
306.81154
306.81346
306.84214
306.87352
306.87814
306.88582
307.14952
307.16920
307.51036
307.52344
307.97086
308.06938
308.08306
308.38078
308.81728
308.83312
308.83738
308.84140
309.50236
309.52540
309.71920
309.78298
309.96628
310.04362
310.05862
310.37524
310.56574
310.60324
310.90240
310.90642
311.25250
311.26516
311.26900
311.27554
311.28184
311.43724
311.44234
311.50870
311.56642
311.63068
311.63314
311.71138
311.81902
311.85244
312.01516
312.02566
312.18592
312.23740
312.46144
312.50230
312.59200
312.60100
312.72856
312.93082
313.12864
313.59970
313.78324
313.88200
313.90384
314.28310
314.37430
314.74984
315.02992
315.03244
315.05110
315.05614
315.08026
315.49102
315.78790
316.06660
316.16044
316.26658
316.78984
316.92304
317.00254
317.55376
317.65870
317.71648
318.09988
318.14866
318.24016
318.68308
318.69088
318.78970
319.18696
319.21774
319.46188
319.47292
319.48582
319.49248
319.53694
320.03308
320.05630
320.06032
320.10112
320.63944
320.64454
320.75140
320.77960
320.82016
321.16630
321.34864
321.36124
321.38062
321.99340
322.19344
322.34164
322.34602
322.51624
322.68166
322.74826
322.75990
323.06902
323.14960
323.23150
323.27782
323.28142
323.30224
323.37910
323.38570
323.47954
323.63914
323.65204
323.72254
323.73268
323.96698
324.06094
324.06256
324.17926
324.18274
324.32254
324.64438
324.82918
324.85846
324.86104
324.90484
325.02046
325.02262
325.20052
325.42978
325.48258
325.51870
325.59922
325.70188
325.94188
326.43178
326.76844
326.96062
326.96506
327.06862
327.10180
327.16456
327.53908
327.76864
327.91564
327.96832
328.15768
328.18402
328.27090
328.27258
328.72420
328.86838
328.87492
329.00182
329.00848
329.01430
329.04802
329.15170
329.48224
329.50090
329.89564
329.91442
330.00028
330.24442
330.25132
330.25936
330.29386
330.30802
330.75550
330.78694
330.89602
330.89890
330.95038
330.97558
331.01572
331.51696
331.53604
331.92724
331.95004
332.10664
332.14882
332.54896
332.68882
332.75164
332.75812
333.39166
333.73612
334.08220
334.18222
334.50166
334.72006
334.72738
334.75534
334.75870
334.83778
335.18128
335.23222
335.44402
335.56468
335.68906
335.87212
335.89792
336.24136
336.41188
336.41776
336.44986
336.84232
337.09918
337.12144
337.14154
337.14562
337.38532
337.69168
337.72990
338.26468
338.30206
338.30800
338.32462
338.46592
338.47072
338.53846
338.70208
338.79922
338.92570
338.92756
339.13918
339.14506
339.72496
339.93280
340.09540
340.42030
340.80724
341.11114
341.37220
341.37544
341.38684
341.40094
341.72290
342.00088
342.01912
342.64282
342.75238
343.29688
343.61134
343.62286
343.91122
343.92370
343.96864
344.39200
344.41822
344.50876
344.53576
344.53894
344.77816
344.85262
344.86516
344.86822
344.93956
345.05242
345.38758
345.56296
345.59380
345.60772
345.61474
345.64234
345.89872
346.26436
346.31170
346.31530
346.58506
346.64044
346.70416
346.77514
346.77724
346.78036
346.87828
347.05906
347.34004
347.35012
347.55508
347.68036
347.71942
347.79868
347.84260
347.85028
348.00292
348.12322
348.18232
348.24256
348.80026
348.84262
348.84928
349.41976
349.70320
349.86838
350.12596
350.75950
351.02878
351.04726
351.20932
351.47128
351.52978
351.86728
351.92650
351.93112
352.39756
352.49452
352.74352
352.94290
353.02624
353.65066
354.04162
354.14560
354.30220
354.30748
354.31714
354.38680
354.66724
356.11708
356.13706
356.32636
356.74300
356.79742
356.79958
356.80336
356.80498
356.85538
356.85742
356.91238
357.17506
357.26002
357.26512
357.46438
357.51994
357.52894
357.63658
357.77962
357.78178
357.89062
358.01218
358.01482
358.20838
358.28140
358.31998
358.32160
358.49260
358.50124
358.68658
358.69450
358.76644
358.87888
358.88284
359.00056
359.05048
359.09734
359.32348
359.33158
359.74558
359.91832
359.92078
359.95720
360.55036
360.56230
360.57610
360.58672
360.98650
361.09990
361.10290
361.32412
361.32664
361.45930
361.74820
362.14252
362.24314
362.28250
362.30500
362.58028
362.67862
362.91682
362.99050
362.99218
363.26686
363.27838
363.28354
363.59698
363.61684
363.65038
364.12534
364.13938
364.16662
364.16824
364.59766
364.66546
364.81810
364.83622
364.84984
364.87114
364.91542
364.93978
365.17714
365.44222
365.45128
365.47504
365.50252
365.94106
366.07024
366.09478
366.35854
366.61630
366.68110
366.79174
367.04464
367.21618
367.24852
367.28278
367.33558
367.34236
367.35616
367.58284
367.91530
367.92070
367.93294
367.94170
367.94446
368.46754
368.76604
368.86480
368.87002
368.90812
368.93938
369.39472
369.50200
369.64138
369.73774
369.90346
370.07476
370.22770
370.47472
370.55956
371.09140
371.79880
372.22564
372.48478
372.84370
372.85744
373.06522
373.07560
373.11802
373.42132
373.44106
373.44718
373.79356
373.82416
373.89838
374.48440
374.63338
374.64670
374.77018
374.77396
375.21412
375.22396
375.32152
375.39808
375.78550
375.85090
375.89818
376.57300
376.74796
377.08912
377.70454
377.80066
377.95846
378.32866
378.39688
378.40990
378.98806
379.01332
379.20460
379.22416
379.39282
379.46104
379.57798
379.62328
379.78792
379.89976
380.09032
380.23768
380.34664
380.35378
380.37106
380.53702
380.75032
380.91310
381.06094
381.49642
381.50014
381.50686
381.93772
382.01698
382.17598
382.23106
382.23772
382.24624
382.82038
383.20648
383.34442
383.35024
383.44276
383.45218
383.52304
383.58358
383.77480
383.90410
383.94250
383.99758
384.12970
384.16684
384.25288
384.71422
384.93784
384.94756
385.16698
385.17064
385.48366
385.49764
385.50406
385.69900
385.92322
386.24746
386.68498
387.13360
387.17080
387.17308
387.44632
387.65308
387.67306
388.00018
388.05724
388.31734
388.85644
388.88698
388.90726
389.50930
389.87728
389.88364
389.91436
389.92504
390.35950
390.60148
390.66778
390.67768
390.71308
390.75046
390.80434
390.90688
391.00180
391.00450
391.07818
391.17904
391.22326
391.48480
391.48690
391.58488
391.70836
391.75438
391.85038
392.03998
392.10052
392.11306
392.16826
392.26972
392.30038
392.30542
392.38708
392.41702
392.44054
392.45938
392.55418
392.56432
392.58100
392.74930
392.80210
392.84272
392.86066
392.96560
393.05818
393.15826
393.24658
393.49270
393.51364
393.87334
394.12000
394.12204
394.16104
394.56712
394.65544
394.66438
394.70944
394.72126
394.73386
394.74460
394.75678
395.62990
395.96710
395.98384
395.99788
396.07354
396.16432
396.55210
396.58768
397.05664
397.84030
397.84270
397.86706
397.87396
397.87588
397.88104
397.91428
397.91716
398.08378
398.34142
398.44006
399.10030
399.47314
399.59638
399.64336
399.64540
399.64960
399.65542
400.14748
400.15918
400.53970
400.54240
400.89754
400.93084
401.07562
401.25022
401.28070
401.42362
401.42572
401.42740
401.43766
401.48998
401.53954
401.60332
401.72938
401.84986
401.91400
401.91838
402.00196
402.12292
402.17272
402.40708
402.58936
402.77314
403.51768
403.52242
403.88026
404.40562
404.45728
404.77984
404.92984
405.07492
405.08266
405.30982
405.64912
405.95572
405.97858
405.98536
405.99250
406.01560
406.35790
407.18824
407.63062
407.86228
407.87140
408.20992
408.42658
408.90592
409.09030
409.11004
409.12360
409.12558
409.66342
409.66858
410.15656
410.26408
410.27998
410.85790
410.88970
411.35656
411.40078
411.44122
411.50674
412.10308
412.21738
412.23184
412.23640
412.28944
412.38664
412.47622
412.48018
412.48396
412.65778
412.84096
412.87054
412.95982
412.96702
412.96978
413.21044
413.34826
413.35534
413.37238
413.45662
413.51842
413.58466
413.64784
413.74786
413.75242
413.77180
413.83348
413.84614
414.02170
414.03724
414.21496
414.25228
414.28318
414.33568
414.43888
414.49588
414.71632
415.32310
415.32496
415.34950
415.36990
415.37794
415.99138
415.99684
416.10922
416.18740
416.48938
416.49826
416.50546
416.51290
416.53474
417.12808
417.23146
417.73168
417.75238
417.95722
418.82182
418.82746
418.95394
418.96690
418.97596
418.98238
419.05786
419.08630
419.60578
419.82700
419.90494
420.22678
420.38944
420.39652
420.66904
420.69478
420.88072
421.24306
421.47520
421.54960
421.87054
422.53876
422.55664
422.55922
422.58256
422.70166
422.70328
422.76586
422.78098
422.95024
423.05650
423.06046
423.26314
423.32182
423.36808
423.38626
423.69142
423.70132
423.70294
423.82900
423.83836
423.97660
424.07914
424.11772
424.45084
424.61236
424.61896
424.76884
424.89556
424.89838
424.90084
424.93150
425.83096
425.87560
426.10450
426.61828
426.97426
426.99754
427.09282
427.38712
427.39492
428.18110
428.36362
428.93440
429.25702
429.28960
429.45916
429.47122
429.58174
429.97966
429.99034
430.18408
430.26322
430.48738
430.80304
430.81450
430.84006
431.11078
431.45950
431.51758
431.65654
431.89876
432.03346
432.07324
432.07666
432.58606
432.61270
432.71680
432.92290
432.92944
433.11904
433.29364
433.46404
433.85590
434.00002
434.00320
434.00638
434.13568
434.40346
434.51218
434.51872
435.23746
435.24958
435.76180
435.76330
435.76918
435.83026
435.86362
435.91468
436.14256
436.26184
436.87834
437.04634
437.06434
437.08288
437.65834
437.67832
437.69098
437.70724
438.31822
438.34900
438.36148
438.85666
439.34242
439.34938
439.35448
439.36918
439.37800
439.53844
439.62664
439.78852
440.08564
440.08852
440.13448
440.23072
440.52178
440.52790
441.31552
441.32026
441.33820
441.55612
442.00480
442.10104
442.24024
442.31368
442.73188
442.73542
442.74892
442.88032
443.02546
443.07946
443.25862
443.28430
443.34406
443.57122
443.93794
443.96086
444.00634
444.10174
444.10456
444.15574
444.19414
444.27742
444.55168
444.69856
445.07764
445.18690
445.20472
445.20622
445.40068
445.48786
445.49140
445.60162
445.88146
445.88392
445.89412
446.24656
446.32258
446.46304
446.75122
447.07744
447.08470
447.56452
447.60298
447.70618
448.11298
448.18144
448.36798
448.77682
448.79128
448.82038
448.84054
448.92940
448.93714
449.50378
449.60614
449.61418
449.64742
449.65252
450.03316
450.03706
450.16768
450.21772
450.40366
450.48310
450.80776
450.82036
450.82690
450.83140
450.85750
451.44586
451.45516
451.49092
451.72636
451.95364
452.23714
452.29960
452.31490
452.31742
452.51242
452.60980
452.93404
453.21346
453.22792
453.23692
453.59752
453.59944
453.61156
453.63694
453.87346
453.92596
453.95764
454.46602
455.05942
455.46988
455.47684
455.47882
455.48512
455.76712
455.81698
456.20542
456.21376
456.31204
456.63364
456.69934
456.95956
457.02988
457.03678
457.04296
457.05718
457.56586
457.94044
458.07598
458.19916
458.20990
458.48920
458.49556
458.49904
458.52364
458.54938
458.61580
458.84422
459.12868
459.38248
459.38974
460.01212
460.02286
460.04296
460.18666
460.33630
460.54024
460.57126
460.58968
460.59238
460.61014
461.24788
461.27344
461.28004
461.31622
461.77378
461.82862
461.86570
462.16342
462.37876
462.50698
463.04818
463.05688
463.11220
463.90474
464.21704
464.27326
464.30938
464.31202
464.35024
464.94034
465.05032
465.30442
465.60700
466.08022
466.12588
466.19530
466.20448
466.53994
466.59730
466.65916
466.66198
466.69912
466.83394
466.83994
467.00980
467.14150
467.25310
467.32870
467.41486
467.44630
467.45314
467.57872
467.58370
467.62876
467.63254
467.63650
467.69026
467.88796
468.00334
468.12352
468.13024
468.18790
468.33070
468.81196
469.36708
469.38370
470.00320
470.26216
470.51320
470.75950
471.13654
471.20416
471.53734
472.44094
472.45642
472.46716
472.50202
473.66230
473.67220
473.72668
474.17026
474.30730
474.31234
474.32140
474.57778
474.61834
474.62518
474.63592
474.84424
474.85702
474.93340
474.95740
475.48042
475.53400
475.91230
476.15950
476.40070
476.42002
476.74444
476.90326
476.99056
477.27616
477.31234
477.51760
477.55690
477.92638
478.27894
478.32016
478.33522
478.34296
478.39960
478.44802
478.45984
478.46236
478.46608
478.55350
478.59568
478.81984
478.84552
478.99834
479.01640
479.12032
479.12626
479.22514
479.32108
479.40040
479.54284
479.55340
479.81728
479.90368
480.00454
480.04456
480.07948
480.08692
480.09016
480.11716
480.18664
480.20338
480.22138
480.42712
480.44464
480.45334
480.50056
480.50512
480.53176
480.60250
480.60742
480.70054
480.80746
480.88426
481.20970
482.37646
482.39050
482.77642
482.80708
482.82634
482.94304
483.17782
483.19702
484.15990
484.19584
484.34050
484.34590
484.43794
484.63402
484.75426
484.94590
485.01340
485.02072
485.25088
485.58076
485.63080
485.95684
485.98102
486.08404
486.22072
486.25240
486.84388
486.91258
487.16644
487.80088
488.13316
488.14096
488.34988
488.49328
488.82214
488.82832
488.94340
488.98228
489.04912
489.05536
489.52672
489.59830
489.64840
489.71686
489.76786
489.79114
489.83734
489.91426
489.92068
489.92314
489.97060
489.98740
489.98890
490.10008
490.24612
490.26172
490.40524
490.47478
490.69348
490.73464
490.77970
490.90408
491.16052
491.16472
491.18476
491.46202
491.52292
491.96800
491.96956
491.98180
492.57526
493.03186
493.09792
493.73800
493.77118
494.02264
494.29516
494.29858
494.37754
495.01180
495.01870
495.20488
495.31864
496.22152
496.23796
496.25218
496.32790
496.33438
496.82356
496.83820
496.84474
496.86400
496.96822
497.17804
497.28568
497.38852
497.49232
497.51788
497.53066
497.53276
497.95126
498.09772
498.12340
498.15244
498.32200
498.33466
498.72862
498.74884
499.09492
499.38502
499.40896
499.97104
499.97998
500.01610
500.58610
500.71120
500.71744
500.72116
500.72620
500.72860
500.74312
501.12844
501.14530
501.19786
501.27232
501.47632
501.52546
501.64270
501.65734
501.74848
501.92218
502.01260
502.02610
502.06942
502.25962
502.26958
502.32238
502.42228
502.92340
502.94536
503.10688
503.19694
503.22394
503.24530
503.38354
503.57530
503.59042
503.70064
503.80468
503.81872
503.89546
504.21982
504.60328
504.83158
504.84556
505.04128
505.13320
505.13962
505.39834
505.54312
505.70602
506.27854
506.32624
506.44840
506.93014
506.93656
506.98174
507.54070
507.55522
507.61258
507.78934
508.09852
508.11580
508.12168
508.68208
508.68580
508.68760
508.70236
508.89112
509.43400
509.48206
509.61910
509.68588
509.69620
509.82304
510.76018
510.78976
511.18708
511.19392
511.19896
511.20112
511.45996
511.49392
511.83226
511.83976
512.04502
512.04766
512.07964
512.09092
512.12044
512.40628
512.53108
512.61352
512.68714
512.69362
512.78860
512.80642
512.89768
513.02356
513.02950
513.20686
513.32644
513.33106
513.42442
513.51940
513.61270
513.62188
513.62710
513.66934
513.88444
513.89620
513.93616
514.08226
514.51354
515.00830
515.01874
515.03050
515.27950
515.29624
515.30272
515.36944
515.60566
515.81944
515.89390
515.94178
515.94778
516.46078
516.80608
516.85672
516.86296
516.89896
517.42240
517.42486
517.43608
517.62340
517.80274
517.94896
518.08996
518.30272
518.65282
518.65972
518.67946
518.89894
518.91946
518.94214
519.30742
519.32716
519.35374
519.59686
519.91360
520.24402
520.42318
520.42642
520.75660
521.02510
521.48236
521.81572
521.89408
522.08254
522.38290
522.43408
522.99922
523.12966
523.13416
523.20712
523.30408
523.31308
523.36954
523.57582
524.03362
524.09632
524.32078
524.36962
524.40862
524.75560
524.79928
524.91310
525.21976
525.22978
525.31192
525.31864
525.32356
525.33010
525.99934
526.04920
526.07098
526.64050
526.66030
526.70224
526.70440
527.24680
527.25814
527.83660
527.84050
527.86126
528.40360
528.41362
528.44992
528.46366
528.48676
529.09018
529.14232
529.21642
529.23064
529.23688
529.66372
529.67038
529.70740
529.73080
529.74868
529.76074
530.35108
530.35486
530.88718
530.89108
530.94718
531.53722
531.54106
531.55018
531.57610
531.59116
531.90040
531.96892
532.54486
532.91074
533.04772
533.36614
533.37484
533.38114
533.38882
533.39830
533.93386
534.32806
534.33394
534.38284
534.39148
534.40048
534.55852
534.94042
534.99982
535.16512
535.25098
535.33210
535.44586
535.62700
535.68322
535.69210
535.74442
535.75270
535.84222
535.90606
535.93480
535.94512
535.99222
536.14630
536.31964
536.38444
536.58850
536.77180
536.88850
537.63868
537.72178
538.13884
538.29286
538.41862
538.48894
538.76854
538.93240
538.97362
538.97632
538.99030
539.58430
539.73262
539.88838
540.09628
540.11794
540.18448
540.66490
540.68284
541.37722
541.38976
541.39360
541.40002
541.65502
541.89106
542.04010
542.31070
542.67736
542.72470
542.76994
543.19888
543.20308
543.21220
543.22186
543.26272
543.49426
543.49690
543.51718
543.79042
543.82000
543.86086
543.99826
544.03156
544.25854
544.30858
544.33150
544.43158
544.43434
544.52776
544.63006
544.76638
544.90786
544.91794
544.95100
545.01766
545.19082
545.56522
545.58436
545.66152
545.69866
545.70094
545.97994
546.03760
547.02862
547.53502
547.96846
548.30350
549.42316
549.43828
549.78832
549.79240
550.01674
550.27948
550.64362
550.65514
550.66030
550.66786
550.72582
550.77202
551.26336
551.72722
551.87230
551.89282
551.89660
552.08698
552.47734
552.57262
553.12600
553.16740
553.17418
553.33816
553.66246
553.75078
554.31106
555.21124
555.32404
555.65368
555.73978
555.91024
556.09618
556.17310
556.31824
556.43266
556.43692
556.52506
556.76428
556.81438
556.88104
557.37712
557.43304
557.50396
557.74906
557.84494
557.95654
557.97826
557.98486
558.10678
558.16360
558.17440
558.37342
558.43894
558.44392
558.45388
558.57724
559.15162
559.62736
559.72534
559.73764
560.16076
560.29522
560.36080
560.44294
560.96200
561.00130
561.01576
561.41104
561.57610
561.58432
562.09828
562.11670
562.20142
562.23166
562.31224
562.54558
562.58536
562.89448
562.95130
562.96996
562.97782
563.93686
564.09070
564.53284
564.58186
564.64246
565.28806
565.32136
565.44988
565.62664
565.72828
565.87906
565.96918
566.03836
566.27422
566.27722
566.46136
566.56258
566.72320
566.96410
567.03310
567.12940
567.13816
567.26512
567.27922
567.45526
567.46936
567.56266
567.90286
567.90484
567.94522
568.41538
568.89490
568.94602
568.95778
569.01856
569.34892
569.52826
569.72224
569.75500
569.76964
570.29116
570.41428
570.47194
570.59890
571.33846
571.35298
571.38928
571.49524
571.60792
571.62646
571.63888
572.41876
572.42860
573.11038
574.05004
574.59934
575.09626
575.10706
575.14534
575.41768
575.74528
575.75032
575.75824
575.81512
575.82388
576.04660
576.17212
576.17668
576.26992
576.28270
576.29170
576.32386
576.80212
576.84580
577.14316
577.16338
577.16620
577.41730
577.42678
577.44940
577.46362
578.34682
578.73028
578.83540
578.88796
579.29698
579.50146
579.72262
580.08658
580.09102
580.10344
580.13740
580.42552
580.44712
580.47550
580.68652
580.70656
581.16682
581.18446
581.18734
581.40562
581.41078
582.45112
583.26310
583.27978
583.53376
583.71574
583.74034
583.74460
583.82500
584.43784
584.44018
584.44804
584.46340
584.73256
584.73766
584.78128
584.83744
584.85070
584.92384
584.93998
585.49342
585.54124
585.54316
585.58696
585.64822
586.39852
586.65100
586.66246
586.67398
586.78096
586.87870
586.91782
587.11792
587.11990
587.23078
587.32420
587.87434
588.00154
588.00484
588.13216
588.29098
588.62992
588.92476
588.96724
589.07236
589.35412
589.41460
589.49152
589.83910
589.90210
590.20846
590.21002
590.41522
590.43010
590.56498
590.84860
590.85586
590.87680
590.89708
591.13066
591.14188
591.30874
591.60874
591.64078
591.64612
591.79990
591.80656
591.80962
591.81334
591.82072
591.88210
592.43494
592.85404
592.87246
592.88350
592.96984
593.04622
593.06578
593.32648
593.32900
593.45968
594.11614
594.14302
594.14950
594.29470
594.30364
594.46624
594.59572
594.64594
594.65722
595.13704
595.47946
595.51660
596.08462
596.18194
596.32978
596.47840
596.48326
596.65816
596.69842
596.98774
597.17410
597.18508
597.20302
597.25444
597.69304
597.70486
597.74092
597.74788
597.75472
597.90472
598.01860
598.40866
598.53208
598.54642
598.55662
598.62238
598.86778
598.88236
599.01832
599.07424
599.08156
599.17480
599.35270
599.37982
599.38474
599.44042
599.44552
599.45260
599.53480
599.55148
599.62882
599.75134
599.89660
599.93602
599.94508
599.98156
600.15568
600.36628
600.43006
600.54550
600.57412
600.70702
600.71224
600.79324
601.08346
601.10740
601.12378
601.22914
601.24594
601.32286
601.33966
601.73692
601.74592
602.28124
602.36554
602.79796
602.85058
602.91304
602.92150
602.92606
602.93398
603.59698
603.62986
603.79948
604.10146
604.12402
604.29994
604.73062
604.75672
605.24092
605.38384
605.42770
605.44738
605.80804
605.98864
606.02902
606.44950
606.65434
606.65674
607.00552
607.26184
607.83634
607.85914
607.92406
608.00614
608.11522
608.26600
608.37178
608.44120
608.51692
608.51980
608.52310
608.54116
608.63362
608.63662
608.87464
608.94136
608.99902
609.05050
609.17008
609.17476
609.18088
609.31570
609.36322
609.75676
609.82360
609.86740
610.04032
610.05172
610.16578
610.22236
610.79452
610.86388
610.95604
611.00224
611.02972
611.04508
611.46640
612.10774
612.23596
612.24982
612.68494
612.70456
612.72436
612.80776
613.23622
613.61974
613.65682
613.66966
613.70812
613.92664
613.97380
613.97968
613.98142
614.01280
614.02372
614.36098
614.65522
614.74180
615.05860
615.35986
615.80764
615.97828
615.98056
615.98218
616.00216
616.51702
616.54222
616.55638
617.00152
617.09650
617.11198
617.26984
617.30152
617.75338
617.77726
618.06844
618.17500
618.38002
618.40630
618.46600
618.47620
618.55960
618.97930
619.04578
619.08286
619.48714
619.55482
620.13844
620.15590
620.25514
620.60656
620.84632
620.98756
621.04246
621.05266
621.16942
621.17386
621.24352
621.27706
621.32992
621.37198
621.41962
621.60754
621.61324
621.62998
621.65554
621.67372
621.73384
622.12618
622.35724
622.69294
622.69810
622.72234
622.73638
622.79680
622.89424
622.99978
623.02414
623.04694
623.10766
623.20984
623.21860
623.25988
623.38648
623.39434
623.45980
623.48638
623.50774
624.17290
624.18562
624.54898
624.55792
625.02478
625.41814
625.75408
625.77700
625.81834
626.11354
626.35408
626.39032
626.47234
626.88760
627.00196
627.37864
627.47356
627.66208
627.66880
627.68170
627.71650
627.72892
627.73072
627.98770
627.98938
628.19830
628.46218
628.73800
628.74454
628.76506
631.81354
631.86502
631.86730
631.91512
632.24332
632.27236
632.30584
632.37394
632.42248
632.50858
632.66608
632.67406
633.44968
633.84700
634.70014
634.74472
634.84246
634.90912
634.91320
634.91692
634.95676
634.96102
635.18194
635.18350
635.22382
635.36146
635.69650
635.76472
635.88274
636.20056
636.41452
636.81346
636.84682
636.87658
636.93400
637.46752
637.47364
637.47646
637.48048
638.00104
638.11930
638.22052
638.63044
638.63842
638.64832
638.69356
638.77816
638.78344
638.80906
638.89852
639.44086
640.07980
640.08802
640.09654
640.42054
640.42606
640.43212
640.46560
640.47454
640.59274
640.60954
640.61182
640.79782
641.13526
641.16454
641.16964
641.17630
641.25970
641.30620
641.78128
641.82748
641.84434
641.89930
641.91586
641.95522
641.96746
641.98834
641.99800
642.31102
642.38554
642.49216
642.49450
642.66604
642.68686
642.79684
642.80248
642.99454
643.00228
643.29442
643.41610
643.41904
643.43878
643.47664
643.56298
643.56520
643.85656
644.34304
644.60626
645.05752
645.07570
645.58624
645.60562
645.63346
645.69400
645.82582
645.93616
646.08622
646.26184
646.63228
646.66426
646.68622
646.86970
647.00026
647.14792
647.36692
647.45320
647.48650
647.49166
647.49880
648.48376
648.60946
648.63658
648.87130
648.87382
648.87616
649.00324
649.08670
649.11724
649.21996
649.23676
649.30336
649.31998
649.43392
649.55338
649.68400
649.86736
649.92010
650.02624
650.06380
650.09068
650.09272
650.09752
650.10958
650.38666
650.42014
650.44564
650.46124
650.46430
650.47336
650.49100
650.50336
650.59294
650.65078
650.73400
650.77012
651.12802
651.13402
651.19468
651.31744
651.61732
651.73090
651.74740
651.75346
651.77014
651.77422
651.78688
651.79036
652.10074
652.23412
652.29316
652.30354
652.31116
652.35238
652.43020
653.01436
653.03692
653.18410
653.33398
653.43412
653.54758
653.64976
653.83090
653.88310
653.94100
653.95288
654.03700
655.11892
655.19026
655.36894
655.45738
656.10082
656.23708
656.39458
656.40094
656.42038
656.58700
656.59312
656.60788
656.62816
657.20092
657.85102
658.10092
658.20388
658.20784
658.26268
658.26688
658.27678
658.40380
658.40860
658.96444
659.08312
659.22802
659.32396
659.36644
659.38444
659.38696
659.50096
659.63704
659.99110
660.27394
660.29302
660.29590
660.32212
660.53704
660.85078
660.99934
661.22026
661.28308
661.29976
661.30504
661.51678
661.52038
661.52926
662.16676
662.17996
662.26258
662.44108
662.44816
662.45968
662.49028
662.75362
662.78302
663.05758
663.08404
663.14896
663.17026
663.17938
663.21634
663.39304
663.41140
663.44200
663.51244
663.56740
663.60742
663.85072
663.88804
663.96262
664.10344
664.16746
664.32916
664.34086
664.35340
664.62010
664.64290
664.69990
664.83694
664.96882
665.11300
665.36224
665.41648
665.43568
665.55340
665.57626
665.61988
665.69302
665.69692
665.70640
665.80660
666.00484
666.02620
666.03190
666.22138
666.22768
666.32176
666.32416
666.48280
666.49936
666.56722
666.69946
666.76612
666.96634
666.97342
666.98302
667.70716
667.70950
667.71124
667.86610
668.19286
668.21608
668.23672
668.25550
668.31742
668.32384
668.34280
668.56726
668.56870
668.57032
668.57638
668.60080
668.78662
668.88748
668.89966
669.20074
669.20758
669.27202
669.52006
669.79564
670.05322
670.06996
670.77892
671.27398
671.84008
671.99374
672.05332
672.05986
672.06232
672.30250
673.00060
673.00906
673.03042
673.04608
673.26640
673.37128
673.41736
673.45750
673.81240
674.12800
674.13274
674.32408
674.38408
674.39176
674.41246
674.43676
674.44348
674.50348
674.70772
674.71120
675.56638
675.68716
675.92428
675.97270
676.31644
676.78318
676.91266
676.91446
676.93168
677.49004
678.44890
678.66778
678.72952
678.73366
678.76288
679.35790
679.36030
679.36678
679.39522
679.75132
680.00392
680.17978
680.49370
681.11818
681.20170
681.20428
681.24790
681.32992
681.51058
681.91714
682.01524
682.02274
682.33774
682.45066
682.45330
683.51866
683.61538
683.63044
683.73802
683.81074
684.10198
684.11146
684.20674
684.32302
684.32752
684.33802
684.39880
684.46864
684.64498
684.64960
684.66796
684.82372
684.94840
685.21762
685.25380
685.38442
685.45486
685.46086
685.47856
685.54612
685.69936
685.70704
685.71280
685.74238
685.81108
686.18212
686.23558
686.38564
686.50516
686.93080
687.00532
687.39472
687.39754
687.41668
687.86518
687.87118
687.88486
688.01638
688.03096
688.38340
688.39234
688.99972
689.17240
689.19784
689.20168
689.30284
689.66194
689.66356
689.66578
689.69536
689.80060
690.28636
690.49852
690.58324
690.58528
690.59038
690.81472
690.85198
690.89296
691.10596
691.10890
691.19122
691.46878
691.51000
691.73812
692.28358
692.28946
692.49058
692.59744
692.60260
692.61520
692.62306
692.93572
693.23182
693.23974
693.24652
693.33190
693.68578
694.28986
694.37998
694.42024
694.69882
694.95664
694.96732
694.99192
695.47336
695.48404
695.62714
695.71738
695.72734
695.73928
695.94790
695.96572
696.01564
696.35674
696.38230
696.49888
696.53620
696.54016
696.55288
697.01578
697.31578
697.34020
697.39018
697.56580
697.90300
698.14204
698.54116
698.54320
698.55520
698.64046
698.68636
699.39310
699.45112
699.79162
699.80320
699.86314
700.44934
700.45084
700.45714
700.85308
700.85710
701.06482
701.06992
702.12094
702.23770
702.48268
702.81412
703.33672
703.45024
703.55716
703.56070
703.56508
703.59724
703.59958
704.01982
704.19808
704.63686
705.12568
705.12754
705.14692
705.17014
705.19966
705.57418
705.92014
706.30240
706.51138
706.69078
707.40118
707.41702
707.48938
708.08434
708.10750
708.11344
708.23044
708.25480
708.41170
708.54856
708.55354
708.55774
708.68122
708.71620
708.83968
708.84742
708.91354
709.22074
709.46152
709.76542
709.91386
709.96246
710.22322
710.23096
710.87776
711.15484
711.27028
711.42034
711.75238
711.99208
712.03030
712.04476
712.56814
712.87810
712.89358
713.09974
713.55724
713.58808
714.36376
714.36652
714.38974
714.43696
714.57136
714.77818
714.79042
714.96520
715.16164
715.17028
715.20118
715.39966
715.40464
715.77148
716.11636
716.13796
716.63302
716.95876
716.96140
717.06400
717.08302
717.64948
717.88792
718.14718
718.32544
718.33036
718.33708
718.40122
718.74850
718.80448
719.07124
719.08804
719.25166
719.28298
719.29702
719.35846
719.62042
719.62780
719.80354
719.81368
719.87782
719.92414
719.93110
719.93296
719.94244
720.02386
720.02590
720.12946
720.20680
720.48070
720.73792
720.80332
720.80758
720.88702
721.04068
721.18792
721.30498
721.31038
721.32118
721.40632
721.53028
721.53994
721.68184
721.70122
721.71130
722.69470
722.73682
723.22228
723.22504
723.23500
723.63292
723.65002
723.72406
723.88306
724.18690
724.41820
724.44250
724.62772
724.98694
725.22424
725.46370
725.79712
725.79988
725.82142
725.86564
725.89438
726.17446
726.43924
726.44098
726.71668
726.72634
727.03072
727.04716
727.05208
728.06704
728.30764
728.32180
728.45020
729.25528
729.50788
729.81592
729.82480
729.85042
730.06414
730.09546
730.28890
730.31116
730.40440
730.48660
730.51462
730.52140
730.59544
730.65214
730.68892
730.71352
730.78906
730.79170
730.84774
731.01640
731.14060
731.14954
731.21014
731.23432
731.37520
731.40574
731.40844
731.61208
731.82586
731.89222
731.99614
732.00256
732.00484
732.15610
732.33934
732.60748
732.63208
732.65866
732.66208
732.69562
733.23856
733.31332
733.58470
733.72990
733.90324
733.93228
734.44900
734.82352
734.96608
735.03280
735.05980
735.42844
735.44020
735.53272
735.78442
735.93280
736.05430
736.06006
736.08172
736.09072
736.35244
736.41190
736.77412
736.92994
736.93600
737.29762
737.33362
737.53324
737.66392
738.15184
738.16072
738.76966
738.78478
739.42498
739.45990
739.79440
739.85458
739.99060
740.05336
740.10076
740.12176
740.19454
740.52028
740.66902
741.32050
741.32728
741.55888
741.96832
742.09504
742.32484
742.35226
742.41196
742.58032
742.78744
743.18026
743.24266
743.32600
743.33974
743.35606
743.40442
743.42122
743.46208
743.75170
743.76610
743.80948
743.81212
744.21628
744.28684
744.33466
744.37906
744.38908
744.63922
744.72136
744.73282
744.92650
744.94180
744.96268
745.10860
745.32166
745.44334
745.46968
745.51858
745.67668
745.89328
746.14234
746.17060
746.22178
746.74846
747.09352
747.33994
747.39364
747.41188
747.42700
747.90928
747.92908
748.06606
748.12990
748.47724
749.23384
749.24296
749.25160
749.28010
749.44396
749.69938
749.78098
749.86714
749.87380
749.89114
750.34594
750.39694
750.49948
750.51454
750.56086
750.92044
750.92650
751.06108
751.06780
751.08052
751.10344
751.10602
751.55068
751.63936
751.83052
751.99726
752.04730
752.31544
752.33068
752.34160
752.37010
752.39872
752.42788
752.42968
752.68426
752.69902
752.78860
752.82304
752.87302
752.87482
752.91394
752.98420
753.23866
753.28480
753.57292
753.65146
753.65956
753.74128
753.75142
753.96430
754.10158
754.16812
754.17214
754.23616
754.46056
754.47070
754.61638
754.63312
754.79494
754.92334
754.93498
754.97716
755.12056
755.19784
755.32060
756.05722
756.08236
756.67744
756.96202
756.97750
757.24804
757.26478
757.30234
757.36642
757.91506
758.36104
758.46232
758.63776
758.83444
758.98438
759.05476
759.38788
759.41416
759.56128
759.75910
759.78178
760.10632
760.23592
760.24222
760.34572
760.95760
761.48884
761.50672
761.52928
761.56528
761.59846
761.89198
762.07654
762.10504
762.18610
762.20770
762.62914
762.63208
762.87154
762.88210
762.88624
763.04596
763.29100
763.34488
763.45492
763.45942
763.46536
763.52272
763.52710
763.86148
763.95760
764.20138
764.26942
764.37616
764.43826
764.44306
764.50774
764.61730
764.71936
765.35242
765.41248
765.42628
765.53842
765.62308
765.75220
765.75952
765.82144
765.83806
765.98926
766.55470
766.64464
766.66252
766.84852
767.21878
767.78182
768.14500
768.18556
768.19822
768.20206
768.44062
768.58786
768.73060
768.76102
769.03204
769.10308
769.58248
769.58530
769.61482
769.62370
769.69042
769.77100
769.78324
769.87870
770.21662
770.24416
770.44528
770.54812
770.57368
770.61076
770.75422
770.86876
770.89438
770.90368
770.90692
770.92534
771.40186
771.40438
771.41056
771.78268
771.83122
772.15678
772.17514
772.19500
772.61440
772.76800
773.05660
773.29408
773.31856
773.64472
774.04894
774.57550
774.58078
774.66328
774.85414
775.02796
775.11250
775.13974
775.20874
775.26406
775.26868
775.39348
775.59892
775.73128
775.73758
775.89742
775.89898
775.98724
775.99120
776.01520
776.02048
776.02678
776.13070
776.29204
776.29846
776.35522
776.41126
776.51122
776.67676
776.87674
776.88676
776.95648
777.07672
777.14104
777.14728
777.52786
777.63064
777.74098
777.80620
777.83674
778.38652
778.40758
778.46782
778.47664
778.79746
778.92772
778.98556
779.17000
779.23726
779.24644
779.27698
779.28664
779.34070
779.40616
779.44204
779.44714
779.48230
779.55994
779.56288
780.09718
780.12280
780.13696
780.18226
780.60994
780.61594
780.70342
780.76522
781.27012
781.34452
781.43830
781.48060
781.63360
781.99882
782.01094
782.20612
782.22790
782.46100
782.53696
782.60626
782.63674
782.66380
783.22264
783.27892
783.33646
783.80326
783.83692
784.18810
784.27000
784.29322
784.34440
784.36384
784.51780
784.79134
784.86100
785.01004
785.05084
785.12026
785.16100
785.16376
785.51758
785.66584
785.83672
785.87782
785.98942
786.03670
786.10744
786.12772
786.43660
787.07026
787.08778
787.09366
787.10542
787.13152
787.42756
787.43938
787.89064
787.95772
788.05984
788.07430
788.62156
788.63818
788.69446
788.93308
788.95348
789.21112
789.22168
789.55972
789.57250
789.71056
794.11318
794.37196
794.47966
795.28738
795.59224
795.61450
795.62182
795.64330
796.11274
796.14610
796.14784
796.18258
796.37344
796.37860
796.39456
796.77640
796.86892
797.12926
797.17918
797.18332
797.30344
797.32684
797.37526
797.49952
797.57524
797.83534
797.92318
797.97514
797.98594
798.12514
798.20854
798.25972
798.35350
798.36232
798.37618
798.62890
798.76606
798.85564
798.85936
798.87880
798.88504
798.95830
798.96382
799.05238
799.22872
799.44154
799.46296
799.55608
799.63984
800.27476
800.47720
800.50930
800.51878
800.58004
800.70874
800.72278
800.87080
801.02254
801.02758
801.05134
801.09250
801.27856
801.28462
801.43150
801.45898
801.89224
801.99760
802.01794
802.09222
802.30786
802.68856
802.69096
802.71334
802.86448
802.93714
803.15104
803.20348
803.51080
803.57254
803.57536
804.11128
804.16102
804.16480
804.18442
804.19486
804.21136
804.33688
804.67510
804.71734
804.73852
804.99058
805.01746
805.03042
805.04452
805.17496
805.19374
805.23676
805.33738
805.41892
805.60330
805.87444
806.09038
806.30314
806.51800
806.52130
806.75110
806.80318
807.00790
807.01492
807.18376
807.26068
807.27736
807.32464
807.42460
807.42736
807.49126
807.54136
807.62452
807.67738
807.77728
807.79276
807.81064
807.82732
807.87454
807.99118
808.01062
808.02454
808.07068
808.07464
808.12726
808.22134
808.27444
808.27720
808.28338
808.34392
808.35784
808.36054
808.47712
808.55008
808.58746
808.58992
808.69108
808.71052
808.76050
808.76830
808.81768
808.87702
808.89376
808.91440
808.92718
808.93042
808.93336
809.01826
809.04370
809.09104
809.19088
809.27086
809.31802
809.32102
809.35432
809.36026
809.36386
809.42710
809.47426
809.49352
809.59360
809.61022
809.73454
809.81404
810.00748
810.14362
810.22690
810.49348
810.57400
810.82390
810.87574
810.91006
810.91192
810.98164
811.04332
811.34326
811.52386
811.54048
811.55134
811.87648
812.02648
812.03692
812.06752
812.07364
812.34946
812.47678
812.55208
812.75116
812.78272
813.25972
813.56596
813.58012
813.59398
813.73900
814.08406
814.60798
814.62610
814.62994
814.63948
814.66846
815.03218
815.17210
815.22610
815.47606
815.63488
815.67328
815.69896
815.95924
815.98984
816.32554
816.53236
816.66172
817.04866
817.33192
817.52170
817.53454
817.62280
817.76284
817.76524
817.79152
817.80526
817.81930
818.32552
818.51674
818.70616
818.96650
818.98174
819.06886
819.11506
819.21916
819.23434
819.34204
819.37534
819.52912
819.61756
819.63316
819.69610
819.83494
819.96526
820.11490
820.16746
820.17250
820.22242
820.39864
820.45876
820.48138
820.51468
820.77400
820.87504
820.95838
821.17864
821.38126
821.47222
821.50552
821.74150
822.04774
822.12478
822.18502
822.53374
822.76714
822.80812
822.81886
822.82090
823.15036
823.27102
823.27474
823.30036
823.32094
823.33354
823.34188
823.91026
823.94140
823.95808
824.08738
824.31856
824.39500
824.41420
824.64436
824.69122
824.72458
824.82568
824.93836
825.65140
825.70504
825.79720
825.82444
825.96196
825.98056
826.46656
826.48318
826.86376
826.91674
827.02150
827.11270
827.12776
827.69866
827.71852
827.74972
828.24262
828.28036
828.30064
828.36712
828.43786
828.71410
828.75862
828.76336
828.97000
828.97534
829.55158
829.56502
829.57378
829.59682
829.61608
829.62400
829.70866
829.74724
829.83454
830.11600
830.58772
830.61316
830.61472
830.63644
830.90404
831.15292
831.16174
831.52948
831.54004
831.54370
831.56752
831.87946
831.92344
832.09048
832.13722
832.51264
832.53214
832.53982
832.68028
832.72030
832.76008
833.05270
833.42032
833.60632
833.75362
833.76250
833.78968
833.83960
833.85514
833.86384
833.95828
833.97298
833.97898
834.23068
834.33556
834.39598
834.40036
834.49978
835.36366
835.66600
835.68514
836.31964
836.38492
836.43100
836.60272
836.77828
837.07888
837.08470
837.52780
837.55390
837.85108
837.86122
837.86398
838.07788
838.18084
838.23334
838.24072
838.27114
838.29706
838.81084
839.17738
839.28490
839.35846
839.68942
839.70922
839.76700
839.79652
839.90146
840.05410
840.18970
840.40402
840.44368
840.51418
840.51814
840.58462
840.59614
840.64618
840.65110
840.75100
840.75502
840.83710
840.86158
841.00714
841.01158
841.17664
841.19458
841.19842
841.33414
841.42018
841.42180
841.45354
841.50718
841.51606
841.54060
841.54582
841.58686
841.68424
841.94356
841.99348
842.09548
842.10046
842.12626
842.48644
842.50042
842.57638
842.69998
842.71960
842.79310
842.90308
842.92342
842.93002
843.79084
843.82576
843.89188
843.89968
844.42078
844.43452
844.45510
844.46494
844.60216
844.61602
844.83250
844.93264
845.00296
845.32222
845.32744
845.34556
845.35174
845.54782
845.59138
845.66062
845.66248
845.66692
845.74390
846.01546
846.11536
846.14374
846.21436
846.29866
846.33202
846.51520
846.54850
846.80902
846.81958
846.85114
846.86386
846.87412
846.87832
847.40086
847.45480
847.46116
847.49200
847.65970
847.68412
847.78012
848.11606
848.32528
848.38378
848.39260
848.58478
848.71144
848.74744
849.03850
849.13336
849.25414
849.27172
849.29620
849.30004
849.30406
849.65872
849.77530
850.28290
850.34824
850.36612
850.38010
850.46494
850.53928
851.10322
851.12224
851.13244
851.14528
851.20702
851.23864
851.44600
851.50798
851.56558
851.57464
851.57962
851.72938
851.76274
852.07162
852.30496
852.36142
852.42160
852.69568
852.78970
852.92788
853.06234
853.14448
853.19848
853.70956
853.77868
854.16466
854.19784
854.20582
854.23786
854.24806
854.96086
854.96458
854.97136
854.97316
854.97712
855.48370
855.49144
855.50146
855.68986
856.00630
856.08694
856.09396
856.10620
856.15624
856.53676
856.66714
856.73920
856.74088
856.75336
856.76986
856.80340
857.18416
857.20966
857.24428
857.34928
857.39878
857.40100
857.72734
858.01330
858.05440
858.42220
858.59758
858.60298
858.63136
858.64828
858.65350
858.89362
859.01014
859.01236
859.30258
859.33588
859.36294
859.88338
859.88986
859.89592
859.89754
859.91200
859.95994
860.36866
860.39314
860.51458
860.88202
861.00652
861.02308
861.08530
861.34294
861.77896
861.95452
861.97234
862.00336
862.19776
862.20250
862.20442
862.21840
862.24294
862.31584
862.46830
862.49026
862.50196
862.57240
862.88374
862.92592
862.95016
862.96186
862.97590
863.09134
863.21320
863.22082
863.24134
863.24584
863.33920
863.36548
863.37454
863.42458
863.43826
863.63464
863.71264
863.86846
864.11020
864.12232
864.14224
864.42568
864.43138
864.49108
864.80380
864.85378
865.76764
866.01910
866.15998
866.17798
866.30728
866.32708
866.37016
866.66764
866.68564
867.11728
867.16714
867.19432
867.31720
867.32008
867.32368
867.32764
867.38662
867.52804
867.77476
867.93526
867.94804
867.96502
868.25812
868.26268
868.58632
868.59400
868.70680
868.84132
869.07724
869.10316
869.13616
869.31682
869.35180
869.42338
869.42836
869.64712
869.69386
869.76964
870.05470
870.06934
870.08326
870.30436
870.30766
870.30940
870.38494
870.53326
870.54382
870.87706
870.91666
871.00642
871.22410
871.22704
871.34086
871.38316
871.39090
871.44592
871.55566
871.70440
871.91632
872.20240
872.43454
872.70718
872.71012
872.78062
872.87248
872.87782
872.88070
872.88982
873.16888
873.43276
873.46372
873.89314
873.89956
873.99424
874.04026
874.20712
874.21186
874.36882
874.46320
874.47064
874.52638
874.56076
874.58248
874.59028
874.64212
874.65196
875.06314
875.20444
875.24152
875.28412
875.44282
875.50954
875.51344
875.53912
875.58628
875.62702
875.86846
875.93608
876.05308
876.10942
876.45952
876.46822
876.57244
876.58882
876.64270
877.19266
877.21582
877.28482
877.58488