0.12850
0.57202
1.40260
2.43322
2.90344
3.72676
4.02910
5.28742
6.03016
7.37752
9.29416
9.35440
11.99818
13.63840
13.97290
15.72280
20.12326
20.13772
20.15008
20.34688
22.70524
27.47644
27.63262
28.06228
32.32462
32.34766
32.38702
32.41750
32.44762
32.50774
34.59838
35.09830
35.86168
36.89902
38.83696
41.19634
41.20366
41.30650
41.53024
45.63100
45.71074
45.73486
45.75478
45.79864
47.18548
47.51290
48.49918
51.72910
52.46404
52.47004
52.60990
55.25782
59.14504
60.98596
61.00594
61.36954
61.37962
61.67272
65.08762
68.19118
68.20738
68.28322
68.32450
69.01828
72.25522
76.27060
76.32988
76.40362
79.28764
79.80304
79.98340
81.11086
81.23374
82.15084
83.23834
84.14068
86.11918
86.55820
86.58796
88.07464
90.21622
90.24964
90.27538
90.28282
91.78576
98.76076
98.83396
99.14464
99.22330
101.49196
101.51422
101.52820
103.45126
103.46476
104.08810
105.12172
105.16552
105.94126
107.76064
110.59396
112.28248
114.31438
115.56070
117.79510
117.86926
118.78804
121.59766
121.61716
121.66486
121.69798
121.70740
122.42296
123.81904
123.85846
125.43562
125.90554
129.14932
129.47692
133.84840
134.22880
134.34328
135.06796
135.35260
136.13548
136.46812
138.43534
139.57276
141.19030
142.95460
142.96042
145.35706
149.50486
151.37476
153.87130
153.92890
154.32100
154.34902
154.77310
158.90680
160.84624
161.75110
163.27192
163.69822
163.71490
164.04214
165.42430
166.80532
167.02198
167.47228
174.10858
175.69384
176.14864
179.36872
179.66782
180.90358
181.96882
182.42548
183.66346
183.69694
183.96334
185.61052
186.88684
186.90952
188.08666
190.78726
193.37038
195.82084
196.44634
196.80784
203.29798
204.82426
207.18208
207.67504
209.13808
209.72542
212.03248
213.51616
215.38090
216.08182
216.63598
217.63834
219.07360
219.98134
220.37266
220.57918
220.59070
224.07892
226.48990
227.08990
228.52030
231.95140
233.74078
234.94474
236.48458
239.22382
239.50780
241.12750
243.34408
244.97776
248.31766
249.50254
250.16956
250.68190
254.15566
255.68104
255.86848
260.28034
261.35776
261.93142
262.34662
264.82024
265.49722
265.98724
266.38426
267.00766
270.52132
270.90700
271.10014
273.51574
275.66206
276.91318
280.18480
284.06962
286.32922
286.58638
287.32552
290.88544
293.48890
298.38778
299.42848
300.17248
300.82582
302.81632
305.18704
305.68900
306.01900
306.02938
306.04852
306.05548
306.69526
307.04134
308.53918
309.55744
309.97288
311.01520
312.19108
313.13356
315.67360
315.83764
318.78994
319.12348
321.24034
324.34258
326.57980
326.90932
326.98678
329.87962
329.90020
330.42904
331.27702
333.23944
333.86068
334.18948
334.42270
335.82868
337.52938
338.06224
340.08256
340.26946
343.25974
343.82956
345.54856
346.36438
346.41520
347.41132
348.23590
349.45198
352.49086
354.09622
355.24696
357.14824
357.63736
357.83260
359.45584
361.38334
364.57978
364.58572
364.64968
366.24934
366.85468
372.74362
372.74782
373.57294
376.72330
377.70988
378.57004
379.20298
379.72750
379.77820
379.82962
379.84894
379.91110
380.98396
382.81270
383.69914
383.70172
384.17944
386.34196
386.84530
389.22340
389.34730
392.59720
392.67388
393.03736
393.05068
394.61026
396.63454
397.71292
397.73374
397.91920
401.13568
402.05206
403.18120
403.46584
404.09236
405.53188
405.87172
405.88072
406.92904
408.12166
409.53532
410.95258
412.13590
412.27516
412.88512
413.15914
413.94094
414.77740
415.64320
415.77106
419.73622
421.02838
421.03624
423.37510
423.95704
424.04992
426.36934
426.38698
427.64308
427.65550
428.04346
428.05912
429.46258
430.08898
430.70566
432.22978
432.35122
433.19824
435.03706
435.59326
436.90702
439.47190
440.72440
442.20754
443.28718
445.12546
446.15800
446.75092
448.31524
451.75084
451.95334
453.41404
454.28404
456.53914
458.90200
462.65794
462.67072
462.69340
465.67672
467.13250
467.56474
471.99346
472.03096
472.71466
473.45086
473.73412
474.43036
474.64126
475.77358
476.72176
476.84674
479.19232
480.80638
481.97890
481.99660
482.04910
485.04616
485.57764
488.52676
491.11336
491.55262
492.47224
493.59364
493.60834
493.99144
494.46988
495.55024
496.00312
496.02856
496.04176
501.35734
501.91660
502.26388
503.12008
503.14168
504.77038
505.45996
505.57966
505.90942
506.07610
507.70942
509.42266
509.43016
509.44252
511.07938
513.92242
514.37200
516.22084
518.10478
519.07876
520.20136
520.50058
520.97218
523.66288
524.38744
525.01030
529.48960
529.59268
530.60626
531.25462
531.86950
533.60638
533.64706
533.65960
533.67772
533.72902
533.79736
537.06970
538.59262
539.88922
540.25276
540.29698
540.30940
541.28716
541.71250
543.19948
548.50156
548.53144
551.90236
555.08512
556.54138
557.12446
557.96914
559.47850
561.18448
561.39046
562.30246
563.01448
563.13604
564.77662
565.21756
565.22068
565.72132
567.60838
569.23738
569.72434
572.80120
572.81044
572.84248
572.90152
573.18700
575.30248
576.07048
576.67276
577.77550
578.41606
578.65306
581.36242
583.76482
584.64052
584.90164
587.19052
591.56680
591.62386
592.36450
593.27308
595.33780
595.42774
595.44478
595.45450
595.47106
596.57158
597.73720
599.29096
599.51074
600.01276
601.75102
601.87666
604.07248
605.30518
606.74800
608.55148
609.76672
609.87760
610.38472
611.77732
612.69898
612.82342
612.88174
613.25998
614.49106
615.68218
615.70594
616.85530
617.89936
618.65896
618.97144
619.46830
619.73062
623.46052
624.19324
626.93596
629.15584
630.03214
630.94846
630.99754
631.74580
632.36740
633.45106
633.53626
633.91786
636.94048
637.06738
637.08028
637.11376
640.52602
642.61222
645.29626
645.58420
647.93896
649.79212
650.76904
652.20190
653.20204
655.23568
655.24264
655.24828
657.01042
657.04234
657.05698
658.73254
659.88484
660.76816
661.30870
661.39786
661.79824
662.66830
663.00454
663.03550
663.04144
663.59824
666.60022
667.53508
667.56154
667.87474
667.90936
667.91536
667.92856
667.94464
667.98688
668.04328
668.06176
668.08594
668.22922
671.37280
672.92506
673.36318
673.77706
675.04210
675.51778
676.04896
677.12602
677.13514
677.17636
677.86252
679.80070
679.80556
681.12670
681.16414
681.20074
681.22714
681.28762
683.57746
685.45480
686.07604
686.26954
686.28664
686.31082
686.42206
686.43154
686.46100
688.33678
689.77858
690.86872
690.95752
691.21918
693.24586
693.48916
693.80890
695.07568
695.35930
695.39308
695.41864
695.46256
697.09750
697.40464
698.68840
699.58684
700.66780
701.73694
703.95160
704.00806
705.92278
706.06570
706.71622
706.82488
706.90174
706.93600
707.06554
711.32692
711.47266
712.28242
714.55462
716.66446
716.86558
717.46456
718.21840
718.82446
718.98406
719.79214
719.81002
721.28272
721.51822
721.52548
721.53622
722.64646
724.23352
724.38922
724.48414
724.86178
726.21610
726.97684
728.68102
729.92212
730.77490
732.05524
732.58600
733.55266
733.65028
734.35612
734.99014
735.01282
735.02998
735.05038
735.06358
736.83208
738.10684
738.54112
739.65694
742.85848
743.59354
744.04288
745.43950
746.43274
747.03502
747.66058
749.95708
752.10082
752.18422
752.19304
752.66494
755.16040
756.38806
758.34292
760.06300
760.79776
761.35894
761.98954
762.83926
763.80868
765.41644
766.65286
766.67836
766.77982
766.80466
766.83922
766.92838
767.05432
769.66240
770.45218
771.28948
771.72838
771.91390
772.53970
774.74542
777.52090
778.13746
778.19944
781.90384
782.92216
783.73186
784.08310
787.39192
789.23530
789.34630
789.41872
792.75190
795.29350
796.56982
796.57618
798.61168
799.23826
799.58566
799.66648
799.71616
800.09254
802.31836
803.30728
803.68708
804.32680
805.38400
806.05018
806.68006
807.11500
807.50110
808.71754
808.72312
810.58510
812.24734
815.19706
817.53256
818.39314
819.26746
819.29326
819.33040
820.73104
822.80164
823.04530
823.64536
823.77826
824.26192
827.73310
828.40288
828.65038
829.07818
830.94544
832.75522
833.65882
834.24520
835.03882
837.34822
837.34990
838.11940
839.20090
841.41112
841.42216
843.47416
845.49100
846.80848
847.75804
847.76296
848.48254
849.14194
851.82970
852.02446
852.03292
852.03940
852.11278
856.03318
856.07086
857.17828
859.19872
859.20736
859.22860
859.90648
861.12160
861.20266
862.68208
864.77842
867.18040
870.14794
870.86356
875.04538
877.55584
878.67400
880.65358