0.16264
0.35998
0.90622
1.39252
1.39486
2.11876
2.12884
2.27914
2.52544
3.81166
3.85198
3.88522
4.00150
4.70542
4.74238
5.06152
5.45602
7.08706
7.25470
8.24398
8.79376
8.81140
9.57616
10.17316
10.56916
10.57684
10.67842
10.81948
10.87768
11.18074
11.48410
11.49676
11.50630
11.81614
11.98924
12.66220
13.31236
13.78666
14.41072
14.42920
14.53030
14.85334
14.86936
14.89600
14.91052
15.19618
15.35290
15.39028
15.41464
15.54166
15.64576
15.65212
15.71824
15.74698
15.91882
15.93172
17.10784
18.98482
20.45026
21.46552
21.94942
22.58890
22.69246
22.99564
23.63530
23.65570
23.70004
23.81206
23.83306
24.09382
24.21148
24.33766
24.96808
25.32730
25.55758
25.87144
25.97470
26.33590
26.35054
26.52070
26.84386
27.12082
27.14122
27.16936
27.29350
27.36790
27.51508
28.01650
28.85338
29.69998
29.97346
31.00984
31.49644
31.93276
32.13274
32.18644
33.13144
33.70540
33.87538
34.35106
34.93648
35.28400
35.39788
36.32104
36.34012
36.91654
37.31110
37.63618
37.94368
38.08252
38.22004
38.32900
38.64994
39.01546
39.22600
39.42598
39.63760
39.76264
39.94840
40.14562
40.39840
40.47136
40.72132
40.78546
40.81762
40.93834
41.40148
41.59888
42.48418
42.76492
43.14154
43.31950
43.45210
43.46380
43.77364
44.55280
45.06256
45.13264
45.55684
46.20334
46.24942
48.39454
49.83340
50.51026
50.61772
50.73604
50.75674
51.07720
51.32710
51.64366
51.85378
52.50946
53.38276
53.45692
54.64678
54.68044
55.14940
55.69228
55.69876
55.89220
56.16250
57.60136
58.62466
59.10256
59.95780
60.09526
60.19774
60.30502
61.47364
61.93096
62.28022
62.56738
63.18490
63.30418
63.95272
64.29292
66.61696
67.02010
67.12192
67.21522
67.77274
67.92904
68.20060
68.39956
68.75578
68.77246
68.87248
69.05314
69.38932
69.78898
69.88906
70.10566
70.47622
70.72222
71.37568
71.96152
72.16930
72.25534
72.58108
72.59554
72.67540
72.69484
72.86530
73.10512
73.12582
73.40770
74.08552
74.51884
74.68054
76.93492
77.52712
77.88748
78.72790
79.11724
80.45080
80.63674
80.90302
81.04006
81.70054
82.42636
82.58314
83.01568
83.02630
83.19022
83.22604
83.26552
83.41696
83.76604
84.19924
84.59284
84.66934
85.25890
85.31932
86.49634
86.52286
87.69934
87.85492
88.30960
88.59844
89.00230
89.46808
91.66966
91.68196
91.99828
92.13436
92.16250
92.43454
92.45878
92.46520
92.55064
92.56084
92.76778
92.82424
92.88820
93.08788
93.11104
93.24088
93.40180
93.62530
93.82390
94.01722
94.10614
94.18144
96.13114
96.14290
96.25048
96.87076
97.40440
97.40764
97.60792
97.75408
98.72650
100.00600
100.19710
100.29862
100.64962
100.97524
101.10382
101.51254
101.98618
102.34414
103.39672
103.78378
103.93858
103.97140
104.52574
104.54308
105.10036
105.19924
105.23236
105.32224
105.53254
106.01992
106.18906
107.70808
109.08892
109.11268
109.48390
109.56448
109.57942
109.64860
111.06514
111.56512
111.62194
111.68164
111.99568
112.01902
113.22526
113.56888
113.69818
113.79442
113.81470
114.22612
114.35746
114.70732
114.75196
115.04416
115.19536
115.47076
115.72792
116.20768
116.44192
116.56468
116.58880
116.92390
116.95390
117.12772
117.22390
117.55168
117.97330
119.05390
119.68066
120.18730
121.35448
121.36384
121.42510
122.12038
122.36290
122.37022
122.38714
123.18718
123.60364
123.80338
124.15720
124.46752
124.54378
125.06770
126.12010
126.29434
126.34432
126.43660
126.46264
126.51370
126.54706
126.61108
126.63712
126.74872
126.97276
127.07758
127.12846
127.59742
127.65772
127.95334
128.14366
128.16496
128.23024
129.60364
129.73036
130.09396
130.15072
131.49682
132.23008
132.72748
133.79320
134.68420
136.11328
137.47462
138.20710
138.25696
138.26938
138.27220
138.30022
138.78880
138.91966
139.24366
139.27630
139.38382
140.11648
141.32686
141.47392
141.82408
142.64008
142.87660
143.22658
143.71240
144.92284
145.14298
145.84276
146.11204
147.00928
147.38614
148.52836
149.17102
149.23876
149.37808
149.48182
149.50894
149.56888
150.12808
150.28396
150.47812
150.79462
150.82474
150.85768
150.96526
151.26772
151.29454
151.30084
151.54024
151.55518
151.73734
152.04436
152.18806
152.92930
153.45814
154.07896
154.08862
154.42168
155.89312
156.13714
156.32434
156.43984
156.45760
157.30678
157.65988
158.54680
158.54836
158.83036
158.90944
159.44290
160.15930
160.24006
160.41628
160.77520
160.81420
160.84918
161.04928
161.16082
161.51560
161.88628
161.90536
162.33166
162.35332
162.36844
162.59596
162.62218
162.88222
162.94594
164.72158
165.29560
165.46804
165.75052
165.89146
166.40800
166.50052
166.50802
166.87456
167.57446
168.74428
169.09084
169.60744
169.70902
170.54056
170.62402
171.56740
171.74050
171.96358
172.09756
172.32742
172.47790
172.59418
172.74442
172.81066
173.00692
173.00986
173.75716
175.46710
175.58752
176.19808
177.16090
178.18342
179.23000
179.29000
180.68260
182.93746
183.04402
183.05680
183.06304
183.14026
183.22402
183.26686
183.61612
183.86092
184.06078
184.39024
185.22784
185.30338
186.71710
186.73456
186.80014
187.04422
187.72132
188.12812
189.05128
189.09064
189.78472
190.86448
190.90492
190.97440
191.95468
192.25786
193.28866
193.60534
194.03776
194.16478
194.70082
194.70838
194.71864
195.35164
195.85852
196.85848
199.07926
199.19866
199.40608
199.55170
199.72882
200.07568
200.77546
201.05638
202.45936
202.63474
202.84444
203.04268
204.59038
204.89668
204.92626
204.93034
204.96496
205.07890
205.34428
205.52362
205.78912
206.15938
207.10408
207.59326
208.71154
210.26722
211.00774
211.10296
212.00512
212.91454
213.16048
213.40294
213.81844
215.15728
215.59852
215.82460
216.84448
217.41550
217.44208
217.59100
217.61560
217.76524
217.83484
218.00416
218.04004
218.43208
218.43496
218.47462
218.68456
219.18784
219.35824
219.63190
219.80140
220.12138
222.11818
223.17058
223.47928
224.28538
224.70262
224.72962
225.47638
225.51682
227.54770
227.83636
228.10618
228.30712
228.43456
228.70840
229.16398
229.39390
229.46794
230.73772
231.38140
231.41908
232.94866
234.06868
234.49912
234.76600
236.08312
236.33338
236.94448
237.26404
238.29820
238.35502
238.42654
238.57168
238.72534
238.81498
239.24506
239.50120
241.29604
241.68544
242.19682
243.41968
245.29768
246.64276
246.66370
246.70840
247.83280
248.20498
249.89278
249.96880
250.03936
250.23028
250.28830
250.30606
251.06560
251.69926
253.07134
253.54972
253.58140
254.05780
254.37832
255.56794
255.78892
256.10632
257.99848
258.67678
259.89418
260.48440
260.95882
260.96536
261.26338
261.30178
261.55444
261.57214
261.87574
262.05502
262.27546
262.35196
262.49560
262.52158
263.02162
263.20612
264.62260
264.75592
265.14448
266.62798
266.79802
267.38158
267.47602
269.46916
270.67012
271.15024
271.68136
272.36788
272.58448
273.17026
273.78622
273.82378
274.79716
274.87822
276.10054
277.81690
277.87108
277.89418
279.96946
280.65568
280.94986
281.18950
281.50036
281.56318
281.58976
281.70100
281.88598
282.27118
282.28330
282.65446
283.94884
284.15830
284.30062
284.30218
284.66974
284.78908
285.05848
285.69226
287.15740
287.94364
288.08752
288.17074
289.32796
290.21236
292.18630
292.38658
292.52728
292.77004
293.05594
293.51386
293.54176
293.59756
293.75116
293.85712
294.31804
294.32758
294.40438
294.63178
294.69784
294.82876
295.99900
296.77972
297.20416
297.92938
299.26168
299.31844
299.34988
299.42338
299.66194
302.21212
303.48250
304.50058
304.77688
305.23780
305.97736
306.09052
306.17770
306.52090
307.35202
308.84788
310.50370
310.86292
311.52010
311.55076
312.69424
313.71478
314.37238
314.48074
314.95852
315.55120
315.78964
315.81922
315.91384
316.02310
316.12942
316.20232
316.23982
317.20990
317.26330
320.46766
322.03486
322.24840
322.96204
323.74306
324.49342
324.94366
325.42330
327.01120
327.04726
327.31768
327.99490
328.19770
328.20694
328.35868
328.53010
328.80178
328.86814
328.90492
329.06470
329.26798
329.41210
329.43814
329.57164
329.59024
329.61478
329.87176
329.89564
330.18850
330.29254
330.37594
330.56524
331.40188
332.02990
334.02058
334.94140
335.01310
335.05072
335.38360
335.41726
336.84832
337.82944
337.90648
337.93486
337.98460
338.18140
338.30164
338.48884
338.58226
338.60590
338.65540
338.87884
338.98252
339.12226
339.24832
339.29920
339.35272
340.04644
340.16614
340.56106
340.63558
341.13202
341.62582
342.30274
342.41614
344.02000
346.12648
346.91506
346.95166
347.58928
348.21886
349.23526
349.28452
349.69150
349.69930
349.82338
349.96660
349.98244
350.78368
351.72262
351.80602
353.20414
353.70694
354.54478
356.05054
356.29792
356.64796
358.72294
358.77952
360.06364
360.49300
361.10914
361.12672
361.15738
361.50628
361.52668
361.54984
361.72678
363.49420
363.81112
366.56896
366.77650
367.52938
368.67724
368.98426
369.39286
370.68436
370.86022
370.86382
371.00356
371.01148
371.11432
371.32570
371.39170
371.63686
371.85844
371.91754
372.13504
372.80230
373.10752
373.37446
374.44648
374.54560
374.55604
374.62534
375.08014
376.06666
377.45056
379.90450
380.78944
381.23584
381.31558
381.75772
381.97882
382.24738
382.45984
382.51954
382.59658
382.61956
382.86964
383.17414
383.18656
383.24962
383.27626
383.98156
384.26266
384.28018
384.59140
385.14154
385.32082
385.73218
385.76146
386.66416
386.99884
388.22098
389.73946
390.27268
390.68998
391.87096
392.21758
392.44486
393.09532
393.20086
393.38062
393.81958
393.89830
394.04752
394.07464
394.30066
394.60306
395.27530
395.36962
395.43670
395.47276
395.87308
396.33730
396.35206
396.38110
396.74896
398.12662
398.84728
399.38830
399.43996
399.54394
401.36110
401.76784
402.57520
403.67836
403.72870
403.97950
404.18290
404.27866
404.61904
404.71570
406.17928
406.73974
407.27974
407.77006
408.20308
408.98638
409.08700
409.25248
409.40080
409.50706
409.56358
410.32336
410.51410
410.79478
411.01750
412.29538
412.64812
414.51910
415.68838
415.71550
416.34640
416.40568
416.63008
416.66602
417.70750
418.43194
418.64248
418.91422
419.00014
419.87848
420.02644
422.99152
423.92452
425.33536
425.59726
426.83218
426.96676
427.63630
427.92676
427.98646
428.01328
428.20456
428.70658
428.82004
429.01744
431.29750
431.97094
433.96114
433.97944
435.89608
437.35294
437.37934
438.34426
438.44650
439.04014
439.06696
439.58722
439.59916
439.69960
439.74832
440.05720
440.38438
440.58100
440.68468
443.18608
443.51464
444.43834
444.76516
444.91570
446.22310
446.37580
447.32350
447.95272
448.64290
449.76370
449.94580
450.27688
450.29344
450.38440
450.48616
450.65446
450.67144
450.72580
450.85330
450.90706
451.03000
451.29082
451.49650
451.71016
451.71406
451.92694
451.93828
452.82124
453.25702
453.82804
454.06066
455.26726
455.35828
455.59156
455.71108
456.77512
457.17790
457.23412
458.57458
458.58952
458.70052
458.84842
460.82848
462.22276
462.73642
462.75568
462.96616
463.05214
464.17630
464.66638
465.24046
466.77652
466.89568
468.23362
468.28336
469.29352
469.96672
472.50676
473.14396
473.19142
473.36290
473.50582
473.69086
473.80984
473.87302
473.96998
474.04672
474.05824
474.25324
474.56992
475.78024
476.46796
476.52790
477.21556
477.68704
477.71392
478.66816
480.41182
480.41848
480.43456
481.00168
481.24534
483.96514
484.91536
485.26558
485.50006
485.66296
485.97970
486.00334
486.13876
486.40360
486.94234
487.06048
488.31100
488.35072
488.76052
488.89276
492.53212
493.22206
494.03542
494.46886
494.89336
495.22534
495.29374
495.45676
495.45904
495.88240
495.89722
495.93616
496.17844
496.27390
496.36990
496.48666
497.46988
498.98008
500.51896
500.55910
501.32872
505.10416
505.36726
505.42348
505.63426
505.65442
505.81354
506.06674
506.07910
506.68036
506.73478
506.83048
506.99428
507.03040
509.31406
510.42892
513.45346
514.00108
516.14710
516.18880
516.29482
516.45070
517.06102
517.29454
517.55110
518.79502
518.83750
518.94496
519.21958
521.41246
521.43154
523.86466
523.99042
524.76334
525.13654
525.60460
526.07374
526.38496
526.99120
527.02432
527.29366
527.79760
528.50854
528.73108
528.80086
528.88660
529.04800
530.19544
530.42896
530.97820
531.06244
532.17532
532.84348
533.28640
533.91760
535.43272
536.06926
537.28294
537.43312
537.86662
538.62640
539.28340
539.48080
540.49060
541.25032
542.06188
542.65438
542.98402
543.15106
543.40852
544.20718
544.23172
544.99870
545.23186
545.89108
546.29890
546.32578
546.45130
546.92368
547.54888
548.06242
548.41822
548.80822
549.35542
549.72106
550.15198
550.19566
550.26868
551.36890
551.46682
551.91634
553.43998
553.88008
558.43168
559.26682
560.04862
560.23738
560.26120
560.32078
560.43730
560.74840
560.89426
561.02104
561.83782
561.94708
562.92154
563.37808
563.42320
563.64484
563.67526
564.33850
565.29226
566.58046
566.58352
567.01720
568.09354
569.69596
569.71390
570.27958
570.69652
570.75376
570.76564
570.82258
570.83698
570.91330
571.04680
571.36318
571.57306
571.88626
572.16412
572.74258
572.83990
572.85658
573.99958
574.83100
575.25520
575.55400
575.64004
576.88744
577.07308
579.40426
579.43996
580.01080
580.18756
580.35694
580.91968
581.87338
584.24062
584.30716
586.28524
586.86142
586.86502
587.62276
587.77144
588.09754
589.84768
590.85250
591.48532
592.01830
592.24768
592.33864
593.04220
593.11234
593.12860
593.13604
593.66860
593.99146
594.27220
594.90268
595.26946
597.82516
599.28574
600.90502
601.63948
601.73704
601.96900
601.98268
602.74648
602.75908
602.82286
604.02586
605.04250
605.82586
606.25654
608.09254
608.77330
608.80390
608.83984
609.39604
610.17058
610.18984
610.24762
611.82682
612.79258
612.82942
612.86338
612.92656
613.54282
613.83982
613.88662
613.90840
614.49670
614.69254
614.82556
614.95294
615.01552
615.01738
615.29164
617.00668
617.32510
617.95906
619.07590
619.09156
619.69924
620.01448
620.25310
620.45926
621.33736
622.79248
622.99246
623.37190
623.47576
623.73904
623.83684
624.96586
626.18554
626.95606
627.79240
628.62718
629.33272
629.47612
629.95420
630.00346
631.09282
631.20964
631.40692
633.14074
633.70282
633.76498
633.79240
634.14472
634.87096
635.15494
635.49052
635.63716
637.44142
639.97174
640.13950
640.20190
640.47580
640.70914
641.78518
642.43918
643.74970
644.05198
644.22562
644.47930
645.10030
645.32632
645.42598
645.44356
646.70260
646.72960
646.96258
647.29606
647.41690
647.82976
647.85532
648.97714
649.48138
649.56304
649.87978
650.11876
650.49388
650.94124
650.95708
651.15052
651.21328
651.53356
651.58000
652.94668
653.28394
654.38356
654.40354
654.62272
654.89668
655.17004
655.44676
655.62010
656.03788
656.91082
657.36154
657.77626
657.97450
659.66098
660.98080
660.98818
661.06384
661.08004
661.11382
662.16394
662.39170
664.21396
665.09506
665.78098
665.88742
666.07516
666.07672
666.34270
666.48142
666.83764
667.68748
667.78120
668.43694
668.92156
669.55486
669.59716
669.85984
670.52932
672.20326
672.80914
672.84598
674.39722
676.25056
676.33738
676.38832
676.84480
676.89316
676.99198
677.09332
677.34124
677.64376
677.66758
678.14812
678.15172
678.16858
678.60820
678.82498
678.87952
679.01854
679.13530
679.24216
679.24444
681.11686
683.70118
683.98012
684.96448
685.30174
685.65454
685.75486
686.11462
686.34226
686.52166
687.53890
687.57988
688.03546
688.07638
688.62652
689.09884
689.30608
690.96322
695.00518
695.09788
695.89570
697.73092
697.82524
697.87510
697.91530
697.98076
699.17566
699.74008
699.86542
700.68766
702.22690
702.36430
704.36374
704.38168
705.95512
707.15890
707.44414
707.87206
708.02302
708.17494
708.90112
709.52620
709.53928
709.79314
710.46916
710.72842
710.86270
711.03322
712.12090
712.12246
712.57990
715.59448
715.67266
715.72492
716.12056
716.34736
718.07494
718.29784
718.54528
718.76416
718.86994
719.18800
719.42116
720.05890
720.35524
720.50266
720.70258
721.43584
721.81264
723.15976
723.26152
724.31236
727.06510
727.07638
727.65316
729.07714
729.08662
729.29062
729.46456
729.50038
729.51748
729.54406
729.74308
730.46458
731.60452
731.81404
732.65086
732.73804
734.03200
734.56804
734.91076
735.00046
737.20600
737.21848
737.79232
738.60538
738.75202
739.20160
740.94286
741.23578
741.25606
741.34342
741.46912
741.71656
741.84520
742.23664
742.26322
742.37992
743.16676
743.47186
743.78884
744.35032
744.54766
744.89326
744.90742
744.90970
744.96964
745.13098
745.89310
747.45316
747.53002
748.17610
748.35070
748.67626
749.15332
749.21752
750.54718
751.85992
752.10802
752.11102
752.12932
752.65450
756.72094
757.85092
757.88428
758.81878
758.94898
759.95224
762.03334
762.28606
762.59296
762.97564
764.10238
764.66980
765.20320
765.55606
765.76936
766.01656
766.75264
767.80384
767.82046
768.29398
768.35392
768.77302
770.60164
771.12370
772.05454
772.37134
773.18080
773.19088
773.21404
773.56402
773.71864
773.77444
774.18856
774.99484
775.00786
775.64758
776.42488
776.74546
777.68188
779.82898
780.78970
781.47550
781.62034
784.02364
784.43386
784.56712
784.64956
784.66030
784.75324
785.00344
785.41036
785.63992
785.69710
785.87038
785.93092
786.92770
788.35786
788.87716
790.04416
791.46772
792.28756
792.47758
792.63184
793.12246
793.39168
793.70842
793.82734
793.83052
795.02980
795.08452
795.47806
795.67534
795.95020
796.33852
796.94878
796.98484
797.09218
797.22568
797.78866
797.79214
798.51550
799.57318
799.77142
800.82610
801.25318
802.12504
803.20234
803.28568
804.57676
804.89986
805.49608
806.08576
806.52628
808.24804
808.54138
808.75804
808.88446
809.31004
809.35756
809.41744
809.99092
810.00604
810.11380
810.73666
811.53052
811.93444
812.31400
812.87548
813.60154
815.14042
815.19796
818.78212
819.02542
819.12886
819.33904
819.42658
819.45586
819.48196
819.53878
820.09924
820.54342
821.51344
822.98986
823.87714
824.37136
825.44182
825.63034
825.84820
826.13356
826.72462
827.03194
827.50462
828.80554
828.81946
828.82744
829.10818
830.32606
830.75626
830.90620
831.30652
831.95266
831.97876
832.31596
832.51306
834.13426
835.55122
836.20408
836.78842
837.05830
838.04734
838.28806
838.83826
838.84486
840.41212
840.56674
840.81964
840.96982
841.06498
841.38658
841.72522
841.82308
841.85758
841.97014
843.71254
844.07080
845.05714
847.33750
848.38438
848.43412
849.31984
850.34206
850.59310
851.74906
851.96548
852.35662
852.42604
852.66604
853.04212
853.18234
853.47646
854.00950
854.85346
855.62950
856.20304
856.34920
856.81972
856.86376
858.75010
858.77194
858.98404
859.29136
859.46494
860.51116
862.29850
863.08810
863.11522
863.52478
863.70904
863.73556
863.79898
863.81524
864.07834
864.13972
864.51874
864.55828
864.58492
864.60148
864.72574
865.15198
865.35922
865.51948
866.41180
866.89012
867.90682
868.06312
868.22362
868.29544
869.35966
870.48586
870.62644
871.09324
871.55368
871.57918
871.99594
872.51938
873.43054
873.93280
874.60012
875.46682
875.66386
875.67880
875.94340
875.95288
875.96686
876.31696
876.86212
877.19098
878.82964
879.31006
880.80256
881.22250
881.76316
882.03364
883.39654
883.45048
883.80298
884.77744
886.31308
888.49522