0.12676
0.38680
0.45628
0.51724
0.62008
0.72694
0.75058
1.00324
1.18990
1.45072
1.97332
2.18734
2.37058
2.75080
2.75380
2.80408
3.03736
3.05404
3.07048
3.08446
3.10408
3.15412
3.17074
3.32368
3.37738
3.60712
3.63742
3.72088
3.73450
3.83740
4.00414
4.11778
4.24084
4.27786
4.30426
4.49038
4.63042
4.67392
4.80424
5.03476
5.10160
5.16826
5.18482
5.39464
5.59432
5.75470
5.80456
6.04468
6.21838
6.23506
6.57136
6.87832
6.95776
7.47856
7.49476
7.78864
7.79512
7.88122
7.99912
8.04514
8.05210
8.06884
8.95540
8.99794
9.25246
9.40534
9.42208
9.47212
9.52204
9.58888
9.60538
9.73594
9.94816
9.95866
10.11922
10.43902
10.50580
10.60594
10.84864
11.17546
11.32546
12.00898
12.20608
12.27562
12.84628
12.92290
13.17322
13.37314
13.55332
13.69648
14.28694
14.37058
14.37340
14.64694
14.71612
14.80948
14.92312
15.07042
15.14944
15.26620
15.49012
15.60958
15.67078
15.71644
15.74680
15.88318
15.89020
16.20700
16.30408
16.47388
16.48744
16.53760
16.84720
16.90414
16.96678
16.98736
17.63782
17.82676
17.87386
18.31420
19.04092
19.30480
19.69108
19.79410
20.77768
21.89176
22.01134
22.02508
22.15108
22.68880
22.88920
23.28910
23.29228
23.50876
23.89240
24.21190
24.36190
24.37570
24.60622
24.65614
24.68956
24.69238
24.93586
25.03960
25.13956
25.18960
25.25626
25.52590
25.69978
26.31886
26.47918
26.49004
26.54596
26.81260
27.10684
27.19606
27.22372
27.25672
27.29038
27.54058
27.54604
27.59998
27.67660
27.77956
28.09060
28.36030
28.47640
28.57390
28.96336
29.02390
29.16040
29.20774
29.24092
29.24392
29.29108
29.34700
29.49820
29.52016
29.65780
29.89132
30.00082
30.29410
30.48436
30.60640
30.87160
31.05838
31.17808
31.34476
31.59172
31.81168
32.34202
32.49202
32.66464
33.45460
33.60928
33.71848
33.99268
34.54864
34.75948
35.16928
35.20972
35.37916
35.43232
35.68216
35.71570
36.09328
36.22954
36.86326
37.07992
37.77706
37.86652
38.26066
38.47300
38.61370
38.67316
38.71678
38.77756
38.81074
38.86672
39.09424
39.18052
39.32758
39.44734
39.57064
39.81106
39.93070
40.37794
40.47808
40.55428
41.24476
41.28142
41.51470
42.15784
42.37858
42.88474
43.10140
43.84570
43.89862
43.99888
44.11840
44.68876
44.70184
44.80192
44.88520
45.09274
45.28624
45.36862
45.45208
45.91294
46.00600
46.22986
46.30612
46.39648
46.53292
46.61902
46.89664
46.98592
47.44240
47.74246
47.80660
48.23038
48.49708
48.59716
48.73348
49.06672
49.42012
49.61410
49.66690
49.88086
49.93072
49.96402
50.58112
50.58400
50.67022
50.85088
50.87026
50.90752
51.02416
51.25372
51.38716
51.71026
51.76474
51.77056
51.90100
52.86796
53.35798
53.69866
53.83198
54.05458
54.92524
54.95482
55.82158
55.88554
56.02552
56.66896
56.71618
56.74948
56.92204
57.45556
57.47584
57.48298
57.56938
57.61924
57.69970
57.80272
58.13620
58.18612
58.37614
58.53322
58.53916
58.63624
58.68904
58.71340
58.75318
58.80286
58.89082
59.11942
59.13634
59.40016
59.78650
60.10042
60.30034
60.63658
61.18372
61.28392
61.32022
61.33408
61.63702
61.68700
61.96744
61.97332
62.04646
62.08714
62.39770
62.77048
62.87362
63.29038
63.37366
63.73450
63.86356
64.08472
64.16098
64.30732
64.79446
64.80436
64.84444
65.67802
65.71396
65.77132
66.19744
66.53518
66.85498
67.44118
67.68856
67.75528
67.89502
68.18872
68.44792
68.95252
69.09310
69.60844
69.70552
69.73600
69.82222
69.97228
70.18612
70.28914
70.32238
70.80880
71.28640
71.66992
71.97976
72.09250
72.19912
72.39262
72.65320
73.05640
73.29652
73.40944
73.43338
73.47304
73.48702
73.51324
73.55368
73.60648
73.60966
73.83274
73.85638
74.15692
74.22328
74.23720
74.54296
74.61352
74.84020
75.04024
75.14026
75.32368
75.34984
75.39034
75.44032
75.60976
75.62374
75.70708
75.89032
75.93064
75.94054
76.00720
76.05712
76.30726
76.35712
76.40722
76.41424
76.52398
76.75726
76.83748
76.90738
76.92394
76.99066
77.05720
77.07394
77.12410
77.25742
77.27104
77.34088
77.37412
77.43778
77.44066
77.52406
77.54080
77.55748
77.57122
77.67406
77.82424
77.84080
77.94364
77.95756
78.05470
78.10768
78.23086
78.27424
78.36052
78.49090
78.54094
78.62434
78.65764
78.66046
78.69100
78.79096
78.80470
78.90772
78.99112
79.07164
79.34104
79.41058
79.44106
79.80802
80.50816
80.57782
80.86102
81.37510
81.64450
81.70114
82.00852
82.47244
82.53898
82.79836
83.57548
83.71840
83.75590
83.94220
84.06190
84.14506
84.95902
85.74556
85.75924
85.82572
87.56620
87.87628
89.25694
89.60680
90.17950
90.37360
90.54046
90.71938
90.75280
90.76726
90.87382
91.31032
91.76296
92.01016
92.17402
92.44660
92.51044
92.77414
92.79382
92.92426
92.96038
92.96722
93.07708
93.16042
93.42718
93.76060
93.79390
93.80050
93.94396
94.02718
94.11052
94.29388
94.35778
94.52440
94.59406
94.67416
94.74400
95.04112
95.19106
95.21080
95.34430
95.37454
95.54422
95.57458
95.75794
96.11386
96.14128
96.16390
96.31378
96.59722
96.63718
96.74458
96.79432
96.82480
96.94456
97.13062
97.32784
97.36102
97.37782
97.42780
97.54444
97.58734
97.79734
97.84450
98.08738
98.13070
98.18470
98.20138
98.21128
98.22808
98.30830
98.52790
98.64466
98.64748
98.66128
98.73268
98.84182
99.01150
99.62536
99.74218
100.04218
100.15882
100.24522
100.34494
100.37842
100.59232
100.99540
101.21200
101.47594
101.76226
101.99266
102.36898
102.94876
103.40248
104.29594
104.55988
105.09616
105.46612
105.57970
105.93628
106.29664
106.41334
106.47244
106.90324
107.04370
107.93038
107.98036
108.10372
108.11086
108.19396
108.23050
108.45382
109.14730
109.21102
109.51990
109.57342
109.62082
109.96708
110.41138
111.35770
112.26178
112.38448
112.54546
112.61794
112.76188
112.86526
112.97188
113.19856
113.21218
113.39848
113.70184
113.83870
114.44602
114.53242
114.94912
114.98536
116.18002
116.23960
116.74696
116.83318
117.03622
117.04702
117.28030
117.48334
117.55000
117.76684
117.80026
118.10698
118.23370
118.55050
118.63096
119.04778
119.24344
119.51032
119.88436
119.89822
120.14812
120.31786
120.82504
120.85132
120.93178
121.19152
121.79872
122.00176
122.06860
122.09878
122.13238
122.13514
122.17144
122.18530
122.20186
122.50480
122.57158
122.93824
123.09484
123.11584
123.26596
123.34942
123.56896
123.80248
123.85240
123.86920
123.88576
124.03294
124.10230
124.15546
124.16644
124.24258
124.30252
124.43290
124.67590
124.71940
124.78318
125.20588
125.26966
125.42260
125.60302
125.86990
125.93944
126.06688
126.12664
126.33352
126.40312
126.43372
126.58378
127.12036
127.22308
127.30048
127.42042
127.60084
127.83712
127.97074
128.17996
128.20096
128.21770
128.28424
129.05440
129.52774
129.57118
130.07128
130.17130
130.30456
130.33102
130.33792
130.59484
130.85194
130.89460
130.91872
130.93528
131.01862
131.18542
131.21872
131.30206
131.60212
131.68822
131.82208
131.90806
132.05542
132.32872
132.35254
132.88624
133.12522
133.30276
133.43626
133.88938
133.90300
134.23942
134.46982
134.50330
134.57566
134.71984
134.72308
135.25342
135.42262
135.47296
135.72316
135.87016
136.23706
136.54300
137.07364
137.22370
137.53036
137.65726
137.79340
138.00424
138.07096
138.11014
138.20440
138.35740
138.37414
139.04356
139.40752
139.78798
139.97140
139.98796
140.12434
140.50474
140.70484
140.75158
140.86084
140.90476
141.57742
141.64438
141.70798
142.06720
142.25788
142.47766
142.58824
142.62184
142.72474
143.20780
143.49148
143.57488
143.78866
144.23878
144.30088
144.31492
144.32182
145.13434
145.23880
145.39480
145.67218
146.17822
146.93872
147.70570
147.87244
147.91150
147.94192
148.14226
148.56544
148.62256
148.68466
148.79230
149.50900
149.58952
149.67568
149.80918
149.99242
150.18520
150.26194
150.26578
150.37288
150.49270
150.51208
150.58966
150.67570
150.71218
151.01854
151.54288
151.66870
152.00638
153.12346
153.21274
153.30982
153.35980
153.74020
153.84622
153.85258
154.09330
154.39336
154.60306
154.97374
155.06026
155.07970
155.16022
155.24380
155.69074
155.84074
156.00034
156.41716
156.56350
156.69388
156.76354
157.30774
157.58686
157.66378
157.93678
158.02762
158.18698
158.34730
158.56762
159.11392
159.21430
159.24766
159.31132
159.64468
159.95848
160.71814
161.02840
161.13502
161.34514
161.88796
161.95900
161.99242
162.38146
162.99238
163.26220
163.29238
163.33156
163.42888
163.46518
163.54852
163.66252
164.12194
164.33200
164.41552
164.51284
164.64880
164.65984
164.96290
165.39628
165.76000
165.77686
165.84340
165.89602
166.96756
167.07250
167.14666
167.14954
167.33308
167.47006
167.54692
167.66050
167.81362
168.08314
168.11368
168.19408
168.96676
169.28980
169.31686
169.39432
169.73086
169.84444
170.53102
170.97808
171.15448
171.21424
171.27820
171.78124
171.92812
171.94060
172.18786
172.49524
172.64812
172.86796
172.98826
173.10124
173.28178
173.64544
174.23488
174.53194
174.71248
174.75160
174.86830
174.94582
175.32214
175.39870
175.48204
175.54894
175.64590
175.70206
175.72912
176.01550
176.14606
176.40190
176.44918
176.91880
177.06292
177.13546
177.24640
177.58270
177.59644
177.63256
178.26328
179.09962
179.24968
179.54686
179.62306
179.88610
179.89978
180.03016
180.04954
180.18634
181.30288
181.33630
181.71970
181.73050
181.85308
182.54308
183.17356
183.22642
183.86716
184.31716
184.44772
184.57384
184.85350
185.39782
185.61754
185.65078
186.00370
186.01036
186.31456
186.46456
186.83152
186.90382
186.91468
186.91774
187.23712
187.27420
187.36468
187.51780
187.59100
187.75102
188.08426
188.14786
188.23150
188.23444
188.36770
188.58748
189.34144
189.45760
189.84370
190.40422
190.58176
190.84834
191.11504
191.11792
191.23150
191.24416
191.72092
191.74408
191.94142
191.96506
191.98456
192.63466
192.64150
192.71800
193.19848
193.34854
193.39132
194.03470
194.16094
194.24854
194.32486
194.37490
194.71528
194.79436
194.81506
195.40444
195.68200
195.91540
196.07770
196.08484
196.11568
196.27114
196.34164
196.95160
197.05162
197.08216
197.17144
197.40454
197.50834
197.84872
197.93524
197.97514
198.00172
198.08500
198.09868
198.15460
198.21550
198.22510
198.36112
198.41830
199.13230
199.13536
199.66552
199.70842
199.74184
199.78216
199.80496
199.91566
200.62138
200.83540
201.28546
201.37144
201.45484
202.04914
202.13818
202.23232
202.23820
202.35478
202.51876
203.59918
204.03556
204.63550
204.73270
204.86878
205.27174
206.73268
206.73586
207.03574
207.55258
207.60532
207.79948
207.80248
207.95248
208.05904
208.16608
208.18282
208.28860
208.48882
208.88878
209.17894
209.20258
209.23276
209.23594
209.82838
209.85550
209.95240
210.03886
210.58300
210.63586
210.81634
210.82582
210.82840
210.89986
211.46932
211.75552
211.80286
212.15272
212.29978
212.30278
212.41636
212.41930
212.98324
213.13900
214.23316
214.41952
214.75306
214.83310
215.13916
215.51974
215.52904
215.76676
215.85964
215.90302
216.50014
216.65962
216.76654
217.21678
217.30978
217.42240
217.52242
218.05288
218.36254
218.46670
218.75986
219.18358
219.58378
220.09594
220.40614
220.43962
220.50328
220.55038
220.60036
220.72024
221.07004
221.11708
221.35042
221.39596
221.83384
222.17290
222.21028
222.26734
222.89362
222.92992
223.55080
224.37034
224.48992
224.52040
224.57014
224.59666
224.60362
224.62042
224.70382
224.78716
224.97040
225.00376
225.04660
225.05662
225.15370
225.23722
225.34384
225.35386
225.40828
225.45382
225.55396
225.56764
225.65398
225.72724
225.83716
225.98116
226.22344
226.29016
226.32052
226.37068
226.54024
226.58734
226.60390
226.92064
227.16094
227.42080
228.13468
228.18760
228.27076
228.89062
228.89434
229.45144
229.80730
230.74072
230.82418
231.51142
231.52420
231.67420
231.77806
231.81826
231.88510
232.03498
232.36834
232.41838
232.72138
232.87126
233.01400
233.17132
233.28802
233.44450
233.75800
233.93512
234.19498
234.26836
234.27814
234.30490
235.13824
235.15186
235.25176
235.36150
235.37806
235.70500
236.01868
237.21868
237.84118
238.35508
238.66864
238.91872
239.24500
239.30506
239.39128
239.45206
240.58822
240.93850
241.13830
241.48552
241.84786
242.36866
243.05500
243.35212
243.52186
243.73840
243.90484
244.04128
244.06870
244.16434
244.16866
244.18528
244.53826
244.67146
244.68820
244.78834
244.83832
244.87156
244.87450
244.93828
245.05492
245.20492
245.28820
245.29102
245.47156
245.51146
245.57152
245.76850
245.88832
246.08530
246.35476
246.42136
246.45496
246.74080
246.84088
247.21852
247.22140
247.31422
247.35466
247.39744
247.52128
247.71130
247.82116
248.12116
248.25730
248.89090
248.92786
249.35722
249.45142
250.21792
250.40428
250.47754
250.57114
251.01076
251.09410
251.27074
251.59030
251.88730
251.92054
251.98720
252.07054
252.09406
252.46318
252.50386
252.53404
252.53986
252.57028
252.66742
252.99754
253.00078
253.05058
253.13692
253.21744
253.28074
253.31398
253.33396
253.81720
253.89322
253.96726
254.07022
254.11288
254.77666
254.83948
255.45028
255.67918
256.35022
256.51984
256.60006
256.87252
257.00290
257.35570
257.65282
257.78614
257.98624
258.36646
258.66934
258.71950
258.76942
259.13884
259.38580
259.93288
260.04244
260.38276
260.45248
260.53276
260.84926
260.97586
261.06610
261.11170
261.18850
261.37198
261.75514
261.78256
262.09900
262.11142
262.39216
262.49932
262.65868
262.76560
262.83550
263.06566
263.18848
263.38216
263.53240
263.57176
263.64772
263.95216
264.58216
264.60196
265.53514
266.01532
266.33776
266.70808
268.23154
269.43736
269.71468
269.89096
270.42418
270.46474
270.50110
270.76462
270.76756
270.91738
271.15096
271.59796
271.93126
271.96750
272.08414
272.21740
272.45044
272.61442
272.68390
272.82034
273.20368
273.34066
273.65356
274.03414
274.61440
274.63090
274.63714
274.70050
274.90984
275.16724
275.50714
275.55058
275.71714
275.99770
276.07018
276.40060
276.65344
276.68092
276.75070
277.36432
277.38094
277.40344
277.66708
277.69750
277.96438
278.31094
278.38390
278.38672
279.28678
279.81718
279.90982
279.93064
280.49764
280.50058
281.51728
281.95360
282.07654
282.55690
282.61438
282.66718
282.84742
283.54324
283.69300
284.17360
284.58400
284.73382
285.22162
285.43378
285.65710
285.67756
285.85714
285.95050
286.00060
286.48384
286.84312
286.93396
287.17378
287.31994
287.91418
287.97382
288.74764
288.78376
289.10722
289.74754
290.35996
290.69050
291.03388
291.15070
291.16426
291.28090
292.25050
292.31428
292.50724
292.60048
292.72384
293.18092
293.83384
294.04768
294.07630
294.16426
294.43084
294.50710
294.96436
294.97654
295.42378
295.58668
295.74454
295.78084
295.98382
296.13676
296.22376
296.33374
296.36698
296.59018
296.59294
296.64016
296.76406
296.98084
297.00046
297.51706
297.59746
297.62614
297.83086
297.92656
298.29748
298.95316
299.88652
300.20968
300.22348
300.80320
301.47670
302.08648
302.27356
302.41684
302.96968
303.33040
303.91378
304.61950
304.91374
304.92586
305.14696
305.98618
306.28318
306.44680
306.58018
307.03936
307.46314
308.03572
308.24308
308.26330
308.30878
308.46598
308.47984
308.56606
308.82970
309.21304
309.25570
309.51592
309.96298
309.99628
310.07950
310.08916
310.29604
310.95862
311.00836
311.09902
312.36550
312.39868
312.73198
312.79132
312.79594
313.19878
313.83586
313.83862
314.56228
314.89870
315.00112
315.13468
315.18166
315.31210
315.58834
315.84508
315.88186
316.12876
316.38178
316.51528
316.60516
316.81198
317.11480
317.55484
317.81476
318.19504
318.24826
318.33142
318.58132
319.41460
319.44484
319.57852
319.71460
319.74508
319.74790
319.89802
320.34808
320.82382
320.90068
321.67822
321.86452
322.06144
322.23772
322.33114
322.56754
322.59460
322.64044
323.31448
323.34478
323.58076
323.59474
323.95060
324.29764
324.36424
324.41434
324.47818
325.10392
325.19038
325.19482
325.19752
325.24768
325.85050
325.96138
326.34754
326.96422
327.00052
327.03094
327.07372
327.12802
328.11112
328.13080
328.23076
328.58086
328.91710
329.39764
329.86126
329.93086
330.25048
330.59026
330.73378
330.93370
331.08076
331.26706
331.54000
331.61710
332.09446
332.33080
332.68090
333.23734
333.93070
333.96376
334.47784
334.98730
335.01112
335.23054
335.76406
335.78344
336.70396
336.76678
337.18330
337.54432
337.73716
338.01364
338.16070
338.51086
338.83990
338.99704
339.09706
339.24400
339.48982
339.49972
339.60646
339.72040
339.77746
340.37746
340.41070
340.58692
340.72738
341.29396
341.38684
341.41042
341.42014
341.67718
341.68960
341.77294
341.97706
342.21046
342.31048
342.32272
343.16332
343.20604
343.27000
343.85596
344.19670
344.82256
344.83930
345.01318
345.69940
345.83248
346.46302
346.78624
346.91956
347.01946
347.06596
347.51278
347.86258
347.92948
348.29920
348.61582
348.69892
349.21270
349.26562
349.37926
349.52632
349.56256
349.71244
349.74592
349.86544
350.77906
351.29860
351.71212
351.72196
351.73822
351.99820
352.07890
352.35946
352.41496
352.68508
352.71214
352.91482
353.55886
353.72128
353.83132
354.23128
354.45880
354.67834
354.76456
355.85866
356.36158
356.45854
357.49750
357.78832
357.91402
358.03078
358.26106
358.59142
358.66120
359.10076
359.10694
359.13364
359.46082
359.73034
359.79412
360.53398
361.21084
361.24102
361.74058
361.75342
362.00062
362.07718
362.24374
362.53360
362.71318
362.87392
363.01030
363.03352
363.17398
363.35722
363.63616
363.66682
363.89362
363.90718
363.99334
364.24330
364.47652
364.79026
364.85992
364.92358
364.96270
365.19322
365.30686
365.45356
365.72632
365.80672
365.87620
365.92636
366.02332
366.10960
366.40942
366.48988
366.93988
367.29934
367.58242
368.00920
368.02594
368.35624
368.37298
368.43958
368.65894
368.72848
368.77270
368.82274
369.02260
369.21556
369.30604
369.82246
369.96904
370.00600
370.17820
370.21798
370.27252
370.55860
370.86802
371.25556
371.64196
371.79172
371.96128
372.14158
372.48448
373.51078
373.66072
374.04412
374.23840
374.47462
374.52448
374.64412
375.09442
375.14098
375.18394
375.21082
375.61072
375.81442
375.82432
376.19404
376.27414
376.31068
376.57720
376.79764
377.05750
377.11054
377.14378
377.78356
377.87122
377.95018
378.04084
378.36052
378.63352
378.69376
378.74362
378.93070
379.60726
380.32084
380.44336
380.74330
381.09964
381.25720
381.26002
381.77668
382.03720
382.10986
382.57654
382.58002
382.79302
383.59000
383.65690
384.12040
384.24400
384.69274
384.89278
384.95650
385.68232
386.25340
386.32006
386.73664
386.76982
387.38482
387.41980
387.62938
387.65302
387.95608
388.58620
388.73620
388.85602
388.87270
388.97230
389.08936
389.35276
389.98600
390.54178
390.95248
391.14532
391.32862
391.62856
392.27164
392.50198
392.55196
393.00196
393.53536
393.59092
393.90196
394.24474
394.28506
394.48786
394.49752
394.53076
394.74730
394.96834
394.98784
395.36830
395.44264
395.53762
395.81386
396.26086
396.30160
396.75124
398.66050
398.94394
399.10378
399.13432
399.42964
399.73738
400.74316
401.12020
401.27932
401.52280
401.83666
402.29290
402.30592
402.37900
402.49294
402.50260
402.55282
402.60298
402.68308
403.49248
403.61626
404.10250
404.23558
404.52550
405.30490
405.59476
405.68224
406.05184
406.13806
406.33786
406.55152
407.08156
407.08462
407.49838
407.65120
408.26752
408.55750
408.60742
408.78094
408.78436
409.16734
409.40332
409.85056
410.11720
410.20036
410.24014
410.53054
410.81374
410.88628
411.03040
411.06376
411.57592
411.83314
411.89680
412.13308
412.16350
412.17292
412.21330
412.33288
412.39954
412.43290
412.83940
413.28262
413.37964
413.58268
414.07618
414.24904
414.26248
415.20172
415.21804
415.29850
415.82152
415.86208
415.91194
416.29108
416.38150
416.45452
416.46184
417.43120
417.84466
418.09768
418.53340
420.45328
420.53302
420.58948
420.64666
421.17970
421.19920
421.29340
421.44334
422.14600
422.32954
422.50972
422.92630
423.84568
424.02580
424.74508
425.09512
425.10436
425.51170
425.68072
425.88454
425.98456
426.02086
426.04174
426.35164
426.36100
426.88444
427.02766
427.14448
427.19716
427.23064
427.31368
427.37446
427.53694
427.68418
428.36056
428.55436
428.55730
428.56984
428.94046
429.28348
429.49336
430.30978
430.34314
430.69594
431.88976
431.92582
432.05620
433.12546
433.61518
433.87210
433.98880
434.14168
434.49448
434.52496
434.55076
434.98822
435.37138
435.59110
435.75148
436.15768
436.21690
436.23790
436.36048
436.45756
436.66030
437.12668
437.21386
437.22100
437.24704
437.32084
437.37094
437.42668
437.44036
437.69320
437.78734
438.28726
438.37048
438.82030
438.83992
438.91318
439.06312
439.50634
439.50916
439.62292
439.85620
440.00608
440.16982
440.99212
441.71926
441.93886
442.23880
442.30540
442.60528
442.77478
442.93852
443.00518
443.45512
443.62162
444.38812
444.72412
445.02130
445.13062
445.34446
445.74052
446.37400
446.42098
446.50114
446.63440
446.83408
446.87080
447.10090
447.15670
447.80080
447.82024
447.98404
448.16716
448.43668
448.73674
448.88368
448.96684
449.30332
449.30974
449.41954
449.45008
449.50000
449.54308
449.83942
450.14974
450.29968
450.36934
450.59950
450.60562
450.63274
450.68878
451.84942
451.91896
452.05888
452.38246
453.12784
453.15172
453.25180
453.46528
453.63496
454.36810
454.37104
454.48750
454.58170
454.60408
454.91062
455.30128
455.38462
455.61760
455.70376
455.94346
456.60454
456.64774
456.69772
456.86416
456.90712
457.16704
457.63372
457.85308
458.87998
459.26332
459.26638
459.33946
459.81298
460.41880
460.42954
460.54180
460.56274
460.64890
461.50180
461.56534
461.71540
462.06208
462.19558
462.29872
462.42154
462.46804
462.91192
462.91768
462.99820
463.06492
463.08442
463.37848
464.03752
464.19802
464.68096
465.14008
465.31102
465.31396
465.39736
465.87748
465.94420
466.08334
466.22740
466.61632
466.68676
466.69966
466.71352
466.84978
466.86358
466.92004
467.71312
467.74948
467.77702
467.91310
467.96020
468.27970
468.31300
469.44886
469.53208
470.00950
471.26512
471.54922
472.31830
472.32544
472.39804
472.78132
473.20552
473.32840
473.42830
474.04462
474.07546
474.13090
474.24766
474.47494
474.59746
474.74158
474.80524
474.88498
474.94450
475.16116
475.26130
475.59448
475.81402
476.17084
476.21104
476.33404
476.49118
476.59420
476.72740
476.89426
477.52444
477.96352
478.19662
478.43008
478.71700
479.34358
479.34634
479.42392
479.59348
479.89348
480.43306
480.75664
480.77944
481.07662
481.37920
482.09002
482.50954
482.83990
482.90944
482.95648
483.27310
483.44896
483.52600
483.84250
483.92290
484.22866
484.68496
485.65876
485.66158
485.81542
486.23890
486.87226
487.13434
487.15540
487.50538
487.55836
487.73386
487.74550
487.74790
487.78834
488.17168
488.24134
488.38846
488.53846
489.84112
490.32136
490.40758
490.91692
491.03782
491.17402
491.77684
491.92108
492.61138
492.87046
493.10392
493.13722
493.67332
493.73008
493.74682
493.80652
493.89670
493.97998
494.43658
494.45662
494.60656
494.65630
495.27574
495.59620
495.66976
496.05916
496.15588
496.25602
496.46974
498.26224
498.39184
498.45850
499.04170
499.07494
499.20544
499.21582
499.63876
500.08858
500.23552
500.43832
500.57176
500.58844
500.64142
500.98540
501.33832
501.67168
501.86548
501.97432
502.13524
502.26850
502.32814
502.36852
502.88506
503.06512
503.46814
503.53780
503.58496
503.73490
503.74066
504.18472
504.34720
504.64450
504.68476
505.03468
505.05736
505.37374
505.41094
505.41802
505.44076
505.70440
505.83772
505.88776
505.94686
505.97104
506.06782
506.53444
507.01762
507.05434
507.27082
507.30094
507.31786
507.90406
507.95698
507.98416
508.22086
508.67062
509.07070
509.23726
509.57344
509.69380
509.77054
509.94640
510.05374
510.21748
510.76720
511.03714
511.31728
511.72306
512.22004
512.35348
512.63674
512.67292
512.83378
514.28350
514.35292
514.35604
514.50298
514.65304
515.49286
515.61646
515.93290
515.98606
516.04990
516.05560
516.46618
516.85942
516.99958
517.17586
517.28578
517.30228
517.32214
517.50250
517.57540
517.60930
518.03560
518.21608
518.44918
518.46610
518.89222
518.91898
519.20218
519.66874
519.89914
520.18246
520.45504
520.72516
521.76100
521.80180
522.08512
522.46834
522.49870
522.80152
523.24834
523.43464
523.48174
523.65118
523.89838
523.98466
524.75128
524.91484
525.28738
525.50110
525.91792
526.18738
526.25770
526.29106
526.75084
526.81786
526.98442
527.02696
527.04484
527.15116
527.17696
528.04786
528.09106
528.83398
528.89794
529.13416
529.32418
529.88440
529.90372
529.95754
530.00092
530.56456
530.64802
531.06454
531.36460
531.41020
531.43444
531.61456
532.05082
532.26448
532.34800
533.23408
533.42404
533.43106
533.91448
533.95084
534.09070
534.81436
535.55734
535.56754
535.65082
535.73404
535.80082
535.90360
536.48392
536.60998
536.94772
537.00076
537.12010
537.49762
537.88384
537.91738
537.92392
538.33390
538.54780
538.56736
538.71724
539.19742
539.28088
540.01726
540.11710
540.16990
540.29314
540.50050
540.50332
540.55060
540.60700
540.80032
540.93376
541.29316
542.31406
542.56396
543.03358
543.15952
543.41404
543.95668
543.98350
544.79272
544.94728
545.11696
545.41696
546.29278
546.54706
546.55000
546.59302
546.80272
546.86674
547.12336
547.14724
547.77328
548.00308
548.03614
548.06656
548.07304
548.11666
548.15278
548.45266
548.56348
548.91952
549.18328
549.43618
549.48976
549.72334
550.31344
550.34692
550.69984
551.13970
551.15248
551.16622
551.35624
551.53972
552.01318
552.09676
552.15634
552.31636
552.49966
553.15894
553.23574
553.26622
553.53286
553.53580
553.61320
553.71316
553.79638
554.05606
554.30236
554.32978
554.82532
554.84638
555.71302
556.15222
556.21600
556.55578
556.93918
557.08252
557.67928
557.73916
557.87956
557.91580
558.41266
558.46576
558.69604
558.78226
558.98236
559.06252
559.39900
559.59892
559.61248
560.07928
560.13880
560.16574
560.61244
560.64592
560.69572
560.83222
560.91844
560.99872
561.00166
561.33874
561.35824
561.59890
561.68500
561.98194
562.10140
562.14868
562.31818
562.43194
563.53198
563.61520
564.05506
564.10636
564.13468
564.14542
564.14860
564.15124
564.15772
564.24550
564.87862
565.46206
565.72864
565.73836
565.99816
566.23156
566.83174
567.53152
567.66478
567.72142
567.73414
567.74506
567.77854
567.90748
568.62838
569.02834
569.03152
569.11756
569.56174
569.94808
569.98432
570.20452
570.90064
571.14484
571.54474
571.64476
571.68388
571.68754
571.80436
572.00056
572.17366
572.82790
572.84752
572.96416
573.43378
573.62782
573.77332
574.03726
574.32778
574.34734
574.50658
574.53076
574.66108
574.74418
574.76680
574.80652
574.89736
574.94008
574.94410
575.21086
575.28346
575.43064
575.51080
575.61388
575.73064
576.21658
576.57034
576.67732
576.91066
576.99682
577.14700
577.42348
577.47718
577.96342
578.26360
578.31334
578.46028
578.92696
579.14356
579.37990
579.97972
579.99370
580.71286
580.79632
580.90552
581.57644
581.81578
581.82946
582.22642
582.55978
582.99886
583.72612
584.61226
584.67886
584.84548
585.02902
585.23158
585.41194
585.47884
585.80896
585.86194
585.89236
586.09234
586.34212
586.36480
586.42858
586.59214
586.72852
586.89502
587.24782
587.27830
587.38498
587.46460
587.47522
587.84494
587.88094
587.96146
588.22090
588.49174
588.90826
589.00834
589.09162
589.22044
589.36750
590.07790
590.27038
590.30806
591.05782
591.19408
591.94096
592.00762
592.03012
592.16050
592.16710
592.32424
592.36048
592.40020
592.65316
592.81342
592.83658
593.00722
593.19058
593.32966
593.64052
594.02374
594.11290
594.40702
594.74980
594.79600
595.32658
595.59286
595.73986
595.95646
596.03974
596.24566
596.42314
596.47594
597.08242
597.09526
597.85894
597.97258
598.20586
598.69858
598.76158
599.04196
599.42800
599.72488
599.75824
599.89168
600.39148
600.44440
600.55504
600.56746
601.34092
601.82122
602.33776
602.60428
602.81650
602.99050
603.07672
603.15694
603.45400
603.53296
603.94012
604.44286
604.55662
604.59274
605.03974
605.08672
605.12320
606.24238
606.33646
606.42556
606.63928
606.69868
606.76528
607.52248
607.98898
608.06506
608.12206
608.16490
608.64172
608.78128
608.98876
609.10294
609.33568
609.50800
609.54508
609.72172
609.80518
610.36126
610.40500
610.71838
610.77148
610.87156
611.12770
611.23498
611.27140
611.35468
611.54452
611.67784
611.80162
612.04072
612.33766
612.51814
612.82090
612.95716
613.11778
613.13446
613.22080
613.55698
613.67074
614.20372
614.43412
614.98990
615.00058
615.07036
615.68974
615.86698
616.15042
616.58956
616.83658
617.21980
617.25304
617.32276
617.40970
617.41678
617.86666
617.94286
618.20584
618.26656
618.45286
618.48898
618.60298
618.70564
619.07212
619.91914
620.44942
620.61886
620.66152
621.27820
621.30226
621.30502
621.36586
621.50896
621.61876
621.68536
622.13518
622.99876
623.20834
623.23504
623.31826
623.45164
623.46532
623.96806
624.03196
624.21514
624.38746
624.71506
624.75130
624.84148
624.94804
625.27822
625.49500
625.72426
625.83124
626.06290
626.08114
626.18134
626.31742
626.46028
626.68420
626.72404
626.86438
627.43096
627.58372
627.75052
628.01704
628.05064
628.07632
628.25038
628.41232
628.55326
628.81690
630.10294
630.81334
631.99648
632.11312
632.81284
633.17962
633.92932
634.45180
634.49896
634.65166
634.81558
635.01256
635.01556
635.65786
635.69152
635.71546
635.73196
635.74870
635.96236
636.09868
636.12190
636.51220
636.63844
636.67882
637.19536
637.34548
637.79824
638.23180
638.27866
638.40484
638.41510
638.80132
639.08806
639.36172
639.64786
639.66178
639.81166
640.13128
640.73122
640.84474
641.58382
641.66146
641.76118
642.18076
642.40666
642.44752
643.19434
643.20400
643.42768
643.59724
643.73056
643.84708
643.88080
644.14420
644.44402
644.53960
644.72020
645.22750
645.27022
645.30358
645.88972
645.97300
646.06048
646.14400
646.51630
646.64974
647.11348
647.19364
647.49952
647.58646
647.88010
647.96032
647.96320
648.06016
648.21322
648.34354
648.64660
648.74644
648.91612
648.93904
649.24336
650.06572
650.11300
650.18620
650.20990
650.26288
650.48584
650.66290
650.69620
650.97940
651.02206
651.16288
651.74308
653.43574
653.49286
653.51548
654.12610
654.14284
654.30940
654.45928
654.58186
655.06516
655.29844
655.36216
655.53178
655.59856
655.92622
656.06890
656.12896
656.42602
656.47900
656.51524
656.89846
656.90920
656.94580
657.15520
657.52912
657.77614
657.85924
657.86242
658.04836
658.24576
658.66240
658.72588
658.81216
659.22598
659.22916
659.26522
659.34568
659.55220
659.59258
659.75932
660.32584
660.39862
660.50914
661.43200
661.54582
661.69582
661.81246
662.00938
662.17918
662.25496
662.52610
663.02620
663.09286
663.34600
663.37174
663.39280
663.39580
663.54880
663.78208
663.99280
664.09294
664.10944
664.31260
664.92652
664.94884
665.30974
665.36272
665.69602
665.81572
665.84302
665.85550
665.94622
666.14614
666.75994
666.89344
666.92968
666.94324
667.17634
667.17964
667.32664
667.46014
667.60294
667.74934
668.23264
669.06004
669.48934
670.19686
670.28302
670.48012
670.49968
670.58302
670.72708
670.88014
671.29678
671.54404
672.04378
672.42724
672.46384
672.61390
672.64708
672.76078
672.94414
672.94714
673.34422
673.84000
673.86394
674.04424
675.17788
675.58384
675.62788
675.78100
676.43392
676.76440
676.89790
677.38108
677.39788
677.87122
677.88118
678.04534
678.04816
678.08422
678.19510
678.49810
678.61180
678.89086
679.11496
679.21186
679.23148
679.26190
679.34104
680.10142
680.27872
680.70760
681.04540
681.06544
681.72898
682.16842
682.38238
682.39882
682.81246
683.59594
683.61262
683.76568
684.24268
684.66592
684.75562
685.02538
685.06870
685.59952
685.76890
685.84204
686.06602
686.14642
686.53570
686.58298
686.81626
687.21604
687.22984
687.43582
687.86626
688.13002
688.29670
688.34974
688.74334
688.81930
688.89676
688.93000
689.25646
689.28310
689.36944
689.66638
689.81356
690.10654
690.48052
691.13320
691.40020
691.81390
691.88056
692.08648
692.30314
692.71714
692.81704
693.01702
693.35968
693.55048
693.71398
693.86710
694.30072
694.33690
694.38670
694.40044
694.60060
694.61734
695.24776
695.37022
696.23116
696.30382
696.57418
697.30372
697.85782
697.88422
697.89088
698.18446
698.29828
698.65126
698.72740
698.81800
699.05800
699.07078
699.17080
699.51508
699.61816
699.65128
699.65464
699.66184
699.73468
699.93478
699.99826
700.01164
700.23172
700.30810
700.38502
700.40146
700.47478
700.51792
700.62112
700.62796
701.16826
701.40460
701.48506
701.76850
701.83222
702.60202
702.95200
703.36588
703.48246
703.52824
703.78540
703.93558
704.06872
704.16586
704.28268
704.31898
704.46898
704.59486
704.85718
704.98264
705.33580
705.37210
705.55240
705.67216
705.81610
706.19548
706.28314
706.41646
706.57240
707.01664
707.34268
707.35588
707.36962
707.94574
708.02266
708.13942
708.77284
709.10044
709.30330
709.35340
709.48378
709.91296
710.12050
710.25640
710.38966
710.56750
710.65084
711.10390
711.37354
711.42976
711.45400
711.45682
711.50692
711.55102
711.68020
711.68734
711.78754
711.82084
712.01776
712.08442
712.90714
713.41372
713.49064
713.90170
715.16434
715.68544
715.68856
715.83844
716.02468
716.82202
716.90824
717.45868
717.63622
717.65866
717.68164
717.75862
718.05586
718.31956
718.44214
718.45612
718.47256
718.58914
719.22268
719.28652
719.30290
719.71288
719.88238
720.27004
720.28960
720.48682
720.49912
720.77578
721.15660
721.24708
721.40656
721.41598
721.53298
721.65670
721.86340
722.12344
722.20672
722.44012
722.65708
722.80726
722.97676
722.99710
723.14062
723.14716
723.17386
723.25426
723.32410
723.52402
723.85762
724.24078
724.54084
724.81060
725.02132
725.07748
725.30788
725.49790
725.77774
725.82148
725.84422
725.91100
726.20824
726.57514
726.65818
727.40554
727.43248
727.46146
728.18914
728.23504
728.39878
728.40592
728.65276
728.87566
729.55912
729.56554
730.17292
730.22602
730.27306
730.28260
730.61230
730.62322
730.72624
730.84000
730.91926
731.20972
731.22322
731.62648
732.69646
733.20730
733.29070
733.34368
733.59076
733.75750
733.77736
733.83010
733.89388
734.08390
734.66362
735.09706
735.56104
735.71110
736.22488
737.02822
737.10148
737.56168
737.59216
738.45898
738.76198
738.76498
738.81202
738.97162
739.04842
739.10194
739.14550
739.29562
739.59550
739.63564
739.70914
739.71574
740.01526
740.15950
740.19586
740.37622
740.46922
740.49304
740.54890
740.80972
740.95972
741.04306
741.24646
741.50998
741.71296
742.31302
742.34338
742.39336
742.41334
742.49656
742.88914
742.94662
742.99672
743.53024
743.72716
743.81350
743.92720
744.35644
744.36064
744.39400
744.68068
744.83062
744.85642
744.89002
745.44430
745.54732
745.57762
745.68352
745.88350
746.04730
746.11420
746.18074
746.79478
747.45712
747.70450
748.09066
748.34794
748.64500
748.72840
748.74514
748.94818
748.97842
749.06188
749.80114
749.85124
750.04834
750.09550
750.19834
750.28156
750.69850
750.73180
750.74572
750.83842
751.29544
751.44862
751.65784
751.75156
751.76236
752.19862
752.28502
752.29876
752.46256
752.81842
753.71848
753.86572
753.91564
754.01278
754.91578
754.91884
754.97950
755.64922
755.68246
756.06292
757.00888
757.24648
757.29952
757.38928
757.39234
757.43734
757.64650
758.58292
758.74960
758.97298
759.33298
759.84970
759.98020
760.26634
760.63018
760.81360
760.86358
761.46652
761.49988
761.62324
761.65648
761.75284
762.48334
762.48982
762.51370
762.67594
762.71386
763.31368
763.38994
763.98364
764.00320
764.31382
764.41966
764.46694
765.09016
765.39004
765.43066
765.51718
765.65032
765.75028
765.76390
766.23370
766.38076
766.41688
766.53658
768.58678
768.69046
768.80344
769.76716
770.39050
770.40346
770.62012
771.30352
771.41434
771.41734
771.63388
772.20706
772.26280
772.31014
772.43380
772.99732
773.00692
773.13100
773.76712
773.94754
774.01720
774.22648
774.28090
774.31732
774.63382
775.55038
775.68094
775.74046
776.08378
777.20032
777.40702
777.96718
778.10026
778.33366
778.53724
778.56694
779.16982
779.52604
779.78356
780.08362
780.31384
780.48358
780.86698
780.91990
781.04020
781.08376
781.66690
782.01388
782.66686
782.74294
782.76676
782.95012
782.99998
783.24028
783.38050
783.63370
783.98050
784.01662
784.25020
784.36684
784.50934
784.53346
784.61686
784.83646
785.53342
785.58640
785.61682
785.61982
786.00310
786.01690
786.06976
786.14716
786.23638
786.24712
786.84706
786.90310
787.11682
787.40020
787.58068
787.78360
788.19412
788.20312
788.83372
789.02614
789.10324
789.13060
789.60022
789.91402
789.97618
790.00012
790.73662
791.36392
791.60032
791.69734
792.26692
793.01710
793.25320
793.26688
793.28074
793.33390
793.40986
793.59718
793.63360
793.71700
794.15704
794.19760
794.24062
794.32000
794.56996
794.78080
795.03394
795.64732
795.95032
795.95326
796.08376
796.55050
796.62142
796.84318
796.85692
797.03098
797.16712
797.32000
797.58094
798.04762
798.15052
798.39778
798.48076
798.67024
798.71716
799.50052
799.68424
799.79764
800.07034
800.48110
800.64784
801.20092
801.53140
801.60388
801.91474
801.99796
802.25086
802.29802
802.60114
802.94398
802.98730
803.88760
804.17746
804.75148
804.88768
804.89152
804.95428
805.13194
805.41826
805.72114
806.03212
806.03788
806.37514
806.58226
806.60200
806.76118
807.07546
807.08236
807.20488
807.21862
807.36568
807.55486
807.70204
807.70492
807.78826
807.93844
808.30516
808.48576
808.90246
809.10238
809.16616
809.35522
809.44240
809.53870
809.94964
809.99962
810.01636
810.11188
810.14968
810.69976
810.83308
811.13626
811.91680
812.00950
812.36686
812.79334
814.20664
814.55062
814.73422
815.13436
816.53458
816.60424
817.22386
817.78810
817.83772
818.41852
818.42152
818.94454
819.03814
819.04108
819.15190
819.48808
819.70210
820.00192
820.09504
820.45204
820.56892
820.75222
821.36224
821.66932
821.67232
821.70844
821.95276
822.10258
823.55614
823.98952
824.00332
824.01286
824.23666
824.30314
824.90374
825.37048
825.43984
825.50680
825.77338
825.90376
826.02646
826.07368
826.57066
826.79332
826.83058
826.98742
827.08756
827.47402
827.56036
827.86036
828.21418
828.22426
828.67162
829.62448
829.69138
829.70476
830.51140
830.51494
830.55538
830.68852
830.75548
830.84176
831.03178
832.33948
833.24260
833.57596
833.64280
833.67616
833.72602
833.95966
834.00946
834.07906
834.12322
834.20230
835.56682
836.22394
836.47102
836.48746
836.61340
836.64088
836.79688
837.51076
837.73036
838.52764
838.62058
839.50150
839.53474
839.56420
839.64190
840.28504
840.32116
840.56848
840.97576
841.07866
841.19956
841.24258
841.62880
841.84846
841.99258
842.36896
842.44570
842.53186
842.77168
842.99578
843.03862
843.07606
843.12916
843.15250
843.95974
844.29316
845.19622
845.27656
845.42680
845.54632
845.74642
846.00580
846.22246
846.43000
847.33300
847.38304
847.39390
847.44382
847.64392
847.87732
848.14984
848.50354
848.76382
849.01090
849.52324
849.86098
850.12060
850.16410
850.35028
850.37782
850.45036
850.67782
851.28094
851.66434
851.86432
851.90056
852.12796
852.18766
852.29770
852.34798
852.64786
852.81724
853.03420
853.11466
853.21474
853.74496
853.75078
853.79836
853.81174
853.81738
854.08426
854.11162
854.99872
855.09826
855.47860
855.82852
856.16788
856.27168
856.33186
856.65514
856.81528
857.75152
857.83870
858.08212
858.20170
858.36826
858.46858
858.52942
858.76282
859.51282
860.94658
860.99956
861.04972
861.16912
861.17554
861.51634
861.73012
861.81634
862.01626
862.71664
863.19694
864.31408
864.55702
865.00324
865.07650
865.75072
866.10736
866.20732
866.22406
866.36452
866.40070
866.45788
866.50108
867.11770
867.25108
867.30112
867.59818
868.05136
868.31800
868.83184
868.95436
868.99150
869.03176
869.58190
869.63800
869.88520
870.10186
870.49906
870.83530
871.01872
871.53844
871.66162
871.71574
871.93546
873.43294
873.67876
873.98884
873.99280
874.27240
874.35292
874.44988
874.58332
874.73614
875.82622
876.28654
876.32908
876.80032
877.33966
877.57678
877.78972
878.15368
878.16736
878.77312
878.97022
879.35080
879.60394
879.61036
879.62044
879.65080
880.31050
880.42048
880.66048
880.81072
881.55412
881.98762