0.04896
0.77322
1.27962
1.31346
2.22024
2.23974
3.40014
3.42078
3.43104
3.73272
4.11336
5.19912
5.27628
5.29920
6.99900
7.44264
7.81566
8.57898
8.59698
8.60550
10.61562
12.14286
12.29304
12.33702
12.92244
13.64016
13.64580
14.04462
14.43684
14.66058
14.70942
15.10944
16.40346
16.99650
17.84670
18.43236
18.47232
20.22210
20.51982
20.84574
22.13184
24.59172
25.04814
25.08108
26.05218
26.85822
26.86152
27.90522
27.91578
28.21200
29.85792
30.29298
31.33074
32.29716
32.49708
32.62842
36.78066
36.78450
38.90184
39.61806
39.62796
40.05378
40.69056
41.26092
42.13068
42.59046
43.00848
47.03502
48.81354
49.16094
49.36356
49.38450
49.96764
50.92542
52.74408
52.74636
53.41392
54.49674
54.67056
55.38618
56.27958
56.78694
56.81310
57.29616
57.73362
57.75354
58.03386
58.92306
59.00646
59.02314
59.77908
59.78664
60.35046
62.07390
62.08032
62.44542
63.53550
63.64980
63.93888
64.61856
65.36184
65.42622
66.87828
69.01416
69.22554
69.55668
70.00902
70.78086
70.80888
70.82514
72.51096
76.10856
76.12812
76.65432
76.70040
77.18766
77.52072
78.33210
79.66506
80.67720
80.86644
82.01784
83.09340
83.46744
83.47710
83.59344
83.74770
83.87664
84.61032
85.64064
86.27862
86.79012
87.07614
87.47364
87.49404
88.04274
89.06670
90.25242
90.40602
90.84198
91.64874
91.70316
91.70610
91.73166
95.46342
96.05742
96.72888
97.75494
97.89060
98.87130
99.23124
100.68966
101.08752
102.13950
102.15324
102.18330
103.32030
103.74576
104.18886
104.20986
104.26350
104.26680
104.93850
105.07884
105.60516
105.61572
106.10502
106.74468
107.63796
112.76382
113.87724
113.88738
113.92002
114.33678
114.35760
114.40314
115.24644
115.71294
115.94964
116.26146
117.36654
118.24284
118.28520
118.91268
120.95106
120.96186
121.27260
121.28874
121.29132
121.93452
122.65752
123.00078
123.60732
123.67224
123.68166
124.69392
128.59662
129.82296
130.50846
131.39598
131.59596
131.61258
131.61630
131.83626
131.84208
132.87528
133.40784
133.64286
134.25216
135.10776
135.14100
135.82596
136.11252
136.32792
137.08014
137.11998
137.28126
137.29230
139.63398
140.19366
140.57718
141.38334
141.44316
142.00992
142.70022
144.27930
144.72588
144.74538
146.09550
146.80524
147.52302
147.52854
147.69486
147.79734
147.82602
148.20900
150.26142
150.36102
152.15820
152.16120
152.26104
152.26590
153.21120
153.64146
155.13468
155.73726
155.73972
158.01672
158.01930
158.37636
158.42166
158.45724
159.30690
159.60360
160.19274
160.89270
161.29350
162.06366
162.42858
162.88344
163.50306
163.76568
164.19006
164.64900
164.74224
166.48266
166.68558
167.49168
167.74404
167.74656
169.12452
169.12800
169.18866
169.79106
170.13180
170.17164
170.26812
170.51790
171.03096
171.03366
172.77366
172.78146
172.94712
173.73396
173.85684
173.88036
174.08052
174.08772
176.54394
177.00624
178.60722
178.62384
179.55564
179.99652
180.03378
180.09330
180.15312
180.72822
181.42872
181.44516
181.89468
183.88770
184.38522
184.62744
188.54856
189.95610
189.98628
190.00068
190.67622
190.82988
191.91114
192.52044
193.09962
193.84290
194.11848
194.43510
194.57892
195.89484
195.90894
196.24218
197.05530
197.14074
197.44104
198.03036
198.93390
200.73558
200.75256
200.76048
204.38340
204.40638
204.40854
205.81296
206.07012
206.21298
206.44260
207.73182
208.86474
208.87554
209.51214
209.67492
209.92218
211.77468
211.82880
211.86432
212.47842
213.62820
213.96816
214.37136
214.39752
215.90394
215.90628
215.94066
218.76294
219.47718
220.04598
220.38354
221.01012
222.22260
222.59994
223.08888
223.15740
223.20558
223.21470
224.06136
225.32790
225.81138
225.91140
227.64678
228.60420
229.49124
230.46024
231.84786
231.87600
232.16454
232.25988
233.56002
234.26964
234.28758
234.86676
234.87306
235.37574
235.38234
236.47308
236.48976
236.51934
236.53314
236.53914
236.69970
237.36522
237.59178
237.66588
239.05596
239.41032
239.43894
240.22464
241.20786
242.30124
242.64072
242.66178
243.01428
243.12426
245.15706
245.95182
246.62328
247.12794
247.17348
247.53066
247.53678
248.43438
250.20360
250.91640
253.89282
253.97178
253.97466
254.17860
254.29596
255.32190
255.56892
255.62604
256.29486
256.74468
256.96902
257.05470
257.92662
257.93514
259.45404
259.63776
259.63998
260.19768
260.23740
260.45466
260.45862
261.31038
261.34392
261.36420
262.18446
263.90028
264.84684
264.94674
265.15314
265.60446
266.55732
267.44262
267.99654
269.27634
269.85912
271.06614
271.08546
271.28280
271.56642
271.61232
272.90178
273.01368
273.01938
273.03516
273.06204
274.71180
275.90130
275.97834
276.03228
276.44136
276.88200
277.66530
277.93410
279.38364
279.39366
279.40722
279.41466
280.83360
281.93430
282.86028
282.89724
283.11774
284.67324
285.23076
285.91356
286.50084
286.79298
286.84968
287.24976
287.26374
287.42370
288.20946
288.32232
289.38006
289.51998
291.05310
291.40278
291.67944
292.57698
292.88604
292.88844
293.92626
295.42476
297.59244
297.61206
298.63068
298.64466
299.20164
299.56176
300.15906
300.37122
301.09692
303.06834
304.00302
305.51772
306.35076
308.76324
309.26718
309.37812
310.85370
310.86546
310.87728
311.19654
312.17688
312.24630
312.92628
315.37254
315.39270
315.69576
317.56668
318.15960
319.31178
319.39968
319.52874
319.54272
320.33862
320.67210
321.77682
322.24470
323.91366
324.94458
325.05858
325.86708
326.78184
326.78502
326.80446
326.81136
326.88198
326.89152
327.96726
328.90134
330.23706
330.41688
330.75786
330.84066
331.32906
332.28090
333.16716
334.37682
334.38876
335.10048
336.60708
337.13634
337.67370
338.65650
338.88612
339.42612
339.44034
339.44352
339.47844
341.41344
341.52564
342.40260
343.26906
343.58970
343.89336
344.20848
347.43222
347.45586
347.83512
348.75162
349.77228
350.19828
351.20322
352.16808
352.36536
352.89750
355.18446
355.55088
355.55418
356.86452
356.88576
356.96034
357.00870
359.33406
359.34480
359.82792
360.73128
360.85704
361.40688
362.49012
362.49336
362.52126
363.37992
363.39072
363.40452
363.41898
363.43104
364.71720
365.50668
366.04464
367.07094
368.02350
368.20032
368.94078
370.29000
370.50030
370.79214
370.80114
370.91100
373.57320
373.60410
373.62744
373.81026
376.37028
377.34444
379.10352
379.20300
379.24944
379.36620
379.70346
379.77018
381.36216
382.27662
382.91196
383.26578
383.51736
383.58600
385.90266
386.04582
386.05998
386.08566
386.58060
387.52638
388.41624
388.90206
391.32078
392.35194
393.79872
393.80154
393.98724
395.80386
395.81406
395.82126
395.82714
395.88498
395.89074
395.89488
395.90406
395.90658
396.75084
398.56038
398.92062
400.98714
401.41416
402.71064
403.27032
404.53686
405.64140
406.02798
406.97772
407.52192
407.54016
407.55630
407.86788
407.87046
407.97054
408.81816
409.72704
411.18816
412.47720
412.63488
412.93488
413.47200
413.53824
413.54748
416.23098
417.13206
418.08696
418.19004
418.24164
418.68504
419.00136
419.95734
420.75162
420.88086
421.41810
422.71470
423.45420
427.67130
428.91504
429.34704
430.56510
431.20926
431.93814
432.11916
432.12642
433.03926
433.10496
433.36230
433.36932
434.80656
434.82582
434.90226
434.92914
436.79874
436.83576
437.26212
438.72252
439.33230
439.85544
441.82254
442.82238
443.28900
443.56620
444.20580
444.23634
445.20588
446.09334
447.34392
447.94698
448.81638
450.90012
451.66074
453.32334
454.09002
454.77786
455.36724
455.39004
455.40030
455.92416
456.28770
456.34458
459.44442
459.47352
460.05066
461.03766
461.04096
461.89500
461.97708
462.84444
462.97536
464.42832
464.68614
464.73450
465.30114
465.61758
465.66042
466.64772
467.65140
467.66712
467.67168
468.47190
468.98100
469.13184
470.77914
471.07962
471.28878
472.19172
473.13528
473.15178
473.86884
474.49620
474.74172
475.47060
476.91534
477.84462
477.87570
477.89316
477.91350
478.00668
479.35692
479.69016
479.70006
481.31598
481.53306
483.09750
483.39300
484.84416
487.09998
487.13430
487.24350
487.27422
489.93318
492.76446
494.58870
494.67438
495.05754
495.54360
495.94638
495.95886
497.17086
497.36190
497.37036
497.38134
497.42466
497.45094
499.25790
500.27064
502.25412
502.27428
503.29818
503.54370
504.07950
505.47720
505.97502
506.07210
506.33808
506.34420
507.85074
508.66836
508.75134
509.73954
509.83428
512.57772
512.60520
512.76576
513.47184
513.95220
516.37812
516.75126
517.31256
517.58874
517.91208
519.99960
520.02876
520.13598
522.94800
523.98540
526.73940
527.36250
527.68824
528.51258
528.61788
528.75780
528.78408
529.59618
529.76706
530.49114
530.52456
531.23970
531.49374
532.42938
533.06052
533.37720
534.57072
534.59898
535.27968
535.29774
535.64412
535.66560
535.66848
536.21022
537.40404
538.06806
538.08480
538.08948
538.10082
539.36322
540.03726
540.57984
541.87098
542.21334
542.80320
543.74628
543.76326
543.79752
544.68720
544.71318
545.39664
546.58020
547.57776
547.96860
549.42774
550.47804
551.52402
552.29484
552.29982
552.53046
553.25772
553.26132
553.26846
553.47606
554.19132
554.20662
555.13596
556.26186
556.99872
557.01774
558.37506
558.56778
558.61260
558.81480
559.39302
559.40712
562.90632
563.62986
563.69880
564.58692
564.61350
566.47392
569.27124
569.29482
569.98656
571.03344
571.27884
572.24814
572.70054
573.19416
573.20052
573.58674
573.68388
575.49084
576.98892
578.68488
578.89800
579.11586
579.92568
579.93744
582.11310
583.71180
583.71618
584.62650
585.41208
585.58374
587.43396
587.44356
588.95766
589.39314
589.54290
590.55096
591.47778
593.44434
594.61098
595.72080
595.73190
597.08760
597.89466
599.73510
599.83512
600.17514
600.75402
601.04790
601.71876
601.94514
602.69256
602.72118
602.72526
602.75166
603.67386
603.92136
605.56116
605.57382
605.61684
605.68788
605.70834
606.79794
607.50486
608.41860
609.39150
609.39474
610.15914
610.63776
610.86900
610.95486
612.50472
613.00224
613.48902
614.45466
614.53824
614.54628
614.54928
614.56860
615.19830
615.21510
615.22122
615.23526
617.64678
618.15462
619.75014
620.07282
620.07576
620.58816
621.68814
621.93822
621.96906
622.01496
624.51906
624.96852
625.84536
625.85412
625.85718
625.85916
627.80922
628.86378
630.72144
631.47552
631.57074
631.63128
631.66464
632.61462
633.59778
635.32770
635.33082
635.33826
635.51406
635.73708
636.03438
636.31104
636.33504
638.19828
638.38680
638.46768
638.48436
638.74098
639.71064
640.56318
641.52402
641.64990
642.21264
642.41880
643.14558
643.21902
644.77278
647.34822
648.04014
648.79776
650.99952
651.77040
651.77760
651.78942
651.92346
652.95312
653.84934
655.04592
655.78578
656.72646
657.74772
658.04502
658.64724
659.00748
661.54710
662.47686
662.57958
663.16290
663.26274
663.41166
664.08972
665.08950
665.36424
665.81916
666.35586
667.78932
668.76222
668.76972
669.16224
670.14270
670.17990
672.45894
675.31206
675.52650
675.57876
675.77262
676.31658
677.17926
678.89358
678.90048
681.88956
682.73622
683.71266
683.73612
684.37404
684.55350
684.55986
685.66524
686.62320
689.37372
689.38038
689.53758
689.55852
690.28050
690.67392
691.53318
691.53804
692.39496
692.49714
694.40934
694.46448
696.42630
696.57120
697.09188
697.77168
697.77726
698.03166
698.26506
698.47254
698.97552
699.94224
700.44570
701.53914
703.44000
703.46592
705.14958
705.15996
705.99294
706.95990
707.95458
709.13334
709.13574
709.56696
709.83114
710.48430
711.73134
711.84156
712.15836
712.66134
713.76498
715.68768
715.70160
717.41898
718.08990
720.61326
721.57632
722.46786
723.64386
723.70116
723.71796
724.68516
725.41614
726.15948
726.76914
727.39488
728.03622
728.34006
729.31968
729.54564
731.04648
731.07288
732.25896
733.43400
733.45428
736.00536
736.08810
737.54604
738.05586
738.75342
738.75588
738.90210
739.95180
739.95390
740.02620
740.42340
740.95296
741.02010
741.35040
741.46692
742.96494
744.89448
745.26564
745.86180
746.09898
746.88270
747.38862
747.83322
747.90258
748.14558
748.61712
749.89602
749.99352
750.30780
750.63384
750.81540
751.19412
753.05688
753.61170
754.22838
754.24788
754.74804
755.36754
755.37510
757.32972
758.19930
758.63028
759.05970
759.47370
759.58944
759.69306
760.34946
760.52664
760.56030
762.40818
762.51744
765.58524
767.12610
768.14724
768.16422
770.78334
771.31764
772.65360
772.67286
773.25810
773.33064
774.87840
775.20420
776.10210
776.16888
776.18778
777.19062
777.40230
779.01564
779.04906
781.08042
781.82730
781.84020
782.99496
783.98784
783.99060
785.00070
785.00754
786.63444
786.94788
787.46550
787.92762
788.92464
790.46532
790.94622
791.27994
792.75660
792.88746
793.85964
795.48978
795.81330
796.47588
796.49010
796.97340
797.03604
797.11692
797.13306
797.85954
798.18072
798.46356
798.60948
799.00668
799.00920
799.26096
799.35966
799.94730
800.80968
800.97330
801.15720
801.69384
801.81408
802.20984
802.79748
802.82100
803.42400
803.87016
804.27630
804.45360
804.47376
804.66768
804.76626
805.11750
805.67784
805.68318
805.69080
806.29782
806.52648
806.69322
806.71014
807.02676
807.59052
807.71646
807.76434
808.07664
808.65078
808.67922
808.68828
808.86006
809.06010
809.65986
809.66874
810.60744
811.18704
811.61010
811.68132
811.70664
811.89084
811.89366
812.16780
814.12038
814.60374
814.70376
815.61390
815.66772
816.69084
816.75996
817.79784
817.91502
818.02038
818.53134
818.57376
818.90094
819.39324
819.50118
819.54468
819.69318
819.89088
820.52322
820.63686
820.82622
821.30988
821.48664
821.49030
821.56950
822.08694
822.18426
822.78414
822.89310
823.42416
824.15340
824.23398
824.43390
824.45742
824.57412
824.71464
824.73408
825.03408
825.62634
826.57416
827.06118
827.35050
828.06654
828.07134
828.21384
828.22122
828.22776
828.40362
828.70362
829.24074
829.34316
829.44792
829.70988
830.07630
830.41920
830.45352
831.31656
831.32334
831.73098
832.28682
832.29078
832.44324
833.14032
833.29338
833.47008
833.48682
833.87004
833.99040
834.25056
834.25962
834.35346
835.03062
835.25052
835.29318
835.47408
835.79964
835.88082
836.22408
836.35716
837.32406
837.65340
840.11238
840.79008
841.49298
843.07152
843.09036
843.42180
843.60990
843.86646
844.04328
844.42686
844.45362
844.60998
845.70756
846.99078
846.99378
847.00008
847.03716
847.70400
847.71474
848.58120
848.97846
849.63366
849.93732
849.98892
850.95786
851.15430
851.17464
851.53170
851.94888
852.05778
852.06702
852.09384
852.24162
852.32718
852.99372
853.02492
853.09878
853.12734
853.94166
854.02008
854.05440
854.61240
854.63178
854.90076
855.76752
855.85296
855.85590
855.89298
856.86168
856.88214
857.59428
857.80614
857.80848
857.82300
858.06252
858.15156
858.56124
859.72788
859.74462
859.80474
859.81062
860.14200
860.48220
860.78856
861.52218
861.78090
861.83454
861.98550
862.74198
862.75866
862.77822
863.59218
863.75934
863.79894
864.02820
864.76878
865.06272
865.40904
866.45208
866.46582
866.46906
866.91630
867.16140
867.41274
867.41904
867.61584
867.68466
867.98232
868.51602
868.56792
868.78572
869.64246
869.64918
870.36126
870.80142
870.94482
871.07838
871.42176
871.54212
871.62192
871.76196
871.84242
872.94228
872.94918
873.37188
874.44384
875.01594
875.52822
875.53572
875.64504
876.04230
876.50496
876.61140
876.70884
877.21134
877.35246
877.48566
877.49196
878.45868
878.54448
878.58966
878.60244
878.64234
878.99010
879.03540
879.28254
879.28998
879.46170
879.63942
880.04220
880.20222
880.22562
880.42824
880.61118
880.66878
880.70880
880.82556
881.26584
881.36868
881.42556
881.69208
881.77764
882.31872
882.38430
883.24482
883.38804
883.41096
884.35470
884.83506
885.19206