4.35384
4.35546
4.54476
4.65660
4.71690
4.72020
4.79322
5.03316
5.07336
5.19744
5.56896
5.59512
5.63874
5.88636
6.06360
13.52574
14.52096
15.29310
15.85434
15.99480
24.22590
27.02766
27.31008
27.37686
27.38010
27.38790
27.45180
27.64944
27.87324
27.98928
28.00116
28.08300
28.64064
28.70046
28.72644
28.75200
28.86276
28.98414
29.09280
29.23596
29.43288
29.48118
32.89884
34.49430
36.51228
37.12206
37.41588
37.48254
37.71630
37.71984
37.75482
37.75926
38.06592
38.12436
38.43654
38.48826
38.55240
38.83446
38.98098
39.10992
39.16944
39.42690
39.48048
39.67152
39.92988
40.08426
40.12680
40.18350
40.28400
42.38748
48.13458
48.30234
48.49746
48.50238
48.63846
48.86328
49.04052
49.09506
49.33980
49.61778
50.59170
53.59668
58.91550
59.35368
59.35776
59.48316
59.78694
59.88288
59.89320
59.98482
60.08586
60.16050
60.21540
60.22002
60.25668
60.28914
60.33630
60.56502
62.36892
62.46840
63.64230
67.03254
68.56806
68.57226
68.60472
68.60910
68.89614
68.95206
68.97168
78.91452
78.91650
79.25544
79.32150
79.58490
79.59198
80.17290
80.34054
80.53212
80.83638
81.00282
81.21366
81.21552
81.30786
81.63204
81.69096
81.72558
81.97812
82.00728
82.03554
82.18836
90.53820
90.59682
90.61470
90.99228
91.65426
91.75284
101.84538
101.85306
101.90934
101.93328
102.11352
102.13290
102.39354
102.53070
102.60888
102.89490
102.99318
103.19016
103.35858
103.36260
104.11866
104.17326
108.15390
109.62888
113.16840
113.30934
113.43894
113.48190
113.66916
113.75646
113.92164
114.21246
114.77556
115.77768
116.37600
117.02070
120.05664
122.76414
122.89074
122.95476
122.97366
122.97576
123.31908
123.37416
123.38232
123.64470
123.68502
123.72276
123.73674
123.99414
124.01760
124.12002
124.21650
124.59690
124.68288
125.04936
125.09046
125.41458
125.55780
125.57982
125.60040
125.99670
126.06450
126.10392
126.25302
127.11372
130.58172
133.99068
133.99704
134.40390
134.41038
134.44470
134.46738
134.48538
134.70804
134.96532
135.29046
135.53622
135.82260
136.02864
144.03216
144.78102
145.94586
146.31120
146.68140
146.97546
146.99148
147.00600
147.07998
147.11562
147.31218
147.39570
147.43338
147.62466
147.86100
148.47840
148.54224
148.67976
149.06262
149.09646
149.24700
150.95814
153.20910
157.18194
157.19802
157.45134
157.45608
157.51998
157.52778
157.53744
157.62840
157.73538
157.92288
158.36148
158.38980
158.85150
168.96252
169.13538
169.17822
169.49910
179.36790
179.52792
179.83494
179.84034
180.33366
180.37662
180.49152
180.75498
180.80316
181.00932
181.01112
181.17276
181.23378
182.62308
186.46194
188.43936
189.05292
190.31952
190.32252
190.69104
190.69500
190.96164
190.98048
190.99350
191.04750
191.05704
191.08038
191.19720
191.32968
191.46786
191.57028
191.66826
191.67186
191.99484
192.03120
192.06912
192.10614
192.31290
192.32430
192.35052
192.42666
192.71598
192.94182
193.10088
193.63038
193.73286
193.73688
193.95954
200.71098
200.93586
201.08784
201.12474
201.12774
201.31896
201.42750
201.43512
201.82194
201.89454
202.00320
202.06572
202.19376
202.85454
204.20766
210.81522
210.82362
210.85776
210.86904
212.26062
222.12276
222.18876
222.19260
222.19446
222.54642
222.56226
222.57876
222.60600
222.86352
223.50210
223.53912
223.58298
223.59666
223.73742
223.81236
223.82226
224.09550
224.12916
224.15166
224.20836
224.38590
224.98896
225.05862
225.51354
228.71280
232.79250
232.81800
233.05440
233.94738
234.21150
238.01010
244.36014
244.39398
244.54710
244.71996
244.75464
244.77402
244.77594
244.79196
244.86354
245.41812
245.51610
245.60724
245.67852
245.76708
245.82372
245.88570
245.91888
245.96322
246.21312
246.26016
246.31020
248.34504
248.98314
249.44178
250.49034
250.93902
250.94796
250.96566
251.28948
252.27306
253.71648
254.81580
255.16878
255.17694
255.49392
255.60870
255.61296
255.66456
255.67428
255.68244
255.80742
255.86274
255.96894
256.11996
256.16280
256.46760
256.47534
256.67142
256.80150
256.87596
257.02080
257.14848
257.32776
257.58276
257.58510
257.68452
257.71620
264.37230
265.92036
265.94298
266.01168
266.02470
266.33970
266.47980
266.70120
266.72664
266.76978
266.80902
266.82168
266.89164
267.06726
267.25848
267.46908
267.58968
267.68832
267.82476
267.88746
267.95094
268.53666
269.75460
273.00582
277.26006
277.86462
277.89084
277.92102
277.96908
278.11866
278.12832
278.25696
278.42298
279.11340
279.26178
283.55748
285.27234
289.50984
289.57386
289.58250
289.92762
290.00658
290.03340
290.22264
290.41590
290.42304
290.54292
290.77326
290.84736
291.02382
291.18696
291.25104
291.62058
291.63300
291.70524
291.70944
291.77712
291.97158
292.09332
292.09908
292.10394
295.28580
299.92362
299.95248
299.96958
299.97702
300.21018
300.24996
300.28392
300.29286
300.32700
300.35304
300.40866
300.59286
300.61818
300.64440
300.76344
300.93186
301.05558
301.24950
301.30452
301.39566
301.43850
301.63938
301.72926
301.75944
301.95630
302.19894
302.23182
302.33892
302.80578
302.91360
304.49532
306.17712
307.70280
310.77714
310.80486
310.97802
312.30966
320.84130
321.04770
321.40770
321.42558
321.43800
321.79188
321.91212
321.93942
322.46244
322.52616
323.14926
323.47368
324.06762
324.09240
324.34446
324.44262
324.87780
329.32098
329.32818
330.65004
330.65526
332.05710
332.15262
332.37864
332.39904
332.43360
332.43924
332.61966
332.72940
333.09468
333.21528
333.25392
333.35508
333.39798
333.49284
333.56358
333.57960
333.71568
333.78138
333.86262
333.96138
338.35404
341.62074
343.36230
343.53516
343.69578
343.80834
343.88586
344.01450
344.30232
344.46900
344.63652
344.69760
344.74890
344.80782
344.82330
345.06558
345.32388
345.34704
345.42954
345.47850
345.55002
345.63144
345.63324
346.76874
347.99892
353.83206
353.84508
354.23112
354.36900
354.38976
354.45384
354.49620
354.50178
354.56940
354.67008
354.74076
354.86202
355.19124
355.22586
355.23108
355.45236
355.87164
361.57434
365.38788
365.46312
365.47308
365.48958
365.61498
365.88876
366.59490
366.83466
366.87942
368.40480
370.23708
370.33818
374.85552
375.63846
375.69264
375.98832
376.03920
376.13928
376.19544
376.23762
376.30980
376.35318
376.36746
376.45254
376.49508
376.63236
376.64130
376.66818
376.87230
377.41224
377.57580
378.14748
387.36354
387.68538
388.09320
388.11084
388.36518
388.61256
388.69956
388.79712
388.86516
389.11278
389.11728
389.14068
389.35434
389.49090
389.49936
389.53236
389.58360
389.66268
389.69586
389.96850
390.06558
390.48216
398.50710
398.70492
398.71170
398.72028
399.05064
399.06198
399.16170
399.19182
399.63336
399.82980
399.88308
400.00356
400.06296
400.25154
400.39734
400.68618
400.84398
400.90356
403.82892
410.33550
410.54532
410.55402
410.58336
410.58768
410.95416
410.97108
410.98572
411.23766
411.25302
411.25944
411.36474
411.45486
411.64470
411.89166
412.00656
412.00932
412.24920
412.34076
412.68582
412.94250
412.99506
413.02080
413.08866
413.16180
413.20128
413.70552
413.71080
413.78304
418.43694
421.55562
421.61964
421.62804
421.63296
421.80900
421.87686
422.11614
422.12112
422.37762
422.49456
422.75706
422.92740
423.17370
423.90600
432.84234
433.05378
433.65384
434.19132
434.38398
434.38656
434.44374
437.67246
439.05792
444.50724
444.93528
444.95202
445.13250
445.13556
445.17936
445.23138
445.31346
445.40964
445.42002
445.51458
445.59138
445.59480
445.61274
445.78074
445.90902
446.18094
446.31222
446.36742
446.40060
446.59410
446.67648
446.68008
446.98632
447.37602
447.38226
447.45012
447.57336
448.42638
449.75172
453.26400
455.84034
455.90142
456.42918
457.00386
457.30116
457.30350
459.08112
459.19656
460.97514
465.83922
466.00722
466.14426
466.32222
466.33182
466.45332
466.45686
466.50258
466.69266
466.79088
467.26260
467.55588
467.76168
467.86008
467.91834
467.97864
468.04416
468.29604
470.04504
471.69132
474.66228
476.27358
476.36706
476.53776
476.63958
476.76762
476.81970
476.97576
477.04122
477.25680
477.37986
477.71070
477.74568
477.77958
477.79272
478.01070
478.12014
478.12692
481.23270
481.32642
485.54838
486.42708
486.43848
487.10922
487.38450
487.50396
487.52742
487.65294
487.87176
488.38188
488.45922
488.46762
488.51400
489.15390
489.26592
489.36504
489.57714
489.65688
489.85302
493.19442
494.83272
495.72972
496.96524
497.42406
497.43474
497.50086
497.58324
497.60766
497.63010
497.71146
497.89794
498.32166
498.37776
498.68472
498.68922
498.95874
508.85430
509.22342
509.78502
510.06414
514.27938
516.57924
518.08872
519.17772
519.18594
519.29880
519.36612
519.44304
519.49140
519.66744
520.24416
520.32618
520.33110
520.33800
520.35996
520.36470
520.65450
520.70982
520.76916
520.85034
520.92420
521.83638
529.77990
530.01180
530.12286
530.13228
530.15364
530.19744
530.31174
530.39040
530.61774
530.81436
530.83476
531.21756
531.27396
531.27726
531.71514
531.80730
531.98958
532.02780
532.06710
535.90152
536.04660
536.05524
540.52242
540.82818
541.15386
542.27796
544.06740
547.16694
550.82742
551.20224
551.52894
551.53074
551.59446
551.60220
551.73030
551.85270
551.86224
551.87730
551.97162
551.98890
552.02478
552.07560
552.19986
552.29454
552.29862
552.60990
552.78822
553.29702
553.47660
553.53546
553.65780
553.66632
553.79214
553.90902
554.26284
555.66180
557.77146
557.86650
561.33222
561.37746
561.76020
561.77754
561.78438
561.86472
561.93048
562.00044
562.04826
562.32594
562.32780
562.39884
562.54056
562.79094
563.00256
563.04594
563.07126
572.47452
572.47782
572.64804
572.81970
573.09030
573.40926
573.44394
573.60138
573.66486
573.78132
573.93348
574.08534
574.30524
574.46316
574.56180
574.76076
574.86570
574.97046
575.00346
575.00790
575.66856
576.96780
577.26348
578.31408
583.92330
583.93410
583.95042
584.31636
584.60670
584.95380
585.37374
585.37914
585.56844
585.62328
585.86796
586.18578
586.38678
586.53678
586.76130
586.97298
587.00994
587.08050
589.92378
594.25644
594.26526
594.48612
594.49764
594.51444
594.53400
594.69864
595.60848
595.61550
595.62534
596.07642
597.01896
597.02376
599.34828
602.04126
603.73128
604.80438
606.19194
606.39462
606.56490
606.62520
606.76902
606.83598
606.83790
606.88746
606.89184
606.89712
606.92700
607.07022
607.20498
607.23894
607.40730
607.49160
607.51500
607.56618
607.75140
607.99092
608.05884
608.07156
611.59254
612.82776
616.67142
616.74816
616.75386
616.85574
617.27532
617.73492
617.87964
618.10704
619.74624
621.53214
622.82568
623.99274
628.77840
628.80468
628.80780
628.82118
628.88688
628.94442
629.01534
629.28462
629.54700
629.67468
629.74470
629.75064
629.79156
629.93706
630.12120
630.15972
630.18204
630.24084
630.42846
631.19730
640.32102
640.35852
640.65648
640.66392
640.84848
640.92234
641.02500
641.28582
641.51754
641.73066
642.03654
642.29622
642.39240
642.44376
642.51678
642.69234
645.28764
651.79626
652.17900
652.20114
652.26240
652.49394
652.61520
652.66350
652.72776
652.73346
652.83546
652.86240
653.06340
653.09358
653.19438
653.29710
653.83548
653.87070
653.98584
653.99820
654.05352
654.24606
654.28944
654.43890
654.96450
662.48952
662.74386
663.52188
663.99912
664.03614
664.04760
664.21914
664.70862
664.85994
664.87644
664.88322
665.04594
665.04936
665.10690
665.11200
665.20230
665.33364
665.34546
665.38638
665.54040
668.19960
674.38620
674.40522
674.71368
674.95020
675.60702
675.68796
675.71322
678.25248
680.71956
684.46158
684.55254
684.55878
684.56430
684.91740
684.92532
685.22148
685.28982
685.61658
685.70004
685.76532
685.98720
686.04138
686.09748
686.10000
686.37624
686.48322
686.56332
686.57076
686.66676
686.92314
687.06186
687.07008
687.75780
687.86712
687.96672
694.74906
695.73180
695.79300
695.96214
696.00018
696.01578
696.09342
696.24042
696.27912
696.46020
696.46656
697.02198
697.21938
697.22670
697.25712
697.27932
697.46616
697.50030
697.66020
697.80006
697.94256
697.96938
697.99662
698.19396
700.69560
702.25398
704.89974
706.57596
706.66968
706.97256
707.30502
707.40876
707.46834
707.55570
707.81154
707.92380
707.94366
707.98200
708.01860
708.11010
708.16374
708.34044
717.17148
717.92382
718.25262
718.28688
718.67322
718.90446
719.23758
719.30322
719.39298
719.62380
719.67480
719.92860
720.02892
720.40278
720.46428
725.02404
725.54130
726.12528
729.12816
729.33072
729.53250
729.57492
729.71142
729.88344
730.09812
730.15506
730.35528
730.55298
730.69014
730.84782
730.85292
739.58940
739.91022
739.91718
739.94568
740.28018
740.33496
740.35344
740.54724
740.58816
741.16392
741.19290
741.46386
741.47712
741.55944
741.65112
742.58814
742.60824
742.84986
745.03926
749.81388
750.49218
750.50460
750.52632
751.14072
751.53936
751.73814
751.77378
751.87830
752.03040
752.28432
752.91366
752.98422
753.17382
757.41384
762.16284
763.06062
763.07904
763.09584
763.12728
763.61064
763.61250
763.63296
763.72392
763.76244
764.28606
764.35338
764.39892
764.42568
764.46930
767.49000
772.99374
773.61288
773.62986
773.69064
774.11010
774.33864
774.37026
774.45942
774.52044
774.57978
774.70728
774.77730
774.79326
775.04664
775.12002
775.38606
775.45398
775.81746
776.04024
776.21298
776.28306
776.47746
776.48334
776.51412
776.51706
776.91276
776.97600
777.01248
784.23306
784.42704
784.43124
784.43886
784.57182
784.66404
784.69776
784.70550
784.77186
784.89402
784.92450
784.92624
785.75082
785.89002
785.95926
786.21192
786.29892
786.32712
786.43014
786.45450
786.75108
792.14646
794.23020
794.24028
794.47518
794.62548
794.62908
794.63088
794.66058
794.91762
794.92026
794.93544
795.05958
795.26382
795.34842
795.60378
795.80328
796.17456
796.27224
796.30152
796.59402
796.60770
796.62438
796.96158
796.97202
797.06334
797.29842
797.38398
797.39298
797.46120
797.56794
805.36002
805.52388
805.63854
805.78944
805.87518
805.95318
806.03112
806.27004
806.31390
806.54418
806.63712
806.69214
806.76624
807.06630
807.07710
807.16992
807.29556
807.48384
807.56088
807.83058
807.83628
814.96380
816.05466
817.06056
817.20702
817.22304
817.25010
817.42086
817.78146
818.37096
824.66202
827.38908
828.69816
829.05240
829.07124
829.24626
829.31844
829.47018
829.62684
829.62876
829.66638
830.11752
830.20776
830.38464
830.47626
834.52716
835.38498
840.44856
840.45288
840.79002
841.08666
841.11738
841.20012
841.22616
841.42992
841.46334
841.59918
841.66926
841.71288
841.88496
841.89240
842.13618
842.15238
842.28570
842.44920
842.95908
843.12918
843.17184
843.49410
843.49992
843.84624
843.90084
846.75906
847.94322
848.46234
851.26950
851.56230
851.58894
851.60616
851.68650
852.00462
857.25876
857.27898
858.40770
858.95760
859.68528
859.85370
862.82880
862.92900
863.17752
863.72154
863.90700
863.91018
864.06072
864.20208
864.20664
864.22818
864.45894
865.92294
866.33808
866.60604
867.34890
874.16934
874.37070
874.40406
874.46526
874.47036
874.75824
874.94106
875.29344
875.38254
875.52450
875.91018
876.23316
