0.00196
0.01312
0.04060
0.11626
0.61846
1.28494
1.38220
2.00152
2.18872
2.38306
2.45146
2.66800
2.85130
2.96800
3.58174
3.61156
3.62140
3.85492
4.09564
4.10098
4.48420
4.77106
4.77388
4.96480
4.97800
5.00074
5.87860
5.90392
6.39058
6.53368
7.07590
7.08532
7.09168
7.09660
7.10914
7.13356
7.14772
7.17580
7.46404
8.23048
8.23366
8.24998
8.32288
8.32720
8.33944
8.34748
9.40588
9.42688
9.46300
10.56592
10.59466
10.60702
10.62370
10.65814
10.70308
11.76292
11.77192
11.85520
12.47944
13.16146
13.17916
13.23346
13.36252
14.31232
14.33260
14.34244
14.35894
14.37844
14.51230
14.52532
14.83156
14.92876
14.94538
15.44530
15.47158
15.52768
15.53260
15.68134
15.76192
15.95848
16.57834
16.62364
16.64776
17.82298
17.86138
17.87824
18.30118
18.97762
19.08040
19.86352
20.07418
20.13208
20.14072
20.15020
20.17042
20.20372
20.69668
21.29284
22.11292
22.43038
22.49980
22.94326
23.01268
23.26264
23.72308
24.85642
25.10686
25.36210
25.95418
25.98142
25.99156
26.01964
26.38516
26.46982
26.49898
26.52844
26.61568
26.77312
26.97550
27.10636
27.15790
27.17560
27.19498
27.90868
28.24468
29.51092
29.52490
29.56186
29.57482
29.64430
30.07750
30.67846
30.72736
30.84400
30.94402
31.78600
31.83352
31.83982
31.99096
32.82418
32.93044
32.96206
33.01642
33.06010
34.12942
34.22656
34.54318
35.29030
35.30464
35.31628
35.33326
35.35966
35.40700
35.80960
35.94298
36.50332
36.53314
36.79270
37.68238
37.80916
38.08192
38.08996
38.12302
38.55004
38.59228
38.61586
38.78518
38.83960
38.85580
38.87176
38.88430
38.88952
38.89600
38.97550
39.02272
39.10594
39.35878
39.64558
39.74200
39.91486
39.98902
40.01926
40.02898
40.14190
40.65850
41.08648
41.10226
41.10616
41.18896
41.32504
41.82214
42.24478
42.26074
42.26434
42.27208
42.29926
42.31912
42.36868
42.82474
43.40926
43.41520
43.42210
43.43518
43.44124
43.46854
43.49128
43.65514
45.78034
45.79426
46.23790
46.42396
46.55452
46.90720
46.99240
47.01766
47.02054
47.08006
47.21488
47.22382
47.29048
48.29680
48.30868
48.34018
48.47350
48.72340
49.51426
49.57330
49.62712
49.66762
49.93726
50.14756
50.37322
50.61256
50.72032
50.79316
51.10126
51.43966
51.83956
51.86152
51.89344
51.92014
51.95014
53.07274
53.08930
53.11222
53.68648
54.17356
54.23914
55.25566
55.33138
55.34224
56.45440
56.46886
56.47102
56.51662
56.74270
57.07210
57.18874
57.22210
57.45532
57.65260
57.65530
57.71176
57.73858
57.95524
57.98854
58.00522
58.23850
58.32184
58.63246
58.63846
58.82170
58.90504
59.87164
59.99500
60.07168
60.23836
60.35224
60.50494
60.54028
60.82156
61.03828
61.13314
61.17778
61.55488
61.62154
61.88818
62.29246
62.33542
62.37526
63.37138
63.45190
63.50272
63.73522
63.75184
63.83518
63.93520
64.36840
64.46842
64.55176
64.60174
64.63510
64.66150
64.71838
64.78504
64.86838
65.20168
65.30170
65.35168
65.46832
65.61832
65.78494
65.80162
65.82106
65.85784
65.87236
65.88496
65.92102
65.93494
65.95162
66.00160
66.13492
66.36820
66.38488
66.43486
66.46822
66.71818
66.80152
66.86818
66.98476
66.99628
67.03882
67.06816
67.07266
67.08478
67.08754
67.13482
68.16520
68.19808
68.20060
68.22466
68.35414
68.41798
69.28462
69.30400
69.33286
69.41788
69.42418
69.70390
69.71488
69.75010
70.42192
70.51444
70.54252
70.55344
70.55590
71.35384
71.68096
71.75038
72.15094
72.21766
72.38704
72.47032
72.52030
72.87214
73.05358
73.12024
73.83688
74.03422
74.05072
74.06344
74.08162
74.14996
74.66956
74.85352
75.27952
76.42384
76.42702
76.51732
76.52626
76.68676
76.75342
76.86736
76.90348
77.59534
77.60344
77.64406
77.67010
78.72622
79.09564
79.22008
79.94290
79.95382
79.96150
80.02408
80.60062
81.23404
81.44746
81.45766
81.52528
81.67630
81.68176
81.72010
81.85732
82.20712
82.31890
82.33006
82.34014
82.39450
82.40740
82.60342
82.78396
83.48062
83.51398
83.86738
84.21742
84.70108
84.72706
84.78676
85.00738
85.02868
85.18396
85.21444
85.22008
85.72006
85.97008
85.98676
87.02110
87.07684
88.05052
88.06384
88.10050
88.20292
88.20760
89.37880
89.45320
89.61712
90.25324
90.48382
90.56986
90.86980
90.91984
90.93652
91.35316
91.46980
91.81120
91.90726
92.36032
92.37460
92.47594
92.48788
92.80306
93.11962
93.46972
94.24018
94.31374
94.33252
95.00002
95.37862
95.39776
95.43328
96.59488
96.86926
97.30414
97.31938
97.72648
97.76362
97.76920
98.87968
99.63562
99.80224
99.98560
100.00852
100.23556
100.33270
100.36114
100.50214
101.07646
101.11870
101.14930
102.31588
102.35152
102.35812
102.43522
102.73516
103.14904
103.49176
103.67464
103.98898
104.43508
104.58898
104.60566
104.64610
104.65420
104.66242
104.70178
104.70796
104.93194
105.00850
105.31834
105.78502
105.84550
105.85042
105.85564
106.38220
107.02222
107.03908
107.33494
107.48494
107.81824
108.13222
108.15406
108.16210
108.25162
108.88486
109.28584
109.34266
110.06554
110.36548
110.44786
111.61828
111.67450
111.68218
112.76056
112.77502
112.82698
112.98502
113.19118
113.31832
113.53222
113.68222
113.70772
113.97442
113.97754
113.99950
114.03826
114.51838
114.96844
114.98236
114.99658
115.11190
115.12240
115.15792
115.20448
115.32862
115.94890
116.30482
116.31034
116.40568
117.00178
117.19126
117.45178
117.46534
117.52528
118.23244
118.65088
118.66348
118.67914
118.72630
118.73398
118.76854
119.18518
119.34148
119.78872
119.80612
119.95186
120.03526
120.08524
120.53524
120.65194
120.95194
121.02628
121.05196
121.10194
122.12284
123.32092
123.35542
123.37468
123.96844
124.47196
124.49806
124.50526
124.56556
124.56838
124.58230
124.62898
125.69116
125.71228
125.73172
125.79892
125.88496
125.93494
125.96548
126.08494
126.88114
126.88678
126.89434
126.92590
127.38100
127.92154
128.10748
129.01510
129.26164
129.29836
129.96760
130.10860
130.36198
131.41732
131.48398
131.53768
131.62780
131.71726
132.75970
133.35022
133.91062
133.91422
133.94236
135.11410
135.43042
135.51652
135.81646
136.18678
136.22050
136.51630
137.42908
137.43610
137.45236
137.80312
138.56302
138.61312
138.63874
138.65986
138.82642
138.98662
139.46188
139.63648
139.75318
139.81912
139.85794
140.18878
140.64892
140.89888
141.00028
141.00586
141.03634
141.05770
141.77170
141.83206
142.03204
142.14010
142.18288
142.19170
142.80286
143.34166
143.99566
144.11230
144.12898
144.22894
144.26230
144.59560
144.60898
144.61504
144.63970
144.81226
144.84562
144.94558
144.99556
145.17892
145.22188
145.24828
145.26220
145.31224
145.32886
145.39552
145.63156
145.79218
145.79626
145.81210
145.82368
145.83580
145.85152
145.85890
145.96216
146.02876
146.27872
146.46202
146.54812
146.69536
146.79538
147.04216
147.05866
147.12868
147.19534
147.42862
147.71194
147.91192
148.14526
148.16818
148.35874
148.39522
148.46830
148.54522
148.77850
148.86184
149.11462
149.16184
149.19190
149.21182
149.24794
149.37850
149.41186
149.46178
149.52850
149.71180
150.32842
150.39502
150.44584
150.45886
150.53110
150.54400
150.77830
151.01164
151.62358
151.68472
151.69486
151.96150
152.11144
152.26150
152.65816
152.70118
152.81296
152.87812
153.17806
153.51412
154.01728
154.02514
154.03030
154.06414
154.34746
154.86124
154.98064
155.08066
155.14756
155.28448
156.53302
156.59716
156.64708
156.87106
157.39696
157.72744
157.73308
157.86352
158.77744
158.85976
158.90098
159.69658
160.03624
160.06618
160.22992
160.30522
160.34662
160.35766
160.54654
160.65430
160.81324
161.21662
161.24128
161.41936
161.46316
161.82982
162.21304
162.44368
162.51304
162.87700
163.17064
163.19632
163.57966
163.65292
164.69338
164.80270
164.91280
165.86896
165.87562
165.88126
165.90460
166.09318
166.69324
166.79596
166.87924
167.05990
167.06926
167.22922
167.79586
167.86252
168.16870
168.23200
168.24310
168.25684
168.27730
168.33622
168.34582
168.69298
168.85960
168.99310
169.36624
169.40236
169.42288
169.43524
169.64566
169.82896
169.99282
170.03956
170.04916
170.22610
170.28280
170.34286
170.42602
170.45950
170.53900
170.55328
170.55718
170.57026
170.59288
170.69284
170.75944
170.82886
170.97616
171.26218
171.62878
171.67876
171.78940
171.81208
171.82876
171.84274
171.92596
172.49536
172.60918
172.74538
172.92556
172.99534
173.38228
173.77246
173.79250
174.12244
174.13948
174.21178
174.41182
174.44518
174.64510
174.77848
174.96802
174.97054
175.28506
175.34236
176.42548
176.43358
176.44114
176.44798
176.48356
176.55892
177.59158
177.63442
177.74200
177.75538
177.79198
178.14196
178.25854
178.32526
178.81906
178.82548
178.83154
178.92526
178.92796
178.94464
178.97800
179.17516
179.29462
179.30848
179.64178
179.79454
180.00976
180.01408
181.09162
181.17214
181.21000
181.97038
182.00158
182.32402
182.37652
182.39044
182.50492
182.61484
183.21754
183.37486
183.39424
183.48610
183.49054
183.52108
183.55198
183.87478
183.88522
183.93532
184.02754
184.34422
184.46086
184.72144
184.92748
185.09416
186.57724
187.06246
187.07458
187.07728
187.11052
187.27714
187.62718
188.16046
188.20264
188.32438
188.81446
188.99104
189.34798
189.36340
189.38416
189.44098
190.50424
190.57090
190.60090
190.60426
190.62700
190.83790
190.88386
190.92694
191.51026
191.71114
191.74732
193.13620
193.75732
193.90732
193.91362
193.94650
194.12674
194.14456
194.27860
194.90428
195.22084
195.75724
196.37662
196.42852
196.45996
196.54948
197.30992
197.52046
197.65636
197.97646
198.00706
198.12376
198.35980
198.50698
198.54040
198.59038
198.65704
198.76588
198.81370
199.04038
199.09318
199.14040
199.49038
199.74040
199.86652
200.07376
200.14042
200.19040
200.29042
200.49040
200.54038
200.57650
200.59042
200.64040
200.82652
200.97376
200.99044
201.10708
201.12382
201.24040
201.52378
202.04050
202.22056
202.24330
202.29328
202.50712
202.59328
202.79050
202.90714
203.11006
203.66692
203.67124
203.68846
203.71264
203.71642
203.73436
203.74336
203.77666
203.86000
204.69718
204.72394
204.75856
204.81430
204.83584
204.88330
205.84048
205.93714
205.95196
205.95400
205.97674
206.00122
206.02672
206.14330
206.20654
207.06316
207.08602
207.12670
207.53068
207.64342
208.06000
208.22740
208.23304
208.25206
208.26496
208.27672
208.28812
208.74340
209.04340
209.35738
209.36398
209.47672
209.72668
210.58828
210.59068
210.61150
210.62068
210.63748
211.04344
211.36780
211.71274
211.74778
212.83726
212.87446
212.91388
212.96008
214.01098
214.87678
215.17024
215.18026
215.19070
215.37406
215.87680
216.36478
216.38032
216.41014
216.42058
216.87394
216.97678
217.47040
217.47436
217.48024
217.48810
217.49704
217.50226
217.55110
217.92676
218.60722
218.65468
218.68096
218.69056
218.69536
218.70112
218.71006
218.72386
218.85718
219.00724
219.17392
219.25720
219.30718
219.49054
219.54052
219.62386
219.72388
219.77386
219.80722
219.84640
219.90724
220.09054
220.10722
220.34062
220.60720
220.95106
221.09056
221.30998
221.94052
222.15016
222.15718
222.18724
223.28086
223.34062
223.36618
223.41778
224.16622
224.42056
224.46718
224.49244
225.60754
225.61168
225.65386
225.72664
225.77662
226.79416
226.79710
227.15722
227.19328
227.25988
227.44330
227.57656
227.62090
227.91376
227.92384
227.94682
227.99050
228.07372
228.24316
228.30700
228.36646
228.68710
228.77368
229.14082
229.20982
230.10694
230.25160
230.26042
230.26744
230.32030
230.32636
230.47636
230.49022
230.52634
230.69026
230.95960
231.43006
231.44452
231.47626
231.52348
232.24012
232.35952
232.57612
232.70380
232.71304
232.82614
233.00668
233.34274
233.78380
233.79574
233.84272
234.05668
234.93988
234.96874
235.18360
236.95888
237.27310
237.31012
237.32980
237.39220
237.48940
237.50602
237.63940
237.68212
237.80602
237.90604
237.95602
238.09204
238.10602
238.23928
238.38484
238.47256
238.67536
238.68928
238.73926
238.88920
239.07250
239.10580
239.13910
239.31952
239.35576
239.38906
239.42242
239.48914
239.61910
240.23896
240.52858
240.62224
240.67216
240.80548
240.87214
241.89142
241.90480
241.96612
242.28850
242.30872
242.33848
242.37178
242.70790
243.17440
243.33826
244.20748
244.21126
244.21360
244.22092
244.22416
244.27792
244.49074
245.19052
245.44816
245.74042
246.50686
246.52354
246.57238
246.57442
246.57970
246.60574
246.89740
247.47328
247.73650
247.80040
247.80652
248.58964
248.92630
248.95354
249.37702
249.64558
249.66022
249.96646
250.06726
250.07254
250.12882
251.03896
251.30548
251.53600
251.70538
252.10516
252.33850
252.41824
253.55194
253.55854
253.64416
253.68796
254.97238
254.97694
254.98996
255.00052
255.01708
255.03466
255.04792
255.10402
255.25396
255.68710
255.95368
256.11262
256.14112
257.16712
257.23318
257.26090
257.26984
257.36704
257.38642
257.40034
257.63350
257.66962
258.21928
258.33598
258.36040
258.36472
258.49654
258.99634
259.11898
259.14448
259.23292
259.50340
259.53916
259.55212
259.55566
259.57480
260.35174
260.46838
260.65954
260.70160
260.70796
260.71828
260.72536
260.75158
260.88490
261.30130
261.33466
261.79402
261.81514
261.85318
261.85750
261.86512
261.87208
262.01770
262.40086
262.46752
262.70080
262.80076
262.81738
262.97452
263.00686
263.46706
263.85028
264.13702
264.33334
264.66658
264.94984
265.30162
265.48012
266.39302
266.41450
266.43154
266.43520
266.46646
266.94604
267.07930
267.59326
267.60634
267.61198
267.63880
267.65278
268.11214
268.12882
268.16206
268.22878
268.34818
268.72156
268.77232
268.81456
268.82848
269.42818
269.69464
269.74462
269.87716
269.88070
269.89120
269.90026
270.02518
270.11386
270.44428
270.46366
270.51364
270.56368
270.59434
270.67378
271.03624
271.07194
271.11046
271.41034
272.16280
272.26006
272.27368
272.43982
273.40606
273.42880
273.43408
273.43810
273.70768
274.54852
274.71148
275.44168
275.70718
275.72506
275.74912
276.01084
277.26358
277.37398
279.16318
279.18982
279.21160
279.48958
279.52564
279.54238
279.62290
280.06930
280.08928
280.31212
280.34110
280.34824
280.71910
280.97224
281.02228
281.04574
281.17858
281.31016
281.32918
281.46232
281.49292
281.51428
281.53864
281.62552
282.04084
282.44098
282.47602
282.59476
282.64696
282.69730
282.89080
283.30444
283.59046
283.65430
283.68766
283.82722
284.99680
285.02284
285.08716
285.23698
286.15324
286.29322
286.32232
286.37266
286.41220
286.65298
286.68634
286.76962
286.78624
286.87234
286.88626
286.93618
287.16940
287.45266
287.45746
287.47486
287.53870
287.70256
287.78584
288.01912
288.31900
288.46894
288.65032
288.66886
288.85210
288.90208
289.03810
289.08808
289.10200
289.11868
289.15198
289.20196
289.25194
289.35190
289.43518
289.43794
289.63516
289.90168
289.93504
290.98174
291.12016
292.14130
292.20352
292.54798
292.60006
292.78660
292.88050
293.04676
293.27746
293.29990
293.33116
293.43358
293.51962
293.80000
293.89012
294.39286
294.39646
294.41578
294.81628
295.61878
296.72446
296.72890
296.78302
296.92480
297.26806
297.65122
297.85120
297.86494
297.87880
297.90106
297.92380
297.95728
297.98026
298.48150
299.07346
299.11456
300.00640
300.17980
300.63040
301.19962
301.43272
301.44946
301.46608
301.53274
301.86592
302.36566
302.51812
302.54530
302.59546
303.28192
303.67906
303.70702
303.71512
303.90934
304.11490
304.23154
304.44808
304.83904
304.85038
304.98124
305.13112
305.17846
305.31442
305.98060
306.01012
306.07786
307.21540
307.87696
307.91914
307.92688
307.94356
307.96024
308.01022
308.02690
308.12680
308.21008
308.26006
308.39338
308.46004
308.57662
308.69320
308.90974
308.95972
309.04306
309.09304
309.10966
309.29290
309.34288
309.44284
309.48022
309.50830
309.51826
309.69268
309.77596
309.92590
310.12576
310.25902
310.30906
310.35898
310.40896
310.50892
310.59220
310.67920
310.70878
310.80874
310.81150
311.04196
311.05858
311.40844
311.82388
311.84182
311.87950
311.88616
312.12748
312.57448
312.62446
313.02202
313.07422
313.54342
314.09026
314.21110
314.34292
315.37096
315.44386
315.94216
316.04830
316.09210
316.19206
316.23766
316.37908
316.40536
316.51204
316.51540
316.61044
317.51728
317.72812
317.75788
317.80420
317.90782
317.97178
318.95074
318.98668
319.79038
319.98028
319.98748
320.23402
321.37306
321.40030
322.68646
323.10574
323.41954
323.78884
323.80552
323.82982
323.85544
324.50524
324.66232
324.67186
324.87556
324.92608
324.93274
324.96796
325.15504
325.31890
326.04856
326.09572
326.28796
327.04150
327.13942
327.19372
327.24388
327.24688
327.28432
327.39178
327.55420
327.56320
327.80416
328.18048
328.40056
328.53448
328.72822
328.80100
328.85098
328.98424
329.00092
329.05090
329.15092
329.45074
329.47672
329.50696
329.58682
329.83396
329.87008
330.25756
330.26716
330.45046
330.46714
330.69136
330.73654
330.75040
330.81982
330.88366
330.98368
331.00030
331.41964
331.51960
331.79686
331.84672
332.36662
332.44990
332.48602
333.38578
334.09216
334.09900
334.12282
334.12588
334.14760
334.16710
334.20226
334.21888
334.93534
335.25196
335.35192
335.40190
336.41836
336.47272
336.49558
337.57054
337.57438
337.62586
337.88476
338.18800
338.53180
339.39838
339.90958
339.91864
339.95476
339.98434
341.10442
341.12836
341.19754
341.28136
341.71732
341.83126
342.29938
342.32788
342.33070
342.34018
343.29034
343.44046
343.98106
344.28100
344.46718
344.48098
344.56714
344.71708
345.16702
345.83008
345.86422
346.92748
346.97464
346.98358
346.99762
347.10022
347.56684
347.57320
347.90020
348.09664
348.10792
348.14212
348.16084
348.16690
348.58354
348.95026
349.26928
349.33420
349.67344
349.76680
349.83064
349.88062
350.20954
350.45320
350.46790
350.47738
350.48014
350.48620
350.49118
350.51680
350.61400
350.83342
350.83738
350.89114
351.61072
351.61324
351.65338
351.70006
352.05016
352.16680
352.68346
352.74736
352.78642
352.79260
352.81420
352.83346
354.60010
354.61678
355.08706
355.11922
356.26402
356.32984
356.83348
357.36682
357.41410
357.45286
357.47068
358.56688
358.58980
358.59454
358.61212
358.62616
358.64410
358.83106
359.40022
359.74756
359.80642
359.82754
359.99746
360.09736
360.18358
360.26698
360.28090
360.33088
360.50752
360.55648
360.88792
360.90346
360.96430
360.97756
361.13362
361.50700
361.66492
361.66912
361.93366
362.03362
362.04028
363.18364
363.21040
363.24766
363.36700
363.45028
363.63370
363.68368
363.85030
363.90034
364.25038
364.43374
364.56712
364.57096
364.82122
365.57950
365.63386
366.68116
366.69814
366.73144
366.76732
366.88396
367.16458
367.28116
367.30060
367.53394
367.54786
367.63396
367.71448
367.73392
367.79782
367.83118
368.09782
368.13118
368.23120
368.50066
368.91454
369.02620
369.03652
369.04534
369.08404
369.11458
369.16456
369.25072
370.15894
370.19272
370.20160
370.20406
370.20934
370.23142
370.27162
370.61470
370.66468
370.68412
370.70080
370.83418
371.47108
371.53174
371.54734
371.55460
371.56516
371.60092
372.76168
372.76564
372.79804
372.82408
372.84094
373.03432
373.80112
373.96216
373.99834
375.05122
375.06520
375.11782
376.19170
376.22416
376.22998
377.40544
377.41048
377.45152
377.55154
377.71828
378.50410
378.52216
378.57040
378.58120
378.59398
378.61840
378.66568
379.65622
379.66900
379.67308
380.02930
380.79976
380.81332
380.83438
380.85892
381.93592
381.95926
381.96352
381.99322
381.99646
382.01320
382.08316
382.09660
382.10254
382.21660
382.26658
382.46650
382.51660
383.05288
383.09818
383.10580
383.14624
384.24286
384.25462
384.30058
384.33664
384.58672
385.40716
385.41166
385.41442
385.43974
385.47034
385.48300
385.48696
385.52032
385.53082
385.85368
385.86760
385.88434
386.57446
386.61262
386.61532
386.62474
386.62750
386.64742
387.00418
387.73492
387.73762
387.78766
388.63522
388.78528
388.91332
389.00356
389.22592
390.05512
390.08572
390.10942
390.31912
390.62818
390.95278
391.03876
391.23502
391.25464
391.31644
391.31956
391.70560
391.87204
391.88908
392.40304
392.44798
393.48958
393.50044
393.52966
393.57652
393.60388
393.65374
393.73648
394.47964
394.49362
394.52578
394.69096
394.69966
394.71964
395.34016
395.84464
395.87566
395.88058
395.91094
397.04704
398.15824
398.16724
398.18476
398.20420
398.84152
398.95822
399.29170
399.30478
399.31366
399.33274
399.35842
399.37138
399.99202
400.04200
400.49218
401.30650
402.30958
402.75706
402.81640
402.81958
402.83260
402.84496
402.85984
403.17490
403.18576
403.95754
403.97038
403.99750
404.39098
405.18412
405.19144
405.24832
405.61336
405.67762
405.75820
405.77488
406.00828
406.04434
406.05130
406.07770
406.12492
406.12774
406.15528
406.30768
406.39180
406.39456
406.64188
406.72798
406.87804
407.07544
407.17816
407.25880
407.42830
407.44498
407.49580
407.51506
407.56168
407.57836
407.59510
407.70904
407.89246
407.97580
407.99248
408.17866
408.22864
408.39262
408.49270
408.50932
408.54268
408.58552
408.60160
408.61018
408.81226
408.92620
409.05958
409.09294
409.22632
409.32634
409.52650
409.67650
410.16010
410.17672
410.22682
410.29348
410.30314
410.32690
410.34352
410.62696
410.76034
410.87710
410.89654
410.91712
410.93062
410.94910
410.95828
410.97010
411.04384
411.12718
411.19390
411.27730
411.36064
411.37732
411.46348
411.51070
411.56074
411.71080
411.92434
411.99430
412.06804
412.08466
412.09438
412.14430
412.37776
412.41112
412.42780
412.44448
412.62784
412.69456
412.72792
412.81126
412.96132
412.99468
413.16148
413.29264
413.37820
413.41156
413.51164
413.56168
413.61166
414.07852
414.40144
414.42874
414.47872
414.62878
414.66214
414.69826
414.91222
415.09576
415.56166
415.61530
415.65226
416.01280
416.21278
416.31280
416.32954
416.33230
416.72008
416.76328
417.11602
417.18274
417.24670
417.25600
417.30556
417.83290
417.88648
417.90214
417.94576
417.94960
417.95500
417.96628
417.97054
417.98074
418.28314
418.34974
418.56658
418.59712
418.87732
419.05372
419.09728
419.11858
419.36080
419.36410
419.93008
420.18388
420.18682
420.19000
420.26110
421.52662
423.80182
423.97918
423.99586
424.01170
424.01860
424.03264
425.09620
425.10940
425.11168
425.13604
425.13964
425.16568
425.19868
425.65252
425.68588
426.25000
426.26932
426.34990
426.49510
426.83344
427.36966
427.41598
427.43638
427.56970
427.80034
427.85950
427.88374
427.93384
429.18676
429.80368
430.23712
430.88110
431.21794
431.40124
431.46796
431.70790
431.71804
431.75416
431.76802
432.01516
432.02086
432.02470
432.05422
432.07090
432.15154
432.40426
432.52096
432.82114
433.05166
433.14076
433.18174
433.20172
433.23526
433.50460
434.25904
434.28526
434.28808
434.40196
434.51872
434.91136
434.93284
434.97148
435.21886
435.42448
435.49432
435.91894
436.21900
436.63858
436.65658
437.18578
437.77864
437.80258
437.85964
438.42898
438.47212
438.61942
438.68602
438.93958
439.17106
439.35274
439.69948
439.70560
440.02918
440.10454
440.40286
441.28636
442.06972
442.08646
442.54546
442.82266
443.55322
443.59702
443.61016
443.62384
443.65810
443.66662
444.48946
444.57004
444.75616
444.77014
444.81388
444.83992
445.03618
445.47286
445.92376
445.95088
445.98346
446.03962
446.33962
446.70634
447.13966
447.16774
447.18970
447.22306
448.03984
448.31548
448.33372
448.36720
448.40638
449.40808
449.43736
449.45662
449.47330
449.86732
450.17068
450.44014
450.69016
450.72070
450.75400
450.75802
450.80410
451.19020
451.88224
451.94182
451.95706
451.99036
452.04214
452.05078
453.11818
453.17110
454.22704
454.27396
454.29790
454.34062
454.36510
454.87828
455.42092
455.47318
455.54488
455.72146
456.13816
456.57796
456.65422
457.19116
457.30780
457.37452
457.79500
458.00794
458.38858
458.94568
458.96794
459.02620
459.20812
460.07488
460.11544
460.13176
460.16890
460.19764
460.20826
460.24528
460.53886
460.80832
461.38036
461.42506
461.43376
461.43880
461.45416
461.60842
461.89180
461.90584
461.94886
462.47536
462.47914
463.39204
463.72270
463.79350
463.97002
463.97554
464.85526
464.87560
464.90086
464.90896
464.98186
466.03648
466.60930
466.78654
466.79260
467.21080
467.25748
467.26354
467.27002
467.47606
468.09280
468.35668
468.37012
468.40054
468.88678
469.00954
469.14292
469.30954
469.55344
469.55686
469.56820
469.57996
469.58254
469.59010
470.39026
470.52640
471.16966
471.51178
471.51580
471.84052
471.89044
471.93700
471.94420
472.85716
472.99330
473.13136
473.14948
473.23276
474.27664
474.28294
474.28756
474.32020
474.49054
475.52674
475.53730
475.54468
475.55728
475.56010
475.86010
476.42680
476.71054
476.72680
478.00036
478.01398
478.47688
478.86016
479.19748
479.21752
479.23504
479.33080
479.34088
479.34736
479.35738
479.36212
479.42074
479.59360
480.41410
480.46024
480.49114
481.41028
481.49356
481.53358
481.55914
481.58356
481.62964
482.69356
482.70754
482.75950
482.85412
482.90050
483.61024
483.67696
483.82420
483.83128
483.84358
484.15420
484.39978
485.05228
485.05762
485.10142
485.12332
485.13760
485.21026
485.27698
486.25048
486.28402
486.32164
486.34366
486.57694
486.94366
487.15756
487.43872
487.45252
487.52092
487.53046
487.53376
488.45764
488.47702
488.62168
488.62732
488.63758
488.67328
488.68978
488.72338
488.77702
488.92702
489.02698
489.36034
489.83044
489.92128
490.12696
490.67698
491.06404
491.08360
491.11030
491.15758
491.24734
491.37700
492.19456
492.22078
492.24082
492.28750
492.30130
492.44356
492.89356
493.36918
493.38052
493.53286
493.56460
493.59118
493.72402
493.98694
494.41006
494.58952
494.79340
494.80738
494.85226
495.79462
495.81358
495.82666
495.94996
497.00626
497.01292
497.03320
497.05066
497.07394
497.09326
497.11648
497.15752
498.16684
498.17650
498.18430
498.19402
498.21412
498.23518
498.24040
498.24280
498.77368
499.37374
499.39228
499.42642
499.70698
499.75702
499.82638
500.64022
500.76736
501.19288
501.64282
501.76222
501.78052
501.78976
501.79282
501.97618
502.93396
502.94164
502.94488
502.97008
502.97434
502.99006
503.87332
504.15670
504.19342
504.32002
504.32998
505.30042
505.32610
505.36834
505.39270
505.97602
506.25934
506.74264
506.94262
507.32320
507.68650
507.70318
507.75034
507.76342
508.27318
508.88878
508.89370
508.92580
508.95556
509.02582
509.15920
509.80642
510.09616
510.09928
510.15676
510.15910
510.24250
511.12582
511.28572
511.29250
511.47580
511.52578
511.62580
511.82584
512.45266
513.64330
513.64624
513.71290
513.74242
513.80014
514.80910
514.86256
514.98964
515.05636
515.21794
515.39242
515.60632
515.97574
516.01672
516.02662
516.14488
516.20932
516.21316
516.50626
516.55630
517.07290
517.23574
517.26022
517.27768
517.30624
517.42294
517.47292
517.52290
517.53958
517.55626
517.67290
517.83958
517.85620
517.95622
517.97566
517.98958
518.15620
518.18956
518.30626
518.37562
518.42938
518.63950
518.75620
518.78950
519.57862
519.58228
519.59230
519.60526
519.61096
519.66958
519.70624
519.85612
519.89224
519.92278
519.98944
520.12564
520.77880
520.79662
520.82026
520.82914
520.85890
521.15890
521.30890
521.60890
521.80612
521.97976
522.04252
522.07192
522.07552
522.14404
522.15886
522.23950
523.05880
523.18894
523.19218
523.21660
523.25890
523.68598
523.97272
524.51932
524.52556
524.56942
524.58352
524.61556
524.62174
524.65600
524.83936
525.75880
525.81940
525.85528
525.86590
525.87154
526.20616
526.90612
527.02552
527.09410
527.20612
527.27554
527.32552
527.45278
527.59342
527.90884
528.16264
528.18994
528.21544
528.25000
528.29212
528.30880
528.50614
528.59230
528.86596
529.30816
529.32190
529.32946
529.33192
529.38172
529.38862
530.40898
530.46388
530.46670
530.47564
530.51512
530.53228
530.55628
530.55898
531.64186
531.66430
531.66952
532.79008
532.81102
532.87852
533.07568
533.10286
534.01324
534.77560
534.92560
535.11274
535.16554
535.25890
535.50892
536.15614
536.31664
536.40892
536.43214
537.18940
537.32272
537.42268
537.58240
537.62266
537.63316
537.63940
537.77266
537.84592
537.92266
537.95596
538.05598
538.07266
538.21264
538.70494
538.70872
538.74358
538.81264
538.85596
539.05594
539.07262
539.21530
539.23924
539.30590
539.33926
539.35594
539.67256
539.73922
539.75590
539.94898
540.00586
540.05590
540.34198
540.48832
540.85870
541.05250
541.05592
541.59190
541.80580
541.88914
541.90582
541.92244
542.21608
542.26558
542.38912
543.35848
543.43936
543.72514
544.54786
544.58896
544.59556
544.60846
544.62514
544.67512
545.09176
545.54170
545.75470
545.80474
545.86606
546.90508
546.90826
547.02490
547.38874
548.09884
548.11984
548.13868
548.15206
548.42896
548.45620
548.50552
548.72632
549.08812
549.26110
549.26416
549.29296
549.30832
549.31864
549.33418
549.38356
549.92182
550.37458
550.40518
550.41562
550.45984
550.47088
550.50178
550.62838
550.67170
550.92694
551.70160
551.73856
552.79288
552.81166
552.82048
553.25758
553.54084
553.96366
553.98184
554.00152
554.10376
554.19076
554.48794
554.59072
555.13036
555.15076
555.18454
555.58108
555.93790
556.03792
556.31356
556.36594
556.39954
556.41508
557.46160
557.67118
557.69716
557.72392
557.74438
557.82394
558.38788
558.52036
558.67684
558.70270
558.72118
558.82126
558.82396
559.05730
559.29064
559.86106
559.86826
560.00734
560.29066
561.02938
561.07690
561.09412
561.09964
561.10738
561.11356
561.12130
561.72142
561.87136
561.88804
562.19482
562.24084
562.24702
562.40470
562.50748
563.43814
563.47768
563.47996
563.55934
563.57344
564.07828
564.49108
564.68842
564.79144
564.82168
564.82792
564.85252
565.07170
565.08502
565.10176
565.96846
565.99600
566.00176
566.02216
566.37460
566.66572
567.00808
567.09832
567.12148
567.13678
567.14572
567.55816
567.60814
567.75814
568.27924
568.29454
568.32226
568.35826
568.38112
568.42498
568.54156
569.44546
569.46328
569.74174
570.54190
570.62254
570.65134
570.66244
570.67936
570.70246
570.70588
570.72520
571.20856
571.41202
571.50256
571.76554
571.81564
571.84972
571.94200
571.97260
572.00494
572.36980
572.97898
572.98558
573.03940
573.05878
573.44212
573.69220
574.14226
574.17568
574.20250
574.27564
574.45894
575.27302
575.27698
575.28712
575.31850
575.33968
575.35012
575.35906
575.37922
575.41960
576.44878
576.74944
577.65592
577.67242
577.89262
578.32594
578.82970
578.83492
578.92954
580.03246
580.05010
580.89280
581.15344
581.16382
581.20582
581.50690
581.55976
581.59984
581.67340
581.82616
582.37060
582.37912
582.40576
582.42346
582.43240
582.54292
582.82336
583.56382
583.62340
583.70680
585.34294
585.98050
585.98362
586.07362
587.10970
587.15368
587.43694
588.36868
589.27642
589.50478
589.54030
589.55698
589.60720
589.64026
589.65070
590.09302
590.42644
590.67028
590.77834
591.52642
591.77644
591.88186
591.93700
592.79974
592.85938
592.95694
593.10082
593.10736
593.10964
593.11366
594.22984
594.27064
594.27358
594.27634
594.28684
594.30364
594.31858
594.44302
594.70966
594.85690
594.89302
595.47814
595.51384
595.54018
595.58686
595.73428
595.92628
596.58676
596.60170
596.60686
596.62762
596.62972
596.64016
596.99020
597.55960
597.59182
597.76486
597.77350
597.78052
597.87760
598.99018
599.00428
599.10958
599.39014
600.17626
600.22624
601.33234
602.45686
602.48692
602.52250
602.54182
602.54704
602.56924
603.59380
603.60682
603.68038
603.77356
603.90688
603.99292
604.52626
604.83928
604.84474
604.87294
604.90066
604.91116
604.92064
605.18992
606.01642
606.02110
606.95974
607.19656
607.55968
607.90978
608.34316
608.39788
608.41216
608.42842
608.44312
608.44942
608.60710
608.70712
609.63424
609.64852
609.69712
609.72652
610.76614
610.76968
610.80046
610.81612
610.82188
610.88008
611.54326
611.80990
611.93722
611.96878
612.02092
612.02392
612.05710
613.11286
613.13050
613.13296
613.88782
614.04730
614.27686
614.35732
614.39062
614.57680
614.74072
615.24346
615.59080
615.84352
616.65514
616.69774
616.71784
616.74070
616.74976
617.22682
617.64346
617.84656
617.85634
617.86624
617.86822
617.91010
617.93392
618.10732
619.09156
619.09696
619.13074
619.19344
619.25380
619.61014
620.41012
620.44084
620.45404
620.46394
620.47054
620.49070
620.53450
621.65638
621.71398
622.77058
622.80394
622.81888
622.84336
622.84726
623.45710
623.47666
623.94622
623.98594
623.99524
624.02656
624.07366
624.60982
624.72652
624.87646
625.08046
625.11964
625.12354
625.14946
625.15330
625.25632
625.35976
625.80982
626.00698
626.02288
626.31760
626.32840
626.34520
626.35978
626.45986
626.73040
627.00982
627.64306
628.74298
628.89292
629.30338
629.80630
629.82346
629.97628
630.32620
631.00756
631.02610
631.59274
631.65940
632.14804
633.30646
633.33640
633.35152
633.35920
633.44254
634.45630
634.48582
634.54936
634.66258
634.67296
635.07298
635.72242
635.88964
636.57286
636.85192
636.88324
636.89548
637.14220
637.64212
638.01070
638.01292
638.04880
638.06488
638.48920
639.17524
639.35854
640.37188
640.37506
640.37836
640.41328
640.41724
640.42696
640.45228
640.72498
641.07490
641.56018
641.62294
641.97484
642.75598
642.81754
642.83872
643.40794
643.88788
643.89886
643.92454
643.93300
643.94644
643.96204
643.99312
644.12446
644.99098
645.06178
645.07156
645.09754
645.11188
645.11824
645.13204
645.18814
645.24094
645.77422
645.78802
646.15732
646.19068
646.25728
646.27822
646.34836
646.45726
646.59052
647.24044
647.40850
647.42830
647.43112
647.43490
647.53036
648.14764
648.26608
648.47080
648.55690
648.64792
648.67798
648.69652
648.84022
648.85072
648.92776
649.76716
649.79680
649.80106
649.83382
649.86058
650.10658
650.45656
650.47048
650.68984
650.96650
650.98588
651.00604
651.01252
651.02122
652.16902
652.18588
652.42276
653.14312
653.32858
653.33140
653.33542
653.63914
654.20566
654.48970
654.49318
654.53890
654.55954
654.57622
654.73888
655.66600
655.67476
655.70530
655.76236
656.12182
656.21914
656.30512
656.53840
656.62174
656.84206
656.91910
657.05500
658.00834
658.02772
658.03216
658.06402
658.23208
658.30210
658.73806
658.85464
659.19916
659.21854
659.22754
659.23018
659.23516
659.50456
659.61082
659.92798
660.25168
660.25570
660.34876
660.39244
660.53956
661.40140
661.52422
661.53400
661.55152
661.57114
661.87078
662.08372
662.78500
662.80804
662.82454
662.85826
662.95378
663.03364
663.03724
664.13698
664.15996
664.22026
665.26894
665.30992
665.31730
666.40954
666.42418
666.48640
667.58350
667.60210
667.94998
668.05270
668.36938
668.72296
668.73832
668.75440
668.78944
668.84530
669.83578
669.89896
670.44970
671.04718
671.07424
671.08558
671.09608
671.12278
671.17276
671.21914
671.30608
671.31604
671.34940
671.35216
671.47654
671.78260
672.18418
672.20206
672.20728
672.21100
672.25588
672.26080
672.28498
672.30202
672.33532
673.36066
673.37836
674.56822
674.58484
675.00136
675.10132
675.25126
675.26794
675.62194
675.63700
675.72568
676.84972
676.93420
677.42368
677.59804
677.83132
677.99164
678.00064
678.05698
678.26446
678.65044
679.00036
679.10032
679.12318
679.16098
679.18768
680.29330
680.32438
680.35084
681.49960
681.52684
681.54064
681.59962
681.68284
682.19938
682.66198
682.66990
682.73980
682.89916
682.99216
683.04016
683.71558
683.77378
683.86288
683.86552
683.88178
683.89888
683.91556
684.89584
685.05622
685.05910
685.06516
685.24576
686.17222
686.30218
686.42866
687.45166
689.68426
689.73748
690.85300
691.32994
692.02936
692.03590
692.05942
692.08228
692.15524
692.19016
693.20944
693.22432
693.22936
693.23212
693.27334
693.27934
693.28354
694.11250
694.26238
694.30210
694.39288
694.39894
694.41898
695.01220
695.29276
695.46196
695.51224
695.54272
695.57908
695.58760
695.59270
695.67874
696.80572
696.80908
696.82570
697.76164
697.95886
697.97824
697.99492
698.00902
698.42812
699.06760
699.10816
699.49456
700.12780
700.21492
700.22164
700.24312
700.36108
701.04424
701.42146
701.42506
701.42758
701.50042
701.54836
701.57146
702.61942
702.65452
703.24378
703.44370
703.67704
703.82044
703.82704
703.90420
704.06026
704.09710
704.13742
704.94064
704.96428
704.97304
704.98336
704.99752
705.01708
705.02392
705.04540
705.07066
705.89074
705.93070
705.94030
706.12828
706.15078
706.18948
706.99282
707.36740
708.50344
708.59242
709.68430
709.72546
709.73164
710.88976
710.89366
710.90560
710.97496
711.07594
711.17218
711.99136
712.14130
712.18774
713.46238
713.51050
713.55478
713.59084
714.68674
714.73768
714.77110
714.82372
715.07092
715.15702
715.56856
715.59502
715.87780
715.89898
715.99642
716.99596
717.01774
717.06010
717.06694
717.07918
717.08692
717.27298
717.57484
717.58948
717.78952
717.85330
717.91228
717.93946
718.15798
718.19464
718.23316
718.25266
718.25596
719.29972
719.38612
719.42224
719.57218
719.58610
720.50014
720.53074
721.22158
721.64794
721.66108
721.71250
721.77142
721.78528
722.35456
722.85592
723.15166
723.17098
723.67084
723.75610
723.78478
723.83476
723.97498
724.00126
724.00942
724.05412
724.85386
725.16772
725.20054
725.20708
725.25994
725.32654
725.36776
725.37034
726.16726
726.34318
726.36400
726.38296
726.40060
726.40438
726.41716
726.45340
726.49636
726.91024
727.02370
727.42372
727.48762
727.53406
727.53982
727.56700
727.56994
727.58632
727.68004
727.99912
728.73436
729.85990
729.89182
729.89620
729.92278
729.96886
729.97306
729.98290
731.03506
731.04100
731.07910
731.10610
731.16832
731.24566
731.55154
731.78476
732.01804
732.22420
732.22822
732.41788
732.75112
732.97420
733.16494
733.41058
733.43422
733.45084
733.46188
733.46476
733.49476
733.53838
733.56742
733.61740
733.85056
734.45044
734.50042
734.58106
734.59018
734.60332
734.60818
734.61778
734.66098
734.93362
735.06688
735.11080
735.72586
735.73948
735.78724
735.79738
736.33318
736.84606
736.91632
736.93924
737.08294
737.24680
737.38474
738.07990
738.09310
738.09922
738.11704
738.31570
738.69622
739.26172
739.28614
739.32310
740.53588
741.65416
741.65710
741.68848
742.14502
742.51426
742.80424
742.96408
743.11402
744.00358
744.01246
744.01564
744.03622
744.04408
744.35746
744.36184
745.17652
745.22716
745.47700
745.87678
746.71258
746.96248
747.00238
747.52738
747.55330
747.56104
747.56350
747.56932
747.57610
747.59980
747.61882
747.70444
748.22860
748.42852
748.69912
748.70566
748.72228
748.73260
748.74784
748.75126
748.78246
749.05138
749.96122
750.09442
750.31108
750.86080
751.13062
751.15462
751.21066
751.59382
752.02432
752.27128
752.38456
752.39350
752.40718
753.29050
753.40984
753.47644
753.57370
753.64306
753.79306
754.80940
754.85128
754.90654
755.69242
755.90620
756.01750
756.02176
756.07558
756.10612
756.11320
756.18436
756.18868
756.22552
756.28948
756.77530
756.97252
757.16620
757.21048
757.65454
757.67218
757.67536
757.68352
757.75828
758.30800
758.32582
758.33326
758.34226
758.49136
759.54100
759.63820
759.72430
760.64302
760.67746
760.70722
760.77112
761.85106
761.85886
761.89000
761.92330
761.99002
762.32062
762.50650
762.82744
762.97156
763.01530
763.07296
763.12294
763.42294
763.98940
764.03656
764.21398
764.22250
764.23924
765.34000
765.34582
766.52950
766.54192
766.54462
766.56892
766.57528
766.63834
766.64458
766.71460
766.80496
767.74408
767.76778
767.77990
767.80456
768.86548
768.88138
768.89530
768.94810
769.01758
769.02706
769.05766
770.05000
770.06002
770.07406
770.09782
770.16436
771.28420
771.30232
771.33310
771.39028
772.47580
772.49686
772.50028
772.51960
772.55296
772.70020
773.59576
773.61316
773.95246
774.73558
774.77506
774.81604
775.93612
775.94218
776.00578
776.07202
776.26840
777.07876
777.10150
777.12874
777.14254
777.16042
778.18456
778.29982
778.31170
778.31500
778.33486
779.48830
779.51830
779.58130
779.79826
780.40042
780.56428
780.58372
780.64660
780.65698
780.71710
781.53334
781.79734
781.82320
782.06644
782.48296
782.94310
782.95054
782.95396
782.96014
782.98276
783.03676
783.36604
784.12012
784.96552
785.27944
785.32888
785.98198
786.11254
786.43174
786.46720
786.48784
786.50860
786.63178
787.61488
788.33758
788.34802
788.82118
788.83120
788.85880
788.93494
789.01186
789.80110
789.89146
790.14748
790.18726
790.21738
790.33726
790.41406
790.57774
790.68262
790.70098
791.16394
791.26816
791.31394
791.68246
791.71762
792.42418
792.44092
792.45442
792.45730
792.46042
792.54094
793.59322
793.62214
793.71082
794.66332
794.80054
794.80966
794.83960
794.84986
794.94670
796.31320
796.42708
796.51318
796.70716
797.44036
798.61714
798.74638
798.76300
799.46296
799.69090
799.69576
799.75012
799.91290
800.54338
800.84812
800.88550
800.91706
801.17944
801.29350
801.31666
802.07326
802.12654
802.12936
802.71262
803.22886
803.26618
803.27320
803.32930
803.35648
804.45280
804.46882
804.50980
804.52924
804.66844
804.86254
804.96250
805.01254
805.02640
805.16254
805.19584
805.56958
805.57918
805.63960
805.71250
806.69338
806.69776
806.70430
806.74876
806.78686
806.81860
806.82634
807.84574
807.97630
807.99574
808.47904
809.05954
809.06236
809.08720
809.10868
809.22904
810.25444
810.30184
811.18558
811.39186
811.39558
811.40950
811.86214
811.96348
811.99966
812.21848
812.39020
812.59276
812.64550
812.71414
813.14272
813.76216
813.76834
813.79264
813.80674
813.92602
814.17880
814.21216
814.24276
814.46212
814.77880
814.95598
815.01208
815.02606
815.07610
815.12884
815.28010
815.36212
816.15178
816.18076
816.19906
816.24964
816.25942
817.30648
817.34740
817.36216
817.37884
817.82884
818.48584
818.49604
818.59552
818.78278
819.72310
820.12882
820.14550
820.80958
820.85326
821.00932
821.76220
821.91226
822.10618
822.17524
823.18198
823.23364
823.25944
823.47616
824.12896
824.86612
825.04984
825.53296
825.60634
825.61366
825.61900
826.28968
826.74052
826.78978
827.01244
827.89762
827.91262
827.94766
828.22912
829.04584
829.07260
829.10572
829.17304
830.32654
830.37934
830.39590
831.42484
831.43186
831.43828
831.44644
831.49330
831.68998
832.37950
832.57342
832.58566
832.60468
832.65094
832.65916
832.67686
832.69642
832.73842
832.96012
833.04622
833.59612
833.77954
833.81452
833.81914
833.86630
833.89618
834.14332
834.21292
834.37948
834.49624
834.80008
835.26292
835.42966
835.85326
836.14636
836.14972
836.15326
836.17438
836.20936
836.22856
836.82976
836.96314
837.12982
837.31318
837.34378
838.35724
838.55302
838.92994
840.66340
840.67726
840.97720
840.98692
840.99430
841.03336
841.44682
841.91542
841.99684
842.09686
842.59690
842.70460
843.21982
843.23032
843.47506
843.48838
843.51088
844.14478
844.18432
844.30360
844.56076
844.56388
844.63858
844.70782
844.93750
845.07784
845.39404
845.69734
845.72794
845.77708
845.83072
846.94144
847.00048
847.01428
847.11154
847.17820
848.07136
848.10064
848.12500
848.12788
848.16454
848.26180
849.25060
849.26872
849.27244
849.44542
850.66504
851.57212
851.58448
851.60242
852.04588
852.98236
853.13230
853.34626
853.46572
853.61572
853.92976
853.93324
853.94314
853.95334
853.95568
853.97170
854.19922
854.26306
855.11464
855.13900
855.14860
855.18568
855.36340
856.27300
856.29640
856.34716
856.48318
856.54720
857.11666
857.46574
857.49274
857.50150
857.53348
857.71690
858.50044
858.65044
858.75478
858.76714
858.90046
859.05064
859.43404
859.77172
859.77982
859.80688
859.83064
859.84468
860.86510
860.94442
861.00736
861.01540
861.14848
861.29854
861.41794
861.90148
862.18156
863.30050
863.33092
863.36854
863.37262
863.38048
863.90206
864.54694
865.26910
865.63318
865.67914
865.75258
865.96936
866.83390
866.84524
866.88358
867.13642
867.54058
868.05052
868.07776
868.15732
869.15362
869.20408
869.21146
870.38242
870.39358
871.50154
871.53394
871.57990
871.61740
872.66350
872.68186
872.74426
872.77138
872.86864
872.93200
873.00196
873.22558
873.82792
873.84154
873.86032
873.89902
873.96268
873.98230
874.59478
874.59910
874.63600
875.01928
875.04934
875.08198
875.60554
875.72230
876.22906
876.23350
876.27886
876.29680
876.45580
876.70594
877.15600
878.38972
878.50648
878.51248
878.58718
878.59762
878.60734
878.66326
878.68984
878.83996
879.05392
879.23728
879.75688
879.81028
879.84022
879.93136
880.38760
880.40098
880.99744
881.94088
882.11896
882.16384
883.31140
883.52200
884.47786
884.51452
884.52946
884.55562