0.99324
1.81692
1.92642
3.91818
3.95304
4.23186
4.45236
5.20740
6.07116
6.12114
6.20196
6.49266
7.02672
7.10100
7.11162
7.21152
7.32216
7.50618
9.20076
9.26178
9.73368
9.74010
10.59714
10.63644
11.89662
12.16344
13.15002
14.10318
15.48318
15.56418
15.68616
15.74934
16.09254
17.39250
17.39538
17.42868
19.61538
19.62216
20.32818
20.33400
21.12162
21.53862
21.79500
22.80060
23.66460
23.68974
24.17172
24.20784
24.82626
25.22094
25.83360
26.96634
27.26118
28.67268
29.91984
30.06942
30.39624
33.57888
33.60540
33.74910
33.77262
34.54806
34.91466
35.17446
36.76248
36.77496
36.80772
37.02432
37.18818
38.58030
39.00684
39.78462
40.87020
42.75012
43.30038
43.70034
44.66658
45.09708
45.14298
46.44288
48.00282
48.48312
48.96246
48.98604
49.04286
49.33038
49.43262
50.20956
51.43224
52.08924
52.93548
54.88932
55.26456
55.52496
55.56108
58.28070
61.56978
61.74414
61.84776
62.47638
63.71394
64.02594
64.05660
64.98312
66.18282
66.80592
67.01622
69.71592
70.05570
73.10160
74.14860
74.17056
74.19882
74.46846
75.58020
75.59070
75.60990
76.63446
77.76738
79.28406
79.30956
79.52352
80.97468
82.67712
82.68102
82.71384
83.03382
83.07348
84.33054
84.63660
85.68924
87.35628
89.28384
89.49918
90.04614
90.04860
91.89600
91.90962
92.57892
92.70912
93.93894
94.57350
94.73490
94.91172
95.24808
95.31804
95.45808
98.36100
99.46734
101.59560
103.04670
105.29340
105.76248
109.10172
109.40568
110.19918
110.20914
110.26338
111.37266
112.24962
112.25586
112.25850
113.71500
114.47496
114.89454
116.52768
116.53800
116.63124
116.70786
117.40338
117.91476
118.06758
118.30854
118.65714
119.70978
119.88960
119.90724
120.32070
120.68388
121.14270
122.17998
123.42942
125.16888
125.78430
125.80206
125.83110
127.58118
127.58592
128.74836
128.77422
129.65706
130.41804
131.24838
132.00078
132.58752
134.13360
134.87676
134.89056
136.60314
136.71198
137.26974
137.49984
137.56224
137.58930
137.59722
138.97878
139.87944
140.20242
140.41596
140.59578
140.97948
140.98848
141.13338
144.06840
144.43236
144.43584
144.44904
145.13778
145.14570
145.63188
145.67868
147.55548
149.63184
151.73400
151.75092
152.04720
152.39880
153.29286
155.55264
155.83926
158.02302
159.13596
159.44736
159.48954
159.54942
160.97574
161.41614
163.94976
164.39322
164.83932
165.86850
165.95532
165.98556
166.85592
167.64900
167.79606
167.99634
169.59858
169.63074
170.26230
170.37468
170.45928
170.46228
170.76204
173.21202
173.63298
174.71754
175.38516
175.41510
175.59996
175.69908
175.99566
176.71680
176.99670
177.48216
180.76260
181.23798
182.66214
184.05006
184.75152
185.12808
185.54172
186.11142
187.70778
190.60254
190.62888
190.64868
190.75896
190.76148
191.55480
191.58540
192.15138
192.17118
192.27204
193.70136
193.93170
193.96212
194.71818
194.72142
195.47556
195.47862
195.48444
195.51810
195.80508
197.47830
200.38080
203.96208
203.96406
204.57852
204.60474
204.62814
204.74304
207.34806
207.60462
207.70530
208.09476
208.56192
208.60470
209.78598
210.88440
211.34574
212.99814
213.04500
213.79206
213.88284
214.95492
216.38520
217.99248
218.64126
219.44130
220.06536
221.08746
221.13162
222.27522
224.40888
224.41602
224.44206
224.44788
224.48370
224.48820
225.64884
225.69816
226.25478
226.49484
226.54506
226.63458
227.42442
227.43540
227.86158
227.98530
228.92112
229.40106
229.40856
230.47140
232.46796
236.56818
236.58534
236.71482
237.21798
239.36490
239.48814
239.56194
239.60466
239.82690
240.08148
240.10170
240.12864
240.14514
240.14946
240.51162
240.71490
243.92844
243.94128
243.97800
243.98826
245.01684
246.20436
246.21072
246.26772
247.69512
248.30448
249.01470
249.02166
249.87972
249.89484
251.14026
251.45862
252.14142
252.53442
252.56160
254.53176
254.61180
254.62182
254.62530
256.28490
256.38396
256.91502
256.91784
257.24118
257.26758
258.08472
258.95460
259.56498
259.60092
259.61304
260.58576
262.29198
262.47852
264.10686
265.51752
265.54458
265.74450
265.74804
267.00840
269.88120
270.03798
270.04050
271.25922
271.29780
271.74798
273.89154
274.63764
275.11128
276.09612
276.11082
276.11388
276.58512
277.44744
278.32044
278.66418
279.50046
280.43724
281.51346
281.56074
281.58348
281.63430
281.63718
281.76360
282.69036
282.70356
283.32702
283.43706
283.69014
283.89540
284.32032
284.99076
285.23970
288.18666
290.85696
292.16004
292.18962
292.23396
292.29048
292.72020
292.73460
293.04390
295.22538
295.43424
296.48652
298.94322
300.28416
301.43208
303.18270
303.56292
304.44132
305.03604
305.07678
306.68646
308.77932
308.98992
309.01602
309.31554
310.00272
310.03644
310.09326
310.14630
310.14942
310.18596
311.38848
311.79864
313.01244
313.28958
313.82484
313.85616
315.97938
316.01886
316.04916
317.57166
317.61516
317.78370
318.51624
318.60240
318.95796
320.86578
320.89230
321.44070
322.65228
323.24580
323.89590
323.94558
324.02568
324.89988
326.48184
326.93190
327.33546
327.40194
328.05138
328.26534
329.00160
329.01186
329.01894
329.10132
330.19236
330.24252
332.56536
332.59266
332.94510
333.63522
333.81162
336.25518
337.34490
338.21460
338.27712
338.35776
340.13088
341.15202
341.16432
341.16786
343.21098
343.78068
344.36994
345.70752
345.73746
345.75366
346.99080
347.57004
348.24114
348.51444
348.98070
349.50066
349.74432
350.48142
350.51742
350.52750
351.25440
353.62086
353.64984
353.71398
353.72142
353.99376
355.35078
356.04990
356.18730
356.19684
357.37458
360.24366
360.25980
360.28920
361.96248
361.98840
362.02368
364.10358
364.20390
364.50624
367.15638
367.63086
367.64946
367.68036
368.60682
371.00964
371.77932
372.24702
372.73260
372.77580
373.16556
374.00976
374.60874
376.23972
378.61206
378.71850
378.73230
379.32576
379.46568
380.36532
380.64564
380.69244
380.70894
381.33498
381.34464
381.64182
381.69828
381.89178
382.01778
382.51794
385.01820
385.03902
385.04130
385.07214
385.09152
387.04830
387.08862
387.14082
387.34794
388.01490
389.07498
390.78366
390.80088
391.31076
391.33104
391.34412
391.38108
392.29728
393.35496
393.54270
393.55278
393.60438
393.74394
394.92108
394.94106
395.35212
398.24436
400.07766
400.84902
400.86360
401.57970
401.59980
401.67312
401.79726
401.83332
402.16326
402.69090
402.74922
403.90566
404.92944
405.74232
406.49514
406.50810
406.58136
407.24514
407.25426
408.89268
408.90204
408.98856
409.80828
411.97878
412.46070
413.30148
413.73096
413.76648
415.51818
415.52406
415.67916
415.81092
416.11614
416.68146
418.77750
418.77978
420.28476
420.31482
422.90496
424.41096
427.74396
429.36732
429.43956
429.47328
430.18002
430.21902
430.73028
430.75026
431.51478
433.24686
433.76688
434.66874
436.72080
436.76022
437.22600
437.30634
437.77644
438.54672
438.56274
439.60596
442.33458
442.52658
444.70998
445.66854
445.78632
446.69502
447.12498
447.17652
448.37346
451.43292
452.47596
452.53290
453.30288
453.36306
453.38346
453.39282
453.42234
454.90674
457.52238
457.53606
457.58130
459.62706
459.91470
460.24266
460.25286
460.35252
461.06358
461.42598
464.21952
464.96316
465.29574
465.95934
465.99960
466.92618
469.37040
469.70250
469.71264
469.75260
470.11620
470.13168
470.15388
470.25372
470.39520
475.34652
475.37214
475.39488
476.19546
477.21414
477.21612
477.22986
477.59022
477.62928
477.67602
477.67866
478.45164
479.14632
481.49580
481.63878
482.23260
482.49264
482.56626
482.56956
482.91978
483.10902
483.49326
484.31286
485.26206
485.28012
486.48312
486.49722
486.66942
486.93894
488.54496
488.78340
488.81958
490.58112
491.71206
492.25608
492.29970
492.46212
493.07856
493.27896
493.72566
493.99632
494.02230
496.74618
496.78308
498.44604
498.49482
499.04574
499.05876
499.06200
499.07532
500.88846
500.98806
502.65072
502.67442
502.74210
502.80462
503.36328
504.35748
504.75450
504.78744
504.99066
505.01136
505.40136
505.40826
506.04132
508.28700
508.36428
510.36516
512.33208
512.36064
512.70750
512.74680
514.09212
516.64926
516.80220
518.26548
519.37008
519.41934
519.62538
522.09750
525.69954
526.35018
526.81710
526.85424
527.03106
528.77622
529.51368
531.69012
531.88320
532.04712
533.05314
533.63682
535.54338
539.13342
541.58298
542.36604
542.38368
546.16308
546.17316
546.68598
546.69018
548.20968
548.73414
549.76704
549.84672
550.06758
552.70722
552.72990
553.46700
554.46636
554.55318
555.12012
555.75006
557.49528
557.99334
558.04362
558.10626
559.07760
559.12824
559.14540
559.72980
559.75638
561.49674
561.84678
562.14384
562.80984
562.89642
562.92546
564.54624
564.57684
565.75230
565.77990
566.31294
568.17936
568.72236
569.40828
569.62260
569.77602
569.77986
570.01908
571.17234
572.76246
572.77590
573.10182
573.12138
575.72874
575.74188
575.78634
575.81184
575.81634
575.82858
577.98756
578.00814
579.45474
579.48726
582.21006
583.12194
583.13454
585.79758
587.04708
587.23032
587.25078
587.26374
588.15762
589.19436
589.36344
590.29104
590.35338
592.65336
592.82274
593.36076
594.80826
595.18194
595.19628
597.16332
597.58788
599.31036
599.35074
599.47110
600.24384
601.47720
601.52700
601.78392
601.79406
601.87788
601.88406
602.69364
604.43712
604.48740
604.53774
605.27382
605.30010
605.32398
606.05040
608.33394
608.72010
609.35922
609.36504
609.38736
609.40434
609.42414
609.48426
611.49792
611.52462
612.13878
612.89394
614.61822
614.62596
614.62776
614.71068
615.18240
615.46974
615.74760
616.22592
616.25514
616.99758
617.10096
618.05418
618.15126
621.05856
621.10608
622.37322
623.10558
623.74956
623.77500
624.55878
624.64218
624.66168
625.33632
625.34556
625.45902
626.59806
626.60802
627.95868
628.78206
629.53218
629.53956
629.61264
629.62032
630.75270
631.88334
631.95288
633.45810
634.56054
635.99640
636.34350
639.51030
639.89340
639.92670
639.94956
640.05612
640.95612
642.78036
642.80670
642.82374
643.89342
644.41908
644.43276
645.18618
646.13646
646.15248
646.99920
647.00274
647.14422
649.20480
649.24668
649.33284
649.37322
650.76996
652.21602
652.22640
652.24968
653.34324
653.71002
653.71566
654.26274
655.24872
657.99912
658.15968
659.78406
660.55656
661.31910
661.34622
662.45028
662.47572
663.30936
664.03218
664.45254
664.86570
665.62446
666.19260
666.22938
668.36586
668.83602
668.86278
668.88924
669.01908
671.58876
672.67590
672.76674
676.02954
676.09242
676.10268
677.15802
678.33480
678.95316
679.00992
680.44878
681.01278
681.19608
681.26292
681.29610
682.50612
682.53996
684.13626
684.16314
685.73874
685.80312
685.84902
686.81682
686.85606
686.88918
687.49266
687.79632
687.81906
687.82686
688.53906
688.72614
690.48276
690.55290
690.94854
692.05062
692.12658
692.14260
692.48040
692.85528
694.52970
697.30002
698.14872
698.29626
699.09162
699.10662
699.10950
699.18216
699.19278
699.94086
700.54584
700.63614
701.40942
701.43630
701.43864
701.65230
701.66952
701.99892
702.43470
702.55284
703.71660
703.94898
705.97632
705.98478
705.99324
707.30772
707.34954
707.46588
707.49864
708.89556
710.14614
711.26688
712.89096
713.43000
713.45658
713.90532
713.93514
714.44568
715.74216
715.77594
715.78524
716.57898
716.63544
716.67282
716.69604
717.25632
717.37218
718.05954
718.17192
718.50510
718.52706
720.11622
720.84870
720.89556
722.32872
723.02568
723.03264
724.56822
725.90544
727.93440
728.19756
728.85786
730.36794
730.37076
730.91988
730.97478
732.09708
732.97878
734.40762
735.05346
735.83184
735.85086
735.95556
736.96992
737.04744
737.10348
737.44044
737.47080
737.55030
739.78716
739.82682
740.57166
741.30672
742.04280
742.85328
742.85694
743.58828
744.48396
744.48966
744.89958
744.90798
744.91602
744.95340
745.81590
745.86264
745.90038
746.14272
746.48952
747.01944
747.53346
747.56550
749.57220
749.58528
749.62968
750.58506
751.28874
751.67772
752.17236
755.43450
755.48748
758.24058
759.38826
759.95520
760.16448
760.65192
760.66800
762.35472
763.23852
764.87844
765.64098
766.14102
766.18014
766.90908
768.16092
768.21528
768.22782
768.61986
771.93450
771.94344
773.62686
774.28800
774.40410
776.82726
776.84436
776.86362
776.88324
778.73694
778.74414
780.00498
780.02946
781.02738
781.42338
783.81738
783.88674
783.93042
784.34034
784.34502
784.63740
786.49266
786.92016
786.98370
787.05330
787.56114
788.60646
789.38004
789.58014
790.66620
790.68666
790.69938
790.73700
790.99260
791.09610
791.39652
792.18246
793.77624
794.88630
794.90286
795.58680
795.80916
796.44582
798.36546
798.55266
799.21638
799.25880
799.41558
799.46352
799.47342
799.48830
800.95260
802.71504
802.71858
804.30444
804.35484
805.71180
806.17452
806.28564
808.35480
808.91112
809.45550
811.32180
812.07378
812.74860
815.98338
816.00210
816.02922
816.44550
816.49164
816.50820
816.68250
817.60188
818.48130
818.53572
818.61330
820.02240
820.07934
820.08900
820.10544
820.28580
822.60318
822.60864
823.55988
824.01984
824.92308
826.82340
827.47992
827.74032
827.77026
828.34320
828.45672
831.77736
831.80178
833.03496
833.14830
833.25786
833.86152
834.13542
834.14214
834.37338
834.38880
834.42240
839.27928
839.28810
839.58606
842.01480
842.06274
842.91438
842.93070
843.64032
844.08030
844.28394
845.45034
845.56380
845.99712
848.48796
849.81462
849.82824
851.71716
851.75340
851.79852
851.91768
852.62148
852.77472
853.31718
854.51724
854.52516
855.08190
855.45510
855.46086
855.48714
856.24854
857.38068
859.09428
859.10118
859.92798
859.93446
859.95492
860.75196
860.86116
862.02066
862.06368
863.21916
863.23074
864.81816
865.19142
865.41174
865.54176
867.66450
867.69756
867.98124
868.53102
869.89488
870.89466
872.13810
872.95242
873.00828
873.02508
873.03882
873.54522
875.76150
876.16422
877.08882
877.09254
877.11564
877.14174
877.34454
877.35144
877.52532
877.56474
878.35572
878.36856
878.71164
878.72778
878.88990