0.41776
0.42010
0.49636
0.85060
1.36828
2.26354
2.71114
3.24052
3.98800
4.08424
4.10134
4.14832
4.19440
4.45732
4.46950
4.49068
4.53700
4.57408
4.63708
4.65178
4.71490
4.80316
4.88512
4.89460
4.90366
5.00488
5.03092
5.06446
5.14066
5.15488
5.22148
5.26162
5.27164
5.33092
5.39080
5.43820
5.45746
5.53606
5.64076
5.70484
5.72062
5.73826
5.75740
5.79856
5.80492
5.80744
5.81110
5.82808
5.87410
5.88790
5.92402
5.94256
5.94454
5.95492
6.00748
6.02836
6.05740
6.13168
6.15490
6.57160
6.78472
6.78724
6.95746
7.26814
7.87414
8.06146
8.51800
8.68192
8.87416
9.04084
9.67414
10.00492
10.02412
10.62412
10.67164
10.72582
10.90744
11.05738
11.14078
11.22160
11.29072
11.30740
11.43820
11.63578
11.72404
11.77150
11.77846
11.81428
11.85736
11.86504
11.88046
12.21142
12.21490
12.52678
12.60124
12.60364
12.70732
13.06498
13.08436
13.09060
13.12588
13.18054
13.27564
13.27762
13.28806
13.29838
13.48438
13.50016
13.73800
13.94056
13.99432
14.00722
14.02132
14.44732
14.44972
14.50174
14.51356
14.55448
14.59816
14.60692
14.68780
14.70184
14.75458
14.75698
14.75896
14.78434
14.84038
14.85316
14.86474
14.93140
14.94028
14.95816
14.96062
14.99032
15.01510
15.01834
15.04696
15.06454
15.09958
15.15700
15.16366
15.23416
15.24388
15.31036
15.31690
15.37360
15.46054
15.48772
15.50854
15.57370
15.62512
15.63760
15.64174
15.65428
15.67108
15.74122
15.76750
15.76936
15.78766
15.79810
15.84010
15.87100
15.90424
15.91738
15.95074
15.95428
15.96352
15.97348
16.01944
16.02352
16.03444
16.03648
16.04434
16.05418
16.07356
16.11472
16.15684
16.62088
17.18998
17.27326
17.43730
18.03382
18.18976
18.23974
18.25648
18.55642
18.88726
18.89146
19.10620
19.15624
19.51762
19.59040
19.59292
19.71622
19.96690
19.96936
20.10610
20.10970
20.67934
20.98006
21.43642
21.82216
22.40542
22.58614
22.65268
22.99294
22.99534
23.38846
23.64220
23.64646
24.15484
24.19522
24.38554
24.88798
25.07890
25.13788
25.51858
25.84144
26.19064
26.22088
26.27782
26.30410
26.42092
26.46826
26.47078
26.53468
26.55838
26.64046
26.79424
26.80156
26.81452
26.84896
26.85142
26.87842
26.90140
26.91802
26.93122
26.93386
26.94820
27.05422
27.05746
27.10816
27.15388
27.19642
27.23716
27.24376
27.31804
27.38464
27.45124
27.45382
27.54160
27.58102
27.58456
27.59998
27.62044
27.70000
27.71932
27.81046
27.81436
27.95320
27.95788
27.97024
27.98422
28.00360
28.02802
28.03726
28.06780
28.07200
28.11784
28.16248
28.16410
28.20358
28.24222
28.37266
28.41124
28.44088
28.44466
28.51642
28.52752
28.53682
28.61116
28.61758
28.74700
28.93408
28.96990
28.99036
28.99564
29.15068
29.34988
29.90284
29.96464
29.96710
30.15034
30.18610
30.20284
30.21292
30.23758
30.24394
30.25282
30.26956
30.28354
30.31696
30.36946
30.76678
31.08604
31.15252
31.23754
31.36666
31.37680
31.45912
31.70932
32.89828
33.19942
33.38272
33.41602
33.41848
33.58600
33.63262
33.92308
33.92590
33.94876
34.01950
34.07884
34.09912
34.25794
34.26826
34.40188
34.43482
34.56556
34.65304
34.69258
34.76554
34.88230
34.88962
35.29372
35.40904
35.41798
35.43580
35.47210
35.59126
35.59516
35.59870
35.64868
35.74120
36.04546
36.18604
36.28186
36.29854
36.31768
36.61516
36.66508
36.94834
37.14226
37.23160
37.24300
37.37902
37.39534
37.41034
37.45846
37.46182
37.52800
37.56484
37.56748
37.95058
38.00434
38.02516
38.03140
38.05960
38.06116
38.06770
38.08816
38.16736
38.22358
38.23144
38.33134
38.35948
38.39692
38.45476
38.45674
38.47144
38.49604
38.51398
38.75404
38.81122
38.82802
38.83366
38.84662
38.85814
38.86702
38.88766
38.91460
38.94778
38.96452
38.96710
38.99158
39.09070
39.10066
39.14488
39.15808
39.18652
39.23518
39.24688
39.25114
39.32416
39.35050
39.38476
39.39274
39.40420
39.43528
39.45040
39.49780
39.55456
39.55798
39.57496
39.59140
39.72352
39.75448
39.76306
39.77344
39.81418
39.82972
39.85018
39.92350
40.01032
40.02964
40.05034
40.13086
40.19734
40.23514
40.25008
40.28080
40.34002
40.46404
40.53316
40.58326
40.62442
40.68070
40.74364
40.76656
40.78462
40.82812
40.90108
40.91842
40.95682
40.96408
41.01946
41.03722
41.04046
41.10376
41.10628
41.11114
41.14972
41.18062
41.19082
41.21434
41.22394
41.28058
41.31652
41.34646
41.40646
41.42926
41.47060
41.59078
41.59882
41.60368
41.60614
41.66632
41.73304
41.90632
42.38704
42.43282
42.49690
42.50080
42.57940
42.58942
42.61606
42.81604
42.82270
42.94930
42.95374
43.56592
43.61584
44.13232
44.27974
44.35558
44.38642
44.54890
44.64520
44.68210
44.69626
45.03208
45.07678
45.07948
45.10672
45.13990
45.21532
45.22828
45.39244
45.41560
45.67282
45.83380
46.09840
46.32802
46.35604
46.55680
46.57906
46.60594
46.60828
46.64824
46.70950
46.86112
46.86484
46.88146
46.90930
46.91218
46.91482
47.01880
47.17534
47.96458
48.09532
48.36196
48.59776
48.73492
48.78100
48.79522
48.79774
48.84508
48.92716
49.21168
49.29748
49.31164
49.43218
49.43470
49.47034
49.48474
49.51810
49.52710
49.62814
49.69138
49.69744
49.82176
49.82710
49.86394
49.89496
49.92100
49.93270
49.94500
50.00506
50.17798
50.24248
50.31766
50.43076
50.44858
50.53480
50.53948
50.54362
50.56132
50.56390
50.59720
50.74474
50.81044
50.81548
50.87278
50.94718
51.04456
51.05812
51.09712
51.12040
51.16384
51.21130
51.23044
51.23812
51.24322
51.29464
51.36058
51.36790
51.39706
51.54328
51.86116
52.21354
52.41346
52.41730
52.43908
52.52758
52.74070
52.80442
52.82008
52.83106
52.84060
52.86832
52.89286
53.01322
53.27746
53.32996
53.44654
53.61322
53.81062
53.89636
53.94274
54.16060
54.54640
54.77968
54.82966
55.06042
55.12960
55.37068
55.53364
56.16022
56.67934
57.05368
57.10330
57.20908
57.22672
57.27694
57.44590
57.82006
57.93976
57.97912
57.98332
58.02586
58.06912
58.07914
58.08076
58.09582
58.16248
58.27648
58.43542
58.74322
58.87642
59.02900
59.34310
59.48236
59.54596
59.55976
59.59750
59.60236
59.61352
59.63662
59.63950
59.66920
59.67214
59.72218
59.72566
59.75872
59.81998
59.82226
59.82514
59.85982
59.87020
59.90854
59.92996
59.96866
59.98540
60.04036
60.04558
60.05254
60.13588
60.14536
60.14902
60.22330
60.30358
60.30970
60.31222
60.40606
60.40852
60.42274
60.43306
60.45982
60.46234
60.46744
60.46936
60.47884
60.48286
60.53554
60.54304
60.62230
60.66970
60.67882
60.68656
60.74290
60.76912
60.77632
60.80320
60.80962
61.00966
61.01998
61.04962
61.05604
61.06900
61.07626
61.09294
61.13662
61.14286
62.34952
63.40312
63.40942
63.45202
63.46972
63.63628
63.66598
63.70294
65.25562
65.30542
65.42248
65.54902
65.73184
65.94922
66.25390
66.49216
66.84922
66.89914
67.29238
67.44898
67.62832
67.84228
67.85254
67.87558
67.99228
68.10178
68.20132
68.20774
68.27560
68.31916
68.47558
68.51140
68.55886
68.59210
68.60884
68.89222
68.94094
68.95756
68.97424
69.02440
69.07798
69.08860
69.09208
69.21298
69.34846
69.59452
69.65866
69.96118
70.04200
70.22524
70.24816
70.25056
70.28434
70.44448
70.76110
70.85854
70.91104
70.97146
71.02786
71.05510
71.08546
71.15854
71.25850
71.26114
71.35246
71.36518
71.38468
71.38822
71.39182
71.44180
71.46136
71.46286
71.50372
71.61484
71.62774
71.67406
71.70766
71.72188
71.77156
71.78128
71.80198
71.80504
71.90206
71.92510
71.98168
71.98438
72.01852
72.07510
72.09178
72.09430
72.11752
72.12496
72.13540
72.15838
72.17758
72.19162
72.21754
72.22762
72.28180
72.28444
72.36262
72.40738
72.44170
72.45718
72.50716
72.52150
72.53914
72.55978
72.63478
72.69166
72.70186
72.70714
72.75100
72.79414
72.83524
72.85186
72.90472
72.90820
72.92134
72.92500
72.99052
72.99838
73.02754
73.06210
73.14418
73.20838
73.22752
73.24420
73.24834
73.31086
73.41454
73.44412
73.53412
73.57498
73.94410
74.07490
74.10820
74.34412
74.35714
74.49142
74.69398
74.83132
74.84404
74.84830
74.87494
74.87770
74.88514
74.89054
74.89408
75.11158
75.19144
75.20806
75.25786
75.27484
75.39148
75.50806
75.54394
75.82474
75.92728
76.09132
76.45168
76.63498
76.67098
76.72864
76.81054
77.21056
77.86828
78.02260
78.18844
78.30802
78.44374
78.44596
78.67378
78.69904
78.70306
78.70792
78.73498
78.74722
78.79372
78.86038
79.39114
79.64368
79.82332
80.28364
80.70508
80.97310
81.62446
81.99364
82.01674
82.26406
82.28992
82.36030
82.40422
82.45786
82.50424
82.54714
82.55980
82.58746
82.65040
82.65472
82.67434
82.68766
82.69528
82.77442
82.79362
82.80778
82.84114
82.88770
82.89100
83.00410
83.01172
83.03104
83.05768
83.06662
83.08354
83.09368
83.10652
83.11822
83.14384
83.27692
83.29324
83.37688
83.38222
83.49238
83.50138
83.56504
83.59360
83.61022
83.61784
83.69740
83.71192
83.79700
83.82430
83.95402
84.01648
84.04552
84.09346
84.10756
84.11014
84.11422
84.17428
84.17668
84.21016
84.21184
84.26092
84.27694
84.30022
84.35404
84.54574
84.56014
84.63208
84.67852
84.68338
84.70126
84.73732
84.77680
84.80074
84.92140
84.96448
84.97414
84.97654
85.06900
85.07116
85.07674
85.13068
85.20028
85.28980
85.29496
85.29736
85.32418
85.33822
85.37674
85.45636
85.46782
85.47268
85.47844
85.48966
85.49338
85.55410
85.57114
85.62418
85.63726
85.67062
85.67422
85.67680
85.69102
85.69438
86.36782
86.53054
86.56006
86.58466
86.73964
86.79076
86.94334
87.41116
87.41764
87.52048
87.54076
88.32658
88.46332
88.79032
88.82398
88.89322
88.92394
88.95736
89.01760
89.93932
90.06862
90.16666
91.49272
91.84270
92.30560
92.33662
92.67346
92.75566
92.83660
92.98018
92.98378
93.04312
93.05680
93.10264
93.12976
93.18880
93.41986
93.42214
93.42592
93.46702
93.47704
93.48364
93.58234
93.60028
93.65014
93.65314
93.70996
93.86728
93.90040
93.95536
94.02262
94.07584
94.07740
94.11730
94.11976
94.21684
94.41340
94.42204
94.44244
94.45534
94.45900
94.47586
95.06326
95.45662
96.11956
96.35326
96.85630
97.23946
97.28836
97.47880
97.56292
97.81210
97.94974
98.09338
98.29810
98.30272
98.31286
98.35798
98.45848
98.55508
98.55838
98.57884
98.98270
99.50164
100.08292
100.09516
100.27480
100.31470
100.37482
100.51690
100.56508
101.90536
102.95500
103.02088
103.42408
103.52410
103.52572
103.56430
103.58458
103.61794
104.19820
104.20096
104.20348
104.22394
104.26132
104.38720
104.52700
104.53534
104.67016
104.75878
104.77366
104.79718
104.80798
104.81596
104.82376
104.92786
104.95150
105.02644
105.08068
105.08410
105.09184
105.15448
105.17122
105.21760
105.26752
105.27382
105.28426
105.42106
105.50302
105.54028
105.57406
105.64492
105.65086
105.68488
105.78250
106.06348
106.08412
106.16452
106.20706
106.28770
106.32346
106.33132
106.33408
106.34254
106.35310
106.36744
106.56376
106.57066
106.57318
106.59166
106.75414
107.03998
107.06440
107.40658
107.79334
108.00640
108.07024
108.08686
108.13006
108.20356
108.35032
108.42022
108.44854
108.45298
108.46426
108.60340
108.69622
109.24732
109.78582
109.91668
109.98934
110.01382
110.07478
110.08600
110.10232
110.19112
110.31376
110.43916
110.44510
110.74078
110.75596
110.80576
111.58966
111.61372
111.73900
112.33306
112.52956
112.82230
112.86340
113.22220
113.23006
113.53882
113.62216
113.66638
113.68942
113.69182
113.71732
113.78278
113.83006
113.83882
113.84662
113.90182
113.94562
113.97886
114.35260
114.72214
115.18594
115.20544
115.45174
115.49662
115.61926
115.63996
115.68604
115.68874
115.70884
115.72198
115.73620
115.74562
115.86952
115.88074
115.91314
115.93552
115.96318
115.97470
116.00434
116.04304
116.04760
116.09860
116.10292
116.10670
116.17384
116.18500
116.21194
116.22208
116.24158
116.28790
116.31634
116.33266
116.34292
116.34538
116.42380
116.42566
116.46946
116.50618
116.53282
116.53858
116.55286
116.55946
116.56594
116.57632
116.57878
116.61682
116.61946
116.63008
116.65558
116.71600
116.71954
116.76952
116.80540
116.80846
116.87206
116.91694
116.94004
116.95258
116.96950
117.00286
117.01318
117.02200
117.02626
117.04936
117.09910
117.11620
117.12616
117.13624
117.16942
117.17206
117.21226
117.22204
117.22582
117.25282
117.25522
117.40540
117.71308
117.98620
118.00534
118.05532
118.10278
118.18864
118.23490
118.24924
118.29640
118.43494
118.45528
118.68862
118.85272
118.96942
119.01940
119.58856
119.70268
119.83600
120.18598
120.22882
120.29236
120.38596
120.40516
120.68854
120.82966
120.87178
120.88846
120.96916
121.02184
121.03234
121.23586
121.27174
121.30258
121.42180
121.49620
121.62178
121.65262
121.80250
121.81924
121.83838
121.92568
121.97176
122.04364
122.16154
122.17822
122.30500
122.38582
122.40682
122.58574
122.59222
122.63578
122.81908
123.03832
123.29884
123.48832
123.54250
123.59890
123.70492
123.85498
123.92320
123.98578
124.23580
124.57156
124.68826
124.73158
124.89874
124.90486
125.23816
125.72146
125.85880
125.90896
125.91892
125.93818
125.95228
126.03814
126.31150
126.37138
126.70468
126.83794
126.88786
126.89170
126.93430
126.96526
127.01524
127.01872
127.02196
127.08796
127.31878
127.36870
127.38808
127.53538
127.62760
127.63546
127.64464
127.65640
127.66762
127.70848
127.74484
128.01874
128.02504
128.08462
128.08780
128.10442
128.11222
128.14186
128.28532
128.31838
128.33458
128.34844
128.38456
128.40190
128.43412
128.44174
128.46868
128.49196
128.49484
128.50444
128.51518
128.51794
128.52118
128.53456
128.54200
128.66254
128.66794
128.67490
128.67904
128.71492
128.72890
128.73196
128.75446
128.83522
128.90446
128.91856
128.96218
128.99170
129.06850
129.07114
129.11218
129.13528
129.21838
129.25444
129.29860
129.34426
129.36214
129.36502
129.36838
129.38770
129.39436
129.41224
129.42532
129.44464
129.46504
129.49546
129.57268
129.58780
129.62104
129.62512
129.63154
129.63766
129.64834
129.65818
129.66094
129.67774
129.70822
129.77104
129.78508
129.80188
129.83518
129.85438
129.90442
130.01842
130.03450
130.05178
130.07110
130.09540
130.19476
130.28158
130.39870
130.51126
130.53766
130.55152
130.56136
130.56856
130.69408
130.73758
130.75174
130.75822
130.79128
130.88758
130.96186
131.07088
131.18146
131.37202
131.48146
131.55832
131.66464
131.71186
131.71816
131.72362
131.76466
131.87068
131.93746
131.97868
131.98144
132.12070
132.63730
132.65404
132.80398
132.80782
133.08472
133.12054
133.25140
133.85110
134.02048
134.27044
134.75380
135.08698
135.45790
135.47698
135.50032
135.57808
135.80350
135.86764
135.88144
135.92026
136.03690
136.18684
136.24984
136.25764
136.37020
136.37782
136.41412
136.50346
136.55350
136.57012
136.58680
136.60090
136.62010
136.62400
136.68676
136.72012
136.77010
136.86046
136.86400
137.03668
137.44432
137.61100
137.80504
137.90320
137.94430
137.96734
138.06700
138.10318
138.29698
138.38374
138.38644
138.40918
138.51706
138.57334
138.60058
138.60724
138.65704
138.71080
138.74044
138.83656
138.86974
138.90484
139.02772
139.19260
139.20298
139.21966
139.23640
139.26712
139.29052
139.31074
139.32160
139.48384
139.52902
139.53598
139.54708
139.61968
139.68820
139.73626
139.75036
139.79284
139.81060
139.86370
139.86952
139.88014
140.00998
140.04658
140.04898
140.05360
140.06344
140.16922
140.18356
140.24674
140.26378
140.33614
140.34688
140.37730
140.43010
140.48608
140.48764
140.54764
140.56702
140.61940
140.63002
140.66698
140.66944
140.73994
140.76694
140.83348
140.95270
141.03358
141.13354
141.22348
141.28270
141.30646
141.31678
141.33970
141.40012
141.40264
141.51046
141.52702
141.55264
141.63262
141.65254
141.70264
141.79006
141.94252
142.03588
142.04884
142.08334
142.09996
142.14376
142.14922
142.16032
142.16548
142.21666
142.30252
142.31914
142.32694
142.33588
142.41652
142.48324
142.63324
142.73314
142.95238
143.14300
143.18200
143.18572
143.19976
143.20234
143.24974
143.33014
143.35234
143.66896
143.73304
143.92546
144.29962
144.33286
144.57280
145.01866
145.08280
145.29172
145.37638
145.54294
145.66606
145.89298
146.33266
146.39212
146.41600
146.48518
146.49928
146.57908
146.68510
146.73514
146.79196
146.88514
146.91274
147.00586
147.03508
147.11836
147.13504
147.17896
147.20176
147.54130
147.56836
147.66574
147.93238
147.96226
148.14904
148.31824
148.34902
148.81930
148.82176
148.82500
149.02582
149.03476
149.08474
149.46196
149.46520
149.61808
149.89792
150.17674
150.35530
150.35686
150.68188
150.69874
150.75124
150.77566
150.78202
150.79198
150.80320
150.86788
150.87940
150.95398
151.00870
151.01770
151.03180
151.03630
151.05088
151.05886
151.09852
151.13686
151.14226
151.15774
151.18864
151.20118
151.20514
151.21768
151.22992
151.26544
151.30750
151.36780
151.37938
151.38418
151.40104
151.43836
151.51522
151.56778
151.58194
151.59490
151.61440
151.62202
151.68076
151.69864
151.70710
151.73686
151.75798
151.78876
151.79320
151.79482
151.81774
151.85104
151.88104
151.91518
151.98694
152.02144
152.07550
152.08432
152.10100
152.14330
152.16382
152.19844
152.22148
152.32528
152.34088
152.35210
152.39842
152.40484
152.40778
152.42152
152.42452
152.42818
152.65252
152.86750
152.88838
152.93158
153.12526
153.33166
153.62512
153.76492
153.81742
153.86488
153.88156
154.44178
154.54162
154.72786
154.82788
154.85722
154.91476
154.93390
155.11450
155.79712
156.01720
156.15052
156.20050
156.27772
156.38146
156.38380
156.63370
156.91456
156.94264
156.95044
156.96460
157.06708
157.13110
157.45702
157.95028
157.96096
158.00710
158.01694
158.10034
158.13478
158.16442
158.18116
158.25040
158.29138
158.34142
158.38354
158.40460
158.43364
158.44672
158.44822
158.45326
158.49418
158.50030
158.51446
158.51704
158.52352
158.58358
158.63500
158.68372
158.73370
158.78752
158.83558
158.87116
158.87836
158.88778
158.93116
158.98360
159.13114
159.16450
159.17758
159.66694
159.73108
159.94774
160.00798
160.34770
160.36852
160.78354
160.88356
161.01322
161.04652
161.06686
161.11684
161.18536
161.53354
161.84764
161.85730
161.90026
161.90368
161.90758
161.92102
161.92396
161.97676
162.05908
162.11680
162.27460
162.30010
162.33004
162.34636
162.38356
162.41674
162.47464
162.52324
162.57460
162.63742
162.67456
162.67744
162.68404
162.72742
162.75016
162.75418
162.76210
162.77098
162.78352
162.80800
162.81412
162.90016
162.91072
162.91684
162.94678
162.96682
162.97348
162.97762
163.07578
163.15018
163.16866
163.17094
163.22464
163.25008
163.29760
163.34128
163.35778
163.39768
163.40458
163.44988
163.47346
163.47784
163.55014
163.61686
163.64644
163.66426
163.67506
163.77472
163.88764
163.89778
163.91686
163.94644
164.01436
164.05432
164.05822
164.06686
164.09764
164.15416
164.15800
164.18728
164.21398
164.28088
164.30182
164.33350
164.34136
164.36428
164.40724
164.52754
164.56684
164.57164
164.58082
164.58352
164.61676
164.65450
164.66680
164.72488
164.78512
164.79646
164.83354
164.85016
164.86324
164.95006
164.99152
165.00676
165.04690
165.06460
165.14044
165.16438
165.16966
165.20416
165.26074
165.28342
165.32746
165.32992
165.59650
165.60022
165.84772
166.03348
166.92766
167.45014
167.56690
167.81356
168.01690
168.39754
168.55162
168.73108
168.81454
168.87364
168.90028
168.92758
169.18024
169.19014
169.19464
169.38370
169.53370
169.55848
169.65124
169.75042
169.79680
169.80040
169.83106
169.84432
169.84792
169.85728
169.88368
169.89040
169.91104
169.93120
169.95040
170.20714
170.21458
170.23372
170.32336
170.46460
170.81110
170.94154
171.14788
171.23122
171.23368
171.27766
171.28126
171.28378
171.51706
171.75046
171.88132
172.22110
172.26328
172.26712
172.28374
172.35046
172.41712
172.43380
172.44442
172.64674
172.65040
172.67404
172.71718
172.73098
172.73680
172.88134
172.92490
172.93348
172.95928
172.96720
172.98106
172.98790
172.99810
173.03386
173.22094
173.22400
173.23132
173.34676
173.35060
173.36722
173.41468
173.42242
173.42614
173.46160
173.53138
173.61016
173.67142
173.68126
173.69392
173.71738
173.77534
173.85730
173.89810
174.11902
174.12736
174.19810
174.20098
174.21484
174.26896
174.37900
174.38398
174.48832
174.49090
174.49690
174.52402
174.53398
174.54694
174.56470
174.62866
174.63262
174.63928
174.70588
174.73138
174.74452
174.82504
174.84814
174.91486
174.92512
175.05832
175.09456
175.16746
175.23154
175.25074
175.30510
175.33156
175.43158
175.64818
175.78408
175.80466
175.86742
175.97800
176.09818
176.13154
176.18158
176.31490
176.37166
176.49466
176.55088
176.64034
176.88058
177.30082
177.41500
177.45088
177.51502
177.56494
178.06756
178.15090
178.34842
178.46854
178.61506
178.62160
178.65754
178.77538
178.86400
178.89844
178.93426
179.18428
179.24116
179.28184
179.36488
179.83612
180.15100
180.19846
180.37894
180.58432
180.67462
180.71770
180.85108
180.90526
181.08184
181.11886
181.12438
181.18186
181.30108
181.33180
181.43194
181.46518
181.46776
181.50100
181.61506
181.62166
181.62934
181.66522
181.68184
181.72552
181.75108
181.78198
181.78432
181.81498
181.86778
181.86940
181.87750
181.89862
181.91776
181.93444
181.94860
181.99846
182.01772
182.06776
182.54860
182.60104
182.74858
183.01540
183.11794
183.23812
183.26530
183.48454
183.49870
183.69874
183.73870
183.77452
183.77884
183.78208
183.79756
183.82138
183.82306
183.82582
183.82846
183.83866
183.88102
183.89860
183.93466
183.95896
183.96808
183.98470
184.00798
184.03456
184.04146
184.07842
184.08616
184.09846
184.16794
184.21798
184.26274
184.26430
184.30120
184.30516
184.31548
184.31794
184.35544
184.36792
184.40896
184.48204
184.50892
184.58464
184.61974
184.62220
184.62886
184.63180
184.63588
184.64248
184.68454
184.70758
184.74172
184.74856
184.79512
184.80130
184.81186
184.81432
184.81990
184.85902
184.86526
184.87570
184.88854
184.91146
184.93222
184.93456
184.96798
185.02174
185.02450
185.03212
185.05552
185.06554
185.10538
185.11540
185.12494
185.13460
185.13844
185.17198
185.18218
185.23378
185.23564
185.28634
185.30902
185.31796
185.33470
185.37574
185.38210
185.99878
186.03214
186.28468
186.60136
186.63466
186.93472
186.99886
187.01800
187.09876
187.14250
187.15126
187.15798
187.19758
187.22578
187.24360
187.30144
187.34536
187.40560
187.45144
187.46812
187.48234
187.49890
187.51552
187.70494
187.71550
187.73896
187.77238
187.81198
187.81546
187.83196
187.89880
187.90138
187.92580
187.96810
188.00140
188.04274
188.09536
188.11210
188.11450
188.12860
188.15140
188.21554
188.36032
188.40142
188.41546
188.51812
188.55922
188.61550
188.65144
188.68468
188.73472
188.91556
188.96812
189.01558
189.06814
189.08476
189.10150
189.10756
189.23224
189.38116
189.51808
189.61552
189.73222
189.76810
189.79888
190.04878
190.08226
190.08478
190.18480
190.26814
190.48480
190.51240
190.53484
190.73482
190.83832
190.88668
191.00146
191.03482
191.06818
191.08228
191.39272
191.59882
191.62204
191.63482
191.66818
191.70550
191.86564
191.86870
191.89894
191.92210
191.94160
191.95492
192.05152
192.08230
192.12592
192.19822
192.20158
192.25846
192.27880
192.28486
192.37972
192.39892
192.40156
192.40942
192.41818
192.42598
192.43492
192.46828
192.54778
192.59260
192.60154
192.60580
192.60934
192.73114
192.79588
192.99892
193.01566
193.10158
193.15156
193.18486
193.26562
193.31572
193.32238
193.38478
193.48120
193.60156
193.63228
193.73488
193.74898
193.94260
194.16574
194.25154
194.31826
194.45578
194.46448
194.48236
194.54266
194.73238
194.79550
194.86822
194.92876
194.95150
195.02896
195.03496
195.04546
195.05152
195.07882
195.10150
195.12592
195.18496
195.22234
195.23242
195.31822
195.33244
195.40156
195.43498
195.59176
195.60934
195.62494
195.64288
195.66238
195.70150
195.72484
195.73240
195.73498
195.77242
195.77878
195.78178
195.96826
196.01044
196.04902
196.05154
196.11904
196.13494
196.19896
196.21816
196.24294
196.36822
196.40164
196.40536
196.42234
196.43236
196.45156
196.52602
196.56814
196.62508
196.71826
196.73482
196.76536
196.79158
196.83232
196.84150
196.86826
196.88890
196.89904
196.90936
196.97236
196.98532
197.12200
197.12560
197.14174
197.15068
197.17354
197.19184
197.24866
197.25316
197.25532
197.25928
197.27248
197.29270
197.30506
197.40208
197.44276
197.47492
197.48236
197.51830
197.54176
197.54914
197.55946
197.56246
197.66572
197.68498
197.83492
197.99698
198.00166
198.01576
198.06220
198.11254
198.11590
198.14806
198.15598
198.16498
198.19906
198.20806
198.21832
198.23500
198.25840
198.26830
198.27598
198.37504
198.38500
198.43540
198.48496
198.49912
198.68500
198.81262
199.77250
200.17738
200.20174
200.23516
200.31838
200.36842
200.53510
200.63266
201.39940
201.51604
201.65962
201.70102
201.71194
201.81856
202.21486
202.26862
202.47916
202.61878
202.65202
202.70974
202.71868
202.78540
202.79830
202.81864
202.86532
202.89964
203.06614
203.12266
203.18722
203.31622
203.35204
203.43550
203.45212
203.46634
203.47684
203.50384
203.53942
203.56000
203.60212
203.70220
203.75218
203.77666
203.78302
204.34978
204.68566
204.78316
204.85990
205.21906
205.22578
205.23322
205.31656
205.36906
205.48576
205.68328
205.79998
205.91914
205.96678
205.97620
205.98586
206.00254
206.04364
206.06818
206.13568
206.20258
206.30008
206.33596
206.36668
206.36926
206.42698
206.47084
206.47540
206.50006
206.50642
206.52100
206.56678
206.58982
206.65702
206.66566
206.76580
206.78362
206.78614
206.88994
206.95012
206.95414
207.03004
207.10276
207.16954
207.22684
207.26674
207.27640
207.30028
207.31954
207.35662
207.38614
207.48610
207.56950
207.60040
207.61954
207.70036
207.76096
207.84052
207.86698
207.91702
207.93022
207.93784
207.98644
207.99046
208.05298
208.25050
208.25302
208.46716
209.04958
209.11012
209.19436
209.21746
209.25334
209.39086
209.46748
209.55334
209.62408
209.78422
209.78674
209.79340
209.82790
209.83672
209.83840
209.84458
209.88676
209.89732
209.91754
210.00088
210.02014
210.03682
210.09094
210.19738
210.25084
210.26638
210.32008
210.78700
210.95524
211.42048
211.50124
211.53454
211.61800
211.67056
211.78726
211.80142
212.07070
212.33422
212.54524
212.80174
212.84824
213.25186
213.30184
213.32122
213.73528
213.86866
214.05208
214.11886
214.38562
214.38808
214.39426
214.56904
214.58680
214.63570
214.64596
214.65244
214.69972
214.73458
214.75126
214.79488
214.84228
214.98838
214.99642
215.07592
215.10508
215.17600
215.30260
215.31322
215.34910
215.40874
215.47960
215.52574
215.52862
215.67874
215.68612
215.80282
215.83504
216.14536
216.45304
216.53890
216.75748
216.76138
217.02244
217.28920
217.32262
217.34338
217.35232
217.35442
217.36300
217.40332
217.55344
217.63606
217.65352
217.71376
217.72030
217.72972
217.92280
217.95784
217.96402
217.97290
218.01574
218.06326
218.09362
218.11402
218.11912
218.12452
218.13958
218.18062
218.18296
218.30896
218.32996
218.33704
218.37298
218.42038
218.51428
218.52382
218.56432
218.56696
218.57026
218.57320
218.58082
218.58676
218.59102
218.61310
218.62312
218.70652
218.72308
218.76352
218.77072
218.92042
218.92474
218.95042
218.99002
219.00700
219.03742
219.07858
219.10414
219.13114
219.22756
219.25426
219.28402
219.29434
219.30424
219.32728
219.47098
219.50428
219.60316
219.62110
219.65086
219.70330
219.77110
219.77362
219.88678
219.89698
219.97516
220.00330
220.13788
220.15708
220.20706
220.21492
220.22446
220.34728
220.37026
220.39144
220.40434
220.43560
220.47784
220.50478
220.55734
220.58302
220.60732
220.61428
220.68472
220.70644
220.71100
220.83826
220.87282
220.88182
220.92280
220.94074
220.94776
220.99078
221.09470
221.10754
221.15752
221.18842
221.23840
221.25148
221.30506
221.49520
221.53852
221.67448
221.71198
221.75218
221.82196
221.84110
221.88856
222.03868
222.28882
222.30802
222.46870
222.64150
222.68134
222.98914
223.35856
223.37260
223.43806
223.44190
223.70608
223.80622
224.35648
224.38984
224.40898
224.57206
224.57578
224.84002
225.20944
225.22012
225.39280
225.42610
225.54982
225.58378
225.94300
226.09054
226.28428
226.30978
226.54330
226.74082
226.75390
226.91428
227.04352
227.38468
227.47450
227.67088
227.69560
227.69872
227.72206
227.73382
227.78146
227.91040
227.92714
227.94124
227.96050
227.99392
227.99752
228.09400
228.14464
228.16732
228.17404
228.24394
228.25582
228.29044
228.31066
228.37732
228.43540
228.48166
228.54418
228.58852
228.62746
228.66400
228.67480
228.81088
228.82504
228.84820
228.85846
228.92446
229.02394
229.06480
229.09186
229.13188
229.13434
229.14184
229.14832
229.15690
229.18426
229.19038
229.22776
229.31116
229.32772
229.36114
229.42534
229.57522
229.61122
229.63570
229.64122
229.64446
229.70524
229.80880
229.81912
229.84192
229.86310
229.89232
229.93600
229.95898
229.97548
229.97818
229.99654
230.00782
230.06812
230.10892
230.12212
230.13226
230.17822
230.22862
230.30542
230.54494
230.79508
230.84260
230.89258
230.99254
231.06184
231.16192
231.75970
231.83302
231.98554
232.02646
232.11232
232.17904
232.22650
232.28680
232.39582
232.52920
232.57318
232.60648
232.72030
232.74226
232.76668
232.79338
232.90384
232.96264
232.98910
233.02942
233.11030
233.17690
233.18062
233.21038
233.21290
233.23726
233.31292
233.32960
233.33632
233.34622
233.41042
233.45518
233.59636
233.61310
233.72086
234.47398
234.89440
235.00396
235.21012
235.36774
235.39732
235.43056
235.50814
235.82206
235.98082
235.98472
236.08078
236.11090
236.18752
236.19760
236.21434
236.31172
236.44774
236.45860
236.53108
236.78806
236.79532
236.82856
236.87230
236.92852
236.96458
236.99536
237.04546
237.07882
237.48154
237.78940
238.46530
238.47946
238.49608
238.61524
238.63204
238.68202
238.69876
238.80796
238.91620
239.04652
239.09518
239.11750
239.14894
239.21314
239.36968
239.38234
239.47990
239.54914
239.56696
239.57854
239.59630
239.64670
239.69590
239.71936
239.72926
239.74582
239.82646
239.86030
239.88016
239.92900
239.98456
240.01090
240.01342
240.01600
240.03442
240.03922
240.04174
240.04432
240.06958
240.07708
240.13264
240.14044
240.16042
240.20620
240.23032
240.23470
240.24568
240.26362
240.26764
240.28372
240.30994
240.39580
240.44950
240.50374
240.52324
240.52936
240.55426
240.55750
240.62674
240.63046
240.63298
240.63916
240.74716
240.76306
240.79984
240.81814
240.85120
240.88972
240.89710
240.92044
240.92932
240.94258
240.94738
240.95386
240.97024
241.09360
241.13746
241.15420
241.19992
241.25662
241.76686
241.93108
242.13112
242.29792
242.37370
242.46718
242.55838
242.65834
242.78398
242.86480
243.01738
243.31750
243.39724
243.40096
243.43156
243.43432
243.46762
243.47530
243.49102
243.59440
243.61522
243.65098
243.71410
243.73444
243.79864
243.88450
244.13848
244.24762
244.28464
244.31944
244.43218
244.50568
244.51810
244.56562
244.60150
244.79152
244.98496
245.14918
245.31850
245.41606
245.78278
245.86876
245.88538
246.06268
246.09958
246.91648
246.93340
246.98590
247.00000
247.11928
247.26682
247.30996
247.31938
247.37122
247.37356
247.75036
247.76692
247.85296
247.88350
247.90294
247.91962
248.04064
248.06068
248.08390
248.08642
248.09308
248.16406
248.18074
248.20990
248.26408
248.27074
248.30698
248.34448
248.35312
248.40070
248.42176
248.43646
248.49430
248.58412
248.59714
248.75332
248.78410
248.94202
249.01762
249.08428
249.08680
249.13432
249.27010
249.50362
249.62032
249.82732
249.88720
249.93460
249.93712
249.95122
249.95380
250.12054
250.16320
250.16806
250.38142
250.46818
250.53376
250.54420
250.54864
250.57072
250.66708
250.71712
250.72084
250.72822
250.73500
250.78504
250.78756
250.83754
250.86844
250.90168
250.90858
250.91842
250.92724
250.98166
251.01556
251.01844
251.02096
251.02504
251.08960
251.10436
251.11108
251.11852
251.13778
251.15854
251.16112
251.16850
251.20834
251.23372
251.31400
251.32102
251.35198
251.38528
251.40202
251.53174
251.54446
251.65846
251.67826
251.70802
251.71588
251.80462
251.81626
251.87914
251.91124
251.92138
251.95468
252.01132
252.06808
252.07942
252.13552
252.17146
252.20668
252.21868
252.22324
252.22930
252.25636
252.28738
252.29452
252.30904
252.31264
252.38824
252.42826
252.45244
252.50914
252.51154
252.54892
252.60244
252.62164
252.67252
252.72580
252.73840
252.77872
252.83842
252.91906
252.92182
252.92578
253.00516
253.03234
253.05268
253.08856
253.15270
253.18600
253.18858
253.20526
253.45168
253.89562
254.11960
254.33644
254.43664
254.55586
254.82016
255.07030
255.35620
255.40978
255.45622
255.49360
255.50626
255.63970
255.66412
255.68716
255.93988
255.97318
255.98800
256.05394
256.17076
256.17322
256.18732
256.18990
256.28998
256.53124
256.73746
257.10700
257.12122
257.40718
257.54062
257.77144
258.12166
258.12418
258.25762
258.82204
258.90070
259.22212
259.24144
259.54150
259.72498
259.78912
260.12524
260.13208
260.15590
260.39188
260.67544
260.73844
260.82298
261.00640
261.02560
261.08980
261.13624
261.22204
261.32332
261.34240
261.56692
261.75934
261.80680
261.92350
261.97348
262.07638
262.07998
262.08298
262.09030
262.09672
262.12606
262.14286
262.15702
262.17244
262.44724
262.45966
262.46632
262.47286
262.48714
262.50982
262.51492
262.54060
262.55200
262.55962
262.76620
262.78618
262.90126
263.09326
263.11096
263.11666
263.12668
263.13448
263.17780
263.18332
263.19010
263.24338
263.24740
263.38444
263.42428
263.56054
263.57824
263.60410
263.62852
263.63008
263.64016
263.65042
263.66692
263.73748
263.77324
263.78500
263.82328
263.90422
263.91040
263.95666
264.07108
264.07342
264.07702
264.11938
264.19378
264.19546
264.23110
264.26056
264.28498
264.31048
264.41440
264.41848
264.42166
264.45814
264.49150
264.55168
264.59398
264.76084
264.76474
264.78358
264.79402
264.80824
264.82372
264.96088
264.98182
265.11514
265.11754
265.25854
265.27522
265.28698
265.28854
265.29436
265.30858
265.31194
265.37782
265.40098
265.41112
265.47172
265.54450
265.71130
265.84198
265.89472
265.94470
265.95886
266.02558
266.03866
266.13226
266.14234
266.33224
266.39500
266.41156
266.42824
266.45140
266.47834
266.56174
266.57560
266.60920
266.62582
266.64670
266.69512
266.71876
266.72842
266.78512
266.88274
266.96188
267.01192
267.05950
267.39544
267.40966
267.61228
267.62644
267.91246
268.15996
268.34338
268.66018
268.76026
269.29642
269.31058
269.39404
269.89666
270.33034
270.43432
270.44782
270.46120
270.51370
270.58690
270.71380
270.74464
271.14484
271.22818
271.47844
271.54510
271.62778
271.66186
271.70176
271.70536
271.72486
271.85662
271.87114
271.88512
271.89898
271.94410
271.97818
272.00014
272.02912
272.09854
272.14012
272.17516
272.21206
272.21632
272.26450
272.28784
272.31598
272.39800
272.41642
272.48296
272.55976
272.59480
272.60068
272.64940
272.71216
272.78578
272.78920
272.80252
272.81494
272.84920
272.88172
272.89396
272.91136
272.92888
272.94502
272.96920
273.00634
273.03586
273.07192
273.07384
273.07828
273.16252
273.21142
273.23176
273.23992
273.24850
273.28186
273.28864
273.30532
273.31516
273.32188
273.33886
273.36268
273.42298
273.42934
273.47824
273.54874
273.59872
273.62602
273.64492
273.64882
273.66292
273.67936
273.75088
273.78898
273.80530
273.82876
273.86314
273.90544
273.91546
273.92962
273.93340
273.93868
273.96568
273.97354
274.02964
274.03936
274.06558
274.34650
274.44658
274.54918
274.57996
274.61590
275.11612
275.26618
275.33968
275.41630
275.46376
275.94994
276.06412
276.13444
276.17326
276.18082
276.28096
276.29116
276.35008
276.37390
276.46438
276.48358
276.50020
276.60682
276.64150
276.73360
276.75034
277.11718
277.30066
277.38400
277.86508
277.89850
278.09182
278.28454
278.30116
278.38198
278.48458
278.49124
278.61550
278.64250
278.64526
278.80150
278.86570
278.89894
279.03490
279.16834
279.28504
279.68530
279.81610
279.81862
279.88540
279.99958
280.00210
280.01884
280.02532
280.11886
280.19974
280.25224
280.34974
280.44988
280.45960
280.47556
280.54348
280.75252
280.87708
280.88350
280.98346
281.01676
281.03608
281.07364
281.49400
281.52736
281.53378
281.56714
281.71978
281.75308
281.93656
281.95066
282.20332
282.20500
282.23572
282.37006
282.45340
282.46750
282.50086
282.66760
282.72022
282.77026
282.80356
282.96778
283.00372
283.00786
283.12222
283.18468
283.18768
283.19782
283.23160
283.23442
283.27048
283.28458
283.33468
283.35136
283.39150
283.39396
283.40392
283.43470
283.46794
283.51696
283.55398
283.60144
283.61272
283.61506
283.62070
283.64842
283.65820
283.71820
283.75036
283.76104
283.76476
283.78486
283.79176
283.80406
283.81174
283.85824
283.86382
283.89748
283.91812
283.93120
283.93486
283.93738
283.95040
283.95832
283.96468
283.96822
283.98748
284.02078
284.02252
284.02978
284.03428
284.03746
284.04808
284.09434
284.11834
284.13754
284.17258
284.22616
284.27872
284.29090
284.29414
284.31082
284.35870
284.36848
284.37100
284.40436
284.42104
284.42920
284.43208
284.45182
284.51758
284.52778
284.56780
284.57104
284.58508
284.62096
284.63164
284.66170
284.68804
284.69080
284.70202
284.72122
284.72512
284.76862
284.82130
284.84212
284.89888
284.92126
284.97130
284.98546
285.00472
285.07780
285.12808
285.14572
285.14902
285.17146
285.18808
285.20644
285.25222
285.32320
285.34528
285.35236
285.38560
285.39220
285.39496
285.41554
285.43570
285.44710
285.47134
285.47560
285.48850
285.62158
285.63832
285.64636
285.65134
285.66160
285.68050
285.71596
285.71812
285.76912
285.83584
285.85504
285.97174
286.05514
286.13602
286.17190
286.31938
286.37968
286.48612
286.61956
286.75546
286.79278
286.82218
286.92220
286.96960
287.03638
287.10568
287.12224
287.13898
287.15566
287.20312
287.25316
287.30572
287.40976
287.42242
287.51356
287.63914
287.66488
287.67250
287.83672
287.86012
287.87014
287.90344
287.90602
287.93680
287.93944
288.00598
288.07018
288.08686
288.10348
288.12016
288.25606
288.30364
288.30610
288.31018
288.32032
288.35350
288.35614
288.50614
288.52036
288.63700
288.70378
288.90376
288.93964
289.00636
289.10386
289.17310
289.32736
289.40398
289.48732
289.48990
289.50658
289.53730
289.58992
289.66714
289.70668
289.72342
289.73740
289.82074
289.83748
289.85404
289.86730
289.87078
289.90420
289.90666
289.92076
290.05420
290.49016
290.85442
291.44818
292.09954
292.15132
292.54084
292.78414
293.02180
293.03038
293.17426
293.23846
293.32426
293.33848
293.34100
293.35480
293.53216
293.53864
293.58850
293.60470
293.61364
293.61556
293.65438
293.66170
293.69212
293.70172
293.70778
293.89648
293.96758
293.99296
294.00790
294.02458
294.03454
294.07222
294.09136
294.09304
294.09808
294.11566
294.16216
294.17206
294.17872
294.34630
294.41416
294.51586
294.56590
294.59572
294.59920
294.67900
294.94690
294.94900
294.95716
295.08268
295.08598
295.17616
296.08312
297.63838
297.70906
298.41586
298.84276
298.99282
299.22628
299.64670
299.85976
300.03952
301.52698
302.10796
303.16834
303.34810
304.25608
304.49212
304.57804
304.60750
304.62550
304.64188
304.64734
304.90774
304.94476
304.96840
305.03320
305.04502
305.06794
305.11318
305.11924
305.13592
305.15638
305.16844
305.26564
305.29852
305.39242
305.49154
305.50588
305.55916
305.57506
305.61910
305.68564
305.89168
305.93566
305.99512
306.05176
306.06184
306.06364
306.08620
306.09280
306.16840
306.20938
306.26188
306.34522
306.38386
306.40582
306.41194
306.42604
306.44278
306.45298
306.53986
306.55936
306.57340
306.61540
306.62608
306.65938
306.72862
306.74530
306.78538
306.78946
306.79282
306.87508
306.90928
306.91612
306.93502
306.93958
307.00954
307.27600
307.38796
307.39894
307.42264
307.56622
307.59562
307.61224
307.63678
307.65982
307.69288
308.83534
309.17632
309.81304
310.34644
310.62742
310.88002
310.91338
312.26116
312.52798
312.54472
312.94726
314.04916
314.08102
315.09430
315.31474
315.38326
315.54202
315.61840
315.62632
315.64564
315.89830
316.01584
316.01734
316.04578
316.05196
316.08160
316.17904
316.24552
316.25950
316.26268
316.58182
316.68268
316.68532
316.80598
316.92808
316.93366
316.93576
316.94242
316.97890
317.00302
317.03578
317.06626
317.07946
317.18194
317.26204
317.41546
317.46718
317.48974
317.49874
317.50534
317.57314
317.73406
317.74630
317.74876
317.75056
317.76658
317.77444
317.78212
317.80288
317.81542
317.84290
317.91280
318.03640
318.04390
318.04612
318.11962
319.07020
319.80064
319.86616
321.14992
322.21696
322.49422
322.99444
324.41758
325.35904
325.50130
326.07532
326.11870
326.37976
326.61490
326.63248
326.66830
326.69614
326.71462
326.99884
327.05584
327.06832
327.11842
327.29926
327.32944
327.37162
327.37624
327.48268
327.48514
327.49288
327.49930
327.52372
327.63706
327.72556
327.79288
327.79954
327.80836
327.86872
327.93268
327.94630
327.96334
327.97162
327.99586
328.05346
328.05982
328.14598
328.18930
328.19956
328.26874
328.30210
328.33282
328.39288
328.40602
328.41640
328.44598
328.48546
328.61002
328.61374
328.64320
328.64848
328.73968
328.80394
328.80850
328.82590
328.82998
329.07994
329.08168
329.15392
329.30404
329.31988
329.33578
329.34988
329.42662
329.43322
329.44984
329.45248
329.50336
329.55250
329.57086
329.65864
329.69980
329.74192
329.75014
329.76922
329.77930
329.79208
330.00016
330.06028
331.05292
331.10296
331.59358
331.96990
334.01446
334.31746
335.16490
337.35508
337.58344
337.88248
337.90270
337.91152
337.94512
337.95532
338.00950
338.06584
338.09470
338.11144
338.17954
338.19580
338.20528
338.27200
338.29276
338.31190
338.37634
338.40550
338.42386
338.44534
338.45842
338.49040
338.49220
338.57494
338.58136
338.65960
338.71900
338.75554
338.78620
338.82106
338.83900
338.85310
338.87998
338.88694
338.90224
338.91976
339.02404
339.03640
339.04558
339.08656
339.10582
339.13294
339.13648
339.22378
339.24334
339.27922
339.28480
339.29866
339.30220
339.31990
339.33292
339.35638
339.38026
339.41626
339.47968
339.53050
339.53908
339.54970
339.55330
339.56230
340.07260
340.94608
340.95670
342.74026
343.04032
343.79062
343.93168
343.93702
344.54854
344.92834
345.34210
345.74116
345.84124
345.94546
347.88502
347.90866
348.27544
348.30514
348.31570
348.36934
348.39226
348.40030
348.48232
348.49330
348.56650
348.64216
348.64582
348.71518
348.72262
348.76654
348.77278
348.78316
348.82558
348.93844
348.96676
349.00930
349.01320
349.03468
349.03852
349.04242
349.07572
349.10206
349.13902
349.14382
349.15378
349.15648
349.17316
349.17562
349.22692
349.23262
349.33882
349.39636
349.40290
349.51084
349.51300
349.56604
349.64422
349.68346
349.73002
350.00590
350.02600
350.10676
350.12584
350.20918
352.17004
353.52652
353.60992
354.69772
355.02682
355.03006
355.20586
355.32610
357.36058
357.78388
358.13794
358.36498
358.44286
359.31478
359.54050
359.88526
359.89474
359.90200
359.90860
359.91766
359.92420
359.92756
359.93410
359.99050
360.06100
360.09856
360.14056
360.14836
360.31408
360.36970
360.37474
360.40438
360.42520
360.53494
360.56092
360.56902
360.62164
360.62950
360.63520
360.71764
360.72268
360.75238
360.77512
360.81766
360.82798
360.83548
360.84718
360.85126
360.89158
360.90868
360.91108
360.92410
360.94180
360.95368
361.01356
361.02520
361.02940
361.04440
361.09630
361.12756
361.15864
361.20856
361.22914
361.24450
361.25074
361.28956
361.35778
361.45864
361.46872
361.49038
361.52188
361.54456
361.57786
361.99462
362.04460
362.41318
362.49214
362.77558
363.04558
363.37204
363.87316
363.96826
364.23514
365.47840
366.56974
367.22824
368.09554
368.36230
368.71234
369.55360
369.69328
370.64338
371.21272
371.66812
371.73382
371.79364
371.79628
371.81284
372.02062
372.04300
372.06298
372.11710
372.12970
372.32722
372.33076
372.35404
372.36298
372.40936
372.43390
372.45622
372.54634
372.56056
372.69034
372.71452
372.74032
372.76702
372.83914
372.98176
372.99826
373.04776
373.15054
373.15714
373.27096
373.31416
373.36186
373.40548
373.48006
373.48408
373.52716
373.59148
373.68400
373.68778
373.84744
373.86574
373.89058
373.96090
374.05096
374.13010
374.27680
374.27986
374.28568
374.36776
374.39404
374.42002
374.49418
374.52082
374.52448
374.62768
374.70070
374.74690
374.75068
374.77774
374.79082
374.80462
374.80684
374.82046
374.85754
374.86702
374.90752
374.98720
375.00448
375.09106
375.10090
376.57288
376.89502
376.99768
377.02828
377.04148
377.04502
377.15518
378.72892
378.88150
379.39492
379.46230
380.26114
380.40610
380.73184
381.88222
381.98902
382.53232
382.63630
383.07358
383.07634
383.07994
383.11714
383.13340
383.20264
383.33920
383.41672
383.53408
383.57362
383.58784
383.61598
383.65324
383.67892
383.71600
383.78692
383.83882
383.97238
383.98012
384.05620
384.10354
384.31618
384.39622
384.44950
384.46294
384.55840
384.56632
384.64960
384.84730
384.86650
384.92020
384.96634
384.99988
385.02412
385.10140
385.28308
385.56400
385.66648
386.31412
386.52964
386.85784
386.86312
387.25024
387.31696
387.37750
387.83368
388.53904
388.99174
389.18404
389.27134
389.40076
389.69836
389.96380
390.21760
391.25566
391.80898
392.46814
392.49526
392.63860
393.39562
393.55936
393.81862
393.82612
393.84916
393.85168
393.85468
393.90952
394.08508
394.86598
395.05870
395.08534
395.10190
395.16904
395.25196
395.29828
395.31616
395.41744
395.49592
395.54830
395.55994
395.69284
395.70604
395.71600
395.72398
395.73604
395.75194
395.77378
395.78536
395.83264
395.93944
396.13540
396.18268
396.26806
396.33256
396.41968
396.45214
396.55414
396.58294
396.61012
396.70222
396.71884
396.76636
396.83560
396.85366
396.86884
396.96496
396.96874
396.99880
397.04890
397.07566
397.31890
397.33942
397.34212
397.37302
397.37572
397.38820
397.40890
397.49362
397.51642
397.62706
400.29634
400.33582
402.34996
402.41920
402.70546
403.48324
404.29744
404.68222
405.08716
406.52602
406.55386
406.88740
406.90012
406.91422
407.17810
407.19364
407.20702
407.27704
407.35654
407.39242
407.40688
407.42986
407.55568
407.56324
407.80006
407.85382
407.96038
407.96680
407.99728
408.06556
408.16924
408.19738
408.20332
408.27316
408.27730
408.28750
408.29650
408.33226
408.33982
408.35638
408.45904
408.47680
408.53932
408.63634
408.64564
408.70258
408.72976
408.90004
408.95260
409.13356
409.18732
409.20262
409.24900
409.37344
409.46362
409.54654
409.54906
409.57594
409.63222
409.65268
409.65766
409.67218
409.67722
409.83340
409.83598
409.91392
410.61928
410.73226
411.85540
412.57108
412.64368
416.65258
416.93374
417.38104
417.46036
417.57040
417.63634
417.75694
417.76084
417.88642
417.89026
417.89296
417.91972
418.02352
418.03642
418.06630
418.09414
418.10068
418.10506
418.11982
418.12384
418.20052
418.20772
418.27756
418.28806
418.29094
418.29766
418.37398
418.40740
418.41616
418.55056
418.64422
418.66654
418.82524
418.87750
418.94056
418.95322
418.95616
419.03782
419.05330
419.08654
419.18290
419.18638
419.30716
419.31754
419.33842
419.39152
419.55328
419.56102
419.57782
419.58052
419.59330
419.60524
419.65456
419.67778
419.69716
419.95720
419.97406
420.56758
421.19746
422.40796
422.60536
423.35008
423.54790
424.61068
425.74060
426.52270
426.60430
427.07260
427.94638
427.97506
428.07874
428.08924
428.29192
428.35102
428.40076
428.46880
428.57908
428.60464
428.62288
428.64856
428.73544
428.76520
428.76760
428.81872
428.95096
429.11842
429.20020
429.21388
429.21574
429.33238
429.33430
429.41848
429.50182
429.51892
429.69844
429.79450
429.81778
429.91348
429.99874
430.61272
431.76790
433.43548
433.72174
435.01930
435.71926
436.30522
436.39642
436.40272
437.67970
438.17836
438.65278
438.83122
439.36228
439.40530
439.54558
439.57204
439.58878
439.59136
439.59592
439.61692
439.64092
439.66948
439.67542
439.68004
439.71496
439.76944
439.77286
439.85542
439.86940
439.91926
440.03254
440.03950
440.09122
440.18596
440.19634
440.20282
440.21572
440.22214
440.22610
440.23264
440.23870
440.24290
440.25952
440.26210
440.29642
440.32588
440.36944
440.41960
440.42182
440.46298
440.48536
440.52598
440.52868
440.53498
440.55706
440.56906
440.67256
440.79568
440.81206
440.85664
440.87560
440.89060
440.93572
441.01420
441.03568
441.03940
441.04642
441.05206
441.14290
441.16264
441.16420
441.20242
441.23122
442.31944
442.34038
442.36918
442.75264
443.23846
443.93602
444.79252
444.79498
445.26508
445.26670
445.31272
445.75504
445.90792
446.08582
446.48224
446.56912
447.22930
448.01158
448.54456
448.68196
449.05510
449.58556
449.78248
449.80450
450.18538
450.45574
450.50458
450.79906
450.82480
450.86350
450.86920
451.04800
451.07116
451.16116
451.17280
451.18162
451.19254
451.26772
451.27210
451.28782
451.31842
451.42450
451.46332
451.47388
451.51792
451.59184
451.59820
451.61782
451.68532
451.70578
451.74754
451.75834
451.82770
451.83160
451.93960
451.94830
451.95118
451.95832
452.03278
452.03968
452.05180
452.05780
452.17504
452.17750
452.18752
452.23180
452.23774
452.25856
452.28880
452.31838
452.32876
452.44648
452.45176
452.48152
452.58922
452.60554
452.62798
452.66698
452.80156
452.87518
452.97778
453.09646
453.10276
453.12850
453.13474
453.16840
453.22894
453.23776
453.28372
453.30598
453.33742
453.42076
454.22062
455.92030
456.36136
456.69982
456.85780
457.09972
457.91398
457.94644
458.59090
459.12862
459.21958
461.44702
461.45902
461.47336
461.48560
461.51578
461.54314
461.55244
461.59990
461.60248
461.62726
461.63788
461.64346
461.70616
461.70922
461.71210
461.79358
461.79742
461.83294
461.84266
461.86252
461.88316
461.90578
461.92570
461.93566
462.01300
462.01894
462.02518
462.02962
462.06898
462.11974
462.13528
462.18994
462.21010
462.34222
462.37564
462.38194
462.41380
462.44464
462.51892
462.53836
462.56980
462.59326
462.67978
462.68626
462.76030
462.77944
462.79300
462.81274
462.82924
462.90904
462.92650
463.03942
463.04170
463.06504
463.09342
464.41582
464.78488
467.36740
468.09442
468.17776
468.18064
468.30628
470.60392
470.70730
470.84350
471.18274
471.97498
472.00894
472.08376
472.15906
472.22596
472.39894
472.40944
472.42000
472.45552
472.63216
472.66546
472.70776
472.71730
472.72876
472.74496
472.77604
472.78222
472.78978
472.79884
472.84996
472.88908
472.92208
473.09290
473.28568
473.33962
473.48152
473.69458
473.71654
473.71858
473.72878
473.73556
473.90602
474.02548
476.56396
477.79066
477.79384
478.97974
478.98616
479.05402
481.32622
481.68388
483.07600
483.13006
483.13552
483.53890
483.55210
483.55540
483.56446
483.61252
483.63526
483.87160
483.90832
483.92290
483.92566
484.00900
484.03594
484.23316
484.23592
484.33588
484.63690
484.66138
484.71232
484.80148
484.82272
484.98934
485.00524
485.00860
485.03224
485.03878
485.04466
485.10868
485.11528
485.11858
485.26210
485.32012
485.36650
485.46886
485.47318
485.48092
485.52286
485.53180
485.56624
485.57776
485.58208
485.60182
485.72518
485.75116
485.79082
485.80840
485.93146
485.96830
485.97526
485.98960
486.07186
486.16264
486.21262
486.24370
486.29170
486.30094
486.41404
486.44434
486.50554
486.51244
486.62146
486.65464
486.68854
486.69136
486.69454
486.71200
486.73444
486.86848
486.94216
486.97738
488.57704
490.56334
490.99294
491.22628
491.34580
491.48092
492.36664
492.83680
493.81060
493.96774
494.57278
494.83942
494.91040
495.06748
495.07564
495.07900
495.12172
495.17266
495.22348
495.23164
495.23854
495.26152
495.34870
495.42700
495.44860
495.51262
495.60922
495.64588
495.68794
495.73264
495.75982
495.81868
495.86698
495.86914
495.87244
495.94798
495.95446
495.98332
496.01878
496.03186
496.04956
496.05940
496.09204
496.13260
496.13548
496.17238
496.19548
496.24786
496.28542
496.32232
496.37554
496.38256
496.38862
496.40932
496.46236
496.46668
496.52200
496.54138
496.55446
496.56232
496.70554
496.71580
498.60376
498.75490
498.75748
498.77410
498.89740
499.45714
499.97362
499.99030
500.44006
500.50348
500.92324
501.42556
501.47908
501.52948
501.72586
502.53934
502.67260
504.02200
504.16282
504.53104
505.99096
506.00188
506.03920
506.13418
506.13850
506.14162
506.31850
506.38960
506.41840
506.52082
506.52508
506.53852
506.54566
506.57518
506.60176
506.66812
506.67460
506.68066
506.77390
506.77606
506.78176
506.82070
506.87842
507.03202
507.11164
507.13450
507.42472
507.42934
507.53932
507.54766
507.56152
507.59992
507.64060
507.69274
507.73690
507.78076
507.81262
507.81418
507.88654
507.89014
507.90112
508.08418
508.10776
508.15342
508.15978
508.21120
508.23034
508.25722
508.26022
508.32202
508.33720
508.36672
508.37686
508.45084
508.46674
514.81258
514.81450
514.83088
515.92954
515.93398
515.93620
516.01606
516.02056
516.11362
516.21334
516.29572
516.37330
516.37672
516.41614
516.42904
516.43954
516.49690
516.64666
516.72574
516.73372
516.74290
516.75610
516.76024
516.79600
516.79816
516.80032
516.86578
516.90436
516.94426
516.98932
517.22974
517.31224
517.34944
517.35118
517.36702
517.37968
517.47970
517.53238
517.71220
517.71946
517.75558
518.78764
519.41854
519.90196
520.01164
521.17036
521.18044
522.56734
522.89062
523.32052
523.68646
524.48056
525.39502
525.42256
525.52840
526.32802
527.37820
527.40832
527.73526
527.76490
527.82892
528.11740
528.16084
528.17950
528.18106
528.36034
528.40258
528.40774
528.42184
528.48760
528.50650
528.53470
528.55120
528.55672
528.58042
528.61774
528.63466
528.71830
528.72688
528.76648
528.78376
528.79774
528.80422
528.81016
528.81778
528.83008
528.86680
528.88738
529.05688
529.15012
529.16716
529.22344
529.23724
529.31080
529.41364
529.44298
529.45984
529.49824
529.49974
529.51600
529.56766
529.59376
529.66396
529.67392
529.72606
529.72984
529.87792
529.89040
529.94056
529.94296
530.11234
530.16358
530.18014
530.25070
530.39470
530.53588
530.60524
530.62594
530.64292
530.64664
530.66956
530.69332
530.82610
530.86696
530.87710
530.87866
530.90602
530.90920
530.92618
530.95684
530.96338
531.02314
531.03478
531.04348
531.07588
533.70826
534.02476
534.21460
534.31690
536.25940
536.73058
537.87424
538.99558
539.22064
539.23042
539.26408
539.30638
539.31376
539.39002
539.39854
539.40022
539.40388
539.41054
539.42050
539.47390
539.47654
539.49382
539.51296
539.59630
539.60278
539.60632
539.62432
539.64100
539.71672
539.73634
539.81044
539.81914
539.82862
539.86036
539.87722
539.88706
539.89348
539.92036
539.94358
540.01720
540.10366
540.14716
540.17638
540.18382
540.18946
540.19228
540.19594
540.20608
540.21040
540.24838
540.28042
540.34252
540.42946
540.50230
540.51130
540.53326
540.53656
540.54658
540.56404
540.59704
540.60238
540.61942
540.66928
540.73156
540.74620
540.75988
540.84334
540.86926
540.87670
541.83892
542.02888
543.02968
543.25504
543.37924
543.55504
543.89236
543.89566
544.02520
544.27816
544.64194
544.99678
546.65044
546.70168
547.92928
548.03704
548.20360
548.87782
549.73642
549.77650
549.77866
549.79312
549.82054
549.86080
550.15048
550.19014
550.22128
550.49290
550.51948
550.56952
550.57834
550.58350
550.60288
550.60708
550.66588
550.67248
550.70464
550.78756
550.81696
550.82602
550.84666
550.85536
550.86574
550.93606
550.96228
550.96390
551.03608
551.08606
551.11576
551.13400
551.22994
551.24842
551.26924
551.28346
551.35678
551.37712
551.48722
551.51590
551.55262
551.56024
551.56894
551.72314
551.75920
551.77084
551.89462
551.90902
552.00238
552.06310
552.21892
552.23356
552.28996
552.29638
552.40252
552.41650
552.42058
552.43564
552.49174
552.53578
552.53818
552.65194
552.66292
552.68554
552.82084
552.82258
552.91276
552.94264
552.95224
553.15222
553.21294
553.81864
554.85166
555.01216
555.45148
555.45484
555.46216
555.46810
556.20790
556.45522
556.49536
557.42788
557.96488
558.61840
558.62770
558.83140
558.92140
559.24330
559.30036
560.51404
560.63002
560.65636
560.68036
560.74102
560.74384
560.75884
560.83996
561.09700
561.11038
561.23458
561.27370
561.27982
561.32002
561.35470
561.35632
561.37684
561.41632
561.62062
561.62254
561.62674
561.63274
561.71626
561.72910
561.73714
561.73978
561.74260
561.81358
561.85852
561.88282
562.00996
562.01284
562.08700
562.23694
562.24222
562.24600
562.30828
562.40080
562.46002
562.51348
562.51756
562.59568
562.60564
562.60906
562.74928
562.77718
562.78582
562.79680
562.81222
562.84540
562.86994
562.89538
562.92676
562.93288
563.03950
563.04310
563.10082
563.14018
563.16586
563.17252
563.17990
564.67432
565.87894
565.91116
567.11446
568.44742
568.56526
568.89382
569.97784
570.11368
570.47410
571.76986
571.77364
571.88368
572.16304
572.16538
572.17978
572.21386
572.25724
572.27476
572.31052
572.42074
572.53684
572.54218
572.56720
572.57074
572.61388
572.61610
572.62966
572.67976
572.76292
572.79382
572.80678
572.91946
572.92144
573.05386
573.09370
573.11020
573.26440
573.43720
573.52336
573.52630
573.52876
573.60388
573.67372
573.71272
573.74002
573.75286
573.94228
574.72912
575.28526
575.34322
575.38378
575.52940
575.71360
575.90560
576.09694
576.11596
576.30946
576.36202
576.59302
577.25932
578.12506
578.28484
578.32420
578.42818
579.60514
580.19032
580.19626
580.50610
581.19166
581.41498
581.56846
581.67736
582.04528
582.38842
582.49456
582.51718
582.52450
582.52726
582.55432
582.57466
582.66046
582.68398
582.79540
582.89098
582.90142
582.90418
582.93994
582.96040
583.06528
583.14424
583.15930
583.16638
583.17688
583.18468
583.23466
583.24366
583.31668
583.38352
583.41400
583.59352
583.65610
583.72810
583.83712
583.86004
583.96012
583.97302
583.98052
583.99336
584.07880
584.08750
584.09716
584.21422
584.29528
584.38054
584.41660
584.44282
584.62360
584.63044
584.65108
584.72278
584.79058
584.97112
585.00088
586.38364
586.45312
586.62760
586.70542
587.01826
587.24236
587.42560
587.47564
587.49226
587.96650
588.15880
588.22192
588.96052
589.06024
589.07146
589.23280
589.99888
590.38528
590.65552
591.46102
591.46450
592.41808
593.11396
593.67394
593.76514
593.78974
593.79442
593.80120
593.83024
593.83414
594.06568
594.17254
594.22048
594.22438
594.25858
594.29818
594.46690
594.49030
594.52546
594.56236
594.62104
594.62374
594.65146
594.67516
594.70438
594.70690
594.84970
594.87112
594.87358
594.93928
595.05688
595.06114
595.09366
595.10320
595.11178
595.13020
595.26766
595.29088
595.35094
595.51318
595.55350
595.61458
595.64212
595.64530
595.65178
595.72744
595.73068
595.77304
595.77760
595.78672
595.80106
595.80298
595.81324
595.83400
595.85788
595.94422
595.95178
596.02720
596.06344
596.06824
596.18110
596.23702
596.25316
596.25652
596.34376
596.35060
596.41396
596.42506
596.45674
596.47330
596.60656
596.62750
596.66140
596.68132
596.71930
596.72326
596.84650
596.85958
596.90812
596.95318
596.96428
596.99632
597.00196
597.00388
597.00646
597.11956
597.19648
598.63948
599.23696
600.96220
601.15030
601.35184
601.93876
602.25964
602.56942
603.02182
603.82840
604.05490
604.81156
604.81582
604.83814
604.95916
605.17804
605.25664
605.26636
605.37130
605.38918
605.46538
605.47276
605.47540
605.54566
605.61766
605.64496
605.65090
605.75806
605.89072
605.89462
605.90878
605.93296
606.04282
606.16108
606.23194
606.30172
606.31858
606.40180
606.41500
606.42112
606.48526
606.48886
606.49516
606.52132
606.52900
606.55792
606.61870
606.62224
606.62770
606.67282
606.73396
606.89110
606.89536
606.90244
606.91558
606.91834
606.93010
607.00066
607.02532
607.03432
607.07224
607.20418
607.63486
608.07244
608.17072
608.18722
608.63356
608.98108
609.72346
609.91750
609.92020
610.34458
610.63666
610.65058
610.75090
610.77004
610.98664
611.01994
611.08660
611.76094
612.46960
612.50008
612.83956
613.91944
615.06568
616.26898
616.28326
616.30222
616.32190
616.33564
616.34974
616.36396
616.37182
616.38736
616.40932
616.42420
616.44610
616.48312
616.53196
616.54234
616.63090
616.63942
616.66522
616.71028
616.73926
616.75882
616.76512
616.80196
616.81204
616.86388
616.91392
616.93552
616.95340
616.96636
616.97230
617.03578
617.03848
617.05624
617.08288
617.10628
617.12050
617.24224
617.25874
617.26606
617.27962
617.28538
617.28874
617.29336
617.30908
617.31262
617.31628
617.32054
617.38702
617.42566
617.47270
617.48284
617.49148
617.49598
617.54608
617.60626
617.62636
617.65624
617.66614
617.68696
617.68906
617.71504
617.73172
617.75620
617.79160
617.89432
617.91598
617.94442
618.63514
618.66238
619.12228
620.84278
621.35122
621.50128
623.18176
623.39590
623.44462
623.71744
624.86116
625.20046
625.91458
626.63758
626.64118
626.88346
627.33334
627.58834
627.99982
628.02364
628.11130
628.11838
628.12714
628.13050
628.14010
628.15102
628.16650
628.17958
628.32730
628.34422
628.37776
628.38310
628.47706
628.48600
628.48960
628.49722
628.63066
628.66648
628.75396
628.76644
628.78306
628.79968
628.82902
628.86388
628.97944
628.98310
629.06038
629.14306
629.21392
629.24704
629.34070
629.38690
629.40748
629.47984
629.51020
629.54962
629.57404
629.74072
629.82016
629.82922
629.87284
629.87668
629.88340
629.88754
629.96680
630.44692
630.99934
631.04050
631.04932
631.46956
631.51588
632.00686
632.22004
632.79004
633.31564
633.55978
633.96064
635.08822
636.20488
636.86500
637.29460
637.91566
637.91848
638.16484
639.07240
639.16480
639.24808
639.28888
639.29872
639.38800
639.42502
639.44188
639.45214
639.57154
639.62218
639.67804
639.83890
639.84976
639.86860
639.88090
639.88804
639.95560
640.00552
640.11196
640.14520
640.14778
640.15462
640.23376
640.29778
640.30840
640.41442
640.46452
640.49530
640.49776
640.58086
640.59508
640.61698
640.62814
640.64482
640.67206
640.70710
640.71838
640.72156
640.99384
640.99768
641.00512
641.01178
641.03098
641.07130
641.12218
641.12530
641.14936
641.23534
641.38774
641.42200
641.46022
641.47882
641.51062
641.54146
641.70556
641.71162
641.77588
641.78038
641.78986
642.68074
644.37448
645.07060
645.08242
645.64714
646.38808
647.15674
647.53138
648.26098
648.58000
649.46740
649.89148
649.89328
650.19406
650.91310
650.94400
650.99032
650.99770
651.00934
651.01714
651.04132
651.05050
651.11344
651.12748
651.16300
651.16936
651.19390
651.31306
651.31996
651.44836
651.46030
651.47614
651.48100
651.52648
651.52966
651.53398
651.53776
651.58144
651.62968
651.66988
651.69262
651.71026
651.72730
651.75028
651.78652
651.83242
651.87064
651.87352
651.89098
651.93742
652.04392
652.12648
652.16680
652.18498
652.27240
652.27690
652.33660
652.37224
652.44382
652.44724
652.47976
652.51450
652.53370
652.54258
653.94382
655.47586
655.48636
655.69624
656.42944
657.64804
658.23454
658.67944
659.98420
660.84346
661.13080
661.86250
662.06248
662.62666
662.63044
662.64760
662.75590
662.77906
662.86390
662.95342
663.03274
663.05968
663.08290
663.09322
663.11236
663.38686
663.38842
663.39652
663.40852
663.47326
663.51424
663.51646
663.63676
663.66244
663.66934
663.67654
663.70114
663.72580
663.73096
663.77362
663.80878
663.81424
663.90346
663.92908
663.95716
664.09318
664.10638
664.14844
664.18318
664.27288
664.32616
664.34320
664.35238
664.37560
664.41514
664.45660
664.48594
664.48828
664.48990
664.50262
664.57180
664.61488
664.64962
664.65328
664.67692
664.79554
664.84000
664.86976
664.89544
664.89814
664.93888
665.01232
665.07364
665.09224
665.09914
665.10970
665.15296
665.19262
665.28274
665.37640
665.43538
665.46874
665.52136
665.56210
665.59558
665.68942
665.69554
665.84668
665.96044
666.08416
666.08770
666.08938
666.84508
667.27258
667.84246
668.41816
669.46234
669.49264
669.91174
670.96450
671.57818
671.80186
672.03220
672.97978
673.02556
673.05526
673.05862
673.08436
673.41316
673.48426
673.52788
673.53490
673.53670
673.69198
673.70254
673.70758
673.71508
673.79458
673.80226
673.91116
673.94524
674.01262
674.10130
674.14822
674.17528
674.23546
674.24524
674.24872
674.27788
674.30500
674.39188
674.43478
674.44846
674.46154
674.50516
674.51080
674.51518
674.55340
674.55496
674.66110
674.72932
674.73712
674.79442
674.82166
674.82334
674.93446
674.94730
674.95504
675.01882
675.22024
675.23824
675.24436
675.27142
675.28552
675.29182
675.29836
675.36256
675.37774
675.61222
675.64066
676.15852
677.21860
677.63416
677.86762
677.87500
678.43804
678.48622
678.62644
678.99400
679.79398
681.48514
681.53116
682.41742
682.84582
683.86078
684.17746
684.79414
684.80674
684.84046
685.20058
685.21606
685.23646
685.24786
685.24954
685.31092
685.55080
685.59424
685.61656
685.67662
685.71850
685.72210
685.78378
685.84084
685.84582
685.85524
685.94848
685.99174
686.10700
686.14420
686.15452
686.19424
686.25196
686.35474
686.39590
686.45836
686.49430
686.50840
686.51086
686.52952
686.53816
686.54602
686.57086
686.60200
686.60830
686.65318
686.73058
686.73430
686.76094
686.78278
686.78464
686.85952
687.01504
687.06226
687.17926
687.24508
687.24844
687.26860
687.34426
687.47188
687.53812
687.60832
687.62386
687.68152
687.68560
687.71230
687.77518
687.87148
687.88864
687.89056
687.90820
687.92008
687.92500
687.93106
687.94846
688.01272
688.11736
688.12504
688.12762
688.14616
688.17874
688.23040
688.33954
688.99246
689.09176
689.10214
689.27770
689.31874
690.40864
690.63490
691.94620
692.95894
694.46836
694.72900
694.75876
695.38624
695.38978
695.46466
695.65288
696.01192
696.46702
696.51982
696.62230
696.64276
696.64816
696.66334
696.69532
696.72202
696.74536
696.85948
696.91864
696.94168
697.00828
697.03546
697.03936
697.04170
697.13938
697.17874
697.21858
697.27624
697.29550
697.32358
697.34542
697.35592
697.38862
697.39948
697.41976
697.43026
697.44586
697.46218
697.47502
697.55218
697.58068
697.64548
697.71850
697.76218
697.78636
697.80604
697.82914
697.84708
697.84936
697.85950
697.86220
697.92886
697.94542
697.95958
697.97218
698.04292
698.05426
698.06074
698.08552
698.09596
698.11360
698.13262
698.41228
698.89318
699.14572
699.16906
700.58944
701.46280
702.57394
702.91696
702.92428
703.13746
703.24996
703.25266
703.63750
704.39662
705.05458
707.28046
707.50846
707.69380
707.79886
707.80408
707.84890
707.85598
707.87698
707.91184
707.93062
707.96476
707.98444
708.06802
708.10510
708.15382
708.28828
708.29488
708.30958
708.34156
708.35482
708.36178
708.40156
708.40516
708.41404
708.47188
708.61432
708.80824
708.81100
708.81484
708.93502
709.04146
709.19932
709.20838
709.21180
709.21426
709.22740
709.24258
709.33492
709.35514
709.37842
709.43128
709.43512
709.47838
709.49512
712.31236
713.04580
713.34844
713.48176
713.50528
713.50894
713.51506
713.53954
713.67784
713.77930
713.84248
713.99086
714.19606
715.00636
715.09864
715.27900
715.68214
716.59516
716.67976
716.90092
717.14014
717.84916
717.94912
718.19026
718.37998
718.82860
718.96348
719.42260
719.44042
719.51014
719.78284
719.80708
719.88448
719.91916
720.06610
720.08572
720.10156
720.16348
720.23428
720.24412
720.31588
720.32044
720.33664
720.44182
720.52006
720.53686
720.67690
720.67882
720.68698
720.73288
720.76654
720.86656
720.88036
720.89392
721.01026
721.07404
721.12282
721.12564
721.16986
721.17412
721.21114
721.21636
721.22944
721.23298
721.36120
721.36732
721.39360
721.44730
721.45318
721.45744
721.46254
721.47910
721.48300
721.54708
721.56382
721.60990
721.62412
721.81114
721.83304
721.86028
721.86400
721.86646
721.88308
721.98022
722.03740
722.04646
722.13934
722.24374
722.29726
722.34718
722.37136
722.50780
722.53696
722.55658
722.57704
722.59426
722.61826
722.65000
722.66662
722.67094
722.67274
722.67430
722.82100
722.82382
722.85250
722.86048
722.86396
722.96122
723.16660
723.94114
724.31428
724.44760
724.65172
725.21680
725.26678
726.94150
727.19662
727.81342
728.91106
729.64744
729.65728
729.66148
729.68152
729.68488
729.70072
729.79174
729.82402
729.85072
729.96490
730.08460
730.10746
730.30594
730.30846
730.31752
730.40068
730.40584
730.41478
730.56880
730.71202
730.88044
730.88488
730.89304
730.89466
730.89634
730.92802
731.01130
731.10250
731.20090
731.36440
731.36944
731.40268
731.51494
731.54560
731.58856
731.63134
732.87496
733.53190
733.74856
733.88152
734.48194
735.51784
735.60502
736.53460
736.54534
736.58218
737.12866
737.30920
737.31196
738.46822
738.47596
738.98596
739.12246
740.60170
740.67262
740.81074
740.83498
740.86588
741.17902
741.24154
741.28510
741.58258
741.59494
741.68518
741.71944
741.72280
741.72586
741.76480
741.81730
741.82486
741.89554
741.89818
741.93928
741.94276
741.95320
741.95992
741.99076
742.04818
742.05178
742.10800
742.12756
742.14184
742.18702
742.20340
742.22632
742.24576
742.25176
742.25338
742.26076
742.28266
742.29298
742.34218
742.35958
742.36540
742.47910
742.50190
742.56850
742.59874
742.60216
742.60468
742.72612
742.73260
742.77748
742.78522
742.78942
742.80256
742.82626
742.85680
742.90540
742.90930
742.92910
742.96600
743.03230
743.06812
743.07910
743.14678
743.15236
743.15632
743.20570
743.23528
744.38272
745.35970
745.55194
746.38276
746.52298
746.74588
746.81500
746.87644
746.97766
747.68536
748.39312
748.70632
748.71370
748.74310
749.09830
749.30986
749.57638
749.60212
749.81626
749.89168
749.92264
749.99962
750.66880
752.63560
752.65996
752.72086
752.89204
753.01636
753.02314
753.04606
753.12556
753.20992
753.21310
753.32842
753.46636
753.48544
753.61996
753.66892
753.69076
753.74326
753.75058
753.75616
753.77038
753.77560
753.81892
753.86026
753.95500
753.98554
754.08982
754.09252
754.10896
754.18198
754.20202
754.25272
754.34596
754.37662
754.38028
754.39594
754.43698
754.44334
754.45192
754.49602
754.51000
754.62664
754.83556
754.95670
755.02594
755.13172
755.18272
755.18554
755.21290
755.23546
755.23702
755.31922
755.46370
755.46574
755.53204
755.54950
756.95224
757.30492
758.64592
758.97574
759.22900
759.83794
760.65394
761.72554
761.76646
761.78560
762.08986
762.12670
762.58678
762.84976
763.20904
764.73730
764.78866
764.80252
764.81668
764.83582
764.86030
764.90644
764.93320
764.98330
765.08350
765.09016
765.09286
765.11602
765.12946
765.15664
765.17332
765.18922
765.23986
765.26632
765.38902
765.39268
765.42358
765.51028
765.52348
765.66952
765.71602
765.75268
765.77566
765.78016
765.81976
765.82588
765.83350
765.84016
765.88996
765.96928
765.99028
765.99340
766.00690
766.05262
766.08262
766.09366
766.09660
766.11046
766.16038
766.21210
766.21930
766.32994
766.34266
766.34596
766.36678
766.84702
767.06326
767.65414
767.66746
768.19390
769.17730
770.48650
771.29722
771.69334
771.83674
771.95080
772.91128
774.44944
774.62398
774.64498
774.65398
774.86806
774.98728
775.08724
775.09540
775.86178
775.95580
776.06752
776.09938
776.12098
776.15038
776.15398
776.16082
776.16814
776.18752
776.20696
776.29804
776.39404
776.45176
776.45806
776.52088
776.62084
776.71582
776.71846
776.73760
776.74270
776.76838
776.80078
776.86108
776.88148
776.88760
776.98762
777.02896
777.03244
777.03514
777.04192
777.10186
777.16480
777.16726
777.16888
777.24550
777.29542
777.29890
777.30826
777.36724
777.45808
777.51850
777.52204
777.57490
777.62848
777.78166
777.80200
777.85444
777.88534
778.01176
778.01470
778.07518
778.08454
778.11112
778.25200
778.26142
778.27210
778.30456
778.35598
778.38544
778.41238
778.43980
778.51372
778.58800
778.66876
780.76282
782.77222
782.77396
782.77642
783.68908
784.45348
785.07274
785.10346
785.11378
786.60352
786.83722
787.01542
787.34632
787.46986
787.55398
787.59028
787.70662
787.73644
787.77862
787.78738
787.84144
787.87072
787.90420
787.92334
787.93390
787.96060
787.96708
788.09740
788.10244
788.21434
788.26198
788.30668
788.33758
788.34058
788.34424
788.42098
788.51098
788.52772
788.63764
788.68408
788.69728
788.76568
788.81986
788.92342
788.94796
790.41406
791.14774
791.67412
792.02524
792.19384
793.46482
794.16880
794.37232
795.00604
795.11926
795.27952
795.35362
795.78310
795.82558
796.49230
797.07586
797.44642
797.53258
797.56708
797.80942
797.88250
797.89294
797.90686
797.92228
797.97334
798.13678
798.16342
798.18400
798.20632
798.22792
798.25390
798.26848
798.27694
798.35716
798.35998
798.37012
798.37282
798.43708
798.47266
798.49870
798.50698
798.52972
798.55360
798.60640
798.62770
798.74734
798.75616
798.79066
798.89704
798.89962
798.92398
799.03078
799.10362
799.10710
799.20094
799.21030
799.21420
799.22050
799.23316
799.23670
799.24990
799.28038
799.32412
799.39000
799.42672
799.43380
799.44736
799.47664
799.50748
799.58722
799.69348
799.72666
799.73134
799.73332
799.84720
799.90642
799.92406
799.98970
800.07418
800.11708
800.13106
800.16664
800.19358
800.31682
800.33242
800.33800
800.34772
800.38468
800.54116
800.54446
800.61202
800.62708
800.80474
800.81434
800.84128
800.85394
800.86816
800.90542
800.90806
800.98414
800.98828
801.66076
803.37796
804.43594
804.69502
804.81172
805.35676
807.01612
807.40360
807.54340
807.58606
807.60592
807.67936
807.69598
807.77932
807.88144
807.96280
808.00384
808.01086
808.01296
808.01692
808.03042
808.04914
808.14688
808.15390
808.19704
808.23130
808.24612
808.30384
808.34338
808.37698
808.37950
808.50682
808.52638
808.64770
808.69930
808.81726
808.87378
808.89322
808.92712
808.92970
808.94698
808.98868
809.13646
809.22994
809.30104
809.31070
809.32066
809.33338
809.36716
809.42998
809.52118
810.49702
810.61210
811.59748
811.59934
812.28886
812.54776
812.64532
812.85562
814.22932
814.23178
815.02972
815.83252
816.11032
816.11596
816.12034
816.20338
816.57298
817.00372
818.00302
818.80432
818.96758
819.00460
819.01372
819.33562
819.36400
819.39454
819.42808
819.65086
819.65470
819.65854
819.67498
819.71500
819.74830
819.78880
819.80512
819.88186
819.98788
820.01152
820.06198
820.06516
820.21528
820.29184
820.29538
820.31782
820.33186
820.40116
820.40326
820.47574
820.53460
820.68958
820.69144
820.72582
820.74868
820.76434
820.79290
820.83472
820.91872
820.96810
821.01472
821.12584
821.19898
821.23486
821.29270
821.37124
821.38906
821.39266
821.39560
821.43214
821.43502
821.51836
821.52208
821.52646
821.55586
821.68258
821.70262
821.72878
821.73514
821.78674
821.78956
821.83192
821.85184
821.85562
821.89180
821.90104
822.00862
822.03526
822.06610
822.11992
822.12832
822.20080
822.30850
822.33214
822.37300
822.38974
823.66000
824.18740
824.64328
824.89396
825.00088
826.51072
826.86478
827.00434
827.97916
827.98798
828.20542
828.74044
829.02592
829.03342
829.04944
829.06858
829.07716
829.12180
829.12558
829.17856
829.19452
829.19638
829.25740
829.25938
829.26592
829.26946
829.29238
829.31308
829.31602
829.35274
829.35910
829.40668
829.46314
829.50226
829.52404
829.67914
829.68112
829.69756
829.75240
829.78006
829.78534
829.82566
829.87324
829.87846
829.91134
830.01052
830.02642
830.14282
830.14978
830.17894
830.19802
830.21242
830.24800
830.32960
830.35336
830.40352
830.41252
830.49358
830.54308
830.58340
830.58940
830.62294
830.63680
830.66236
831.22060
831.78760
833.46832
835.37188
835.82290
836.12062
836.79046
836.79298
837.02392
837.65116
837.70756
838.41058
838.71850
839.37958
839.40058
839.40226
839.50876
839.54848
839.64454
839.69122
839.75764
839.77546
839.89234
839.90176
839.92126
840.01822
840.10588
840.14122
840.16390
840.19210
840.20104
840.26842
840.28216
840.28996
840.32596
840.33238
840.48610
840.52930
840.54268
840.60628
840.75874
840.79558
840.79798
840.87346
840.95380
841.04278
841.05220
841.18648
841.30966
841.31212
841.32274
841.35970
841.37206
841.38640
841.39294
841.53328
841.64206
841.75324
841.82590
841.83334
841.85644
841.85980
841.87672
841.89226
841.93084
841.95370
841.95652
842.00272
842.31964
842.71300
842.95444
843.61090
843.77248
844.39726
844.51402
844.78084
844.85530
845.15830
845.76472
845.76880
846.02896
846.92428
847.36552
848.22658
848.85646
850.35934
850.53910
851.33734
851.41180
851.53870
851.71918
851.72200
851.73832
851.76502
851.80288
851.81542
852.04234
852.11536
852.15136
852.23866
852.33502
852.35428
852.38488
852.38674
852.40930
852.43648
852.43876
852.50578
852.61474
852.63508
852.81832
852.82504
852.84190
852.89272
852.98896
853.00180
853.09822
853.10176
853.10926
853.18906
853.29160
853.33402
853.34308
853.34914
853.37242
853.47232
853.48528
853.52278
853.70746
853.75624
853.96888
853.97248
853.99336
854.03830
854.06638
854.21122
854.37328
854.46130
854.47996
854.48740
854.51920
854.57968
854.65000
854.65402
856.41712
856.51732
857.20522
857.30104
857.83468
858.52966
860.72176
861.90550
861.99274
862.01608
862.39990
863.01256
863.02012
863.19328
863.28694
863.43262
863.55592
863.57278
863.62942
863.63572
863.67286
863.67466
863.68630
863.73340
863.73586
863.80366
863.80630
863.95336
864.01030
864.05044
864.13714
864.14368
864.16282
864.17806
864.29722
864.32464
864.35266
864.37324
864.41056
864.49720
864.56422
864.56686
864.83998
864.84442
864.85798
864.92506
864.92716
864.98728
865.02340
865.07086
865.09012
865.11592
865.18762
865.21990
865.24012
865.26346
865.26736
865.27102
865.27780
865.28116
865.48762
865.49026
865.49422
868.36564
868.99156
869.53918
870.44860
872.38366
873.33334
873.62632
873.81250
874.05484
874.09054
874.17640
874.17856
874.27312
874.39930
874.40614
874.46968
874.52404
874.53946
874.55380
874.65676
874.69750
874.69978
874.81012
874.84840
874.90192
874.95052
874.99342
875.01778
875.04334
875.06380
875.06614
875.25514
875.25760
875.37430
875.45770
875.47078
875.47426
875.54230
875.62084
875.75770
875.79352
875.82760
875.83444
875.84080
875.93398
875.94472
875.96026
875.98510
876.02452
876.10138
877.73122
878.07412
878.27908
879.11260
881.07814
881.74498
883.32592
885.16984
885.44254
885.66394
885.67864
885.74188
885.74674
885.80200
885.84040
885.89950
885.92620
885.92992
885.93268
885.96334
885.97018
886.04260
886.08274
886.09990
886.11202
886.14082
886.14970
886.16650
886.18492
886.20226
886.20970
886.21426
886.24942
886.25212
886.28290
886.31530
886.32688
886.39276
886.39966
886.44760
886.49278
886.49992
886.51216
886.52608
886.54000
886.56412
886.57612
886.63312
886.63552
886.63768
886.65334
886.66240
886.67296
886.72570
886.72966
886.79278
886.79956
886.84318
886.84966
886.87030
886.88680
886.94572
886.98682
887.02018
887.02900
887.08294
887.08588
887.09554
887.09980
887.12896
887.16616
887.22016
887.25232
887.26582
888.12922
888.27928
888.60268
888.74602
888.81274
888.87052
889.24618
889.32058
889.37710
889.46032
889.89634
890.36320
890.42722
890.99398
891.09400
891.37096
891.42736
891.58774