0.13798
0.19066
0.25192
0.25732
0.28432
0.35500
0.39814
0.58804
0.69850
0.78184
1.23196
1.28506
1.29562
1.98214
2.02186
2.02840
2.03854
2.88862
2.96302
3.32068
3.37714
3.40966
3.44134
3.48238
3.99640
4.61602
5.41618
6.22270
6.28030
6.59968
6.78940
6.79984
6.81388
6.84838
6.86272
6.91960
7.00876
7.68328
7.98934
8.01388
8.36392
8.52316
8.63344
8.93344
8.94736
9.83368
10.00036
10.21702
10.33702
10.46308
10.48372
10.53100
10.59766
10.64026
10.74016
11.26726
11.89036
12.07354
12.19030
12.40066
12.45076
12.47350
12.50464
12.94312
14.42662
14.93440
15.15730
15.19084
15.23170
15.24070
15.24826
15.31780
15.38164
15.43450
15.61504
15.91786
16.23184
16.36516
16.38184
16.84852
16.98190
16.98472
17.26804
17.63476
17.88202
17.88478
17.95144
18.26536
18.70156
18.81826
18.86824
18.89386
18.90166
18.91822
19.09882
19.13500
19.16830
19.22332
19.27222
19.39888
19.50160
19.60168
19.71844
19.81840
19.90168
19.91560
20.51848
20.98252
21.01258
21.13246
21.16582
21.22246
21.23050
21.25552
21.26242
21.26752
21.31456
21.32254
21.33526
21.46858
21.60850
21.80350
21.84922
21.85198
22.03258
22.16872
22.48258
22.83268
22.83544
23.01604
23.06884
23.21608
23.21890
23.23276
23.28556
23.30218
23.31610
23.36884
23.43280
23.46610
23.49454
23.51614
23.60230
23.66890
23.68282
23.73562
23.81890
23.90230
23.91616
23.93560
23.96896
24.01900
24.08290
24.11626
24.11902
24.13570
24.19960
24.20236
24.32998
24.34024
24.45118
24.46906
24.53572
24.58294
24.59968
24.62530
24.64960
24.69202
24.71914
24.72532
24.74200
24.81916
24.82528
24.84208
24.88306
24.88582
24.89974
24.90874
24.92536
24.94972
24.95248
25.58326
25.59370
25.60258
25.61932
26.98336
26.98960
27.24502
27.26590
27.35614
27.36952
27.47596
28.61980
29.06998
29.12002
29.28970
29.29378
29.32996
31.96018
31.97068
32.02972
32.09356
34.60732
35.77402
35.84446
36.31120
37.31134
37.85278
37.93612
38.00692
38.03098
38.04484
38.05828
38.08126
38.12836
38.88880
39.97654
42.76264
43.15366
43.16788
43.17502
43.18312
43.30654
43.48102
43.65664
43.83730
43.84006
44.20408
44.92372
45.13006
45.37762
45.40222
45.45742
45.48130
45.51352
45.52420
45.89236
45.92998
48.11452
48.19768
48.24874
48.31462
48.38134
49.49188
51.37450
51.40900
51.76528
54.20998
54.21286
54.28576
55.54660
56.04904
56.06350
56.09392
56.93668
57.97048
58.00246
58.01422
58.35112
58.82830
58.88476
58.90792
62.48188
62.51722
62.54290
62.80312
63.48664
65.06134
65.09176
65.15566
65.16190
65.37094
66.80482
66.82150
66.87508
66.89080
69.92284
70.63342
72.73138
74.12698
74.13766
74.43466
74.60320
74.62570
75.54400
76.37488
76.42780
76.50196
76.78546
76.80208
77.00218
77.10220
77.46616
77.83294
77.86906
78.28582
78.36178
78.51646
78.65260
78.66928
79.63624
80.22214
80.29720
80.32888
80.34544
80.47618
81.25960
82.52044
82.53844
82.54144
82.54654
82.77052
82.78714
82.87054
84.27094
84.61732
84.62098
84.64090
84.64552
84.64954
84.67462
84.67798
84.67984
84.76072
85.53520
86.72140
86.75638
89.07868
89.08492
89.14594
89.23900
89.53918
89.85238
91.53436
91.57390
91.58584
91.69876
92.73232
92.74624
93.23734
93.78748
93.79684
93.81004
93.82372
93.92644
94.00420
94.04038
94.05700
94.11316
94.13764
94.35706
95.31112
96.22132
97.42444
97.95784
98.15794
98.64136
99.00808
99.97492
100.01224
100.02208
100.08124
100.25548
100.29172
100.58896
100.59172
101.09470
101.43172
101.65858
101.75590
101.75860
101.85868
101.98954
102.05878
102.12382
102.26512
102.31504
104.13202
104.14870
104.17888
104.21518
104.31550
107.34322
107.35384
107.35990
107.37382
107.37658
107.37976
107.41876
107.42386
107.49478
107.58958
109.40770
109.43332
110.41270
110.50042
110.53354
110.60302
111.11986
111.24052
111.40054
111.67786
112.36426
113.48446
113.99614
114.00274
114.06178
115.81858
116.12902
116.15860
116.17186
116.18266
116.20462
116.20960
117.87946
118.42846
118.77970
118.94362
119.24374
119.46322
119.94388
121.41100
121.42756
121.43674
121.45906
121.46980
121.60594
121.75498
122.24836
122.29726
122.38066
122.89462
123.07804
123.14470
123.39478
123.59338
123.60142
123.65158
123.70390
123.87826
124.14496
125.24068
125.64538
126.51844
126.57436
126.63040
126.64840
126.68356
126.73804
126.83800
126.86512
129.09130
129.17482
132.15136
132.15598
132.18196
132.20380
132.22534
132.23932
132.26980
132.27412
132.33040
132.42268
132.44218
132.47518
132.53626
132.83980
133.12306
133.63228
134.89774
135.60250
135.62176
135.62794
135.64456
135.78394
137.63830
137.65252
137.69704
137.70724
137.73160
137.74990
138.88468
141.06538
141.07060
141.09742
141.11500
141.13390
141.19150
141.54916
142.06108
142.76884
142.79614
143.08282
143.94346
143.95612
143.98294
143.98930
144.38584
144.39988
144.89206
144.95884
144.98590
146.13016
146.15188
146.18458
146.20900
146.21164
148.89538
149.41882
149.43520
149.44522
152.17882
152.21308
152.21716
152.23966
152.25070
152.25826
153.29584
154.40644
154.42408
154.49626
157.82368
157.83700
158.23624
160.04074
160.07476
160.09414
160.10056
160.11316
160.22722
160.22968
162.61072
164.06356
164.18512
164.63440
165.50458
165.55834
165.59326
165.59746
165.60178
165.63436
165.64420
165.65458
165.79432
166.77424
168.58930
168.62008
168.62902
168.64300
168.64648
168.70444
168.79546
168.91336
168.93400
169.61062
169.77712
170.17084
170.71624
170.72956
170.77714
170.77972
170.83738
170.87974
171.23476
171.61792
173.54200
173.58232
173.62174
173.68714
173.82664
175.65058
176.14594
176.17006
176.87602
177.19426
177.43654
179.39554
179.40010
179.41810
179.45608
179.49520
181.70764
181.73950
181.79980
182.81908
185.16190
185.18164
185.18902
185.20822
185.22640
185.23534
185.24164
187.10194
187.36474
187.39366
187.41040
187.41850
187.42624
187.45738
187.47478
187.82506
188.00182
188.12488
188.42470
190.64374
190.68790
190.74364
190.84126
192.80524
192.82738
192.83158
192.93790
192.97714
193.03348
195.28216
195.28966
195.30106
195.30760
195.50770
198.43870
198.45376
198.54976
198.67696
198.80458
199.14526
200.09392
200.09734
200.26816
200.56546
201.72718
202.12720
202.13314
202.13788
202.14394
202.15294
202.18930
202.20670
202.22002
202.41052
204.04138
204.04882
204.07522
204.08176
204.10468
206.01562
206.16466
206.18668
206.20786
206.24116
206.24512
206.40172
208.97470
209.21446
209.25382
209.27230
209.28514
209.31844
209.34922
209.44120
209.45836
209.47042
210.00184
210.60190
211.58134
212.00824
212.36074
212.65810
212.95816
213.51856
214.43422
214.48246
214.49416
214.51852
214.56850
214.58512
214.72486
215.48146
217.34578
217.39372
217.41256
217.41850
217.48522
217.50184
217.97632
219.31996
220.33276
220.35826
220.39912
220.45180
221.82166
221.84584
221.88244
223.10086
223.41850
223.43236
223.73236
224.10184
224.41588
224.63242
224.71576
224.96812
225.00184
225.30190
225.31582
225.70192
225.93802
225.95056
225.95830
225.96256
225.97492
226.28530
226.74922
226.76584
227.66596
227.92942
228.01870
228.31606
228.56788
228.62140
228.91882
229.18276
229.38550
231.41728
231.48586
233.68342
233.69662
233.70670
233.72578
233.72842
233.76586
233.77894
236.87626
236.90734
236.93122
236.93944
236.95048
236.97628
236.98276
237.02770
237.16720
237.23392
237.43672
239.02924
239.06644
239.10850
239.20978
239.23696
240.36772
240.67054
241.35406
241.82842
241.84378
241.92064
241.97704
242.10040
243.71332
244.87834
245.01352
245.17102
245.41090
245.86072
246.12130
246.46084
246.47134
247.05778
247.08910
247.09210
247.09678
248.06098
248.15482
249.57154
250.03558
250.13224
250.14718
250.27054
250.32172
250.87834
251.22190
251.75536
251.83594
252.58870
252.59500
252.88876
253.28884
253.30270
253.32346
253.33288
253.34578
253.35148
253.77220
255.42244
255.64540
255.68908
255.72856
255.73918
255.75592
255.75940
256.02250
256.57420
257.31244
259.45648
260.00050
260.00266
260.00512
260.02324
260.17330
261.81328
261.85576
262.03750
262.15408
262.26970
262.96330
263.95450
263.98006
264.00484
264.04348
264.04714
264.05890
264.12688
264.13168
264.25732
265.94866
266.40760
266.42560
266.73052
267.69118
269.16718
269.46730
269.46964
269.48134
269.48938
269.49154
269.49808
269.50576
269.50822
269.51086
269.62480
269.80810
271.77496
272.16868
272.26618
272.27650
272.27806
272.29168
272.29798
272.30836
272.37502
272.89174
273.64180
273.82510
274.42516
274.57510
274.62232
274.87246
274.88386
274.91728
274.93336
274.93906
275.10574
277.03918
277.64830
277.72252
278.02258
278.23924
278.24932
278.29006
278.33920
278.76172
280.65094
280.98472
282.07456
283.26022
285.51916
285.54400
285.65938
285.77338
287.71576
288.20014
288.24622
288.24796
288.25618
288.27622
288.29404
288.46582
288.57628
291.33184
291.37546
291.40996
291.41626
291.52384
292.13572
293.47738
293.50918
293.55760
293.61688
294.12712
296.02768
296.12494
296.81128
296.83504
296.85388
296.89756
296.92444
296.93692
297.01126
298.41166
299.45590
299.47786
299.48188
299.50540
299.51404
300.36850
300.40468
300.46522
301.80232
301.95484
302.40508
303.03610
305.03056
305.03710
305.09710
305.76586
305.83360
306.08086
306.90730
307.81216
307.83046
307.85860
307.87150
307.91110
307.93780
307.99054
308.06224
309.66178
310.24930
310.29172
310.64170
311.15740
311.22952
311.25598
313.18126
313.23052
315.44146
315.72922
315.73450
315.74182
315.80248
317.26954
319.05382
319.19122
319.19332
319.21084
319.24498
319.27672
321.33844
321.65536
321.67198
321.71722
321.74158
321.76312
321.83746
321.94498
321.97216
322.66204
324.15682
324.90448
325.95430
326.99206
327.01864
327.02830
327.03916
327.04498
327.05590
328.21570
329.58952
329.60092
329.61274
330.01054
330.30796
331.29466
331.54234
332.56738
332.60626
332.66530
332.70454
332.87908
334.46338
334.49398
334.63636
336.17548
336.19534
336.20128
336.20662
336.23002
337.04830
338.07172
338.55526
338.59930
338.60596
338.61466
338.62198
338.62882
338.67352
338.94160
338.95870
341.71414
341.75242
341.87656
341.96770
342.85150
343.91608
343.93282
343.93540
343.96120
345.26962
345.44290
346.06270
346.07308
346.08310
346.10098
346.10974
346.12858
346.14340
346.16254
346.19572
346.43692
346.82656
348.20458
348.24412
348.83710
348.85942
348.87544
348.88828
348.89338
348.99700
349.03828
350.40556
352.25638
352.25872
352.27336
352.29634
352.31326
352.49020
353.07376
353.29684
353.53288
354.68986
354.73066
355.48138
356.25730
356.63926
357.46894
357.51544
357.51958
357.52540
357.62308
357.72310
357.80920
359.09302
359.24938
360.11920
360.16240
360.20248
360.22696
360.38314
362.22382
362.23870
362.30404
362.32000
362.48086
363.99802
364.69546
364.70470
364.82878
365.00950
368.56090
368.71996
368.72248
368.74720
368.75632
368.81992
368.87770
369.36394
370.54768
370.94794
371.87116
373.71550
376.75600
376.75864
376.82308
378.16720
378.20356
379.19050
379.19212
379.34050
379.99090
381.99928
382.04866
382.06894
382.09798
382.10578
382.13524
385.41178
385.42798
385.43572
385.47586
386.81986
387.11998
387.47782
387.48670
387.61732
387.62308
387.62914
387.81730
388.35358
389.75122
389.76028
389.88736
390.37972
391.37734
391.46068
392.03020
392.54434
393.79444
393.80236
393.85870
393.87166
394.79506
396.05578
396.09958
396.13882
396.16570
396.18166
396.19846
396.21196
396.21478
399.87988
399.91126
399.91660
401.17636
401.19388
401.22394
401.33020
401.45734
401.59396
402.14980
402.17686
402.17926
402.18658
402.18880
402.19102
402.20638
402.23200
402.27154
402.33694
403.13512
403.14112
404.28106
404.36140
404.36446
404.48116
406.09198
406.27270
406.83466
406.88074
406.95538
407.09224
409.08214
409.66750
409.67206
409.67506
412.09930
412.18840
412.19188
412.22908
412.23928
412.24180
412.39936
412.42372
412.84318
414.69652
414.70294
414.75388
414.77656
414.81298
414.84970
414.89950
414.91876
417.39598
417.40252
417.42298
419.56210
419.59744
419.59972
419.70952
421.06606
421.44934
422.48938
422.49508
422.52028
422.52274
422.52736
422.54020
422.54968
422.55580
422.60596
422.63278
422.99314
425.06122
425.21998
425.24716
425.31574
426.27628
426.55960
427.00966
427.21900
428.10646
428.11678
428.13172
428.44306
429.79048
429.79816
430.54690
430.59064
431.36614
432.47296
433.14100
433.33600
435.09388
435.26680
436.05016
436.05928
436.09858
438.53494
438.53716
438.68890
440.24806
440.26174
441.45268
441.54898
441.60478
441.60856
442.52278
442.54630
442.91320
443.79604
443.81620
443.86564
443.91088
445.61446
446.22100
447.81550
447.91552
448.89934
449.21608
449.24230
449.25304
449.36620
450.09988
450.11662
450.18328
451.91752
452.26762
452.28832
452.35144
452.35360
452.39326
453.28480
453.30148
454.39162
454.42510
454.47490
454.61104
454.66378
454.72504
454.77208
455.75884
455.93602
456.98656
457.20460
457.23982
457.25716
457.45066
457.48576
457.49314
458.38726
459.55444
459.98800
459.99898
460.00858
460.29442
460.30204
462.75592
462.92668
463.28668
465.63286
465.64948
465.65482
465.69178
465.76624
465.96634
467.09896
467.22472
467.24134
468.02224
468.64846
468.73138
468.88606
469.60906
469.99264
470.01814
470.29264
470.69284
470.99302
471.24928
471.29968
471.34432
471.67666
471.75718
471.82978
471.85228
472.89994
473.60290
473.62414
473.65288
473.66980
473.68354
476.34490
476.47462
476.53120
479.17372
479.19430
479.21902
479.27932
479.30230
480.24538
480.36310
481.93036
482.35618
482.36488
482.38552
482.39314
482.41660
482.43670
482.57026
482.62024
484.71772
484.72840
485.09818
487.09876
487.58860
487.62868
487.65562
487.70800
488.95828
489.93928
490.12534
490.14736
490.16482
490.19230
490.38310
490.49710
490.72282
491.33968
491.38066
491.41672
491.43058
491.81398
492.09286
492.56686
493.41718
493.44172
493.45654
493.46596
493.48918
493.49170
493.63114
493.65052
496.55302
496.58074
496.61884
496.65412
496.66774
496.67674
496.80736
498.05134
498.62716
498.93340
498.97432
500.97742
501.00256
501.02194
501.05080
501.12472
501.14830
501.18244
501.72514
502.47496
503.40874
503.86888
504.71290
504.71668
504.72706
504.77080
504.78544
505.12024
505.35226
506.81134
506.82814
508.78234
508.79470
508.80904
508.82260
508.90258
508.90564
508.91326
508.92112
509.01148
511.34986
511.84216
512.03584
512.30578
512.31142
512.33584
512.41906
512.43580
512.48578
512.49208
512.51908
512.54488
512.56912
512.75242
512.80246
512.81908
512.86132
512.86306
512.87050
512.87536
512.89474
512.90284
512.93266
512.95240
512.97790
513.04636
513.10858
513.11632
513.13300
513.13690
513.16630
513.98296
515.10220
515.11624
515.16616
515.19466
515.21896
517.09492
517.15072
517.17484
517.25824
517.35190
517.40824
517.45186
517.46578
517.55818
517.58518
517.66846
517.79146
517.80184
517.80796
517.95796
518.03506
518.13502
518.15170
520.07512
520.11640
520.12528
520.15348
520.20772
520.94518
520.98622
521.05738
521.08618
521.10520
521.69830
523.50562
523.50940
523.51732
523.54018
523.56868
523.64020
523.87348
525.83242
525.87442
525.88642
525.91108
525.91414
525.96664
528.86902
528.88564
528.91066
528.94126
528.97174
528.97972
529.03258
529.03648
530.52178
530.53102
530.79112
531.12514
531.56242
531.56524
532.08460
534.07096
534.46210
534.46888
534.56050
534.59032
534.84778
535.42312
535.69408
537.20422
537.20998
537.21274
537.21538
537.26098
537.44428
537.46372
537.49708
537.54700
537.55012
537.56914
537.58036
537.58666
537.74698
537.77314
537.82744
537.92812
538.09006
538.12006
538.13134
538.17736
538.17910
538.20310
538.20712
538.22728
538.23016
538.30006
538.32718
538.33012
538.33612
538.34812
538.37314
538.38004
538.41712
538.42612
538.43008
538.47712
538.48312
538.57912
538.58206
538.70410
538.72618
538.76050
538.76320
538.78912
538.80412
538.91044
538.95520
538.96318
538.97710
539.76712
539.76910
539.78590
539.81650
539.82106
539.84860
539.92960
540.51478
540.72934
540.89596
541.50976
541.58212
541.59304
541.60816
542.05330
542.06224
542.09908
542.12332
542.12734
542.14474
542.15518
542.17618
542.18200
542.19274
542.20942
542.36212
543.41806
543.44608
543.58714
543.61174
543.92560
544.38706
545.44180
545.44456
545.46646
545.51626
545.56114
545.61910
548.06644
548.11936
548.14366
548.16916
548.17144
548.20756
549.18412
550.40050
550.40278
550.43482
550.44466
550.45930
550.46284
553.37860
553.44526
553.56874
553.66702
553.89130
555.40144
555.71356
555.74062
556.12996
556.76470
556.78132
556.79650
556.80154
556.82842
556.83298
556.84234
556.89940
557.01598
559.40608
559.45006
559.55482
560.07874
560.15302
560.46196
561.10270
561.64828
561.66298
561.70168
561.70408
561.73090
561.73984
561.83104
562.00522
564.15178
566.94388
566.95348
566.97022
567.12916
567.17902
567.18676
568.35940
569.98330
570.02536
570.09802
570.10012
570.15262
570.86128
573.56518
573.56812
573.60778
573.77434
575.19220
575.22664
575.35102
575.54092
575.54980
575.55874
575.56402
575.56756
576.71728
577.62328
577.64422
577.69006
577.75294
577.75648
577.78360
577.81426
577.90654
579.85594
579.98920
580.03924
580.04662
580.28278
580.60816
580.87900
580.90978
580.99150
581.37202
581.63854
582.80752
582.96514
582.96784
582.99274
583.02694
583.08172
583.94812
584.18140
584.27854
584.63122
585.49498
585.62398
585.83074
586.17082
586.19266
586.22038
586.33060
586.60606
587.63632
587.93644
587.98642
588.08620
588.74380
588.81304
589.16296
590.65210
590.77912
590.86528
590.87914
591.14206
591.16114
591.16588
591.21124
591.72598
592.00150
592.02592
592.08502
593.00692
593.00920
594.75520
594.77620
594.78574
594.85084
594.88420
595.12786
595.83760
595.84030
595.92196
595.94428
596.26090
597.08380
597.10348
597.44050
598.96228
600.04126
600.06940
600.10006
600.10456
600.12424
600.36664
601.29358
601.63324
602.31634
602.39356
602.41420
602.45446
602.58580
602.59942
603.92392
604.69330
604.81744
604.84990
604.85392
604.95712
605.19046
605.19976
605.20210
605.21506
605.21668
605.26456
605.27050
605.28070
605.29324
607.41592
607.67266
607.71484
607.93288
608.05588
609.01594
609.33262
609.41590
609.65596
610.29592
610.61590
611.40196
611.40694
611.44300
612.75682
612.85594
613.38256
613.51342
613.52950
613.53118
613.53676
613.54108
614.92618
615.09292
615.40954
615.45022
615.45262
615.46588
615.53236
615.67618
615.99916
616.76566
617.82322
618.55186
619.22770
619.23358
619.24558
619.26820
619.28356
619.51540
620.33962
622.00876
622.02550
622.06582
622.18936
622.21510
622.27540
622.47544
623.38924
623.79190
624.02092
624.04090
624.08920
624.10978
624.11752
624.15088
624.25858
624.29074
624.32518
624.56476
624.62518
625.00084
625.00576
625.61464
625.80490
626.18878
626.54788
626.62486
626.82478
626.87206
626.90776
626.92192
626.93260
627.82480
628.08088
628.50016
628.79740
629.88070
629.88988
629.93338
630.08086
630.08488
630.13084
630.18058
630.30484
630.57592
630.62434
630.65092
630.67588
630.69490
630.69688
630.71788
630.72586
630.77590
630.79084
630.79288
631.01596
631.03090
631.07788
631.08388
631.10464
631.18480
631.37590
631.42126
632.19964
632.22820
632.27272
633.72586
633.74380
633.75088
634.30264
634.31578
634.33762
634.75090
634.75390
635.20678
635.23588
635.24590
635.99590
636.03892
636.08188
636.11710
636.15646
636.22588
636.35782
636.72292
636.74314
637.39570
637.51582
638.17264
638.93626
638.94844
639.06190
640.04518
640.30582
640.31488
640.38592
640.94482
641.13856
641.16106
641.17540
641.23144
641.28580
641.30122
641.32498
643.06858
643.11112
643.50190
643.82476
644.15086
644.16730
644.19148
644.21974
645.84364
646.26490
646.69042
646.73896
646.75378
646.81048
646.84240
646.91266
646.99348
647.17672
647.53702
647.59342
647.67484
647.93692
648.30082
648.54310
649.53952
649.56994
649.57624
652.10914
652.14250
652.22284
652.25908
652.82836
653.01826
654.61318
656.31508
656.83276
657.92644
658.73248
658.90834
658.93438
658.97476
659.83156
659.83516
659.92036
659.92468
660.60166
661.35148
661.41424
661.43374
662.45134
662.53186
662.53462
662.54380
662.65276
663.13456
663.25396
663.28450
663.51502
664.69054
664.92982
665.91136
665.91736
665.92510
665.94706
665.95696
666.03124
667.93210
668.57176
668.67580
668.68504
668.69728
668.69920
668.71984
668.74156
668.81392
669.61384
670.24978
670.29202
670.30000
670.48312
670.49398
670.53310
670.87528
670.89688
670.90870
670.94710
670.96636
671.54974
672.14818
673.26568
673.81696
674.24884
674.45506
675.43048
675.98356
676.00450
676.03840
676.06216
676.47118
676.72828
678.29776
678.50392
678.89368
679.03276
679.06576
679.27954
679.33534
679.34422
679.34884
680.07676
680.18068
680.37022
681.11692
681.13960
681.25978
681.30976
681.46774
681.69694
681.71086
681.72424
681.74692
681.74878
681.76090
682.53016
683.51332
683.73622
684.28882
684.37858
684.79636
685.61278
686.52160
686.57260
686.59576
686.60854
686.63890
686.70880
686.95222
688.76836
690.07570
690.20170
691.92814
692.29786
692.39482
692.45122
692.47216
692.53474
692.53978
692.61136
692.62798
693.37786
694.72954
694.80304
694.81096
694.82764
696.10810
697.06078
697.38634
697.40944
697.45294
697.47454
697.48354
699.26674
699.47452
700.41670
700.43722
700.45246
700.47982
700.57696
703.29064
703.34092
703.36282
703.59334
703.92802
704.19946
706.27366
706.29046
707.11594
708.54148
708.54610
708.58132
710.35942
710.97484
711.24274
711.73522
711.75940
711.76708
711.80596
712.71562
713.88706
713.95924
714.55924
716.16562
716.64238
716.65906
716.87578
717.29866
717.43648
717.44974
717.46294
717.46684
717.47224
717.48190
717.48604
717.55912
717.66796
717.67570
717.76546
717.83458
718.92568
719.26528
719.73184
719.74108
719.74768
719.78998
719.81074
719.83198
719.88448
721.25116
722.11174
722.12296
723.33976
723.38716
723.51514
724.17286
724.44538
725.69212
725.69746
726.91504
728.28172
728.28628
728.28784
728.29990
730.34842
731.11516
731.12386
731.12554
731.13214
731.18326
731.18608
731.31514
732.92554
732.93466
733.56760
733.58938
733.59196
733.64530
733.98646
735.86500
735.96502
736.28950
736.82542
736.83952
736.85080
736.87240
737.31172
738.14854
739.50850
739.52446
739.55584
741.71494
741.75244
741.79816
741.82252
741.83134
742.04230
742.07812
744.83164
744.83800
744.84010
744.87514
745.01470
746.94172
747.32500
747.42250
747.63406
747.86614
747.87340
747.95080
748.23400
748.30840
748.40056
748.49170
749.59798
750.03868
750.17842
750.19432
750.20752
750.22108
750.23146
750.23830
750.27508
751.70848
751.91470
752.66128
752.67688
752.68936
755.04808
756.30844
756.39178
758.44366
758.44984
758.56732
758.66470
758.86756
759.00832
759.85210
761.82406
761.82610
761.84536
761.92864
763.13110
763.80034
763.94140
763.94770
763.95238
764.02210
764.03374
764.03650
764.90416
766.06432
766.07620
766.10296
766.15030
766.17346
767.01718
767.19136
767.95792
768.57322
769.07074
769.09114
769.15540
769.32448
769.87180
769.87774
769.93108
771.52432
771.57964
771.64720
771.77722
772.32430
772.80754
772.81624
773.87416
773.96626
773.97412
774.03958
774.08806
774.09082
774.15742
774.50740
775.72408
775.84702
777.02404
777.08302
777.14980
777.23044
777.31036
778.88950
780.27388
780.27694
781.05718
781.71370
782.96632
782.97004
783.01630
783.04360
783.09838
783.12400
784.21606
785.04382
785.07712
785.08312
785.08600
785.09554
785.15968
785.26630
786.14986
786.72388
787.78798
787.82254
787.83046
787.85578
787.89418
788.37022
789.24694
789.97000
790.57918
790.60156
790.61380
790.81366
792.49690
792.66028
793.18660
793.19032
793.19260
793.21018
793.21504
793.29682
793.47118
794.47384
795.61780
795.64372
795.69052
795.79672
795.82384
796.25998
796.53442
797.53936
798.41584
799.46728
799.47670
799.53412
799.84012
800.05678
800.25394
801.74626
801.78952
801.79360
801.80374
801.83710
802.33990
803.52292
804.19564
804.24574
804.25102
804.29404
804.83800
806.35726
806.41846
806.45302
806.49820
806.63902
808.41166
808.48108
808.58866
809.90128
809.91802
809.93602
809.96146
810.03076
810.60502
812.25472
812.30968
812.47750
814.57714
814.60426
814.63144
814.64080
814.64662
814.70164
814.87090
815.10400
815.17702
815.25406
815.66290
816.40114
816.72424
816.75754
816.82672
817.92808
817.95520
818.17648
818.64760
818.67928
819.50350
819.72970
819.77908
819.79720
819.79966
819.80350
819.82648
819.93424
822.70330
825.05314
825.06208
825.07882
825.09526
825.09760
825.10696
825.12610
825.13078
825.16984
825.27148
825.33940
826.09282
826.90306
827.88646
827.90320
827.91988
827.94004
827.98954
828.02884
828.10036
829.65946
831.89266
833.32816
833.36512
833.37922
833.40256
833.40472
833.49436
833.62000
835.00060
835.59706
835.77610
836.37610
837.71974
838.84534
840.62578
840.69268
840.70900
840.74896
840.75940
840.76156
840.85672
842.28922
843.82528
843.84838
843.87208
843.88528
846.87328
846.89902
846.90952
846.92572
846.93004
846.93598
847.11184
847.16956
849.23944
849.25582
849.26314
849.29164
849.97258
852.30478
852.33388
852.33646
852.48520
853.78654
854.81710
855.05086
855.08578
855.12160
855.12892
855.14584
856.87774
857.15710
857.17888
857.20192
857.32642
857.38396
857.42620
857.51218
857.56228
858.44944
859.61716
860.30056
860.32282
860.33398
860.36392
860.37622
860.50942
862.88998
863.17624
863.19208
863.20216
863.25952
863.26228
865.06714
865.75636
865.77286
865.78990
866.90332
867.58666
868.39162
868.44454
868.44730
868.44934
868.48288
870.43564
870.55342
870.93676
871.19722
871.42006
871.72894
871.74976
871.80100
871.81654
871.81900
871.84306
871.89328
873.02680
874.20010
874.21066
874.46770
874.57036
875.01694
876.20380
877.28446
877.32616
877.33600
877.39330
877.47046
877.48714
878.05990
878.09326
878.13712
879.50998
879.60370
879.64372
879.65758
879.69634
879.72688
879.75004
879.76288
879.88708
880.28428
880.37920
882.45868
882.46216
882.55984
884.75728
884.75986
884.81728