0.62658
1.51488
3.14100
4.34568
4.45086
4.61586
4.95468
5.12070
7.15884
8.51340
8.55612
9.01386
9.07356
9.57006
9.60576
9.61776
10.45248
11.09160
11.66220
12.27846
12.29394
12.58458
12.58830
12.83514
12.86886
13.25562
13.28376
13.48008
14.00220
14.02434
14.56554
14.61504
14.66400
15.13530
15.17586
15.20478
15.26148
15.47736
15.72918
16.12554
16.79046
17.39694
17.41842
17.45484
19.31262
19.62006
20.22000
20.23290
20.25564
20.82912
22.32990
23.34846
23.38500
23.45124
24.06828
24.60168
24.62538
24.65832
25.08294
25.09938
25.79646
25.97658
27.89052
28.28640
30.77202
30.80118
31.33518
31.33692
31.34130
31.98726
32.03976
32.04840
32.94720
33.20166
33.22128
33.23652
34.26708
34.40124
34.52640
36.22680
36.25398
36.29352
36.86730
37.11444
37.47582
38.43006
38.48652
38.86524
38.89284
40.16700
41.57466
41.76864
41.81604
42.28536
42.97938
43.40880
43.43598
43.47384
44.18484
44.21526
44.61978
45.20490
45.79020
46.35486
46.35942
48.35274
49.05384
49.22472
49.34184
50.55822
50.57382
52.39590
52.84644
52.85196
52.87002
52.91616
53.64312
54.96720
54.97320
55.28544
55.89330
55.92300
56.05446
56.73528
56.76516
56.77860
56.78556
57.18390
57.20934
57.72078
57.77214
57.77598
58.99842
59.50674
59.60052
59.90760
59.95194
60.18054
60.33258
62.32704
63.49194
64.21332
64.29486
64.55772
64.61040
64.62126
64.92858
64.93422
66.08646
66.11058
66.41706
66.42642
67.74546
67.87026
68.19216
68.23122
68.37270
68.44818
68.51652
69.09588
69.11838
70.96860
71.53062
72.46410
72.53742
73.07094
73.57932
75.33960
75.37590
75.69042
77.07030
77.14326
77.60778
77.71302
77.96508
78.00264
78.46410
78.49422
79.37100
79.63308
79.75338
80.92134
80.97636
81.46098
81.70056
81.73062
81.73668
81.76878
81.77298
81.80610
82.85886
82.91016
84.18360
84.63948
84.64650
84.94542
85.36878
85.74654
86.15064
86.20806
87.97530
87.98904
88.02402
88.08396
88.11402
88.26972
88.30386
89.02272
89.20896
89.41284
89.41554
89.67198
89.70180
89.79276
90.38220
91.46526
93.62484
93.64368
93.66648
93.87216
94.05936
94.74306
95.41704
96.20250
98.20920
98.70714
98.79186
98.82240
99.94200
100.14342
100.15974
100.60332
100.60926
100.67952
100.91604
101.74410
101.75700
101.77374
102.59754
103.08816
103.86954
103.88100
103.90620
104.57640
104.58654
104.61810
104.68566
105.25806
105.27444
107.65722
107.86122
108.27762
108.60954
108.96516
109.50114
109.54356
110.16330
110.17212
110.98650
111.26400
111.40290
111.93930
111.96012
112.75062
112.78890
113.27016
113.28750
113.87748
113.91168
113.93322
114.77328
114.95904
116.61138
116.66646
117.54996
118.10616
118.14378
119.00352
119.51430
119.62926
119.65560
119.68056
120.96468
121.37808
121.47390
122.09706
123.07014
124.94766
125.01558
125.46408
125.49474
125.58432
126.62958
127.09740
129.21558
129.61200
130.13316
130.13802
130.99926
131.49504
131.97330
131.97774
131.99490
134.01996
134.03046
134.04480
134.07906
134.94666
135.03318
135.04392
136.39140
136.41066
136.43094
137.67204
138.50604
139.60218
141.25074
141.50346
141.56400
144.35388
144.86304
144.91164
144.94926
145.55964
146.60772
146.63304
147.51210
147.58368
149.02992
149.07252
151.29066
151.32324
151.33722
151.35780
152.35164
152.37906
152.49696
153.57708
153.61512
153.79788
154.17594
154.66926
154.96680
154.99914
155.01012
155.02980
155.83734
155.84286
156.06366
156.51690
156.54660
156.57966
157.26192
157.81410
157.82904
158.07234
158.10708
158.41836
158.47230
159.04968
159.05328
161.08890
162.31842
162.36540
162.53802
162.81438
162.84768
162.85338
163.39944
163.56126
163.56762
163.59714
163.90428
163.93776
163.98744
165.21342
165.24168
165.29358
165.94644
167.40318
167.71614
167.74944
168.46716
168.47406
168.52830
168.82686
169.24584
169.28418
169.75242
169.76154
169.78086
169.86108
170.38104
170.83962
171.76674
172.65942
173.99532
174.33906
174.36000
174.37956
175.06020
175.09422
175.84206
175.91688
176.11452
176.88144
176.90532
176.94714
178.14660
178.22124
179.72532
179.78850
180.40002
181.02426
181.54128
181.55652
183.04542
183.09318
183.16170
184.35276
184.46088
184.85532
184.86366
185.50446
185.51094
185.91090
185.94600
185.97864
187.11912
187.17540
188.57718
188.78580
189.35838
192.57774
193.35240
193.58646
193.97904
194.03196
194.79084
194.79978
195.32916
195.33750
195.35076
195.35580
195.37242
195.44166
195.51138
195.78012
196.49022
196.49358
196.54362
196.56624
196.60386
196.64844
198.66564
198.95268
198.96132
198.97338
198.99132
199.01082
202.01718
202.70190
204.71010
204.74460
204.96966
205.83666
206.33904
206.35890
206.36844
206.39454
206.41830
206.46324
206.80392
207.51036
207.52512
207.68676
207.69654
208.50150
208.56780
208.92288
209.73054
210.16692
210.19716
210.29718
211.10556
211.12800
211.36812
211.93260
211.95384
212.18280
212.94174
213.97842
214.56462
214.58052
214.60530
215.92638
215.97336
216.31932
216.77514
216.79854
220.63314
220.71480
221.61552
221.97504
222.00846
222.47082
223.31622
225.50184
226.18530
227.16900
227.20158
227.30112
227.33772
228.05196
228.05598
228.10830
228.71322
229.53996
229.57146
229.58460
229.59372
229.94268
232.89798
232.96578
233.06598
234.19626
235.11894
236.32176
236.33634
237.25266
237.91416
238.00422
238.84596
238.93710
238.94562
238.97382
238.98306
239.00676
240.71946
240.75276
240.78282
240.78720
240.85284
241.78410
241.84224
242.67642
242.69058
243.24834
244.09740
244.10976
244.29678
244.52622
244.95000
245.01852
247.27842
247.45074
248.56218
248.66592
248.81940
248.82942
249.79290
250.11042
250.19832
251.08800
251.11308
251.75970
252.58650
255.39348
255.50058
255.79266
256.03962
256.38894
256.39686
257.31162
258.19866
258.42702
258.47574
259.22250
259.87572
259.94226
260.22840
260.80494
260.87160
260.88126
261.09786
261.95112
263.04174
263.05740
263.08152
263.31078
265.06110
265.07226
265.17552
265.97556
266.31786
266.32560
266.35086
266.81016
267.30432
269.10948
269.16030
270.28644
271.95210
272.25348
272.62962
272.90118
272.90466
272.92818
273.87420
274.37994
274.41324
274.42794
274.64862
274.65732
274.67628
275.21130
275.24094
275.26260
276.50700
276.63534
277.25856
277.57170
277.72620
278.03484
278.37144
278.41230
281.03466
281.89728
281.90598
281.90748
282.03756
282.58956
282.88818
282.93270
284.51838
284.56290
284.57472
284.86428
284.90388
284.91624
285.82590
285.94440
285.95502
285.96228
286.07898
286.11126
286.12164
286.37772
287.30802
287.33490
287.41416
288.10620
288.14394
288.47310
288.95172
289.36878
289.41516
289.93488
289.96500
292.34292
292.36590
292.76526
292.79514
292.82694
292.85928
293.41776
293.78550
293.80956
295.27080
295.30464
296.90472
297.75288
297.82110
298.51248
299.91372
301.97532
302.08044
303.63342
303.78900
303.80568
304.26672
304.75140
304.97958
305.11896
306.40638
306.76662
306.82830
307.10304
307.39812
307.42290
307.44786
307.77792
308.07228
308.82528
308.84508
309.56058
309.91698
310.32846
310.33974
310.37982
310.42086
310.43016
310.82196
311.31252
311.44410
311.79450
311.81034
311.95218
312.35478
312.56352
312.58806
312.90414
312.98664
314.43018
314.46942
314.73702
315.22194
315.73944
316.71204
317.07780
317.09538
317.87520
317.89038
317.91486
318.03162
318.24942
318.56208
319.49760
319.52796
320.17332
320.20146
320.24640
320.29524
321.16284
321.16464
321.74442
321.84840
322.02384
322.02996
323.11344
323.13240
323.13744
323.14644
323.81580
324.43482
324.46626
325.12992
325.38228
326.33100
327.14766
327.38364
327.42666
328.48884
328.49832
328.50444
328.51362
329.41944
329.43750
329.45640
329.87814
330.45114
330.52314
330.99042
331.49640
331.52772
331.55202
331.97562
332.59176
333.76740
334.03524
335.29776
335.37990
336.60006
337.07820
337.12728
337.91418
337.92132
337.93620
337.94214
339.05862
339.57924
340.37670
340.40052
340.40724
340.46232
340.54524
340.66764
340.80276
340.81026
340.81422
341.49786
341.50836
341.52324
341.55786
341.56974
342.06720
342.08190
342.08652
342.48162
342.49224
343.49454
343.50528
344.19660
344.21658
345.50040
345.51642
346.10184
347.70636
347.75052
347.93952
348.66726
349.00062
349.08642
349.50690
349.70154
350.16420
350.44050
351.70068
351.84882
351.86340
352.09470
352.38168
352.39428
353.13660
353.16450
353.66070
353.91732
354.41094
354.75840
354.85110
355.18236
355.20390
355.58100
355.92636
356.36598
356.65554
356.87004
358.18122
358.19382
358.62648
358.64352
358.65642
358.70556
358.73484
360.04374
360.07524
360.10944
360.50772
360.59640
360.89460
361.45422
361.48128
362.23218
362.24586
362.28348
362.65530
362.90688
362.93988
364.33542
364.48560
365.85768
366.11640
366.46116
367.32138
367.33710
367.93086
368.42850
369.68142
369.70080
369.70254
369.79512
370.59342
370.61796
370.63044
372.32238
373.11138
373.19700
374.21262
374.23302
374.24316
376.12182
376.13760
376.38486
376.44588
376.46232
376.47336
376.49724
377.61066
378.21492
378.23928
378.24756
378.26790
378.53160
380.63640
380.65116
381.33960
381.69834
381.71820
382.08564
382.12452
382.13040
383.18286
383.21394
383.55600
383.57640
383.60496
383.64258
385.46466
385.98972
386.75328
386.76558
387.21720
387.24558
387.27516
387.29010
387.91698
387.95160
389.26380
390.00012
391.68288
392.47002
392.54466
393.21600
393.26208
393.29466
394.57038
395.46540
396.48690
396.49320
396.52236
397.20408
397.24464
398.09838
398.11638
398.60310
398.72034
398.97000
399.17508
399.70278
400.63632
401.24550
401.25162
402.34002
402.36894
403.17576
403.17990
403.22772
403.68690
403.72578
403.73304
403.73838
403.77504
404.20650
404.71062
405.36396
405.39984
406.36590
407.24028
407.30766
407.31282
407.33574
407.37342
408.11226
408.38154
408.44064
408.45498
408.58806
408.59448
408.86772
408.88134
409.00032
409.76730
410.05218
410.14920
410.45130
410.48634
411.40908
411.47826
411.77808
412.74828
413.14974
415.74180
415.87920
417.23856
417.73830
417.83640
417.87552
418.53420
419.22666
420.30306
420.37440
421.37916
421.41300
421.83132
422.21568
422.23356
423.54126
424.45062
424.77126
425.12304
425.15298
425.85672
425.90634
425.91282
426.01584
426.61542
426.62520
428.43216
428.45898
428.47308
428.48544
428.55144
428.57514
428.58396
428.86992
428.89272
429.60606
431.20296
431.30298
431.62122
431.63274
432.75798
432.77892
432.79080
432.91404
432.92016
433.49814
433.52010
433.52964
433.83930
433.85202
433.93698
436.15428
436.56876
436.58844
436.60692
437.29392
438.17262
438.50964
438.53460
438.61536
439.13184
439.37376
440.06880
440.30628
440.31162
440.58048
440.60130
441.13410
441.17112
441.70452
441.76614
441.79134
441.80400
442.24386
442.67538
444.48438
444.73554
444.77094
444.82386
445.03944
445.05228
445.54380
445.95984
446.17734
447.64932
447.99966
448.25568
450.39720
450.40422
450.43254
450.45234
450.83448
451.36230
451.49706
452.22468
452.22834
452.78346
452.79834
452.81640
452.82672
452.85372
452.87712
453.34566
453.37650
453.41904
453.51552
454.04130
455.69160
455.72088
455.73990
456.38280
456.39420
456.41058
456.42522
456.64254
457.96422
459.88842
460.29384
461.32998
462.09924
462.12954
462.52962
463.22520
464.16984
464.22036
466.36122
466.38288
467.76906
468.14232
468.25890
469.25406
469.29636
471.19068
472.01298
472.73244
472.74342
472.97136
472.99056
473.00718
473.87808
474.55830
475.95546
476.23002
476.63568
476.79006
477.49998
477.53562
477.57414
477.95946
478.03164
478.08900
478.53138
478.80666
478.81074
478.86186
479.47116
479.68794
479.69400
479.71566
480.46482
480.47436
480.47832
480.51666
480.68976
480.95106
481.85592
482.20824
483.00006
483.01644
483.06222
483.61404
484.52922
484.55232
484.58514
484.95288
484.96902
485.00874
485.64360
486.78786
486.79542
487.12308
487.17186
487.33092
487.74912
487.77798
487.79508
487.82760
488.24988
488.86086
490.27518
490.33344
490.58406
490.93350
491.08032
491.09766
493.22070
494.05710
495.03240
495.11940
495.17640
496.05864
496.10772
498.08124
498.09126
498.24408
499.41516
500.07606
500.10078
501.04422
501.61338
501.62028
501.64416
501.67494
502.65066
502.69254
504.12096
504.46230
504.50196
504.56112
505.19016
505.95990
505.97700
506.02002
506.75802
508.32774
508.35456
508.40754
509.15580
509.16600
509.22618
509.33310
509.34258
509.70756
509.74584
509.78352
509.84262
510.29658
510.53796
510.55866
512.04900
512.08944
512.14548
513.49602
513.50736
513.53112
514.81188
514.89408
516.78948
517.28844
517.52526
519.23760
519.26628
519.27558
520.37652
520.40880
521.10348
521.47236
521.51304
521.95686
522.28656
522.30636
522.31938
522.96876
522.99318
523.91784
525.63204
525.66630
525.71400
526.61760
527.10378
527.39358
527.53662
527.67348
528.29748
529.70508
530.07750
531.09006
531.11820
531.40884
531.41784
531.44058
531.46728
531.48414
532.04856
532.07136
532.84182
532.86186
532.88178
532.93008
532.97376
532.99254
533.81322
535.44090
536.23962
536.26254
536.28972
536.29854
537.09072
537.15396
537.94122
538.00428
538.02684
538.46154
538.68072
538.72662
540.21978
541.32174
541.84434
541.85238
541.86672
542.22570
543.07866
543.79260
543.88554
544.23546
545.10240
545.10582
545.61840
546.66714
547.20084
548.14740
548.88792
551.01804
551.11560
551.35920
552.23268
552.28422
552.29886
552.50166
552.98370
553.91658
554.35392
554.40948
554.53326
555.09990
555.11142
555.63192
555.64716
555.65640
555.67224
556.47738
556.51584
556.99734
557.03472
557.27718
557.38956
557.52468
557.53392
558.31182
558.36378
558.40890
558.45252
559.08738
559.12512
559.14768
559.17504
560.93658
561.01032
561.63774
563.19702
563.90910
564.34518
564.35340
564.96906
566.71740
566.85954
566.87010
567.27774
568.74600
568.77900
568.97826
569.20122
569.20830
569.80338
569.83140
569.85318
569.93112
570.44820
570.77778
570.95640
571.53642
572.47920
572.63532
573.14790
573.15996
574.09362
576.37212
576.60534
576.64482
576.66378
576.68658
576.71460
576.96402
577.80984
577.83534
578.50026
578.71992
580.28412
580.49106
582.01962
583.63476
583.67124
584.72274
585.26880
585.30834
585.44412
588.50202
588.56754
589.03518
589.13718
590.00928
590.54538
590.69418
591.42492
592.02858
592.28310
592.90080
593.59380
593.59686
593.62614
593.65338
594.10266
594.19962
595.47936
595.52700
595.56132
596.03604
596.04162
596.20434
596.21016
596.24826
596.58390
598.30764
598.31016
598.32540
598.87536
598.92792
598.97496
599.55162
599.59608
599.68506
599.91882
599.99130
599.99574
600.00216
600.01914
600.22296
600.50508
600.54522
600.96402
600.97464
600.97758
601.05012
601.43862
601.48746
602.21202
603.56184
605.58306
606.08514
607.38174
607.39818
607.41534
607.50486
607.95762
607.97280
608.51250
608.58876
609.16632
609.20490
609.25710
609.28146
609.29226
610.22262
610.23006
610.24278
610.46592
611.37486
611.41752
611.43540
611.56254
611.59014
612.63600
612.68394
612.69156
612.71712
612.73896
612.97536
613.37022
613.38666
613.42554
613.86054
613.86750
614.29866
614.62488
614.66580
615.67254
615.71094
615.73260
615.76752
616.19544
616.95480
616.95714
617.99130
618.89238
618.91242
618.93474
618.94122
619.47252
619.50762
619.52004
619.88280
619.89576
619.90308
619.92282
620.56956
621.04608
621.62472
622.12194
622.64976
622.65744
622.71462
622.74276
622.88742
622.91808
623.66082
623.68212
625.31910
625.41036
625.41204
625.43292
625.72698
625.82094
626.23278
626.23854
626.26620
626.28588
626.32548
627.23748
627.29202
628.12836
628.18074
628.88244
628.92522
629.54388
629.59452
630.64326
630.91908
630.93546
630.95820
631.16658
631.17624
631.19262
631.24296
631.25868
632.77914
632.80104
633.11598
633.20016
633.69444
633.69900
633.73908
634.41054
638.09874
638.42838
638.77248
639.07590
640.19226
640.22232
641.00490
641.37636
641.49600
642.23544
642.23946
642.26712
642.77958
643.47408
644.14524
644.89578
644.93310
644.97066
645.10968
645.69846
645.70626
646.53162
646.79190
648.06612
648.09024
648.76248
649.24992
649.27992
650.59824
650.86080
650.87220
650.88108
650.90028
650.95164
651.02562
651.92976
653.60784
653.63082
653.64180
656.53488
657.05586
657.46302
659.27460
660.21270
660.23706
660.33144
660.66894
660.71088
661.64388
661.66446
661.67766
661.69806
661.74942
661.78020
661.97850
662.00190
663.39354
663.40374
663.42984
663.46830
663.92748
663.95748
664.17192
664.45122
664.45368
664.47402
664.83690
665.27016
665.28954
665.40708
665.81928
668.66796
669.34050
669.61944
669.66174
670.20132
670.24176
670.26600
670.66800
670.67934
671.52714
671.55048
671.56620
671.59188
672.59118
672.63984
674.43888
674.46720
675.23916
675.27894
675.29208
675.29934
675.32316
676.01262
676.76538
676.77540
676.91604
676.92582
678.32172
679.49520
680.58594
680.96712
681.01248
681.24576
681.25674
681.96918
681.97914
682.53732
682.89714
682.91238
683.25036
683.26566
683.71338
683.78646
683.79438
685.43976
685.48656
685.87980
686.84604
686.91372
686.91900
686.93022
687.29088
687.48348
687.49326
687.52788
687.55590
687.57630
687.97548
688.17972
688.19808
688.22814
688.59594
688.67814
689.16534
689.97576
690.29016
690.78750
691.76460
691.96332
691.98306
692.40126
693.13536
694.48296
694.49322
694.50486
694.92402
694.94052
694.96494
694.98714
695.73450
696.24534
696.33804
697.22022
697.49046
697.71564
697.73520
697.93470
699.70668
700.46730
700.48722
700.49070
701.06406
702.00120
702.99924
703.03734
703.06338
703.10502
704.31444
704.58894
704.86026
704.87964
704.90130
705.55416
705.65028
706.53498
706.53990
707.05236
707.07258
708.15210
708.77340
708.81120
709.30614
709.40226
709.74330
709.75506
709.76766
711.04524
711.12348
712.21548
712.83864
713.16522
714.42642
714.52848
715.04058
715.06056
715.08594
715.11000
715.49064
715.52490
716.87346
716.93832
717.92844
718.15698
718.81980
719.54604
719.56884
719.97690
720.72522
721.03926
721.68810
721.90956
723.80526
724.52472
725.13462
725.23308
725.23836
726.65496
726.68526
726.71436
726.77814
727.07256
727.43832
727.54566
728.25204
728.65998
728.67744
728.68320
729.34812
730.05474
730.08642
730.75566
730.83222
731.16522
731.50116
732.13524
732.89988
733.77978
735.04788
735.07560
735.08826
735.12426
735.56226
736.16550
736.21980
736.62522
736.63752
736.85070
736.88430
736.90764
737.42736
737.45706
737.46840
737.55228
738.18438
738.20274
738.69444
739.17966
739.18440
739.20216
739.24896
739.59078
740.20830
740.22738
741.09528
741.81996
741.93912
742.08432
742.46316
744.03336
745.24572
745.79502
745.80930
746.44056
746.47794
746.50992
747.05310
747.09216
747.11046
747.49230
748.05816
748.06482
748.62042
748.65600
749.33544
750.92928
750.97398
751.14978
751.85310
751.87848
752.01132
752.44206
752.53692
753.42024
753.42768
753.47448
753.52230
753.93180
753.97074
754.22328
754.56510
754.99926
755.01330
755.13942
755.18034
756.56796
757.73496
758.08296
758.09310
759.22908
759.94236
759.96396
760.47618
761.07600
761.08152
761.10276
761.15070
761.85684
763.01262
763.02132
763.05318
763.08870
763.10778
763.54962
763.82460
763.83972
763.86636
764.18472
764.19258
764.54724
764.85282
764.88474
764.89344
764.95788
764.98254
765.66672
765.91806
767.68842
767.78076
767.98854
768.39906
768.70650
769.00872
769.05288
769.08534
769.10532
769.12122
769.67322
770.05668
770.08212
770.10420
770.12496
770.80608
771.50532
771.55692
771.99906
772.02252
772.67382
773.21430
773.21754
773.23368
773.24442
773.25288
773.28264
773.95116
774.34032
774.44700
775.03902
775.08006
775.10568
775.73190
776.40744
776.84460
776.89230
777.72450
777.75354
778.18302
781.18374
781.23390
782.13126
782.16366
783.46608
783.50094
783.69546
783.71484
783.72420
783.77424
784.10736
784.15488
784.78674
784.84932
784.87704
785.34198
785.36220
785.36850
785.37516
785.38602
785.66040
785.75286
786.58650
787.12380
787.15158
787.17372
787.47072
787.53612
789.61668
789.69060
790.92558
792.06726
792.11028
792.13446
792.15066
792.87252
792.92898
793.26306
793.95774
793.97640
794.00340
794.07966
795.25158
796.39440
796.47114
797.03448
797.03796
798.29136
798.31344
798.31884
798.32706
798.33918
798.86952
799.22538
799.26132
799.59294
800.19762
801.11910
801.14856
802.13256
802.68918
802.74708
803.34426
803.45328
804.27462
804.48498
804.98142
805.00098
805.02174
805.03722
805.07790
805.12224
805.50630
805.66350
806.11386
808.05372
808.11000
808.18620
808.72506
809.32734
809.33952
809.36316
809.50572
809.72220
809.73228
809.88318
810.24456
810.25578
810.26472
810.51150
810.70422
811.26354
811.28892
811.69662
812.31960
812.34432
812.90022
813.82338
814.49628
814.87080
815.04684
815.08086
815.65188
815.66916
815.90478
815.93274
816.47178
816.47886
816.93618
817.28670
817.33296
817.35618
817.37076
817.38996
817.41894
818.20770
818.23152
819.31602
819.33426
819.36150
819.44220
820.03404
820.50468
820.54086
820.92522
822.52194
822.55488
823.68816
824.30592
825.82536
826.17564
826.19772
826.46814
826.48422
826.67298
827.83920
827.88816
828.59454
828.59700
828.63378
828.65160
828.70296
828.72126
829.19358
829.38738
829.65066
829.67928
830.22888
830.25630
830.90682
830.91924
831.32898
831.83358
833.63526
834.60546
834.61518
834.61668
835.40466
835.43106
835.46316
835.47372
835.90776
835.92060
836.28990
836.35356
836.35764
836.37408
836.40120
837.12288
837.58596
837.60222
837.66480
837.70626
838.36200
838.82244
838.87602
840.02280
840.11208
840.64662
840.67032
841.11798
841.31358
841.34142
841.42932
841.57740
841.58676
841.59498
842.97114
843.24054
843.24378
843.94884
845.62428
845.75004
846.20148
846.21840
846.22794
846.23406
846.23796
846.72750
846.75246
846.86724
846.91290
847.28106
847.36062
847.38642
848.90604
848.95812
848.99256
849.29022
849.74874
850.49820
850.54134
851.11164
851.41680
851.44104
851.47818
852.22596
852.79164
853.02018
853.05912
853.93536
854.39664
854.57232
854.63556
855.41724
856.01814
856.07784
857.23164
857.82390
858.31644
858.34152
858.52332
858.54600
858.58242
859.03428
859.04586
859.05384
859.22478
859.69812
860.33556
860.34174
860.35278
860.35758
860.37180
861.51204
862.15044
862.24704
862.76520
862.78200
862.90338
863.38236
863.44734
863.51148
863.70540
866.03064
867.19158
867.91512
867.94602
868.32120
868.37364
868.38576
868.39602
868.41354
868.77258
868.83126
869.33106
870.07410
870.09360
870.45336
870.51114
870.55578
871.36428
871.37742
871.96698
871.98690
872.01690
872.60490
872.63832
872.66580
873.19662
873.20412
873.21342
873.29388
873.98676
874.52574
874.55484
874.90932
875.02326
876.90408
877.25406
877.26090
877.29330
877.30272
878.60604
878.98728
879.83958
879.86874
881.41188
881.62698
882.31770
882.35280
882.37488
882.43404