1.90396
1.93720
3.23674
4.20340
8.91988
12.01984
12.13636
15.94018
16.22590
16.28086
19.57768
20.41972
20.57482
20.82640
26.61982
26.87332
28.09588
29.61952
29.92450
29.93242
29.99998
31.69678
32.72908
35.31250
36.82600
37.66084
37.73368
38.98228
41.72002
41.77336
45.88720
47.37046
48.69382
48.73174
48.75154
49.80928
49.93774
53.45488
54.12184
54.56944
54.60922
54.61336
55.60558
56.15554
56.38252
56.46850
57.90316
57.94288
60.08392
61.24510
62.99680
63.53782
65.02402
66.58516
68.44120
69.47968
70.40542
70.43872
70.51906
72.69682
73.35856
74.86372
76.94278
77.02534
79.20172
80.04244
81.25012
81.55624
81.85672
81.93328
82.92004
84.61330
84.78184
85.93378
86.28634
88.29280
88.39456
89.50030
90.18136
90.34294
91.79806
92.65000
93.14908
94.24930
95.49292
98.32066
98.32372
98.45746
98.46352
98.53792
101.87410
102.02080
102.08110
105.15478
105.54004
106.93174
110.56114
115.85596
116.87104
117.74992
124.39132
127.39438
127.64488
129.94456
137.89456
138.86602
140.34460
142.82740
144.60202
146.54314
146.92618
150.54184
153.29710
153.32002
156.45076
157.52026
157.67008
159.21106
159.22474
159.24922
159.27034
162.27220
162.27514
162.74470
166.41148
166.70158
167.14912
167.85958
169.81198
169.83940
170.02864
171.24538
171.49960
173.86420
173.86912
176.92024
178.77832
178.83046
183.89788
184.78912
187.65268
187.68982
187.70614
187.71724
187.80628
189.44626
192.65614
193.23298
193.71640
193.72264
194.99458
196.71844
200.82094
202.77508
204.98458
206.38876
206.68474
208.54402
210.41608
217.82404
217.89430
218.85058
220.41790
221.50402
222.56380
222.92764
223.57120
224.13796
228.49546
228.80584
230.24710
238.12618
241.44754
248.79994
248.87182
251.77102
252.72850
256.10374
257.90128
259.13626
262.17622
266.73124
266.77462
267.53608
267.63490
272.56144
274.28236
278.01016
280.09402
281.95852
282.53140
284.20894
284.42866
286.62196
287.44972
291.31906
292.04014
293.15992
294.17002
294.23440
294.26392
297.39076
299.04838
302.11180
305.68216
308.66404
308.74210
308.99902
311.00992
315.58264
316.61848
318.82678
320.52586
322.31668
322.32208
323.65186
324.06502
324.85918
327.14674
327.24874
331.93960
332.12260
334.92772
337.80604
344.28652
345.57244
346.53916
348.08698
353.11132
353.19730
353.23690
354.33970
354.45652
358.96330
359.12338
360.59032
360.69958
362.20708
362.46124
363.84058
370.26496
370.27354
372.34258
373.53268
375.40120
377.59240
378.69244
380.74786
384.10522
384.16714
389.03770
391.02646
393.43378
394.59124
394.63954
396.02074
396.13084
396.47836
398.07916
398.27170
398.40040
401.09920
401.72110
402.94996
404.14420
407.91802
409.10182
409.40584
410.58652
412.49386
417.82960
418.21198
423.00130
423.17284
423.66526
424.62460
425.71756
425.75116
427.22548
429.58396
429.74008
431.50780
433.85242
434.15764
439.53520
440.26714
441.11200
441.71224
442.28326
442.33300
442.40860
444.73126
445.77706
446.50768
448.11340
448.44580
450.64330
453.53878
454.06456
457.00924
462.25636
464.83384
464.86702
464.87980
465.13756
466.91758
466.93168
468.11188
468.12178
468.72202
469.62214
469.75174
474.00268
476.59780
479.13496
479.14174
481.01404
482.62258
484.10416
484.13320
487.53526
487.69762
487.81882
490.72918
491.94622
493.09444
493.30966
500.08288
500.47516
501.56926
502.95928
503.84548
505.99006
506.14036
507.91072
507.97726
508.63012
509.31976
509.57428
511.82074
513.17326
513.71812
513.83128
515.70004
519.68962
519.85774
519.88198
519.90514
520.16518
522.24886
522.28486
526.46266
526.72000
530.40880
533.01424
533.48848
533.72122
535.48702
535.50232
537.33016
537.78034
538.24654
538.96024
538.98682
539.40406
539.42230
541.22032
542.21920
542.25118
542.51254
545.90182
548.92900
549.33868
549.37210
551.25334
555.46288
555.52102
555.69994
557.34076
565.00354
565.04266
567.39022
568.44130
569.15932
572.36548
574.23184
574.31026
574.38910
576.19198
576.62260
576.66586
578.41312
580.67584
580.97584
582.95908
584.92558
585.21934
585.33994
585.36418
587.64232
587.71678
588.85924
588.94972
589.83628
590.48296
594.35794
594.43270
594.62488
595.81588
598.23424
598.46428
598.65766
599.49700
599.68684
601.60600
603.41740
605.31052
609.89404
611.68882
612.34912
614.38696
617.15458
617.19178
619.88722
620.38906
630.55684
630.87940
632.45938
632.51224
633.41920
633.56920
634.42678
635.73574
636.18562
636.97966
638.65186
641.91808
641.95156
643.30504
644.03446
644.43706
644.47066
646.05070
646.20076
652.15222
654.53266
657.44902
657.74914
658.47844
660.26932
660.96550
661.86112
664.14970
669.61546
669.74740
670.23520
670.25830
670.31284
672.81400
675.22642
678.19684
679.17754
681.87886
682.38658
682.44028
682.47610
685.57990
687.39658
688.48408
690.07732
691.21354
695.75926
695.79100
695.82442
696.68194
698.63650
700.39780
700.45174
700.58992
703.34812
703.75240
703.78540
711.28300
711.44710
712.14988
713.59594
713.78974
715.13356
716.86732
717.20422
718.76512
719.21032
720.85096
722.14864
724.13236
726.65614
726.88564
728.57896
730.67806
732.18238
732.26476
732.84688
734.86474
738.19996
738.38740
740.23762
740.28814
741.81364
743.26552
743.35486
748.26934
749.30566
750.30574
751.98688
753.00508
753.01114
753.48970
753.63700
756.78244
756.85114
758.25094
758.89426
760.22398
761.87566
761.96272
763.90234
764.49154
764.51212
768.47926
768.58696
770.60326
771.77992
775.09966
776.09302
776.30080
777.61372
777.93346
781.67698
784.02718
786.29056
787.28404
789.60592
789.68896
789.75874
791.27542
791.79052
796.16830
797.74540
798.72880
798.80626
802.24564
802.44934
802.51264
804.90220
808.25686
809.18536
810.84556
812.96272
816.43636
816.49558
819.10222
819.19960
819.34558
819.35848
820.70140
828.99748
829.01554
830.93956
833.46376
835.98544
838.31614
842.02270
846.84568
851.42620
851.53654
852.39538
852.94564
853.88518
855.57898
856.96504
856.96732
857.03536
857.21968
858.51724
859.22872
861.25648
863.44372
863.88274
864.74314
865.28296
868.84570
872.94238
873.92542
873.96154
878.66968
880.65730