0.17458
0.23230
0.26080
0.44422
0.52750
0.74452
0.75808
0.78130
0.89758
1.78438
2.07538
2.07796
2.11138
2.26798
2.28568
2.60842
2.61130
2.77546
2.82526
2.91166
2.95150
3.10888
3.12550
3.12832
3.15892
3.45586
3.55162
3.95566
4.23196
4.24264
4.25878
4.49548
4.80940
5.15908
5.60656
5.80228
6.28288
6.50710
6.73270
6.74914
7.32316
7.34668
7.60396
7.60696
7.84354
7.84630
7.92952
7.99012
8.59360
8.81314
9.19360
10.45726
10.47760
10.62418
10.86358
12.02446
12.26134
12.33058
12.64750
12.66124
12.70810
12.89758
12.93106
12.94786
13.16422
13.81438
14.05498
14.06512
14.46646
14.59522
14.81200
14.98144
15.07270
15.08308
15.61228
15.65842
15.73498
15.83920
15.84424
16.04440
16.33174
17.15932
17.34604
17.57944
19.01308
19.97278
19.99966
20.42128
20.59978
21.13330
21.90022
21.95812
21.97468
22.03342
23.56432
23.87830
24.16486
24.48766
24.55126
24.74842
24.83464
24.84826
25.76494
26.41522
26.63872
26.80318
27.19570
28.00474
28.74604
28.84198
29.09212
29.26882
29.30710
29.37652
29.40610
29.43274
29.46610
29.46934
29.64940
30.30892
31.05622
31.69666
32.41702
32.79292
33.01996
33.50032
33.68380
34.86148
35.04100
35.05378
35.38426
35.39758
35.43430
35.45362
35.84818
36.15100
36.17434
36.58894
36.66802
36.75400
37.52086
40.50226
40.53832
40.55482
41.25484
41.72938
42.22210
42.23872
42.37864
42.77188
42.90256
43.28590
43.30264
43.58890
43.96600
44.03620
44.04514
45.37888
45.80974
46.03918
46.35214
46.83052
47.02276
47.34568
48.40606
48.48082
49.85356
51.33676
51.93406
52.09384
52.21456
52.32976
52.50082
53.18434
53.49664
53.88760
54.00712
54.66766
54.74038
55.19698
56.05420
56.05732
57.55312
58.19650
58.25716
58.67386
58.67710
58.72396
59.65714
59.84440
60.63802
60.78778
61.85110
62.11750
62.79406
63.24064
63.50734
63.64096
63.73780
63.82372
64.12414
64.42396
64.45126
64.70728
65.02450
65.27104
65.30458
65.85118
66.47416
66.62122
67.29736
67.60744
68.06410
68.88850
69.43102
70.45480
70.47814
70.52416
70.74112
70.74388
70.89118
72.77164
73.55080
73.81072
73.82146
74.01532
74.96386
75.40348
75.46426
76.11514
76.27120
77.42896
77.97136
78.60448
78.64834
78.65452
78.79864
79.18762
79.26436
79.31650
79.58158
79.58470
79.72108
80.02096
80.27098
80.43154
80.55118
80.65432
80.94124
81.11488
81.19420
81.53152
81.71800
81.79444
83.09068
83.16112
83.16460
83.25088
83.25730
83.70442
83.83744
83.87086
84.13750
84.36832
85.09432
88.62358
89.43874
89.72362
89.76646
91.45396
92.29384
93.02320
93.20050
93.51310
94.07020
94.20382
94.20988
95.50366
95.82016
96.22330
96.71998
96.75796
97.78378
98.08702
98.70334
98.95018
99.82288
100.40332
100.74358
100.88068
101.00026
101.22052
101.28688
101.58700
101.67010
101.73538
101.77288
101.77906
101.90356
102.05608
102.29998
102.90334
102.90610
102.93658
103.40506
104.19262
104.21992
105.17008
106.25956
106.38658
106.41994
106.51990
106.86988
107.66674
107.69992
108.72946
108.75340
108.88942
109.33642
109.35322
111.33664
111.68644
111.94306
112.02646
112.40308
112.54684
112.63306
112.96354
114.06994
114.21964
114.57706
115.16974
115.50316
116.03008
117.13648
117.40564
117.74572
118.38916
119.55574
119.63290
121.57414
121.70296
122.28322
122.36614
123.21982
123.25420
123.53608
124.99978
125.57992
125.59306
125.92870
126.22894
127.61320
127.89274
127.97854
128.05276
128.32990
128.67382
129.78610
129.82558
130.88152
130.91572
131.08600
131.32192
131.34226
132.13594
132.67978
132.86140
133.06888
133.94044
134.01910
134.13838
134.15218
134.81572
135.03550
135.40096
135.61870
135.70480
135.74494
135.76540
135.92218
136.71148
136.86598
137.21842
137.28832
137.55184
137.64688
137.89456
138.61828
139.01044
139.55134
139.56808
139.91080
139.95112
140.47438
141.79462
141.83830
141.84112
141.84970
141.96664
142.09378
142.10740
142.17808
142.18114
142.36444
142.48438
142.80142
143.27362
143.27644
143.77024
144.33742
144.57670
144.75700
144.83644
145.10980
145.36708
146.23042
147.11332
147.41032
149.20594
149.29204
149.34634
149.51860
149.83528
150.38524
150.57910
151.46542
152.08210
152.34856
152.44864
152.69854
152.99842
153.08476
153.19510
153.25882
155.78002
156.11422
157.47016
158.23318
158.39080
158.43022
158.49670
158.57698
159.56614
159.94990
160.20976
161.09596
161.39578
161.79424
162.64528
163.69192
164.59492
165.17062
165.35386
165.81094
166.15966
167.24680
167.44630
167.92696
168.04366
168.76006
169.10998
169.11304
169.20976
169.76260
169.80982
170.49238
170.81236
170.84584
171.14578
171.27262
171.40912
172.42144
172.56172
172.67860
173.58856
173.79448
173.80504
174.66094
175.02160
175.13806
175.32016
175.52458
176.36710
176.52718
177.40600
177.89974
178.14298
179.47342
180.14260
180.47914
180.52324
180.66556
181.60912
182.08588
182.51488
182.93878
182.98174
183.39196
183.72874
184.65406
184.78528
186.46120
186.88468
187.69036
187.70698
188.57038
188.97334
189.07972
189.58654
189.72292
190.53028
190.55752
190.72906
191.37592
191.43610
191.52214
191.67886
191.69272
191.75296
191.90254
192.52828
192.96574
193.19746
193.35196
193.90882
194.37892
194.71810
194.86204
195.47056
195.66790
195.67726
195.97708
196.36024
196.93396
197.00962
197.86414
198.34720
198.47338
199.11046
199.51624
199.51912
199.81600
199.83280
201.13222
202.19866
202.32472
202.38592
202.50148
202.53178
203.18830
203.19100
203.20468
203.48848
204.23422
204.44464
204.90052
205.18084
205.28422
205.51672
206.56696
206.61376
207.19384
207.47758
208.24660
209.37226
209.61586
209.83894
210.02230
210.38884
210.40540
210.42202
210.67918
211.24588
211.40212
211.63186
211.68844
212.09548
212.24842
212.57584
213.26476
213.56194
213.78196
213.83794
214.14484
214.71112
214.89184
215.39140
216.17452
216.98416
217.35442
217.44682
217.89670
218.61940
218.96320
219.22360
221.42920
221.76256
222.00238
222.18544
222.25348
222.34288
222.35644
223.00624
223.14262
224.12854
225.51904
225.91132
226.81510
227.05720
227.58712
227.65486
228.10486
228.32164
228.41062
229.00774
229.28470
229.86028
230.09950
230.30074
231.61006
232.60036
232.81984
232.99642
233.12014
233.53978
233.73334
234.00592
234.65596
234.68914
234.91912
235.27252
235.58932
235.67506
236.50822
236.99122
237.15448
237.70912
237.85912
238.02016
238.22116
240.65038
241.46278
242.13514
243.00292
243.71938
243.72220
244.60528
245.84902
246.20194
247.22782
247.30798
248.07088
248.20108
248.21164
248.96032
248.96794
249.20404
249.61756
249.79492
250.51750
251.27350
251.51998
253.13356
253.77730
254.25598
254.65912
254.85256
256.38262
256.45228
256.90828
257.39578
257.63242
257.68690
257.73880
259.27480
259.56172
259.57534
259.61374
259.80862
259.92112
260.31478
260.73562
260.92102
260.94472
261.27136
261.38422
261.75454
261.86446
261.86728
261.88396
262.53388
263.07064
263.22850
263.51668
264.45718
264.58306
265.41598
265.74340
266.35702
266.43610
266.49670
267.15382
267.46558
267.71146
268.42312
268.52908
268.53208
268.59856
268.61224
269.52412
269.66218
269.85898
270.20182
270.86866
271.10164
271.11154
271.13182
271.21138
271.21420
271.88458
272.21398
272.92456
273.04114
273.39388
273.78010
273.91354
273.96754
274.10734
274.21348
274.38004
274.39396
274.79662
275.12710
275.23000
275.36668
275.44354
275.86300
277.25668
278.92222
279.16828
279.20584
279.45898
280.55860
280.64188
281.59150
281.74174
281.93446
282.30190
282.41404
282.46858
282.92878
283.17748
284.25400
284.54494
285.48880
285.69406
285.74896
285.84016
285.92002
287.07550
287.87524
287.94196
289.00522
289.16848
289.25392
289.28524
289.46842
290.24098
290.34070
290.35762
290.46376
290.49706
290.65750
291.03760
291.54808
293.12290
293.26732
293.99944
294.26026
294.45286
294.63628
294.66688
295.05292
295.05562
295.22224
295.26982
295.31632
295.49062
295.82218
296.23318
296.55394
296.80234
297.98812
298.43788
298.57006
298.80184
298.82116
298.98514
298.99906
299.00176
299.26510
299.35408
299.62432
299.94250
300.07114
300.37696
301.13452
301.30696
301.31800
302.10064
302.10982
302.73058
303.80260
304.24972
304.25902
304.33312
304.41910
304.51618
305.64916
306.02914
306.03232
306.11848
306.12526
306.29932
306.30298
306.89620
306.98470
307.77106
307.96522
308.12554
308.13058
308.19106
308.24530
308.35744
308.69212
308.81482
309.01474
309.07810
309.35788
309.38092
309.39478
309.72106
309.87472
310.04410
310.38088
310.52050
310.67068
310.98712
312.36004
312.61030
314.78230
314.88148
315.27586
315.35164
315.38842
315.40510
316.33516
316.86346
317.16436
317.17738
317.36140
317.44162
317.86168
318.31108
318.69112
318.75340
319.33414
319.45354
319.69384
319.76050
320.06068
320.15188
320.70988
320.74654
320.76670
321.01012
321.31012
321.50692
321.73624
322.09600
322.10992
322.62190
322.80286
323.02612
323.04280
323.38246
323.65234
323.67616
323.68282
323.85034
323.87800
323.94262
324.05920
324.35908
324.69238
324.77842
324.80908
324.96592
325.11868
325.55884
325.57564
325.64206
326.04772
326.09866
326.60242
326.64178
326.79454
326.83456
327.02200
327.57502
328.33816
328.34134
328.37872
328.46470
328.90162
328.96714
329.19352
329.40778
329.69116
329.97148
329.97394
330.05122
330.35410
330.74296
331.20052
331.33774
331.42354
331.44016
331.50976
331.62328
331.95664
332.33626
332.43226
332.83240
332.95618
333.01072
333.46930
333.56512
334.73446
335.03536
335.39212
335.45782
335.47798
335.63212
335.66566
336.02170
336.72118
336.77086
337.03780
337.36486
337.46758
337.64518
337.64794
338.03410
338.13700
338.15392
338.79748
339.12940
339.49594
339.78346
339.87280
339.89272
339.91258
340.01236
340.35004
340.46968
340.56190
340.59268
340.63894
341.65390
341.82532
341.87194
342.32302
342.53806
342.83512
342.83794
342.86854
343.21846
343.67452
343.81486
343.91074
344.02402
344.28430
344.55076
344.57062
345.15070
345.28282
345.32014
345.47686
345.68842
346.03678
346.09438
346.50058
346.51366
346.51696
346.61260
346.86388
346.95280
347.18044
347.19994
347.72428
347.94340
348.05290
348.09238
348.11626
348.23302
348.24250
349.15966
349.82596
349.82890
349.95160
350.18836
350.54350
350.87824
350.89168
351.01492
351.22408
351.24106
351.34090
351.71920
351.92788
352.01116
352.18828
352.29064
352.39036
352.47850
352.53118
352.57408
352.59088
352.87768
353.19136
353.27338
353.47762
353.53990
353.54530
353.81188
353.86390
354.24688
354.26344
354.36622
355.18750
355.38982
356.04532
356.41894
356.42182
356.57926
356.61298
356.64886
356.66524
356.94592
357.36874
357.50608
357.54238
357.54544
357.59200
357.63814
357.65188
357.73144
357.78916
358.01506
358.27834
358.29526
358.66450
358.76728
358.81162
358.96162
359.04472
359.08846
359.13082
359.22184
359.23876
359.30806
359.60800
359.61136
359.96740
360.07426
360.41374
361.23778
361.56028
361.92394
361.94356
362.04718
362.09608
362.13844
362.28304
362.32054
362.34328
362.40634
362.51272
362.67040
362.77660
362.91346
362.99596
363.08248
363.25636
363.29326
363.37642
363.37936
363.38938
363.67288
363.95608
364.19416
364.25920
364.34260
364.34536
364.58014
364.69912
364.96930
365.67808
365.80846
365.84926
365.95834
365.97214
366.09484
366.25564
366.50464
366.50800
366.54148
367.01848
367.26574
367.36456
368.10016
368.26900
368.44354
368.47096
368.56678
368.78332
369.12682
369.38704
369.73012
369.73306
370.09282
370.15330
370.23562
370.39276
370.44016
371.01706
371.22574
371.31682
371.83222
372.01636
372.14218
372.34354
372.40900
372.63184
372.70870
372.72640
372.79714
373.15564
373.19176
373.66552
373.66810
373.69534
373.76458
373.83508
374.04904
374.12464
374.13088
374.18212
374.32186
374.42170
374.45152
374.73364
374.79100
375.05146
375.06520
375.70450
375.75124
375.99166
376.05712
376.42072
377.08390
377.18992
377.23564
377.41042
377.44456
377.67040
377.80018
377.85310
377.88688
378.17950
378.27292
378.29596
378.39346
378.44698
378.46990
378.54844
378.93646
379.18252
379.80304
379.81942
380.80222
380.83570
380.92462
381.21538
381.33202
381.67300
381.78196
381.91084
382.08208
382.09888
382.10182
382.11526
382.20802
382.28860
382.46542
382.55416
382.77826
382.85146
382.96192
383.11180
383.19790
383.21080
383.45746
383.49484
383.73154
384.00706
384.18406
385.03372
385.25026
385.56676
385.56988
385.66204
385.77106
386.40268
386.43322
386.70874
388.04152
388.05196
388.21582
388.21840
388.51852
389.02180
389.15896
389.16214
389.35918
389.55154
389.58478
389.60152
389.61880
389.70802
389.99068
390.31774
390.61750
390.63424
391.46620
391.56112
391.59160
391.67506
391.68424
391.91716
392.00044
392.58094
392.93080
393.22450
393.22732
393.29368
393.31384
393.31654
393.43318
393.95380
394.19968
394.25452
394.25722
394.98670
395.14036
395.35204
395.89630
395.92030
396.19288
396.27316
396.45370
396.59602
396.61240
396.89590
396.96538
397.08844
397.17400
397.19032
397.26262
397.64572
397.71130
397.73164
397.76524
398.06512
398.35912
398.61208
398.62858
398.89834
398.93512
398.94526
399.13768
399.28138
399.31462
399.31816
399.36166
399.58126
399.85834
400.16152
400.28440
400.71424
401.34334
401.63416
401.63734
401.67784
401.89732
401.91094
402.01744
402.24100
402.53812
402.57766
402.68704
402.92404
403.24396
404.03656
404.08768
404.17396
404.29978
404.41318
404.61928
405.16030
405.19096
405.57682
405.65392
405.77344
405.77680
405.79780
406.26922
406.30984
406.61272
406.99600
407.14972
407.17306
407.27632
407.29306
407.40952
407.53300
407.79598
408.20920
408.21904
408.23974
408.31894
408.43930
408.49270
408.52618
408.73630
409.30888
409.37986
409.48894
409.69672
409.78918
409.82578
409.90288
410.20882
410.67544
410.98462
411.11902
411.27826
411.32794
411.41914
411.51778
411.56470
411.58162
411.84838
412.20808
412.31104
412.44424
412.48834
412.57456
412.70314
413.15170
413.80666
414.23758
414.37288
415.14742
415.77028
415.87366
416.19646
416.52616
416.64616
417.22600
417.32302
417.67582
417.70636
417.70912
417.76402
418.21258
418.23568
418.51282
418.61560
419.52262
419.78248
419.87146
419.90836
420.28900
420.59170
420.66868
420.72652
420.83152
421.45804
421.55806
421.73854
421.74622
421.85524
421.93828
421.95802
422.04100
422.09608
422.14144
422.21818
422.27062
422.40472
422.42170
423.02788
423.48808
423.54724
424.27378
424.54684
424.92352
425.18722
425.22070
425.57032
425.86774
426.28972
426.49612
426.81376
427.19980
427.21984
427.66942
427.92622
429.05272
429.06922
429.43858
429.59896
429.85240
429.96430
430.58830
430.78192
430.88824
431.47096
431.59438
431.63764
432.13162
432.51154
432.56452
432.90136
433.32094
433.69468
433.84498
434.08414
434.18392
434.23096
434.47024
434.92330
435.33070
435.48064
435.49366
435.64696
435.69430
436.22620
436.24666
436.85260
437.25586
437.49994
437.78620
438.15238
438.18574
438.19954
438.48580
438.76252
438.87940
439.15204
439.33540
439.95208
439.95814
440.04316
441.07846
441.37888
441.50170
441.56536
441.65140
441.95152
442.51162
442.51780
442.53130
442.83160
442.85788
443.03170
443.58388
443.81122
443.81440
443.84452
443.84752
444.27046
444.68062
445.33984
445.49104
445.57618
446.10466
446.20012
446.42014
446.52286
446.81680
446.84362
446.89264
446.90854
447.22984
447.37372
447.40414
447.57274
447.60598
447.91594
448.03246
448.47346
449.02828
449.30788
449.39890
449.56516
451.47844
452.28784
452.29042
452.61028
452.61298
453.21130
453.31774
453.40036
453.42502
453.55396
453.57460
453.57766
453.63556
454.20328
454.87720
455.03014
455.04370
455.09830
455.20438
455.32384
455.73742
455.82982
456.47344
457.16230
457.33948
457.84570
458.62870
459.48484
459.81592
460.24450
460.53106
460.80826
461.17144
461.25184
461.52484
462.15484
462.50134
462.73192
462.92044
462.93724
463.07092
463.08442
463.20388
463.21042
463.54984
463.57360
463.62376
463.87360
463.90696
464.27662
464.28280
464.29030
464.44768
464.64274
464.77984
464.98618
465.10918
465.33934
466.17238
466.17532
466.39876
467.16142
467.21914
467.84800
468.26794
468.49138
468.82840
468.97210
469.51150
469.85758
470.04460
470.13052
471.18448
471.26344
471.31054
471.33142
471.83008
471.84034
471.85420
472.64776
473.46694
473.50036
474.25048
474.41968
474.59326
474.62434
474.67660
474.69346
475.11352
475.16956
475.26766
475.32568
476.50540
476.71018
476.77216
476.78620
477.04630
477.14914
477.17206
477.18586
477.45226
477.57202
477.97912
478.27942
478.36528
478.50196
478.81234
479.04454
479.70160
479.73490
479.73778
480.83758
480.87064
480.98134
481.96780
482.21026
482.34490
482.73076
482.80990
482.82034
483.09418
483.71692
483.71992
484.10380
484.38016
485.11660
485.23318
485.24962
485.43298
486.39346
486.39634
486.75892
486.89950
487.64284
487.72888
488.33212
488.87602
489.29266
490.44856
491.30896
491.72830
491.73142
492.06484
492.17824
492.42394
492.65854
492.90478
492.99040
493.28122
493.36744
493.74046
493.75084
494.01094
494.57776
494.69440
495.26422
496.51822
496.67968
496.90774
496.91086
496.92448
497.04706
497.30386
497.31052
497.33344
497.50492
497.53540
497.71972
497.88058
498.00004
498.01684
498.26662
499.03348
499.31368
499.45756
499.58032
499.78324
500.00638
501.15310
502.72960
503.14360
503.14690
503.16334
504.08986
504.81304
505.84612
505.88242
506.42644
506.66302
506.92948
507.01576
507.42622
507.62950
507.71278
507.86212
507.89614
508.42210
508.79902
508.80160
508.90252
508.94590
509.26276
509.39974
510.15472
510.79564
511.70866
512.08804
512.25928
512.43796
512.46502
512.53330
512.68780
512.75326
512.93488
513.21640
513.60850
513.99796
515.02732
515.46472
515.64184
515.80858
516.13294
516.36190
516.60838
516.83764
517.42528
518.16184
518.17528
518.36356
518.75854
518.77858
519.17086
519.36532
519.39604
519.65284
519.69058
519.78130
520.17382
520.61146
521.17480
521.69494
521.72806
521.74504
522.70414
522.74482
522.96136
523.25260
523.31422
523.36144
523.43086
523.48558
523.79728
523.94794
524.07058
524.29114
524.32474
524.66134
524.79460
525.39436
526.06126
526.23520
526.32454
526.34716
526.94122
527.15338
527.33638
527.75644
529.16356
529.52326
529.92994
529.95034
529.95730
530.68654
530.92972
531.07990
531.11038
532.12342
532.59616
532.77652
533.24602
533.25670
533.39326
533.80618
533.81248
534.45928
534.46246
534.63958
535.58056
535.78552
536.00932
536.18938
536.40922
537.43306
537.43600
538.87816
539.85382
540.13228
540.19432
540.59872
542.22406
542.65750
542.83000
542.88784
543.15400
544.03006
544.04710
544.16644
545.13280
545.65696
545.80666
546.04288
546.14272
546.90316
547.01980
547.02298
547.66630
548.04898
548.05246
548.35606
548.43820
548.53798
548.61940
551.65504
551.69572
551.89756
552.90142
553.02406
553.11340
553.69780
554.07094
554.92342
554.93722
555.05278
555.62056
556.28656
556.82932
557.40208
557.95300
557.96938
559.02538
559.51012
560.43838
560.89246
560.97142
561.47140
561.91210
562.13182
562.34392
562.73764
563.08372
563.26174
564.36790
564.46768
564.60100
565.07050
565.33432
565.60084
565.92034
565.98082
566.09758
566.46682
566.73412
567.25060
567.57664
567.79924
568.59664
569.08618
569.44270
569.49700
569.59270
569.70280
569.94880
570.26632
570.32092
570.56332
570.64630
570.68320
571.21918
571.23304
572.49610
572.49922
572.79958
573.06610
573.06886
573.64174
573.77248
574.46572
574.47910
574.55824
574.65352
574.71844
574.84912
574.85200
575.11588
575.29642
575.40970
575.90212
576.06574
577.74136
577.76842
577.94278
578.20156
578.33878
578.74900
579.74128
579.76828
579.98194
580.18630
580.36582
580.52896
580.63228
580.95166
581.07502
581.51536
581.54884
581.71216
582.11536
582.87886
583.56526
583.85626
584.04862
584.30902
584.43190
585.46408
586.21798
586.51396
586.56508
587.09830
587.22838
587.52562
587.59432
587.74834
587.76796
587.97634
588.20884
588.71500
589.10794
589.39828
589.53346
589.96492
589.99840
590.38456
590.90878
591.89500
592.04812
592.19812
592.35166
592.88434
592.91494
593.00104
593.26768
593.29036
593.61790
593.86774
594.70768
594.88810
595.03444
595.40572
596.49514
596.97838
597.20428
597.59476
597.94786
598.11142
598.11454
599.29432
599.69458
600.13534
600.85918
601.66420
602.10034
602.94004
603.76678
603.79726
604.16698
604.56058
604.67308
604.71052
604.82710
604.93030
605.05624
605.69704
606.89968
608.34958
608.45602
609.93586
610.47238
610.74604
610.87960
611.18626
611.30602
611.40952
611.53840
611.78338
613.21144
613.68304
614.24086
614.37154
614.75488
615.84058
616.46176
616.58464
617.56186
617.97214
618.31138
618.35530
618.51436
618.74146
618.89500
618.99874
619.19794
619.73080
620.14450
620.16778
620.56378
620.71714
620.83072
620.85094
620.94736
621.06394
621.39106
622.08022
622.20946
622.43386
622.52422
622.56088
622.66954
625.44634
625.52056
625.62346
625.86646
626.57968
627.20662
627.47326
627.80230
627.87952
627.99970
628.11268
628.25644
628.38988
628.39936
628.43734
628.48864
628.64296
628.77646
629.50966
629.61616
629.89282
629.89612
630.18652
630.70792
630.88204
631.25896
632.62552
633.69130
634.60162
635.14144
635.63356
635.81428
635.95444
636.02866
636.24052
636.45760
636.57082
637.02388
637.42372
637.55722
638.37634
638.39020
638.50672
638.74936
638.77384
639.54256
639.99322
640.36054
640.38622
641.26174
641.41204
641.55262
641.69572
641.69902
641.83582
641.85268
642.38896
642.42232
642.68266
642.80548
642.89152
643.00528
643.03252
643.22494
643.86574
644.07172
644.08516
644.47828
644.56396
644.76862
644.86432
646.03816
646.15096
646.76374
647.48752
648.00082
648.50068
648.64360
648.76732
649.11304
649.27042
649.66792
649.75354
649.99318
650.32942
651.20332
651.42652
651.57274
651.67444
652.55326
653.50282
653.95666
654.77206
654.79930
654.91900
655.24630
655.48264
655.65214
655.88716
656.17834
656.31868
656.45206
656.84878
657.41860
658.83070
660.94780
661.09354
661.63426
662.13400
662.80054
662.92384
663.48376
663.74398
664.14418
664.30300
664.55020
664.63648
664.98616
665.01670
665.75260
666.14974
666.73564
666.87538
666.88258
666.94018
667.14922
667.54936
667.66582
667.67248
668.02492
668.19886
668.44192
668.59576
668.99884
669.08494
669.20806
669.33850
669.57472
669.68800
670.98448
671.14078
671.29846
671.39728
671.85094
672.27802
672.29812
672.52384
672.56434
672.91108
673.09768
673.11070
673.13128
673.52344
673.90084
674.08084
674.48074
674.62744
675.01396
675.17728
675.61366
675.76354
676.47718
676.78030
676.90054
676.90312
676.91344
676.98898
677.14576
677.17654
677.58022
678.82360
679.09642
679.39306
679.51600
679.63900
679.71298
679.78246
679.97962
680.54884
680.69968
680.84884
681.31258
681.45664
681.94588
682.03180
682.21228
682.71532
682.74244
682.77586
682.86772
682.98826
683.07268
683.18176
683.58490
683.61214
684.00196
684.06538
684.07882
684.18538
684.34522
684.36214
684.71482
684.75178
685.67482
685.77820
685.78126
685.86706
686.08840
686.29660
686.41588
686.64460
687.04732
687.65380
687.68074
687.77674
688.35760
688.42048
689.19694
689.38396
689.54704
689.72734
689.92996
690.22090
690.81022
690.93712
691.47076
691.67938
691.69600
691.94308
692.27968
692.33398
692.42008
692.48572
692.53714
692.53966
692.70856
692.75656
693.22894
693.31744
693.38980
693.58978
693.59260
693.71998
693.91564
694.37584
694.48258
694.61662
694.71934
694.73902
694.85878
694.98934
695.21668
695.22256
695.30548
695.40148
695.64190
695.64628
695.70508
695.71132
695.72218
695.75896
696.07156
696.20122
696.20902
696.41758
696.46876
696.55834
696.58948
696.70828
696.75208
696.94132
697.06456
697.23838
697.56094
697.72138
698.24116
698.50444
698.89102
698.92786
699.06796
699.41686
699.72070
700.36054
700.36648
700.63036
700.65724
700.70998
700.74706
701.39008
701.62030
701.76742
701.84938
702.09616
702.10666
702.33676
702.35350
702.57346
702.87322
702.97972
703.02016
703.70914
703.86550
703.96672
704.24242
704.58934
704.65288
704.72560
704.82712
704.89228
705.61228
705.61876
705.96640
706.67518
706.70554
706.87840
706.88902
707.07202
707.11930
707.12224
707.24188
707.40826
707.42500
707.43208
707.77462
707.91766
707.98876
708.51850
708.66874
708.91552
708.95776
709.18084
709.59142
710.07124
710.08822
710.11132
710.24476
710.46526
710.65744
710.82004
710.85124
710.99722
711.29086
711.45106
711.60100
712.20424
712.58752
712.66360
712.70098
712.70722
712.89958
713.13304
713.25292
713.59690
713.77072
713.88748
713.91178
714.11020
714.37984
714.56092
715.29010
715.32040
716.14732
716.19712
716.38696
716.83954
717.77410
717.85984
718.01974
718.12636
718.13626
718.18024
718.20346
718.43332
718.60768
719.02240
719.07280
719.09698
719.10706
719.30296
719.30926
719.70946
719.99650
720.11620
720.12994
720.51922
720.53326
721.35280
721.44508
721.62208
721.72846
721.75894
722.02864
722.07952
722.18578
722.34010
722.38846
722.61190
722.75236
722.97526
723.71872
723.82192
724.31854
724.63972
724.76872
724.93972
725.19424
725.78806
725.90158
726.61504
726.64618
726.99814
727.12732
727.24414
727.36678
727.64428
727.66456
727.80418
727.85170
727.96474
728.21788
728.63116
729.15400
729.49816
730.31920
730.53436
730.91758
731.19478
731.21416
731.22436
731.93086
732.54358
732.56008
732.73414
732.95056
733.24018
733.42042
733.42378
733.67686
733.82020
734.01760
734.02378
734.46088
734.48404
734.58388
734.76106
734.84998
734.85310
735.01090
735.09010
735.10048
735.11332
735.23380
735.45658
735.49048
735.71710
735.75064
736.39708
736.52002
737.53360
737.76694
737.76976
737.91964
738.06694
738.15298
738.19306
738.35032
738.44992
738.45292
739.03018
739.10590
739.13650
739.37302
739.65322
739.69402
739.73926
740.12560
740.15668
740.26990
740.30014
740.36530
740.38618
740.50918
740.56060
740.68006
740.79388
740.80012
740.82718
740.93350
741.09376
741.51694
741.54394
741.58642
741.60268
741.61972
741.78634
741.96694
742.08622
742.20628
742.56394
742.84990
742.96648
742.96966
743.51050
743.54698
743.61946
743.72830
744.10348
744.11722
744.23662
744.61330
744.63976
744.79690
745.00288
745.07752
745.18648
745.46374
745.52902
745.59700
745.74724
745.76404
745.86334
745.87324
746.02354
746.10316
746.24698
746.28376
746.36998
746.47600
746.51968
746.88364
746.90764
746.91364
747.05056
747.20524
747.63400
747.67336
748.17646
748.27648
748.31704
748.57768
748.58068
748.66354
748.68382
748.91746
749.06878
749.36032
749.47348
749.61724
749.70976
749.86708
749.87746
749.96668
749.98378
750.14056
750.26728
751.25344
751.43674
751.55644
751.61398
752.76760
752.78404
752.85352
752.93200
753.76744
753.84796
754.16020
754.35370
754.53430
755.29078
755.45728
756.24040
756.29494
756.29776
756.36334
756.50386
756.68098
756.68434
756.99466
757.34404
757.66792
757.68088
757.84828
758.20414
758.50750
758.65108
758.65396
758.68462
759.27400
759.33478
759.45808
759.47194
759.57460
759.68782
759.84526
759.93130
760.27768
760.43458
760.53478
760.58170
760.77766
760.81822
760.88386
761.04418
761.28772
761.30146
761.52118
761.64688
761.68522
761.70172
761.82496
761.83510
761.85850
762.09838
762.19060
762.50452
762.51100
762.66520
763.22560
763.34866
763.92922
764.25196
764.37508
764.39170
764.55214
764.74414
765.08506
765.11266
765.33868
765.45496
765.48544
765.63556
766.21570
766.32814
766.35544
766.40530
766.51882
767.07952
767.59510
767.64238
767.70658
767.95564
768.18862
768.43582
768.85528
768.99340
769.53610
769.80256
769.83586
769.95616
769.97986
769.99648
770.33590
770.34208
770.36290
770.63620
770.63950
771.13252
771.18322
771.25180
771.29974
771.39202
771.49792
771.66946
771.84670
771.90172
771.94954
772.07572
772.08946
772.10332
772.48960
772.58632
772.69864
772.86652
772.88662
773.23294
773.25622
773.26696
773.34214
773.48956
773.50006
773.50330
773.57890
773.59570
773.63668
773.73982
773.83954
773.92264
773.97280
774.01384
774.10012
774.38332
774.41404
774.67462
774.68830
775.01998
775.04734
775.81276
775.82974
776.05792
776.14642
776.26720
776.27032
776.37010
776.38348
776.41720
776.53702
776.70400
777.05362
777.35356
777.36724
777.37030
777.38098
777.81934
778.03714
778.42330
778.47520
778.57084
778.96066
779.20690
779.26798
779.95840
780.49792
780.61372
780.67078
780.83434
781.33108
781.49098
781.51756
781.82104
781.83436
782.17768
782.27398
782.41486
782.52088
782.73472
782.75554
782.86366
783.00892
783.06430
783.09814
783.13774
783.29818
783.48436
783.75844
783.81352
783.83032
783.97852
784.10746
784.12774
784.45726
784.47694
785.07118
785.33458
785.35438
785.37154
785.54326
785.74846
786.25444
786.31798
786.67408
786.68110
786.82108
786.95464
787.20100
787.24414
787.32436
787.60450
787.69690
787.89544
788.02126
788.53792
788.54830
788.55436
788.61352
788.76334
788.77360
788.91094
789.12574
789.45454
789.57748
790.32856
790.52098
790.55746
790.67110
790.83154
790.92694
791.12152
791.22094
791.38162
791.47090
791.50780
791.60374
791.76778
791.78482
791.78746
792.00418
792.06502
792.07864
792.15400
792.17086
792.19702
792.41470
792.63772
792.66850
792.75106
792.75706
792.76462
792.78778
792.85702
792.98752
793.01476
793.09426
793.10410
793.28164
793.37080
793.45702
793.46362
793.76062
793.78762
793.79416
793.90888
793.99696
794.07868
794.13718
794.14354
794.17732
794.19136
794.42086
794.45128
794.46748
794.59804
794.72080
795.10000
795.17260
795.17548
795.23668
795.29812
795.46198
795.98434
795.98770
796.37374
796.51372
796.62730
796.89394
797.07406
797.49436
797.63440
797.80096
797.90080
797.90710
797.93440
797.94100
797.94436
798.02392
798.21826
798.22096
798.23452
798.30700
798.74440
798.88762
798.90442
799.01362
799.05070
799.18786
799.22776
799.32394
799.47394
799.59058
799.64470
799.68178
800.07436
800.12884
800.36794
800.45410
800.68330
800.75116
800.85430
800.97718
801.16126
801.68176
802.11118
802.12126
802.25452
802.39426
802.48060
802.80760
803.20462
803.32714
803.33044
803.46382
803.48050
803.64058
803.68174
803.96206
804.05122
804.07768
804.35146
804.45730
804.74044
804.75448
805.04050
805.05436
805.17106
805.30720
805.31782
805.46068
805.51492
805.74442
806.00416
806.00704
806.15758
806.30428
806.65864
806.75806
806.81290
806.92780
807.33766
807.38290
807.43012
807.44434
807.57718
807.63148
807.83728
807.87088
808.13128
808.34686
808.40416
808.49026
808.70680
809.00686
810.11956
810.18442
810.27070
810.28738
810.57070
810.91036
811.20076
811.20400
811.50100
811.53748
811.74910
811.81066
811.81450
811.83124
812.30692
812.68738
813.05836
813.33628
813.47320
813.54172
813.77062
813.78100
813.78730
813.85660
813.87340
813.88720
814.14778
814.38112
814.45396
814.45684
814.85986
815.03116
815.25382
815.99770
816.23704
816.27496
816.34372
816.37018
816.38404
816.46696
816.75670
816.98710
817.02058
817.08994
817.36762
817.37314
817.38400
817.39738
817.40098
817.43866
817.74742
817.85062
817.98100
818.05048
818.05654
818.36314
818.91778
819.16906
819.22024
819.22792
819.31708
819.32302
819.43972
819.45370
819.71728
819.83692
819.95356
820.22962
820.48978
820.55410
820.67050
821.58382
821.58712
821.69632
821.82412
822.24640
822.25990
822.26290
822.61300
823.10056
823.28950
823.32016
823.43698
823.66696
823.97284
824.06116
824.17786
824.26408
824.26678
824.50354
824.53078
824.66446
824.90356
824.91700
824.99590
825.17026
825.49612
825.55042
825.91282
826.01542
826.03960
826.12024
826.17310
826.34014
826.35676
826.74010
827.00662
827.28694
827.42314
827.42656
827.77480
827.82028
827.82970
827.85340
828.20962
828.38704
828.48658
828.62698
828.98686
829.24444
829.33672
829.57300
829.63078
829.70674
830.04754
830.06860
830.19442
830.26888
830.58040
830.88082
830.96668
830.98636
831.10348
831.14134
831.20332
831.21742
831.26704
831.32932
831.35002
831.58672
831.58960
831.85336
831.87022
831.97288
832.18972
832.37038
832.75330
832.87000
833.31400
833.32006
833.39596
833.73688
833.96248
834.15340
834.22936
834.48664
834.52012
834.79726
835.02292
835.30786
835.82950
835.84654
836.11666
836.25634
836.43328
836.44450
836.53024
836.78956
836.80342
836.91250
836.95354
836.99572
837.16258
837.32014
837.74086
837.95212
837.95506
837.98650
838.02022
838.04086
838.31668
838.40596
838.71640
838.83964
838.85320
839.03362
839.06716
839.16232
839.33050
839.57560
839.67070
839.82388
839.92270
840.09310
840.11680
840.21970
840.33622
840.42748
840.68662
840.69706
842.06968
842.08642
842.09992
842.36944
842.43784
842.52364
842.65264
842.97892
843.10180
843.16948
843.30256
843.72742
843.99280
844.22860
844.33618
844.46056
844.62532
844.66222
844.83640
845.16628
845.40268
845.55274
845.66608
845.68612
846.20266
846.27220
846.56926
846.57610
846.72670
846.72976
846.92194
846.99634
847.04524
847.24648
847.33834
847.38238
847.54642
848.10490
848.52844
848.70250
849.16546
849.17170
849.30538
849.39736
849.42508
849.43816
849.57844
849.60886
849.76240
849.83824
850.13224
850.14856
850.27168
850.39816
850.41826
850.53514
850.53808
850.56532
850.70212
850.85170
851.09056
851.16184
851.71126
851.74534
852.15142
852.47884
852.53770
852.85444
852.86494
853.52458
853.55134
853.91050
853.94434
854.08450
854.09806
854.12560
854.23810
854.46778
854.49508
855.00094
855.14488
855.41146
855.50356
855.69784
855.71164
855.83416
856.07698
856.12084
856.12426
856.63702
856.85134
856.93714
856.99792
858.06748
858.18400
858.48394
858.50398
858.56122
858.67048
859.02472
859.18114
859.59328
859.95052
860.30308
860.68666
860.70328
860.94676
861.00478
861.29296
861.33016
861.43240
861.46990
861.74086
861.77146
861.96694
862.06990
862.19674
862.31674
862.41352
862.56418
863.19676
863.29390
863.54248
863.73220
863.74270
863.82610
863.86648
864.03214
864.06628
864.08002
864.09736
864.11836
864.16936
864.17728
864.23206
864.26626
864.37252
864.57568
864.61660
864.63034
864.71314
864.74368
864.96640
865.08610
865.16932
865.18606
865.37404
865.82218
866.13334
866.14990
866.16670
866.33926
866.37814
866.55256
866.58592
866.60254
866.78314
866.89618
866.91304
867.68320
867.76906
868.42660
868.55218
868.56874
868.66408
868.93546
868.94626
868.94920
869.06872
869.41600
869.53570
869.57650
869.58712
869.59018
869.69956
869.85376
870.01870
870.16876
870.55204
870.70234
870.94600
870.96580
870.99316
871.25980
871.60846
871.76584
872.36626
872.46118
872.66590
872.69614
872.69902
872.86996
872.93290
873.58990
873.76828
873.82936
873.96208
874.06846
874.20184
874.22212
874.35916
874.77718
874.81588
874.94572
875.04172
875.16550
875.28814
875.31208
875.31538
875.57914
875.58892
875.61244
875.73226
875.95174
876.05782
876.30148
876.33232
876.72166
876.83512
876.86224
876.95800
877.09552
877.24234
877.24840
877.37188
877.49128
877.62862
877.68250
877.74826
877.78168
877.88824
878.12758
878.53174
878.55142
878.93146
879.21538
879.31186
879.31816
879.33154
880.54510
880.70770
880.76182
880.84516
880.88158
881.09824
881.20108
881.38450
881.39854
881.54476
881.72530
881.98804
882.30880
882.51766
883.00852
883.18924
883.19206
883.19488
883.29796
883.32898
883.43134
883.46440
883.52638
883.57402
883.60426
883.76176
883.78408
883.98160
883.99828
884.21752
884.28142
884.38726
884.39782
884.56456
884.61628
884.68438
884.69044
884.81344
884.96458
884.96770
884.97082
884.98426
885.08410
885.30850
885.39394
885.50686
885.54784
885.67090
885.75976
885.78022
885.99196
886.03750
886.04026
886.05730
886.21468
886.34806
886.36480
886.42660
886.93798
887.03398
887.06434
887.36434
887.36728
887.94484
887.94808
888.47128
888.58756
888.68740
888.78268
888.84790
888.97372
888.98422
888.98782
889.37062
889.53142
889.87096
889.99792
890.00830
890.05960
890.12806
890.32384
890.46466
890.47474
890.49172
890.94376
891.48466
891.62410
891.63808
891.64102
891.76150
891.88414
891.90082
891.90754
892.06450
892.08220
892.27630
892.74796
892.96732
893.04808
893.05090
893.06464
893.54038
893.92954
894.21376
894.26146
894.36436
894.48412
894.57244
894.57526
894.64060
895.05742
895.07506
895.19776
895.22152
895.25578
895.37542
895.43020
895.63900
895.70758
895.86454
895.88128
895.96720
896.02840
896.14186
896.26456
896.29180
896.32852
896.41456
896.55082
896.74798
896.82862
897.14062
897.31456
897.53188
897.61462
897.67528
897.69532
897.79168
897.92848
897.93148
898.00084
898.21204
898.39828
898.44808
898.47556
898.69834
898.92418
899.08186
899.09566
899.19850
899.23576
899.45896
899.52448
899.56792
899.78164
899.81500
899.84530
900.08212
900.13612
900.19066
900.26536
900.35146
901.00900
901.09144
901.30288
901.47502
901.58866
901.60930
901.83472
901.84528
901.85146
902.01244
902.10544
902.27896
902.65534
902.76838
903.18514
903.61606
903.66232
903.88528
903.89926
903.90862
904.01866
904.04920
904.08244
904.31878
904.34908
904.46860
904.66258
904.67644
904.76872
904.97644
904.98280
905.22262
905.27644
905.42980
905.44342
905.78908
905.93272
906.05230