0.17614
0.64684
1.12000
2.10646
3.23128
3.25792
3.32464
3.36754
3.90076
4.43938
4.47256
4.48930
4.54186
4.72144
5.12260
5.62060
5.97172
6.70690
7.36090
8.28292
9.52804
10.73104
11.29174
11.29642
11.32384
12.04390
12.04852
12.07708
13.15660
13.34380
15.17302
15.94348
17.06716
17.29300
17.91064
17.92114
19.93402
19.94362
21.80086
22.10260
22.15306
22.33306
22.34362
22.57756
23.33218
24.04906
24.64318
24.65296
24.66316
24.84934
24.85246
25.26340
26.01040
26.01256
26.02714
26.05924
26.32258
26.35606
26.99302
27.00382
27.04744
27.63106
28.38388
28.38694
28.60978
29.92462
30.33688
31.37494
31.39822
32.18938
32.31904
33.69682
33.94546
34.60324
34.92898
34.95340
34.95670
35.71912
36.23734
37.26820
37.38502
37.49860
37.80316
38.18536
38.19958
38.22202
38.24680
38.35750
38.37460
38.48428
39.26380
39.27940
39.28282
40.28014
40.30528
42.80008
43.22992
43.52050
44.26330
45.13906
47.44858
47.45404
47.51434
47.90410
47.96788
49.08130
49.16482
49.62862
49.78054
49.85494
50.82124
51.49432
51.98368
52.66252
53.34052
53.99524
54.01240
54.27190
54.28084
54.55222
54.55426
55.69498
55.94608
56.69578
56.76346
57.19024
57.75508
57.76306
58.37770
58.51054
58.52764
58.56280
58.56760
59.50102
60.59230
61.52590
62.85940
63.19888
64.12378
64.12882
64.75330
65.55340
66.07906
67.15900
68.56792
68.61280
68.66002
69.21280
69.26542
69.26950
70.32664
70.51288
70.74616
70.76410
70.95850
71.01562
71.05240
71.11306
71.11888
71.25244
71.99734
72.01288
73.29646
73.65556
73.65940
74.82718
74.85448
75.17722
75.19384
75.22996
75.83428
76.21348
77.10298
77.21356
77.60908
77.80624
78.58942
79.64230
79.64722
80.39728
81.35350
81.35872
81.43960
81.60844
81.91144
82.76410
84.10000
85.27534
86.78746
87.19498
87.19756
88.29184
89.25136
89.29942
89.91328
90.27358
90.29740
90.87286
91.99738
92.39662
92.41930
92.83978
94.03360
94.05046
94.19362
94.19746
95.25004
96.21268
98.26888
99.96856
100.20430
100.21618
100.32148
102.37960
102.46012
103.68814
104.75500
104.86366
105.22366
105.69694
106.14652
106.66804
106.75300
108.72496
110.46418
110.64724
110.65060
110.89450
110.90224
110.95366
111.97420
112.94398
113.54938
115.06258
115.10776
115.31398
115.33504
115.35358
115.36552
115.69078
116.38168
116.76874
116.79316
119.69500
119.70958
121.07746
121.08202
121.75480
122.49676
122.50702
122.51944
122.53006
123.12334
124.00144
124.00312
124.01398
124.03102
124.90414
127.44052
127.62400
127.63792
127.69048
128.02354
128.11762
128.20426
128.60350
131.05240
131.05756
131.06314
132.07186
132.16942
133.29304
133.32430
134.10736
134.70892
136.25662
137.10730
137.11378
138.05080
138.06082
138.07648
138.08692
138.50656
138.52126
139.51126
140.03440
140.35816
140.38672
141.58468
142.36000
146.34940
146.36314
146.42860
147.23266
148.62418
148.66924
148.85374
148.90960
149.48320
149.73766
149.74552
149.78938
150.43468
151.18504
151.40218
153.10036
153.60280
153.61816
153.66418
154.31542
155.11048
155.50768
156.82414
156.84472
156.86392
156.88408
159.75982
160.52536
160.53304
160.53982
160.58038
160.94362
160.98040
161.00896
161.46400
161.50756
161.51362
161.51932
161.83528
162.23296
162.23860
162.31018
162.31636
162.50620
163.02910
163.21246
163.60822
163.88878
165.09124
165.33232
165.59890
165.60682
166.61554
167.49376
167.49796
168.14860
168.40756
168.87412
171.64570
171.68500
171.87634
171.94324
172.12486
172.13434
172.30588
172.42900
173.10112
173.17078
173.41546
174.15016
175.52266
175.52578
175.54894
176.30830
176.51182
177.37312
178.83268
179.63590
179.66692
180.34732
181.05472
181.07674
181.98982
182.03146
182.03404
182.03626
182.08432
182.88052
182.93380
183.78250
184.86694
185.05336
188.20468
188.35114
189.64276
192.38116
192.42262
193.80262
193.81894
193.83142
194.12836
194.13718
194.17432
194.35792
194.36104
195.58666
196.31056
196.55842
199.67392
199.68868
199.71136
199.84288
200.89000
201.48838
202.08418
203.03944
203.50804
203.96548
203.96734
203.98510
204.43378
204.44140
204.49918
204.68206
205.05064
205.32358
205.36966
206.12344
206.35762
206.48320
206.91040
207.80680
209.13904
210.65074
211.44304
212.88370
212.90662
213.07474
213.82576
214.00864
214.02874
214.57168
214.78516
214.82878
215.85592
215.86396
215.87866
217.68142
218.66440
218.67028
218.69062
218.79310
218.81122
218.81704
220.12840
220.13356
220.14022
220.77646
220.78114
222.61648
223.33780
225.06136
225.09658
225.24376
226.57978
226.79038
226.94506
227.66008
228.02326
228.02662
228.81994
229.85146
230.44264
231.05638
231.98896
232.00354
232.05826
232.29958
232.49626
233.33596
235.29232
235.67272
235.68844
235.71016
236.53426
236.55742
237.19984
237.21394
237.22252
237.23242
237.85246
237.86266
237.90016
237.90466
237.96472
238.28410
238.32262
238.58668
238.62826
238.78576
238.79668
238.88062
239.83528
240.21970
240.53554
243.46372
243.46948
244.42246
248.24860
249.68296
249.79066
249.85948
249.90784
250.38574
250.59022
250.65814
251.08528
251.08990
251.10046
251.98120
252.68206
253.59706
254.04004
254.74666
254.85838
256.40104
256.40380
256.43074
256.43866
257.12296
257.12662
258.04312
258.66760
258.67684
259.32622
259.32928
260.06242
260.79982
261.47152
262.34710
264.15514
268.39840
269.02534
269.03140
270.08938
270.91936
270.94216
272.22958
272.24596
274.53310
274.55176
274.56016
276.20644
276.21604
276.23230
277.07494
277.12606
277.55656
277.56550
278.32480
279.40840
279.44302
282.22972
282.33490
282.61288
282.90124
283.14250
283.14610
283.37530
283.38592
283.64566
283.70776
284.06068
285.32806
285.33586
285.68002
285.69382
286.75384
286.75966
286.76698
287.41990
288.86200
290.82910
291.34870
291.44422
291.44794
292.84972
292.87684
292.94758
293.26150
293.40154
293.78098
294.14752
295.02604
295.29280
295.52506
296.03806
296.21866
297.71746
297.72478
297.73900
299.37586
299.76280
300.29554
300.30760
301.08766
301.80886
302.91448
302.92036
302.93614
303.40774
304.01284
304.04374
304.08202
305.29408
305.61622
306.25270
306.95392
307.63828
307.64218
307.68526
308.24212
309.99130
310.24570
310.36936
311.70718
312.40258
312.94600
312.95368
313.63900
315.16294
315.58924
315.63556
316.44994
316.46398
316.62286
316.63288
316.70092
316.89976
317.27578
317.76538
317.80054
318.45904
318.95926
320.72560
321.20560
321.23164
322.19200
322.22392
322.85164
325.83370
325.90300
326.53282
326.54290
326.58376
326.74432
327.39742
327.41998
327.54088
327.61300
328.35106
328.39408
328.59988
330.59074
330.60376
330.60532
330.61048
331.59622
332.10442
334.06714
336.48046
336.49006
336.49480
336.51754
336.55456
336.66742
336.68536
337.59328
337.60744
337.64152
337.88974
337.91248
339.34600
340.18834
340.19068
341.19568
342.40858
342.41200
343.48144
344.66950
344.67442
344.69188
346.43950
346.44232
346.74742
348.39718
349.02520
349.03498
349.04968
349.07602
350.19118
350.21002
350.22196
350.44510
351.40114
351.44602
351.88504
352.69156
352.69486
353.32678
353.76760
353.77240
353.83534
355.43524
355.43698
355.44142
356.39086
356.41594
356.42746
356.71378
359.06800
359.56174
360.64234
360.68722
360.71032
360.92548
361.37050
361.56772
361.58284
361.73446
361.75762
361.78444
363.66118
364.61746
365.30242
365.80708
365.82028
365.83426
366.47506
366.55546
367.56856
367.57258
367.61308
367.62376
367.64542
368.61586
368.86678
368.87590
369.46348
370.21960
370.27834
370.47946
370.54864
370.61686
371.18338
371.18998
371.21284
371.97082
372.15268
372.49372
373.36930
373.67836
374.41888
374.50990
374.86030
374.87806
374.89354
376.24972
377.51476
377.51758
377.52328
378.99892
379.01452
379.76500
380.10214
380.61112
380.62126
380.84926
381.50200
381.50482
381.50716
381.54142
381.55852
381.59062
382.06474
382.14412
383.18926
383.19910
383.21374
383.71840
383.74906
384.06562
384.34126
384.34390
384.39112
385.77706
385.82020
386.70136
386.73202
386.73478
387.28828
387.29356
389.03002
390.61486
390.65308
390.77380
391.04332
391.05868
391.77520
391.79380
392.66194
392.74048
393.08692
393.11386
393.34288
393.50074
393.51190
394.60702
394.79680
394.80364
395.00644
395.41696
395.50654
395.98366
396.18010
396.19348
396.21406
396.22210
396.83872
396.88072
399.04720
399.31258
399.42064
399.43954
400.78282
400.95724
402.10828
402.81412
404.05606
404.06578
404.40226
404.41180
404.58886
404.61196
404.63242
404.73232
404.81200
405.34810
405.59788
405.60202
405.85252
407.99338
408.03322
408.03826
409.50736
410.34076
411.20602
412.17004
412.18024
412.19818
412.59562
413.05462
415.02970
415.10806
415.13116
415.46602
415.47250
415.47502
415.96306
415.96738
415.97632
416.02684
416.65048
417.89674
417.90364
418.02292
419.13754
419.16124
420.53332
420.53974
420.54886
422.82760
423.42670
423.42916
425.04058
425.08642
425.26096
425.51008
425.51602
425.56084
426.37720
426.38134
426.38632
427.19086
428.01340
428.56324
429.16522
429.17788
429.20962
429.67648
430.45054
431.11960
431.75590
431.76364
433.76656
433.77466
435.22282
435.27172
436.03444
436.03720
436.10758
436.34818
436.64716
436.97662
437.81140
438.29752
438.29956
439.91902
439.92394
441.69352
441.69910
441.92242
442.65610
443.89876
443.94022
444.45742
445.10086
446.33356
446.34490
446.34760
446.99164
447.32716
447.49798
447.56794
447.66856
448.07218
448.29790
448.38112
448.55194
449.66470
449.84566
452.44108
452.44720
452.47714
452.96536
454.79518
455.15884
456.54376
457.20604
457.24846
458.18044
458.18212
458.18638
458.45650
458.46550
458.50066
458.52880
459.03190
460.16680
461.66896
461.75572
461.75926
461.78122
466.49002
466.58332
467.09230
467.62594
468.60340
469.27918
469.28818
470.02192
470.04592
470.25748
470.75650
470.78710
471.50392
471.54172
471.85084
472.19500
472.92376
472.98262
475.70206
476.16514
476.30704
477.58540
477.58786
477.60514
479.03272
479.03788
479.13262
479.68096
479.68546
479.75116
481.37218
481.42660
481.47400
481.47658
481.78948
482.07286
482.40100
483.07774
483.37534
483.39166
483.45052
484.20352
484.38544
485.17780
486.58132
486.59224
489.98398
489.98770
491.01844
491.02252
492.16822
492.62596
492.68686
494.31526
494.92780
496.34128
496.96372
497.43316
497.45572
497.47522
499.35310
499.37350
499.38244
499.39678
500.00908
500.69992
500.89654
501.58816
502.17598
502.27246
503.53642
503.58868
503.87596
503.95534
504.36772
504.56932
504.71926
504.76228
505.53178
505.54150
505.54696
505.85458
507.09760
507.19762
507.20110
508.25416
508.90984
508.92256
509.88388
509.88778
509.94370
509.95516
510.58438
510.67330
510.68428
512.49388
512.95756
512.98222
512.98684
514.02610
514.34098
514.34386
514.36306
514.39990
514.82188
514.84120
515.10646
515.15008
515.29000
515.34400
515.34832
515.35258
515.85682
516.60922
518.07928
520.83214
522.17848
522.19732
522.88342
523.29058
524.76220
524.77018
524.79952
524.80438
524.84158
524.90542
525.01504
525.28090
525.78730
526.34392
526.35328
526.96984
526.98046
526.98472
526.99054
527.00284
527.26006
529.24162
529.31296
530.24464
530.25004
531.43312
531.44068
531.46732
533.49682
535.10584
535.42690
535.44244
535.46764
536.19016
536.19988
536.26450
536.65708
536.66404
538.69240
539.19940
539.27662
539.67718
539.67976
539.70340
542.02138
542.02480
542.02648
542.05798
542.47474
542.48398
543.10906
543.88678
543.90676
543.95770
545.16784
545.17582
545.86858
545.88424
545.88898
546.01558
546.03454
547.21564
547.56568
547.60474
547.60636
547.62544
547.69840
548.07958
548.08150
548.08594
548.18032
548.71282
549.38692
549.44278
549.45346
549.45592
549.55084
549.82918
550.13380
550.15762
550.33660
551.84122
552.19060
552.30442
553.47136
553.47850
553.50376
554.32606
554.32774
556.88206
556.92796
556.98910
557.59846
557.61748
557.63782
557.86786
557.92750
558.08158
558.50986
558.87232
559.01446
561.04042
562.61848
562.63144
562.63636
563.20060
565.85314
566.16982
567.71230
567.71848
567.91468
567.96424
568.45546
568.47376
568.48270
568.59274
568.60294
569.36032
569.36770
570.52696
570.54358
570.55588
571.18654
571.66000
571.80922
574.94854
577.31188
577.99090
578.85034
578.85400
578.86036
578.88364
578.90968
578.91448
579.78634
579.79444
579.82498
580.20652
580.33978
580.34296
580.56694
580.87900
581.24980
582.89860
583.11454
583.12588
584.12170
584.12920
585.77866
585.78334
585.79864
586.04146
586.50298
586.54714
586.55140
586.56400
587.42800
588.34282
588.91024
590.46538
590.50900
590.83474
591.05458
591.06952
591.58882
592.22350
592.23196
592.26052
593.04052
593.91526
593.94808
593.99950
597.38434
597.39064
597.39490
597.56512
598.03720
598.43308
598.61374
599.16028
599.22862
599.93692
600.74866
601.37074
601.42078
601.46962
601.79626
601.80430
601.84018
601.85200
601.92370
602.51386
602.98846
603.00754
603.04090
603.59194
603.76240
604.23172
604.23562
604.24966
604.27522
604.46614
604.64686
606.08830
606.09934
608.22958
608.25790
608.26834
608.29930
608.86576
608.88256
610.59862
612.08188
612.08494
612.08812
612.89566
612.91486
614.19046
616.19092
616.21756
616.21990
616.23070
618.14212
618.22264
618.22888
618.25228
618.49570
619.25068
619.29568
620.17714
620.80828
620.81116
621.66922
622.44262
622.49464
622.51096
622.51708
622.72414
623.21650
623.32756
623.77096
623.78038
623.78686
624.25582
624.42484
624.43798
624.75292
625.15582
625.23214
625.30450
625.64440
626.66824
627.33544
627.39310
629.01442
629.62978
629.63938
631.72804
631.77742
632.46172
633.48394
634.57108
634.88050
635.93692
636.22786
636.26890
636.80026
638.81740
639.48046
639.48208
639.50494
639.54712
640.19104
640.19386
640.19728
641.71726
642.39064
643.21468
644.05858
644.70106
645.31372
645.95728
645.97450
646.39180
646.40944
646.43206
646.44982
646.45336
646.86310
647.05216
648.09796
648.11710
648.33676
648.34768
648.35104
648.59728
648.79720
652.03684
652.51810
653.46430
654.25654
655.10176
655.75156
655.76146
655.78132
656.77972
656.79502
656.81062
656.86726
656.89528
657.17512
657.18292
657.18478
657.93004
658.02664
658.52218
659.92792
660.24802
661.30822
662.51026
662.51908
663.67018
664.36276
664.36432
664.42330
664.60558
664.63060
665.67424
665.68486
666.23416
666.32554
667.43344
667.43854
668.10526
668.11216
668.11918
668.12092
668.12968
668.67244
668.98246
668.99542
669.08440
669.22084
669.23860
669.25060
669.32992
669.46192
669.65404
669.96598
669.99838
670.43878
670.44592
671.21236
671.28916
672.71434
672.75844
673.99582
674.01004
674.39782
674.84338
676.11310
676.12528
676.37410
676.93630
677.81548
677.82010
677.82748
677.85238
677.87260
677.88562
678.28570
679.01284
679.02454
679.05310
679.56064
679.61542
679.63966
679.82038
680.84470
681.26416
681.28096
681.74902
681.76924
681.77344
682.77118
683.16706
683.17354
683.40436
683.41342
684.17992
685.54282
685.80970
687.10270
687.46900
687.48196
689.40856
689.43064
690.90346
690.91888
690.95806
691.26832
691.37440
691.41166
691.73062
691.78486
692.12080
692.13784
692.15488
692.24686
692.44876
692.45620
692.46742
692.49436
692.62354
693.05158
693.10828
693.11716
693.29146
693.48508
693.55642
693.98884
694.13842
694.64836
695.16586
695.17360
695.17786
695.70760
695.71828
695.73196
696.75178
696.77116
696.97858
697.68850
697.73122
698.86966
700.05184
700.07056
700.28806
701.23048
701.28142
701.28820
702.49630
702.51094
702.71860
702.93646
702.95428
702.99304
704.05804
704.07130
704.11174
704.59156
704.62498
705.18424
706.61170
707.16496
707.84332
707.85844
708.50878
708.74656
709.30210
709.54954
709.55728
709.62634
709.64194
710.50516
710.51446
711.92548
712.62274
712.62550
713.11834
713.52484
713.80084
714.20194
714.44044
715.12138
715.43542
715.79272
718.51156
718.54894
719.59582
720.41278
720.48844
720.75904
721.04980
721.07224
721.38454
722.63362
722.67688
723.45760
723.79084
723.81076
723.84652
724.21018
724.22332
724.88014
724.91824
724.94308
725.14714
725.46172
725.49796
726.30364
726.58042
726.88786
726.90448
727.37128
727.37440
728.72662
729.86728
730.21384
730.27720
731.99530
732.51658
732.54880
732.86332
734.65342
734.65600
734.83660
734.83930
734.88934
734.94136
735.53566
735.54652
736.25818
736.26682
736.32052
737.75278
737.76550
738.32716
738.33232
738.34018
738.36076
738.39016
738.85342
740.09326
740.42368
740.43076
740.47576
740.47750
742.49710
742.96144
742.96390
744.67630
744.88504
745.21210
745.21426
745.23118
746.92864
746.95300
746.96836
746.99818
747.30490
747.82756
747.83368
747.92890
749.02966
749.03374
749.06902
749.63824
749.76208
750.23284
750.25924
750.26332
750.28258
750.30160
751.87984
752.00086
754.21246
754.30294
755.16460
755.76790
756.13666
756.15988
756.92770
757.35988
757.36258
757.61026
757.91788
758.30110
758.32552
758.35492
758.50426
758.85904
759.05302
759.05596
759.27712
759.45670
759.83794
759.85114
760.16974
760.79932
760.80820
761.45158
761.48812
761.49460
762.64228
762.69802
763.86070
764.32930
765.06262
765.07288
766.61176
766.61332
767.73634
767.76676
768.21040
768.33106
768.33838
768.41434
769.17502
769.18510
769.21174
769.52476
769.71562
770.17630
770.21656
770.80414
772.27264
772.89994
775.38364
775.38814
775.98808
777.85972
778.37902
778.38124
778.38484
778.77574
778.81846
779.16598
779.22040
779.26564
779.27254
779.32432
779.82658
779.89144
779.95402
780.04792
780.05734
780.74890
781.01230
781.32796
781.35910
783.35530
783.61078
784.35988
785.42350
785.82052
786.53302
786.54034
786.88918
787.09132
787.09396
788.04010
788.87356
788.87938
788.88406
788.88706
788.90464
788.91022
788.92096
788.95132
791.27854
791.35534
792.66196
792.70288
793.45150
793.93942
795.23338
795.87076
796.61764
797.35672
798.57112
798.58654
799.03342
799.05694
799.28086
799.29292
799.94734
799.95580
800.21146
800.39980
800.66740
800.68198
800.73376
800.74312
801.17038
801.35764
801.62308
802.04242
803.48866
803.49220
803.49796
803.50270
804.77860
804.79636
804.81448
805.25800
805.41874
806.07034
806.10298
807.58576
807.60046
807.61576
807.76624
808.14814
808.81204
808.81558
809.77540
809.80120
811.70422
811.75756
811.76092
811.83376
812.69674
812.71708
812.86912
812.87566
814.28884
814.30924
816.03262
816.73486
817.84234
817.85566
818.42932
818.43298
818.43724
819.13570
820.86742
821.06782
821.29750
822.60244
822.60592
822.63610
822.65398
822.68956
823.02688
823.03054
823.07986
823.16518
823.54084
824.23312
824.31928
825.04366
825.08608
825.27610
825.27964
825.88144
825.97990
826.76278
826.93648
827.76772
827.78770
827.99632
828.00070
828.80662
832.58626
832.60828
832.80736
833.16406
833.22892
833.48152
833.67394
833.71042
833.78062
833.78530
834.14122
834.67516
834.86434
835.10710
835.11634
835.12150
835.12780
835.38826
835.64038
836.21020
836.89864
837.36298
837.46984
837.83860
838.66114
838.69696
839.58868
839.60326
840.76072
842.61568
842.67772
842.69584
843.08296
843.51400
844.79878
844.85056
844.87792
845.20810
845.21278
845.23018
845.53384
845.55250
845.56450
845.69050
845.69314
846.74296
846.74764
847.17574
847.19266
847.76320
848.08120
848.08876
848.97214
849.59008
849.87364
850.21258
850.39696
854.21176
854.22802
854.81506
855.96412
856.15978
856.21594
857.59540
857.63086
857.65384
858.38140
858.40180
858.42064
858.42586
859.55404
862.18996
863.05048
863.62918
864.64090
865.18606
865.20694
865.70596
865.97806
866.41300
866.42050
866.42674
866.45614
866.49274
867.44218
867.50134
869.16058
869.17756
869.83318
871.14730
872.06206
873.99130
874.00426
875.71402
875.89606
876.08056
876.08938
876.11656
876.13582
876.15760
877.32856
877.33108
877.41376
877.44622
877.76158
877.77322
877.79266
877.91932
877.94530
878.00914
878.39440
878.41654
878.73532
879.22702
879.39106
880.11376
880.89706
881.22826
881.23546
881.23936
881.24278
881.24644
881.35474
882.23314
883.22968
883.23604
883.24090
883.24582
883.24864