4.43314
7.15576
11.46826
15.08542
15.90172
16.28722
21.01018
27.44398
27.65302
44.40400
49.85542
49.88686
52.66954
57.87994
62.26318
70.96378
72.80392
102.72136
108.31906
109.86250
113.50288
123.92422
125.67058
128.00350
133.89340
147.88600
148.98616
153.97792
156.01972
160.79686
162.99082
165.18064
165.89698
181.84120
195.04576
198.52390
200.54656
203.37412
206.46730
219.09976
242.59138
243.39886
252.22522
256.27486
257.47648
283.53886
285.62938
305.00692
311.89930
313.33300
315.85882
317.75764
330.41122
333.37912
333.78730
345.91456
351.66508
359.52376
361.61734
361.88356
383.14402
387.55294
388.04596
401.76070
408.33616
423.88114
433.23214
453.82018
453.84112
454.81072
459.01144
459.54460
481.11280
489.60250
520.87834
529.26142
529.72174
530.97850
541.28560
542.57632
567.90508
571.70716
571.74916
578.16328
581.36824
582.24286
583.36792
583.53430
584.73430
591.35152
602.14270
613.14346
616.92568
621.01894
628.62604
632.06098
634.46296
637.65526
637.67110
643.21432
646.71862
664.21510
680.39512
714.46936
720.18184
722.54284
733.94956
737.45032
737.47510
743.63602
764.24902
769.29718
771.92284
786.63160
787.06534
788.92546
791.56762
807.34312
811.57042
815.52166
817.28710
818.20462
827.55442
829.54582
831.67012
836.74594
840.88792
850.68532
861.06520
861.59500
863.73442