0.22564
0.30184
0.31480
0.35452
0.64504
0.82864
1.27240
1.28560
1.32862
1.56184
1.92868
2.07586
2.67880
2.77906
2.91220
2.94556
2.96230
2.97910
3.12610
3.29860
3.32914
3.36250
3.47920
3.62920
3.66268
3.71242
3.82906
3.84586
4.04584
4.06246
4.35262
4.44610
4.56268
4.76266
4.76542
4.82950
4.84588
4.86280
4.87936
4.94614
5.12674
5.62666
6.34642
6.67666
7.03270
7.11346
7.19668
7.51324
7.62994
7.66336
7.78006
7.99678
8.59972
9.41374
9.43990
9.48046
9.76396
10.38070
10.46398
10.76422
11.01124
11.06410
11.10424
11.36428
11.63092
12.05068
12.06724
12.33130
12.42820
13.03798
13.63432
13.81186
13.89514
14.08822
14.19838
14.69812
14.78158
15.54850
15.92896
16.02886
16.08190
16.51540
16.91548
17.03206
17.06260
17.09878
17.51548
17.71552
17.74612
17.93242
18.35584
18.71614
18.73930
18.99640
19.51618
19.59952
19.98298
20.04970
20.13298
20.19202
20.58304
21.10930
21.41668
21.79000
21.93340
22.15312
22.20010
22.73056
22.73350
22.95034
23.03074
23.15680
23.55058
23.90056
24.36004
24.40072
24.61756
24.91744
24.93118
25.30396
25.60108
25.63438
25.76788
26.40142
26.47726
26.54830
26.76802
26.95132
27.71824
28.05850
28.08520
28.23526
28.70218
28.95208
29.25226
29.39938
29.63572
29.71900
30.11938
30.31936
30.45928
30.55276
30.61930
30.62224
31.03624
31.36666
31.52272
31.76986
31.85002
31.87906
31.90318
31.98652
32.20318
32.65624
32.76712
33.48706
33.75364
34.15396
34.25692
34.48732
34.55404
34.61350
34.78018
35.02084
35.17096
35.25724
35.63770
35.89084
36.08788
36.53806
36.54106
36.68818
37.33816
37.43830
37.68856
37.71172
37.75510
37.96894
38.83888
39.13888
39.45250
39.97228
40.01500
40.18624
40.48954
40.50598
40.75618
42.14932
42.53986
42.63994
42.70660
42.87352
43.89358
44.15998
44.20444
44.74366
44.87704
44.94754
44.99074
45.04066
45.09064
45.29086
46.07122
46.54114
46.64404
46.87762
47.03824
47.12458
47.14414
47.17474
47.43526
47.72470
47.87494
48.56776
49.02190
49.40848
49.44862
49.85866
50.35180
50.36842
50.53234
50.60620
51.20902
51.27580
51.89260
52.10974
52.25944
52.34296
54.94072
55.24360
55.66048
55.96714
56.31346
56.35336
57.44116
57.47752
57.59422
57.87772
58.06126
58.59472
58.69468
58.74466
58.80088
59.12824
59.18728
59.44150
59.44462
60.04498
60.34204
60.34504
60.38500
60.38782
60.47104
60.92122
60.94786
61.19506
61.32850
61.36198
61.97572
62.23186
62.82898
63.09274
63.42190
63.46270
64.02946
64.07920
64.16260
64.76290
64.84618
65.06290
65.36590
65.51014
65.81290
66.20320
66.26602
66.52378
66.52996
66.54652
66.61330
67.30600
68.11636
68.38042
68.42728
68.78044
69.24430
69.32422
69.56386
69.61402
69.63064
69.94738
70.16674
70.21414
71.18104
71.92822
72.13408
72.31486
72.54796
72.82840
72.83134
72.95464
73.02148
73.12876
73.18150
73.21192
73.51780
73.66186
73.68166
74.11492
74.19862
74.44852
74.56534
74.57866
74.61508
74.68198
74.87896
74.98858
75.06244
75.48190
75.54592
75.62194
75.71554
75.78202
75.81550
75.96556
76.04884
76.28212
76.39600
76.43200
76.53220
76.57504
76.83226
77.01574
77.06542
77.43232
77.44924
77.48254
77.62948
77.73238
77.84920
77.88238
78.16588
78.38260
78.79930
78.91324
79.09942
79.19938
79.26598
79.41616
79.59958
80.76622
81.03352
81.36664
81.46666
81.72622
81.74698
81.91384
81.96388
82.09012
82.45030
82.48372
82.56682
82.80706
82.85020
83.00962
83.03386
83.23372
83.40034
83.83102
83.84044
84.31738
84.46438
84.70078
85.01440
85.69792
85.86760
86.16466
86.31052
86.55382
86.56048
86.83150
86.85118
87.38452
87.77740
87.98752
88.13446
88.26070
88.51798
89.03488
89.05420
89.27098
89.29870
89.43496
89.95174
89.98492
90.28504
90.38212
90.69886
91.06852
91.26844
91.44892
91.65202
91.75180
91.95190
92.01856
92.04910
92.05204
92.11870
92.16874
92.41858
92.55868
92.62156
92.71870
92.93554
93.08536
93.16876
93.20206
93.50218
93.87178
94.09936
94.30234
94.36900
94.48552
94.53562
94.71904
95.23288
95.30266
95.50246
95.76910
95.83588
95.88586
96.13588
96.25936
96.29980
96.33604
96.45256
96.52600
96.61936
96.81940
97.51960
97.66222
97.71952
97.91950
98.21950
98.23630
98.60278
98.68624
98.90314
98.91694
99.43660
99.80668
100.22014
100.28386
100.35352
100.36720
100.56730
100.63684
100.68682
100.80364
100.98694
101.02024
101.27050
101.95378
102.43732
102.46324
103.02088
103.15438
104.22100
104.26114
104.33488
105.00460
105.13498
105.32140
105.37132
105.46852
105.80494
105.88828
106.08832
106.10494
106.72168
107.05498
107.11888
107.13832
107.35522
108.03880
108.33880
108.60544
108.63898
108.71200
108.80554
108.97528
109.50556
109.78924
109.87246
109.92262
110.32276
110.56966
111.30634
111.37306
111.65650
111.73972
111.92320
112.45678
112.67356
112.75366
113.35678
113.69032
113.74036
113.96014
114.13738
114.32392
114.38056
114.44080
114.45736
115.47130
115.92448
116.02138
116.40808
117.66154
117.87226
118.58920
119.19244
119.27566
119.49916
120.03976
120.79312
120.85984
121.00678
121.09018
121.09306
121.15696
121.64332
121.72666
121.77376
121.77664
121.99342
122.26024
122.32696
122.37700
122.51038
122.59378
122.64664
122.81044
122.96056
122.97712
123.05056
123.52738
123.65350
124.21090
124.89424
124.91104
125.11132
125.16100
125.27800
125.34166
125.64172
125.69482
125.72512
125.79484
126.18124
126.21820
126.39508
126.42538
126.42844
126.56458
126.62824
126.64504
127.02862
127.22848
127.49818
127.79548
127.86208
128.24572
128.84578
128.88586
129.32938
129.67648
129.75562
129.82966
130.14628
130.21006
130.66324
130.72978
130.88656
131.03014
131.17708
131.19676
131.52724
131.71342
132.28966
132.56386
132.81388
133.29754
133.82812
134.46154
134.74798
135.53158
136.04836
136.31200
136.73176
137.04856
138.04882
138.06262
138.61870
138.92512
138.93232
139.03246
139.29934
139.48264
139.60582
139.82260
140.31598
140.54950
140.99938
141.22990
141.23290
141.59662
142.40926
142.69678
142.69960
142.96648
143.47312
143.57320
143.61358
143.89990
144.55306
144.58342
145.21672
145.24276
145.44712
145.83340
146.09752
146.13364
146.21386
146.78362
147.00034
147.71704
147.96670
148.18384
148.40056
148.45960
148.73074
148.74736
149.16742
149.36722
149.65066
150.03106
150.98434
151.31476
151.45096
151.69816
151.76788
151.82086
151.84810
152.08450
152.30134
152.30398
152.51800
152.55142
153.21100
153.61528
154.06534
154.25200
154.65178
154.83208
154.93798
155.01550
155.43502
156.11590
156.71908
156.93268
158.10922
158.50276
159.05290
159.10258
159.23620
161.01706
161.43670
161.52010
161.92036
162.18412
162.19636
163.15396
163.38730
163.40104
163.40398
163.46782
163.88752
164.00122
164.79052
165.47116
165.55468
165.73792
166.15186
166.23802
166.37134
166.83784
167.43856
167.58826
167.88844
168.33880
169.82230
170.03614
170.03926
170.15872
170.27230
170.56960
170.61256
170.87260
170.91268
171.17554
171.25594
171.70612
172.07302
173.13994
173.62036
173.79010
173.92048
174.60700
174.90412
175.44052
175.50430
175.65700
175.89052
176.57698
176.68072
176.87434
177.17128
177.17404
177.37714
177.88822
178.57738
178.84150
179.17486
179.59408
180.00526
180.00826
180.09142
180.33862
181.02520
181.35532
182.03890
182.07532
182.17810
183.05878
183.18460
183.74224
184.04200
184.36816
184.64242
184.80898
184.81198
184.89220
185.53516
185.82868
185.87590
186.57292
186.88942
187.55638
187.55926
187.63978
187.85938
188.10196
188.24938
188.29276
188.50942
189.37606
189.75952
189.94294
190.09012
190.44280
190.79284
190.83994
190.89280
190.92340
191.15956
191.30956
191.50234
191.69290
192.45238
192.50674
193.24306
193.30984
193.34302
193.62628
193.69288
194.52640
194.65972
194.67646
194.90674
194.92654
194.97640
195.05980
195.39328
195.47644
195.52648
195.53710
195.74032
195.90700
196.18330
196.22686
196.64350
197.22700
197.26012
198.11020
198.37366
198.61012
198.72400
198.80722
199.01044
199.64374
199.89358
200.01016
200.71036
200.72692
201.10726
201.72706
201.79366
203.11054
203.16340
204.16048
204.24094
204.46048
204.47428
204.54388
205.15054
205.22434
205.30756
206.32450
206.39398
206.85766
207.07744
207.23410
207.28672
207.56056
207.76090
208.44406
208.56058
209.13046
209.19424
209.29408
209.34412
209.40352
209.57746
209.71750
209.84128
210.11392
210.26104
210.29104
210.94420
211.22770
211.58434
212.34430
212.64736
212.79442
213.51112
213.80818
213.89146
213.93736
214.11118
214.17778
214.29448
214.40830
214.79440
214.92088
215.32804
215.39470
215.40118
215.55826
215.63458
215.68462
215.74456
217.16122
217.37788
218.17804
218.69482
219.47818
219.54478
219.71146
219.76150
219.86158
219.95158
220.09192
220.31170
220.32184
220.32844
220.34500
220.59796
220.76158
221.10178
221.12854
221.25484
221.60890
221.82862
222.51484
222.57862
222.67126
222.77860
222.96202
223.04542
223.11220
224.16202
224.41216
224.77870
224.79538
224.89540
225.12598
225.76222
225.81220
225.92884
225.96208
226.11232
226.61242
226.62904
226.72906
226.86226
226.94572
227.54584
228.06256
228.08200
228.14572
228.25954
228.29596
228.30544
228.44584
228.85972
229.00978
229.07938
229.16302
229.67206
229.69606
229.76272
229.84300
229.92940
230.14630
230.55982
230.77960
230.97664
231.06280
231.46282
231.89632
231.99352
232.37356
232.40596
232.46302
233.17690
233.19640
233.89654
234.11980
234.21310
234.49354
234.91318
235.14634
235.72252
235.96336
236.19664
236.27992
236.31598
236.49358
237.00328
237.26614
237.32266
237.38008
237.51328
237.56338
237.67006
237.79648
237.92998
237.96322
237.97714
238.02976
238.19686
238.46050
238.51036
238.72708
239.53954
239.58010
239.61622
239.70604
239.76334
240.43012
240.58030
240.58660
240.64966
241.04674
241.11328
241.34374
241.41334
241.72702
241.91320
241.93006
242.44678
243.08008
243.12712
243.31336
243.39670
243.51322
243.66610
244.11328
244.14676
244.31332
244.48000
244.52668
244.54654
244.63270
244.69942
244.79662
244.94650
244.96312
245.62684
245.62984
245.75584
245.77984
245.91304
246.11968
246.12994
246.16324
246.19642
246.49660
246.81310
246.87970
247.02976
247.11292
247.17952
247.29634
247.44646
247.86304
248.01958
248.16298
248.54332
248.54626
249.29302
249.32968
250.32916
250.43602
250.62622
250.64266
250.86250
250.99582
251.31250
252.03568
252.04564
252.34540
252.57868
252.64534
252.67876
252.72892
252.87580
252.96190
252.98830
253.17574
253.17850
253.86190
253.94788
253.97836
254.06194
254.34226
254.76850
254.99500
255.09778
255.45412
255.79486
256.07806
256.17814
256.47796
256.48078
256.51138
256.90402
257.42458
257.42782
258.31126
258.71746
258.79450
259.72768
260.02738
260.25790
260.68408
260.92708
261.47740
261.79378
262.23388
262.47730
262.72708
262.81048
262.85038
262.94374
263.87692
264.04360
264.51022
264.59056
265.61668
265.66000
265.95700
266.02654
266.26000
266.64616
267.27646
267.55966
268.07614
268.18672
268.28992
268.32322
268.73284
268.83286
268.99300
269.01616
269.17618
269.92318
270.04276
270.24922
271.92868
272.42578
272.62570
272.88238
273.19222
273.39520
273.61828
273.72844
273.79912
274.05910
274.07560
274.17562
274.70902
274.88950
276.76810
276.87544
276.90880
276.94228
277.77256
278.25868
278.64214
279.10882
279.60892
279.91150
279.92254
280.06822
280.15870
280.18918
280.77820
280.82548
281.37244
281.52562
281.85886
282.08914
282.35878
282.88198
282.90880
283.07548
283.46146
283.60888
284.28916
284.32534
284.35888
284.43910
284.44228
285.38596
285.60886
285.65884
286.37548
286.42084
286.67830
286.84498
287.00566
287.62252
287.88916
287.99218
288.05584
288.10594
288.87820
288.90586
289.50592
289.85896
290.04226
290.19232
290.26546
290.27554
290.37556
290.55592
290.57548
290.64214
290.72836
290.77534
290.95876
291.02554
291.20878
291.41554
291.56512
291.71188
291.80872
292.12570
292.42252
292.42540
292.69204
292.83928
293.19214
293.87830
293.89222
294.74494
294.93184
295.12546
295.53928
295.77250
296.13916
296.27542
297.00898
297.01174
297.35866
298.25554
298.47538
298.48888
298.59880
299.32840
299.44186
300.10864
300.40558
301.17238
301.49212
301.77532
301.85560
302.95846
303.34480
304.13164
304.17496
304.21504
304.30828
304.77496
305.39140
305.65798
306.03142
307.28818
307.39426
307.52458
308.07454
308.34124
308.63806
308.93788
309.21070
309.32134
309.32440
310.05016
310.10746
310.19080
310.72408
310.92394
311.05462
311.19352
311.22400
311.33776
311.49064
311.72386
312.62380
312.77374
312.92386
312.92650
313.07374
313.68010
313.77346
313.80670
314.37346
314.52346
314.82352
314.88010
315.02332
315.24022
315.43696
316.29292
316.32316
318.12322
318.27016
318.34636
319.30618
319.47298
319.78672
320.33656
320.58958
320.59894
320.88652
322.31998
322.52278
322.70308
323.08948
323.38648
323.93926
324.29578
324.36976
324.55624
324.92254
325.00576
326.46226
326.47252
326.49862
326.95870
327.32272
327.58936
327.78928
328.09864
328.15576
328.72246
328.83622
328.84858
329.82250
329.93896
330.12268
331.58920
332.05576
332.27242
332.28916
332.43898
332.82244
333.20848
334.01254
334.17262
334.22230
335.05558
335.23912
335.27236
335.35582
335.43904
335.86216
336.30538
336.45268
336.63898
336.72526
336.87220
338.12200
338.27206
338.56924
338.77192
339.12202
339.13564
339.25252
339.45226
339.70228
340.03834
340.08874
340.11904
340.20520
340.50244
340.88860
341.03842
341.08840
341.28550
341.30230
341.63836
342.40498
342.55504
342.73840
342.83860
343.11862
343.12174
343.72180
343.91158
343.99492
344.02174
344.48848
344.63830
344.75494
344.78530
345.17158
345.35476
345.73516
345.73804
345.85462
346.30474
346.41820
347.94742
348.12124
348.40438
348.73480
348.78046
349.25446
349.45420
349.60126
349.72084
349.83754
350.28460
350.30704
350.92738
350.97058
351.12718
351.15394
351.30406
351.35092
351.65098
351.95374
352.20376
352.72030
352.73716
352.78696
353.03710
353.50078
353.68396
355.51696
355.70320
355.94320
356.33650
356.75302
356.80294
357.03334
357.13636
357.26968
357.33616
357.38614
358.21306
358.55932
358.71928
358.81648
358.86208
359.11624
359.54254
359.96914
360.81916
360.87190
361.43560
361.66876
361.70236
361.81600
362.20498
362.23546
362.26864
362.95210
363.10198
363.24892
363.36850
363.51868
363.56860
363.83506
364.05184
364.31842
364.35172
364.38508
364.43494
364.43788
364.76818
364.81834
364.83484
365.09434
365.11834
365.18482
365.23456
365.26798
365.45158
365.60152
365.68474
365.80126
365.81062
365.81812
365.83480
365.98168
366.06790
366.38464
366.45124
366.64810
366.83440
367.13440
367.31758
367.35106
368.56750
368.83402
368.91724
368.98402
369.33382
369.36712
369.63382
369.91702
369.94042
370.28356
370.74028
370.76434
370.99720
371.00014
371.76676
371.91688
372.01372
372.09988
372.63034
372.76360
373.01632
373.27582
373.28302
373.32580
373.53022
373.61626
373.99966
374.08276
374.21614
374.53282
374.59972
374.98306
375.28282
375.84934
375.86608
376.44940
376.61602
376.86598
377.06596
378.08248
378.16282
378.76570
378.84922
379.02934
379.14910
379.53238
379.57228
379.91560
380.61568
380.66260
380.98216
382.01542
382.14886
382.27462
382.43200
382.83190
382.97914
383.07460
383.10136
383.17186
383.27890
383.39842
383.43844
384.04828
384.16510
384.23818
384.25774
384.31492
384.68152
384.76498
384.84820
385.76164
385.77850
386.09512
386.31148
386.36476
386.56906
386.78140
386.99782
387.24478
387.64492
388.23100
388.59766
388.89748
389.01406
389.19454
389.28736
389.54740
389.69428
389.74720
390.39736
391.51372
391.71052
391.75636
391.79698
392.72992
392.86330
392.88664
393.49360
393.64342
393.64636
393.66316
393.94348
394.02250
394.02958
394.14622
394.17952
394.36966
394.47952
394.91278
395.32222
395.40988
395.46274
396.01258
396.26272
396.28600
396.40966
396.44602
396.50266
396.82918
397.02904
397.81900
397.93210
398.95912
399.26200
399.34540
399.38536
399.60202
400.69216
401.57530
401.61796
402.46138
402.51130
403.01110
403.48042
403.48390
403.49416
403.50802
403.51090
403.65790
403.79428
403.89106
404.16682
404.24392
405.04390
405.11044
405.19366
405.52402
405.64354
405.79354
405.82678
405.87376
406.20706
406.50988
406.89322
407.04298
407.39314
407.96872
408.15934
408.99238
409.20880
409.69240
409.81540
410.13448
410.17516
410.39200
410.53906
410.62516
410.69194
411.83140
412.07170
412.32448
412.55788
413.24392
413.54098
414.27082
414.48766
414.87382
415.03048
415.04032
415.15990
415.34296
415.42354
416.30668
416.70640
417.42274
417.57274
417.80602
418.14568
418.22248
418.64842
419.20540
419.43862
419.73868
419.85520
419.88862
419.90530
420.43516
420.53530
421.18804
421.21846
421.34722
421.68796
422.07112
422.42122
422.85142
423.02080
423.23746
423.92050
424.12036
424.22038
424.75372
425.48344
425.62624
425.66980
425.70610
425.73652
425.88628
426.16660
426.31972
426.34996
426.56968
426.79978
427.05262
427.11946
427.30912
428.10214
428.35234
428.40226
428.89912
429.35194
430.18498
430.26820
431.08714
431.45104
431.90092
432.53110
432.91726
434.01376
434.11666
434.21662
435.07282
436.23268
436.46566
437.31826
437.41540
437.68204
438.09862
438.19546
438.74836
439.05484
439.19518
439.46464
439.88392
440.35054
440.89768
441.97744
442.16374
442.47736
442.58044
443.19688
443.49664
443.99344
444.49336
444.59650
444.62968
444.71314
445.27954
446.32186
446.77894
446.79568
447.21220
447.21880
447.29566
447.37888
448.24204
448.57834
448.69498
448.77820
448.92826
449.23810
449.36800
449.96122
449.99440
450.17500
450.57772
450.90790
450.98692
451.62742
451.86046
452.24386
452.66014
452.67706
452.71312
452.96020
453.04336
453.37684
453.52378
453.61000
453.64978
453.70708
454.60960
454.67614
454.74310
454.85662
454.89298
455.35936
455.45620
455.80630
455.84920
455.92594
456.20902
456.22258
456.45892
456.75574
457.56502
457.59196
457.59856
457.78870
458.07226
458.92174
459.00502
459.00820
459.14122
459.52450
459.66424
460.22410
460.32418
460.39084
460.68070
460.98064
461.70718
461.71012
461.77372
462.03742
462.25696
462.60682
462.65356
463.27306
463.33984
463.55638
464.10904
464.18206
465.03910
465.12268
465.26920
465.35566
465.85546
465.95554
466.21900
466.47202
466.48882
466.58854
466.60522
466.63870
466.65802
466.75504
467.28538
467.66836
467.85190
468.05794
468.08506
468.52126
468.90466
469.60432
469.77088
470.36776
470.62066
471.23716
471.92044
472.05364
472.08688
472.18702
472.67014
472.68364
472.73674
473.73640
474.23626
474.31942
474.43636
474.50308
474.61972
475.30564
475.36648
475.56934
476.93560
477.73240
477.75904
478.54192
478.56580
479.25190
479.86840
480.23506
480.30166
481.09858
481.15138
481.50436
481.65424
482.13460
482.40124
482.78728
483.35776
483.61444
483.94780
483.98122
484.21732
484.30744
485.03404
485.39734
485.50048
485.64292
486.03070
486.20044
487.43626
487.48330
487.64992
488.13016
488.31346
488.43298
488.69962
488.81638
489.79942
490.17976
490.74622
490.83250
491.02234
491.08222
491.13244
491.18230
491.34916
491.42944
491.52934
491.69896
491.96548
491.99872
492.11554
492.14872
493.19872
493.44850
494.61202
494.73148
495.03802
495.49798
495.67822
495.94486
496.06462
496.16140
496.33096
496.39474
496.61134
496.65430
496.68100
496.92802
497.36104
497.44750
498.08068
498.08338
498.31378
498.43360
498.50662
498.91084
499.01368
499.13050
499.14988
499.41052
499.59694
499.99690
500.09392
500.69674
500.78008
500.99950
501.01048
501.46318
501.76318
501.82996
501.84664
501.98002
502.24342
502.57972
503.04340
503.07964
503.22970
503.61316
504.24622
504.44320
505.71250
505.84600
505.85962
505.93204
506.46262
507.07918
507.14578
507.45238
507.52906
508.14574
508.92898
509.16220
509.84542
510.17572
510.17872
510.31198
510.47572
510.77590
510.77872
510.85918
511.72846
512.67538
512.72794
513.06130
513.81148
514.16158
514.31794
514.54480
514.61140
514.82794
515.02792
515.32174
515.32786
515.68708
515.72776
515.94448
516.21088
516.22786
516.52024
516.54436
516.77746
517.07440
517.07752
517.56094
517.94404
518.62738
518.92726
518.94400
518.95318
519.38644
520.34338
520.37686
520.52692
520.64362
520.68340
520.71022
521.24344
521.89348
521.92666
522.49606
522.55996
522.59320
523.32346
523.47652
523.59304
523.64314
524.32630
524.40976
525.01234
525.59284
525.80212
525.87328
525.87616
526.47622
526.49272
526.62616
526.94272
527.54260
527.57584
527.73262
527.83966
527.99254
528.04264
528.45916
528.57580
528.79240
528.91582
528.99916
529.67290
529.92604
530.00626
530.22604
530.55910
530.60914
530.64250
531.42586
532.30606
532.31200
532.35910
532.47586
532.60924
532.69264
533.22862
533.23576
533.32576
533.40904
533.50918
534.03514
534.05926
534.23950
534.84226
534.90922
535.00906
535.11556
535.30900
535.60900
536.69512
536.82568
536.87572
537.14230
537.36202
537.57580
538.14250
538.24246
538.37296
538.37560
538.39228
538.49212
538.52566
538.82554
538.91170
539.24206
539.44228
539.84212
539.95906
540.14212
540.15874
540.77542
541.07554
542.12536
542.45866
542.52532
542.81176
542.84200
542.90866
542.93008
543.37540
543.49858
543.67228
543.85888
543.97528
544.05850
544.10122
544.14184
544.55872
544.60858
545.45836
545.95858
545.98870
546.35854
546.64162
546.85840
547.19170
547.42498
547.99168
548.07508
548.13868
548.87494
548.90824
549.30808
549.50836
549.58846
549.77482
549.86770
550.13842
550.67470
551.95060
552.50794
552.65794
552.74134
553.19146
553.67434
553.72450
554.29102
554.62444
554.67436
555.03802
555.20776
555.29128
555.33808
555.50776
555.97120
556.97428
557.02390
557.14054
557.44084
558.72412
558.94366
559.06018
559.25734
559.29070
559.58758
560.27386
560.41024
560.72398
560.89054
561.39706
561.52378
563.09038
563.80690
564.02362
564.40390
564.42346
564.79006
564.86608
564.89020
564.97354
565.50640
565.71604
565.80376
566.03992
566.42620
566.90674
567.17326
567.28684
567.48970
567.55960
567.58978
568.08970
568.47298
568.80634
568.93234
569.18974
569.32318
569.38972
569.79256
570.00634
570.87298
571.12276
571.20310
571.33648
571.48960
571.53940
571.79572
572.12290
572.20606
572.51968
572.70598
572.82244
573.15604
573.23932
573.88912
573.92236
574.25590
574.51936
574.63912
574.67530
574.83910
575.57212
575.63884
575.91916
576.12220
576.47206
576.69148
577.37200
577.38850
577.98850
578.18836
578.32834
578.48836
578.55502
578.65492
578.88814
579.78820
580.25476
580.65472
581.10460
581.17138
581.87764
582.27382
582.65434
582.81796
582.90436
582.95710
583.05130
583.21072
583.25704
583.80418
583.90102
584.35402
585.18718
585.18994
585.36748
585.53998
585.55372
585.83692
585.97042
586.35370
586.57018
586.63396
586.85350
587.20330
587.95324
587.98636
588.90592
588.98644
589.13332
589.35304
589.51942
589.81948
589.91950
589.97266
589.98622
590.20558
590.41942
590.89948
591.06910
591.48568
591.53560
591.68560
591.74938
591.88576
592.01602
592.05226
592.53544
592.61878
593.13526
593.51128
593.60200
593.68222
593.76838
594.52798
594.55168
594.57784
594.80170
594.86818
595.30126
595.31500
595.59106
596.00122
596.08726
596.25106
596.60092
597.80056
598.08382
598.09426
598.09750
598.78366
598.85032
599.63326
599.68048
599.71948
600.63292
600.75622
600.87994
601.01614
601.24948
601.57966
601.86580
602.19598
602.26276
602.43850
602.56564
602.66560
602.88214
603.41818
604.03192
604.66468
604.74514
604.83154
604.86484
605.18140
605.34820
605.59492
605.73136
605.88124
605.91454
606.64762
606.72094
607.51396
608.21674
608.33056
608.65636
609.08032
609.16366
609.96334
609.98014
610.52992
610.74670
610.91002
611.54644
611.72956
611.99320
612.46252
612.49594
612.61258
612.67924
612.76546
612.82924
612.87934
613.24570
613.27900
613.51246
613.71226
613.76536
614.69560
614.98780
615.07858
615.16462
615.32848
615.68776
615.86188
616.27834
617.26162
617.79478
617.95810
618.83704
618.84436
619.49284
619.50796
619.65790
619.94428
620.31070
620.34418
620.65768
620.96062
621.26044
621.28012
621.56068
622.18360
622.26040
622.35718
622.89352
622.97680
623.11024
624.05704
624.12652
624.45970
625.02628
625.04572
625.17622
625.62604
625.96582
626.07292
626.12596
626.19274
626.57866
626.83942
628.27534
628.34200
628.70848
628.99186
629.51782
630.44140
631.07476
631.62454
633.22702
633.32428
633.70720
633.99352
634.02412
634.17070
634.43062
634.44358
634.84054
634.85704
634.87372
634.89976
634.92400
635.45710
635.75980
635.82376
635.85412
636.08728
636.77362
637.20670
637.21588
637.31668
637.47040
637.81594
637.83994
638.07334
638.19268
638.62306
638.68996
638.72290
638.73670
638.75656
639.62284
640.00618
640.15624
640.30618
640.38952
640.77274
640.77568
641.70874
641.87278
641.98630
642.59200
642.63898
643.00576
643.12222
643.15270
643.22272
643.45576
643.60570
643.75570
644.37880
644.60554
644.78872
645.17224
645.23872
645.48544
645.61912
645.70516
645.93124
646.50502
646.57174
646.83862
647.13832
647.17168
647.25508
647.94766
647.97172
648.02170
648.36418
648.38824
648.98518
649.48174
649.78798
650.09434
650.63788
651.00142
651.60154
651.62110
652.08778
652.13470
652.17094
652.38760
652.40440
652.55434
653.30428
653.58742
653.97082
654.55402
655.23730
655.28746
655.40410
655.52068
655.92070
656.26762
656.38732
656.47060
656.50390
656.57074
656.65378
656.91784
657.03712
657.52066
657.90388
657.97720
658.32052
658.78714
659.30386
659.53720
659.69026
659.83720
659.87050
660.52084
660.52360
660.70396
660.88738
661.45114
661.53736
661.88008
662.22064
662.27074
662.60404
662.67100
662.98744
663.36058
663.80428
663.88762
664.10140
664.12366
664.36792
664.52098
664.60432
664.63762
664.79698
664.87102
664.93768
665.65456
665.73472
665.99470
666.02104
666.03760
666.42124
666.56824
666.60478
666.72136
666.83794
666.98494
667.02424
667.05454
668.08822
668.18800
668.33818
668.72152
668.76136
668.87446
669.17152
669.25486
669.51436
669.62170
669.77176
669.78838
670.03858
670.42156
670.54138
670.72192
671.15230
671.22184
672.69544
672.78886
673.07224
673.28878
673.58890
673.67236
673.84822
674.27536
674.65594
674.76946
675.12238
675.75610
675.81976
676.00612
676.56262
676.63648
677.33950
677.40616
678.29626
678.38992
678.47314
678.91312
679.75372
680.20648
680.47336
680.98732
681.07372
681.23728
681.29026
681.90700
681.98740
682.02364
682.42372
682.68742
682.80436
682.82356
682.92382
683.65744
683.72398
683.80726
684.24088
685.00762
685.04374
685.10464
685.42432
685.44112
685.48798
686.39098
686.64106
686.79118
687.18814
687.28402
687.50788
687.51448
687.54088
687.64120
688.10794
688.42468
688.72438
689.11492
689.15812
689.54446
689.66482
689.70508
689.82490
689.84158
690.07486
690.22498
690.32200
691.00546
691.00840
691.13128
691.17214
691.62520
691.80856
691.95556
692.07526
692.70850
693.19204
693.65878
693.72544
693.90586
693.94504
694.87552
695.02576
695.33950
695.38936
695.61562
695.80930
696.07588
696.16198
696.82600
697.04278
697.35946
697.55938
697.66870
697.89292
698.24272
698.30638
698.64286
698.95960
699.02614
699.20974
699.24004
699.62638
699.74290
699.90970
699.97654
700.04962
700.37668
700.55992
700.60990
700.79350
701.32372
701.44366
701.46286
702.22690
702.48358
702.87712
703.02694
703.06696
703.14376
703.42708
703.57726
704.08390
704.17438
704.34400
704.69410
705.17734
705.34114
705.41092
706.11106
706.24138
706.71100
707.82808
708.17530
708.69490
708.73852
708.76456
708.84496
709.52842
710.25454
710.51482
710.54236
710.61214
711.11236
711.11512
711.39256
711.41548
711.49852
711.94576
712.43206
712.54594
713.38222
713.64628
713.94628
714.09634
714.24634
714.26008
714.39640
715.14958
715.57012
715.89388
716.31370
716.61370
717.11398
717.14734
717.26392
717.44734
717.64006
717.67774
718.04758
718.19770
718.51432
718.58122
719.03116
719.26444
719.36158
719.38762
719.64796
719.82820
720.83146
720.84832
721.22848
721.23148
721.41178
721.74550
721.94548
722.01520
722.13190
722.51542
723.29590
723.68224
724.80244
724.96600
725.18302
725.51614
725.88286
725.98018
726.54262
726.74254
727.44322
727.60030
727.93078
728.30062
728.61412
728.61736
728.98408
729.15082
729.34348
729.38410
729.43414
729.55750
729.81760
730.79836
731.04112
731.06812
731.96530
732.01528
732.70186
732.86554
732.94906
732.95182
733.03234
733.65214
733.75228
734.08558
734.65246
734.65534
734.76286
734.83600
735.21940
735.51928
735.60262
735.98620
736.10296
736.38004
736.80334
736.86988
737.48662
737.51998
738.26722
738.53704
738.99640
739.27048
739.55386
739.93744
740.13028
740.56336
740.72092
740.75446
740.98486
741.11800
741.52102
741.93802
742.22134
742.42156
742.68202
742.69120
742.78834
743.27170
743.97178
744.65230
744.87220
744.99544
745.34170
745.38898
745.52218
746.41936
746.52256
747.13966
747.76996
748.83676
748.98970
749.17330
749.67328
749.84008
750.05680
751.25704
751.37374
751.40698
751.43410
751.44010
751.60378
751.82356
752.30716
752.40706
752.54692
752.89054
753.48760
753.49072
753.78322
753.93784
755.12104
755.37436
756.14098
756.59386
757.00450
757.26424
757.34776
757.45474
757.48804
757.73374
757.99114
758.04130
758.29138
759.04138
759.32428
759.42466
759.45520
759.58132
759.69166
759.75514
760.22164
760.65514
760.66846
760.77898
760.88866
761.80840
761.85106
762.34150
762.52210
762.64186
762.67216
762.81478
762.94174
764.17528
765.02230
766.15126
766.20880
767.14222
767.15884
767.21830
767.35882
767.85880
768.08482
768.40588
768.58486
768.73204
769.02538
769.14232
770.29228
770.30584
771.27280
771.29230
771.33220
771.34222
771.34516
771.85900
772.20910
772.66828
773.27554
773.86558
773.89210
774.20890
774.29212
775.25866
775.63210
775.82548
776.10886
776.97550
777.17554
777.89194
777.97822
778.19194
778.25566
778.27504
778.49194
778.81492
779.35870
779.37532
779.43892
779.56786
779.65582
779.91154
779.95126
779.97814
780.04198
780.12520
780.20872
780.34186
780.82522
780.90844
781.09210
781.30132
781.90576
781.97542
782.47510
782.59468
782.65852
783.04174
783.40840
783.76798
783.85864
784.00876
784.20874
784.32526
784.50550
784.63168
784.90144
785.49190
785.62504
785.75554
786.17542
786.32242
786.76150
786.94186
787.02232
787.10854
787.14184
787.15870
787.69216
788.22514
788.37538
788.79178
788.97232
789.00856
789.39196
789.77836
789.84196
789.98902
790.07524
790.82224
791.05876
791.21524
792.38476
792.57544
792.75862
793.10590
793.14208
793.29232
793.97548
795.02548
795.10888
795.14224
795.67552
795.75874
795.82534
796.00882
796.13188
796.24210
796.40584
796.74214
796.82236
796.91542
797.11552
797.82574
797.88934
798.12580
798.40888
798.73954
798.74224
798.89254
798.93478
799.34266
799.54900
799.57588
799.62580
799.72582
799.80886
800.35900
800.49526
800.57566
801.50938
802.04236
802.13980
802.25914
802.72600
802.85950
802.97608
803.02324
803.05960
803.23990
803.54284
803.99314
804.17338
805.85692
805.96012
806.22676
806.35006
806.52688
806.82712
806.97694
807.14362
807.27400
807.40030
807.74380
807.74662
807.81052
808.17718
808.26070
808.35382
808.40752
808.52428
808.74394
808.79398
809.69134
810.34438
810.40816
810.67798
810.70834
810.92044
811.00834
811.07794
811.09474
811.24462
811.54456
812.70430
812.83504
813.06172
813.77554
813.77854
813.99538
814.60912
814.84270
814.99552
815.01874
815.47168
815.52904
815.55514
816.11266
816.34288
816.35950
816.41260
816.86272
817.06900
817.25272
818.13880
818.97238
819.01324
819.04666
819.22984
819.83284
819.89662
820.31350
820.79692
820.91362
821.21380
821.89732
822.14446
823.48114
823.89490
824.01448
824.22850
824.31466
824.86492
826.14856
826.20520
826.23190
826.44874
826.61518
826.83232
827.06248
827.29894
827.74900
827.77612
827.81590
827.84896
828.21598
828.69202
829.64968
829.66330
830.23324
830.43322
830.56672
831.84736
831.96724
833.41774
833.66476
834.15124
835.00168
835.03468
835.60186
836.01124
836.48536
837.03568
837.33250
837.65248
837.77224
838.15288
838.32232
838.53910
838.56958
838.64290
838.66978
838.75306
838.79560
839.43358
840.37012
841.12054
841.26742
841.33714
841.47376
841.53406
841.80082
842.14690
842.18710
842.40406
842.48416
843.10114
843.32080
843.55102
843.80446
843.91792
844.12396
844.30138
844.30438
844.33798
845.38822
845.53810
845.61838
845.62138
845.85502
846.04468
846.60514
846.63514
847.38856
847.53550
847.53856
847.59148
847.88854
847.96162
848.00230
848.12206
848.87218
849.03874
849.32212
849.65254
849.73582
849.85570
850.21948
850.78624
851.10568
851.15596
851.32264
851.70598
852.78946
853.13968
853.47286
853.85332
854.07016
854.15320
854.75662
855.02038
855.02338
855.03262
855.08662
855.25648
856.07326
856.75978
857.35702
857.67076
857.85412
858.19330
858.42088
858.63316
858.65428
858.95446
860.08090
861.15790
861.20800
861.21706
862.37488
862.99162
863.45848
864.57250
864.68512
865.22566
865.59238
865.62550
865.73944
866.05612
866.12284
866.25928
867.53272
867.62320
867.88288
868.19308
868.85686
868.91002
870.02968
870.76036
870.87412
871.05298
871.41058
871.77742
871.81066
872.01082
872.08396
872.24410
872.29096
872.47750
872.81362
873.11092
873.41104
874.27480
874.29448
874.77766
875.07802
876.09478
876.28480
876.36430
876.92524
877.04482
877.11178
877.22818
877.44520
877.52854
877.66162
877.91176
878.04520
878.12872
878.46196
878.71210
879.34558
879.59236
879.82894
879.88522
880.54564
880.71226
881.36254
881.44564
881.56252
881.64574