0.76854
0.84402
0.89406
1.37610
1.84464
1.87776
1.89066
1.89852
1.90440
1.91232
1.91508
1.93464
2.33790
2.36124
2.36370
2.37798
2.42142
2.49072
3.36318
3.45420
3.55080
3.56982
4.40694
4.41744
4.42026
4.43472
5.65002
5.90940
5.96718
5.97672
6.18678
6.19626
6.34662
6.52008
6.52620
6.84726
6.95616
7.12956
7.38894
7.42644
9.21300
9.23130
10.18620
10.20246
10.58562
10.58916
10.60896
10.64256
11.82186
11.82534
11.92626
11.98548
11.99712
12.13542
12.14556
12.79188
12.94824
13.17510
13.45182
14.23488
15.61212
15.72462
15.83442
16.13442
16.16082
16.21458
16.51782
16.91454
16.96068
19.53372
19.57590
21.08352
21.11928
22.35654
22.36326
22.36644
22.77042
22.77408
23.17962
23.22228
23.27670
23.28210
23.30196
23.71908
23.78010
23.79060
23.81904
23.83614
24.18294
24.21966
24.23928
24.85662
24.94182
25.08198
25.20570
25.77228
25.82616
26.62458
26.72892
26.76198
26.98992
27.29856
27.87864
28.53174
28.70742
28.81170
29.07852
29.38386
29.76444
29.76738
29.88108
29.93136
29.94534
29.97834
29.99826
31.09464
31.19784
31.63086
33.07014
33.10392
33.29700
33.34602
33.37368
33.80658
34.27710
34.51356
34.53024
34.82994
34.98426
35.49696
35.52006
35.57976
36.01020
36.67992
36.71280
36.71454
36.72684
36.84336
36.99216
37.02978
37.07232
37.10298
37.12260
37.18602
37.22940
37.24338
37.25022
37.87662
37.88262
37.88898
37.89660
37.91268
37.92942
38.24622
38.41278
39.07920
39.42936
39.83952
40.09272
40.21674
40.41252
40.95624
41.26224
42.77442
42.78138
42.78492
42.80574
42.93540
43.29210
43.42866
43.71168
44.53776
44.65500
45.09504
45.83862
45.84498
46.42710
47.46150
47.77482
48.18444
48.45054
48.52434
48.52680
48.54126
48.58056
48.97818
48.99402
49.32786
49.35966
49.46772
49.85832
50.19672
50.34414
50.63004
50.76978
50.91354
50.94120
51.05430
51.27414
51.34392
51.49020
51.59394
51.71052
51.77742
51.78000
51.78468
52.91634
52.92408
52.94970
52.98666
53.21028
54.07044
54.68310
54.69330
54.82338
54.83646
56.14332
56.62614
56.63664
56.63970
56.81640
56.82336
56.83674
56.84568
56.85294
58.24560
58.70298
58.70928
58.74678
59.01606
59.02572
59.20920
60.54942
60.60258
60.67254
60.69234
60.95886
61.54212
61.70118
61.70844
61.72542
61.85844
63.24510
64.03854
65.23536
66.20118
66.55794
66.70788
66.80790
66.81222
67.81176
69.09540
69.09708
69.18012
69.25710
69.26424
69.62694
69.67686
69.68358
69.69078
69.70788
70.64064
71.36004
71.36712
71.39040
71.48772
71.56398
73.61892
73.66680
73.92048
74.16270
74.21376
74.62572
74.63526
74.64942
74.75244
75.59298
75.64656
75.77334
75.77982
76.35336
76.40334
76.52946
77.00634
78.13002
78.13638
78.14640
78.15618
78.18996
78.54642
78.58560
78.58962
78.74250
78.81558
78.87300
79.35294
79.66920
80.44584
80.77500
80.99244
81.03948
81.04854
81.05562
81.05880
81.09378
81.11232
81.11520
81.38898
82.63194
82.65612
82.66506
82.72278
82.83264
83.56908
83.57136
83.59182
83.65224
83.93886
84.07176
84.09546
84.63156
84.71526
86.35518
86.45232
88.45188
88.49442
88.60488
88.87146
89.25486
89.29086
89.29734
89.35446
89.38074
89.50488
90.03426
90.07110
90.19452
90.80430
91.04046
91.38438
91.51074
91.55436
91.83048
91.87104
91.87776
91.88724
91.93038
92.64642
92.72994
93.40074
93.40380
93.42342
93.43704
93.93012
94.32690
94.73682
94.85646
95.09364
95.28996
96.07284
96.13686
96.23688
96.27288
97.25616
97.26246
97.30278
97.44312
97.45560
98.35596
98.47482
99.42714
99.42888
99.43884
99.80628
99.83310
99.86964
100.72254
101.62260
101.67246
101.68548
101.74602
102.69870
103.15824
103.20510
104.18862
104.75478
105.33396
105.43872
105.75168
106.11102
106.20450
107.93346
108.46494
108.48480
109.05696
109.47720
109.66404
110.18070
110.24082
110.28126
110.28396
110.83044
110.85018
111.32700
111.33684
111.36624
111.38646
111.40746
111.44790
111.46710
111.91386
111.92034
111.94056
111.98400
111.99714
112.00890
112.64592
113.24718
113.25666
113.79378
114.28062
114.29256
114.31344
114.34122
114.35328
114.45012
114.91908
115.37994
115.42998
115.67616
115.68294
116.51628
116.56608
116.61522
116.62050
116.62506
116.69952
116.70240
117.38922
117.85212
117.91254
118.10904
118.29252
118.31880
118.33764
119.01312
119.56836
119.78502
120.73788
120.74214
121.43922
121.52814
122.12814
122.17806
123.36408
123.39774
123.54774
125.77734
125.81010
125.84190
125.85360
126.79662
126.81960
127.60584
127.65642
127.71234
127.71990
127.98648
128.09280
128.72946
128.88240
128.94018
129.38610
129.40830
129.61602
130.42332
130.42914
130.45278
131.21250
131.21886
131.22966
131.90586
132.52800
132.70218
134.83782
134.86434
134.91576
134.94492
134.95452
135.09192
135.55170
135.58776
136.38876
136.45746
136.48134
137.32806
137.46852
137.52456
137.55342
137.55870
137.62170
138.80784
139.37472
139.40514
139.83396
139.86384
139.88124
140.17140
140.22786
140.42052
140.60760
140.61744
140.80314
141.15072
141.19080
141.40440
141.49440
141.51030
141.51792
141.56064
143.05752
143.88966
144.11034
144.14664
145.13040
145.16610
145.17984
145.62336
145.65684
146.44986
146.45682
146.86962
146.88594
146.90406
146.91438
146.94294
147.13308
147.18672
149.20902
149.23038
149.30202
149.43924
149.44290
149.45694
149.50920
149.51628
149.53548
149.54562
149.55204
149.58234
149.86854
150.30210
150.58590
151.06272
151.46556
151.54878
151.64508
151.68588
151.81956
152.89512
153.18936
153.65844
153.95886
154.73490
154.76136
155.20524
155.49684
155.53158
155.53824
155.56152
155.56896
156.92502
156.95838
157.70538
158.06106
158.66154
159.41754
159.55818
160.03428
160.97364
160.98390
160.98768
161.40456
161.45670
162.10776
162.11058
162.11394
166.24098
166.88364
166.88730
167.61684
167.67108
167.67384
167.98074
168.23094
168.23346
168.42408
168.68082
169.59060
169.66404
169.70424
169.73358
170.32650
170.34360
170.36028
170.37714
170.51382
170.77794
170.89032
173.19972
173.60394
173.65104
173.83698
173.96040
174.44028
174.48030
174.51000
174.83346
174.90720
174.96738
175.58388
175.67352
175.71474
175.78374
176.52396
176.60418
176.70042
177.33696
177.41598
177.42678
177.88704
178.60956
178.66326
179.04354
180.73668
180.86130
181.29006
181.98006
182.71704
182.73384
182.76324
184.84008
185.08728
185.09970
185.13270
185.14992
185.18664
185.47986
185.52618
186.46992
187.54992
187.64238
187.91628
187.96338
188.78634
189.61998
189.64920
189.72582
190.70676
190.70940
190.73292
190.74156
190.76598
191.41308
191.57658
191.58360
192.15978
192.99672
193.00962
193.02618
193.46364
193.90422
193.91622
193.92930
193.95960
194.06076
194.70966
195.44664
195.45054
196.36368
196.69032
197.12616
198.24660
199.11684
199.12578
199.12986
199.22022
199.80918
199.85346
200.41056
200.80620
201.80928
202.13670
202.15338
203.18976
203.19900
203.21550
203.22792
203.99916
204.01320
204.55578
204.58338
204.58674
204.64548
205.10622
207.65208
207.70332
207.89274
208.09302
208.54632
209.11350
209.11902
209.56110
209.64300
209.72328
210.22632
211.30356
211.34004
211.38990
211.48368
211.53252
211.59780
213.04890
213.77340
213.91320
213.92610
213.93906
214.91580
214.93386
216.40362
216.43020
216.44688
216.60684
216.82626
217.40724
218.13288
218.69052
218.72040
219.36360
219.38286
219.42030
219.48708
219.49008
219.57336
220.00662
220.07934
220.08240
221.09658
221.61630
221.96352
221.99004
221.99310
222.64914
222.82710
223.00632
223.03668
223.05666
223.34310
223.34544
223.72638
224.39880
224.40672
224.41242
224.45676
224.45940
224.47608
224.50914
226.24584
226.30332
226.49652
226.54284
226.56234
226.57008
226.61586
226.64586
227.36988
227.43696
227.45544
227.46372
228.00666
228.03666
228.15648
228.34302
228.37296
228.61626
228.87618
228.90648
229.64430
229.69584
230.14590
230.15952
230.46528
231.85374
231.92628
233.29254
233.86986
234.24744
234.27036
234.31998
234.33606
234.40968
234.50910
236.55504
236.59344
236.61558
236.62626
236.67234
237.22284
237.71790
238.35960
238.39248
238.74912
239.51802
239.54004
239.74932
239.89266
240.09924
240.50316
240.57348
240.59298
240.60690
241.03254
241.04670
242.37948
243.90192
243.93702
243.94380
244.00032
245.05356
245.06100
245.07708
246.44898
247.36014
247.37358
247.72932
247.73370
247.77342
247.85958
248.98992
249.88290
249.93726
249.98028
250.44180
250.44666
250.84014
251.51640
251.52336
251.64930
252.65664
252.67368
252.69960
252.71328
252.71994
254.63286
254.90646
254.92614
255.57120
255.60312
255.64626
255.68256
256.27638
256.29342
256.30032
256.30344
256.33656
256.33986
257.24916
258.15372
258.96900
259.53270
259.55310
259.55544
259.61064
259.89264
260.07642
260.08638
262.27956
262.37592
262.38330
262.92324
262.95228
262.96674
263.38650
263.97324
264.09006
264.11706
264.14250
264.15660
264.85296
265.54812
266.34126
267.03318
267.47274
267.51618
268.46610
268.83948
269.76864
269.77704
269.79258
269.81670
269.84562
269.86590
269.94336
270.73290
270.79248
271.25628
271.28628
271.67922
271.72542
271.73946
271.75494
271.76934
271.77240
272.52258
272.98596
273.00342
273.33546
273.34218
273.36654
273.61686
274.39890
274.91934
275.09556
275.09850
275.15328
276.14520
276.95622
277.50282
277.80210
278.51616
279.42630
279.43434
279.43902
279.47910
280.39224
280.40268
280.42230
280.44246
280.44864
280.46304
280.46526
280.51554
280.60092
280.73544
281.47482
281.47902
281.50206
281.50752
281.52222
281.52906
281.53902
281.59806
281.70558
281.78238
283.44642
283.91616
284.97246
287.46966
288.17610
288.18198
288.21816
288.22872
289.22466
289.50306
290.13516
290.41536
290.42454
290.53878
290.88120
291.95508
291.95826
291.97632
292.19916
292.21878
292.22250
292.74138
292.75920
292.76274
292.76496
292.77054
292.88238
293.94150
293.96898
293.98158
294.82242
295.22202
295.41294
295.45518
295.99506
296.65188
296.67858
297.67830
297.70164
298.96896
299.31450
299.40174
300.18528
300.20838
300.21840
300.25482
300.26256
300.27816
300.32136
300.63552
300.66132
301.44150
302.10018
302.58102
302.58822
303.14484
303.28464
303.62454
303.63870
304.37778
304.39476
304.43820
305.67798
306.07134
306.07728
306.16374
306.56214
306.97500
306.99138
308.96022
309.00102
309.03756
309.44460
310.02390
310.03416
310.05714
310.08396
310.14462
310.66392
311.73414
313.02420
313.18110
313.20762
313.27722
313.37754
313.80852
313.84182
313.91388
314.29722
314.84028
314.84778
315.04698
315.78120
315.90780
315.93420
315.94938
315.95826
316.06062
316.24764
316.99038
317.43354
317.80686
317.81448
317.82732
317.87346
317.90376
318.12072
318.58710
318.77736
318.78408
320.72742
320.73336
320.74080
320.77074
321.33750
321.46602
321.49770
321.51420
321.57084
321.58452
322.16748
322.53762
322.55862
323.40690
323.98116
324.00084
325.00398
325.44060
326.47734
327.34386
327.44016
327.47346
327.49656
328.08612
328.09386
328.12080
328.28364
328.29630
328.30698
328.45074
328.46046
328.46334
329.07816
329.18364
329.34768
329.50404
329.52378
329.73018
330.09396
330.17034
330.23094
330.86724
330.88416
330.90060
332.54736
332.57016
332.59458
332.60370
332.62488
333.62334
333.64716
333.75342
333.78738
333.82692
333.84636
333.91002
334.40400
334.44294
334.45344
335.68344
336.29028
336.30366
336.33648
336.48240
336.48690
337.33944
337.35606
337.42278
338.13348
338.39874
339.05322
340.01970
340.05666
340.07286
340.09620
340.42650
341.20236
341.40330
342.38016
342.41958
343.15968
343.16328
343.18308
343.74972
344.07882
344.50566
345.66474
345.67194
345.68868
345.69966
345.74514
345.83304
345.88602
346.09242
346.09932
346.94946
346.96068
347.54922
347.61906
348.28578
348.28896
348.96900
349.07958
349.18584
349.72560
350.44494
350.52168
350.76564
351.23574
351.32508
352.92834
352.99170
352.99596
353.02206
353.65218
353.78586
355.06896
355.24926
355.33176
355.99560
356.07162
356.10252
356.14242
356.19456
356.20218
356.23302
356.81178
357.40866
357.69906
357.73458
358.42902
358.93218
358.93428
359.76498
359.77818
359.78910
360.50508
362.02782
363.03516
363.06126
363.08184
363.08814
363.49926
363.56838
364.12164
364.13778
364.15824
364.16490
364.51224
365.97402
365.99544
366.30474
366.34926
366.36816
367.10130
367.11816
368.55516
369.75132
369.92034
369.94812
370.39788
370.41444
370.48224
370.58118
371.29788
371.30238
371.66754
371.81700
372.23748
372.54474
372.63432
372.64080
372.74742
372.75102
372.99096
373.08444
373.13412
374.65080
376.09386
376.10838
376.13100
376.15338
376.15728
376.18074
376.51722
377.56764
377.95350
378.00684
378.22314
378.69948
379.31292
379.39746
379.40052
379.75044
380.69454
381.35988
381.43086
381.74058
382.50300
382.99704
385.06968
385.07844
385.08774
385.09722
387.06324
387.12330
387.16644
387.20016
387.25398
387.37656
388.01016
388.34688
388.88958
388.93314
388.95654
389.00352
389.13300
390.74934
390.75606
390.79428
391.40940
391.96284
392.30598
392.32938
393.34314
393.35688
393.36876
393.42972
393.46596
393.65910
393.81618
394.08264
394.52232
394.59924
394.65858
394.91850
394.93254
395.14164
396.82440
397.83828
398.32872
398.73174
399.37026
400.13418
400.81926
400.84032
400.89498
400.89786
400.92726
401.59824
401.67474
401.77104
402.67368
402.73122
403.86426
403.87122
404.19456
404.27790
404.28096
404.39112
404.68404
404.76324
404.99070
405.02046
405.17064
405.59730
406.49718
406.56390
406.60398
406.63056
406.66386
407.26062
407.59956
407.60742
407.66052
408.89436
408.92988
408.93294
408.97668
409.03344
409.06356
411.24690
412.43718
412.48728
412.49562
413.36022
413.66232
413.67252
413.72646
413.79666
413.84658
414.16608
415.04610
415.16568
415.50300
415.52568
415.70544
415.81278
415.86600
415.87962
415.91286
416.09634
416.24292
416.73942
417.27198
418.62318
418.79880
418.84902
420.30636
421.52202
421.52610
421.54578
422.33820
422.34606
422.82444
422.87586
422.92920
423.62958
423.63552
424.44186
424.51878
424.55214
424.85298
424.89246
425.98662
426.07278
427.76184
427.88178
428.87820
428.88780
428.94804
429.40218
429.45108
430.03824
430.04490
430.21608
430.27878
431.51832
431.66604
431.69448
433.29420
433.74126
433.75866
434.83140
436.61178
437.09514
437.13474
437.28936
437.29524
437.35428
437.57112
438.13128
438.24510
438.55188
438.56508
438.58488
438.71478
438.83862
439.46160
439.65702
439.67580
439.69866
440.67528
442.44912
442.55652
442.58826
442.59402
442.61172
442.64820
443.67864
443.73192
444.58902
444.61818
444.63294
444.72012
444.85434
444.87516
445.20828
445.68510
445.69506
445.71942
446.65770
446.72832
447.19236
447.57102
447.77826
448.09860
448.38714
448.39794
449.46894
449.47062
449.97078
450.66462
450.72492
451.94808
452.13750
452.50386
452.56542
452.57046
452.58126
453.24480
453.44460
454.28736
454.76430
454.80390
455.30118
455.93700
457.04154
457.51200
457.54452
457.56870
458.69460
458.73066
458.73444
458.75448
458.76108
459.92082
460.24740
460.30734
460.33746
460.34364
461.00790
461.28444
461.33214
461.38416
461.52504
462.59094
462.98790
463.02468
463.03842
463.63452
463.70868
463.71276
464.41128
464.93424
464.94414
464.95140
465.97770
466.11798
467.74416
467.74734
467.76126
467.80452
468.66108
468.66780
468.83454
469.68114
469.88430
470.26104
471.64452
471.81096
471.84456
472.46100
472.57056
473.13750
474.36414
474.39708
474.44142
474.82050
474.91104
474.91500
474.95328
475.35084
475.37934
475.40382
476.19876
476.62170
476.65428
476.75772
477.64110
477.65394
478.30122
478.43682
480.47772
480.87780
481.55412
481.61346
481.65366
482.42796
482.93418
482.94420
485.26458
485.27136
485.32464
485.33538
486.03066
486.44184
487.80780
488.56434
488.66094
488.76150
489.26424
490.13226
490.15860
490.16310
490.18494
490.22766
490.28430
490.51140
491.26116
491.33766
491.36124
491.37498
492.27522
492.39450
492.45510
492.50820
492.96504
493.28064
493.75788
494.08068
494.26464
495.94416
495.95490
495.96480
496.07772
496.81062
496.82418
496.84854
497.42394
497.46726
498.16044
498.18366
498.34404
498.41046
498.43380
498.45072
498.45366
498.45744
498.47076
502.56432
502.57686
502.69014
502.69668
502.71888
503.37696
503.37972
503.40006
503.46156
504.34044
504.34272
504.43986
504.70386
506.48526
507.30954
508.24236
508.25298
508.26906
508.33566
508.39620
509.18238
509.18490
509.21808
510.34584
510.35142
510.41172
512.35554
512.40534
512.43438
512.74932
512.78490
513.92490
513.98430
514.01106
514.01508
514.02048
514.04430
514.15488
516.57738
516.68712
516.72450
516.75090
516.80760
517.22856
517.27392
520.08048
520.59456
521.77470
521.78670
521.79294
521.81970
522.85938
523.42074
523.47018
523.90662
524.58348
524.63970
525.10134
525.11832
525.27960
525.29388
525.32274
525.33240
525.37680
525.38976
525.42618
525.48228
525.53208
525.76380
526.46184
526.82190
526.90314
527.08818
527.11260
527.13312
528.03924
528.68208
528.71850
529.23594
530.26848
531.01842
531.02478
531.10818
531.13146
531.71484
531.84810
531.86118
531.94896
532.02486
533.14272
533.17434
533.18832
533.55180
533.69748
534.61848
534.72120
535.51122
535.56198
535.59864
535.72452
535.79856
537.18798
537.25176
537.42486
537.43488
537.44238
537.44460
537.57438
537.77160
537.81888
538.46388
538.67154
539.18700
539.21838
541.49196
541.49478
541.51476
544.06122
544.10142
545.33040
545.33502
546.28692
546.67140
546.72426
547.41162
547.43826
547.45464
547.78032
547.80876
548.20476
548.54106
548.60928
548.64690
548.75490
549.28518
549.31464
550.03542
550.83054
550.86438
550.90470
551.93502
551.95392
552.71526
553.75476
554.49888
554.52150
554.54742
554.57520
555.07128
555.09792
555.73170
555.76290
556.35516
556.59300
556.71894
557.51454
558.06864
558.07242
558.07686
558.10962
559.09842
559.51866
559.53786
559.57812
561.48546
561.87162
561.87780
562.16406
562.41162
562.42170
562.76136
562.79820
562.81842
564.49476
564.55482
564.66090
564.67134
564.67464
565.07724
565.12182
565.78794
566.28180
567.24480
567.24792
567.25446
567.80136
568.51476
568.51824
568.54806
569.12106
569.46384
569.46798
569.86446
571.69014
572.70672
572.76768
572.79168
572.79366
573.06738
573.07368
573.08610
573.09066
573.17670
573.22032
575.73054
575.74602
575.74998
577.22976
577.25016
577.30992
577.69716
577.72026
578.33646
578.88348
579.86364
581.57952
582.18288
583.09596
583.13952
583.16238
583.54386
585.04950
585.06948
585.11322
585.20538
585.80448
585.81594
585.81864
585.83622
585.87930
586.51806
587.14914
587.21304
587.23566
587.50908
588.71616
589.06176
589.22856
589.23270
590.28240
590.42838
590.56572
591.33570
591.33810
591.39498
591.79866
591.80226
591.82368
591.82524
592.11882
592.23210
592.35240
592.49328
592.61862
592.63212
592.66236
592.72626
592.87182
592.90470
592.97148
593.64240
595.19130
595.20882
596.15214
596.17812
596.81370
596.87268
596.96556
597.58578
597.76548
597.89946
597.97146
598.70970
598.73562
598.74480
598.76886
599.37804
599.46618
601.24872
601.46910
601.47528
601.54608
601.79634
601.81920
602.41884
602.64996
602.82258
602.83434
603.56934
603.66828
604.33218
604.34898
604.42194
604.49898
604.50528
604.62900
604.82232
605.02872
605.06610
606.06558
606.18564
606.30252
606.71880
606.73212
608.20248
608.71182
608.71584
608.72622
608.75520
609.33324
609.35226
609.46926
609.61200
611.49072
611.51958
611.56188
611.61930
612.09678
612.10536
612.11916
612.12588
612.13596
612.18540
613.19814
613.88610
614.12976
614.58012
614.63760
614.85264
616.23900
616.30884
617.50674
617.51208
618.04290
618.09558
618.72924
619.32636
619.45698
620.31948
620.32398
620.32926
620.53314
621.06978
621.07296
621.08928
621.15276
621.19272
622.07658
622.74294
624.63972
624.64374
624.77718
624.85008
625.17036
625.33224
625.52040
625.52988
625.89600
625.90674
625.92330
625.99368
626.30718
626.96676
627.29028
627.97764
628.03686
628.77714
628.79808
628.89540
630.45132
630.63486
630.65094
630.67392
630.68460
630.73788
630.74226
630.75426
630.80448
631.94118
632.04480
632.16504
632.43192
632.49450
634.52832
634.55790
634.61880
634.70526
634.71822
635.42826
636.00174
636.00756
636.01518
636.72384
637.75128
638.05476
638.54724
639.54900
640.04508
640.10154
640.93212
640.96248
641.61840
642.33786
642.39840
642.41106
642.80178
642.81552
642.82170
643.89150
644.03844
644.45934
645.06150
645.07140
645.08826
645.21828
646.10304
646.11720
646.17132
647.40138
647.57424
647.58216
647.59458
647.61168
647.69460
647.69880
647.76402
647.85174
647.86482
648.55872
649.14060
649.20804
649.23792
649.30116
649.30758
649.32138
649.32420
649.35822
650.09130
650.80740
651.16800
652.29180
653.06820
653.10456
653.63532
654.22422
654.27414
654.27768
654.28818
654.29256
654.32748
654.33420
655.23828
655.27350
655.27554
655.28442
655.29174
655.30068
655.30752
655.33182
655.34520
655.34754
655.41114
656.23038
657.43428
658.03134
658.05720
658.10112
658.10448
658.48044
658.93782
659.54826
659.67096
659.78034
659.83134
659.96490
660.02112
660.16368
660.55428
661.32720
662.37750
662.40468
662.48136
662.50914
662.54070
663.33198
663.48762
664.70424
665.57880
665.60436
665.63784
666.17118
666.19446
666.20202
666.20718
666.21456
666.22542
667.57440
667.63782
668.81766
668.83776
668.87868
668.97066
669.05412
669.29400
669.35130
669.69102
670.70178
670.70388
670.76064
671.55762
672.71508
672.75750
673.26372
673.44744
673.54392
674.81778
676.07094
676.11810
676.14744
676.43094
677.14044
677.67780
677.74560
677.84748
678.34752
678.88410
678.91506
678.93810
678.94056
679.72710
680.46450
680.46816
680.48166
680.68680
681.36378
681.37482
681.68814
681.71412
681.95160
682.44438
682.53078
683.55822
683.57388
684.38724
684.39768
685.72764
685.76376
685.78794
685.82784
685.83480
685.86384
685.88046
685.93788
685.97814
685.98198
686.89134
686.91732
686.93484
686.98752
687.80742
687.81162
687.85482
687.95460
688.53024
689.69838
690.54426
690.57834
690.60438
690.71790
691.74096
692.12148
692.42520
692.51454
692.84400
692.87892
692.91438
694.54752
695.18790
696.67812
696.72108
696.76464
696.78078
698.07774
698.15754
698.28150
699.12132
699.15774
699.32118
700.56792
701.68806
701.72448
702.38106
702.51750
702.60876
702.71088
702.80112
702.80418
703.52436
704.47110
705.99828
706.21788
707.31996
707.43408
708.95412
709.58796
709.63740
710.13744
710.14056
710.14842
710.17866
710.19036
710.30916
711.28050
711.38466
711.39798
711.43764
711.95070
712.54044
713.09682
713.39370
713.41782
713.92392
714.42768
714.44784
715.68456
715.72080
715.76076
716.59200
716.60118
716.67126
717.24504
717.33696
719.41038
719.98998
720.00060
720.04008
720.14784
720.81024
720.82698
720.84642
720.93402
720.95718
722.30982
722.31432
723.05364
723.07008
723.07374
723.30810
724.23438
724.32060
724.34316
724.42956
724.43424
724.45356
724.48356
724.49292
725.00364
725.44626
725.73432
725.93064
726.31716
726.63978
726.65658
727.34334
727.34700
727.38666
729.21228
730.02144
730.02624
730.08618
730.34820
730.90044
730.94886
732.41256
732.41718
732.47214
732.52890
734.38578
734.44260
734.51898
735.01914
735.60498
735.99522
736.74162
736.92582
737.03544
737.13510
737.47854
737.53542
737.61144
738.29496
738.30852
738.32538
739.78944
739.87230
740.57766
740.77254
741.22794
741.28188
741.31848
742.17762
742.81500
742.81752
742.82532
744.17412
744.19224
744.88470
744.91770
744.93468
744.94416
744.96810
745.85388
745.91460
746.21724
746.30112
746.35824
746.58462
747.00552
748.05090
750.56772
751.15458
751.17684
751.18392
751.37646
752.13360
752.14440
752.18382
752.19708
752.28114
752.33400
753.55956
754.40664
754.53252
754.57632
754.58340
754.83024
755.50650
756.10632
756.20388
756.81348
757.15956
757.45020
758.18358
758.19342
758.21568
759.83598
760.13604
760.63578
760.65690
761.50644
761.53350
762.32094
762.37584
762.42996
764.24706
764.29326
764.84322
764.91024
765.11538
766.07568
766.10568
766.14276
766.15080
766.19862
766.88454
767.29632
767.44578
767.64552
768.17658
768.37956
768.41316
768.94164
768.96606
768.97764
770.69898
770.84832
770.98284
771.04218
772.55568
773.01090
774.30552
774.30942
774.33258
774.39900
775.90488
775.92426
775.95558
776.00502
777.40860
777.46218
777.85506
779.21808
779.30940
779.49546
779.51826
779.69580
780.24504
780.81180
781.09224
781.46490
782.97768
783.76212
783.94134
784.00596
784.02210
785.18628
785.20176
785.25792
785.62260
786.47430
786.50148
786.56628
786.94392
787.54836
787.59516
788.14848
789.38748
790.65486
790.67238
790.72830
790.98480
791.18460
791.56890
791.99466
792.05796
792.36774
794.51940
794.59800
794.89152
794.89800
794.91144
795.60120
795.61722
796.11432
796.41456
796.41786
796.43088
796.45080
798.30072
798.31362
799.26132
799.28094
799.32384
799.43394
799.50666
800.96100
801.12738
801.18402
801.32058
801.32700
801.51690
802.13682
802.61802
802.66392
803.11380
803.42328
803.43684
803.51046
804.32262
804.34086
804.36042
805.13010
805.13298
805.14354
805.14954
807.55008
809.47008
809.50650
809.52240
809.53362
810.38982
811.37994
811.41798
811.78008
811.97652
812.01648
812.21994
812.84994
812.87964
812.96352
812.98596
813.07272
814.19328
815.09322
816.34062
816.34668
816.36678
816.39678
816.40662
816.42330
816.75594
816.77280
817.53084
817.59006
817.59702
817.59972
819.31116
819.39738
820.06134
821.44464
821.45430
821.47476
821.47776
821.48496
822.61374
822.65082
822.66444
823.33116
823.35444
823.36290
824.70516
825.27558
825.39750
825.43848
825.48162
825.49074
826.69536
826.71198
826.73418
826.77468
826.79118
826.83834
827.49870
827.78634
828.32304
828.34860
828.37470
828.38844
829.69614
829.71600
829.77636
831.02238
831.02970
831.06966
831.10914
831.26928
831.29622
831.73716
831.74622
831.78966
832.00248
832.92684
832.93728
832.96656
833.24988
833.94558
834.13338
834.21714
834.37602
834.74994
834.80046
835.76418
837.10086
837.23748
837.71100
837.76776
838.41048
838.48140
838.70154
839.27448
839.65038
840.93396
841.29144
841.32114
842.09856
842.65200
842.92332
842.92518
843.60246
843.67812
843.69510
844.06878
844.07514
844.73244
844.86168
845.48532
845.49450
845.54946
845.77842
846.08550
846.09252
846.11874
846.32838
846.81252
846.82572
846.83280
846.87582
846.89292
848.06790
848.55534
849.13860
849.73308
849.74538
849.80304
849.80730
849.80994
849.82626
850.45548
850.50924
850.55298
850.56954
850.93608
850.95576
850.96470
850.99254
851.00268
851.69028
851.69940
851.77662
851.80974
851.86950
852.61584
852.76614
852.76950
853.32690
853.62948
853.77594
854.43906
854.71944
855.00546
855.09990
855.12258
855.17598
855.25932
855.78624
855.83574
856.29648
856.34970
856.60614
857.06226
857.39274
858.57918
859.10604
859.13286
860.01924
860.59572
860.71638
860.74404
860.74968
860.76618
860.79960
861.28668
861.29556
861.30306
861.56658
862.02288
862.02900
862.03296
862.05876
862.06632
862.50288
863.25288
863.26962
863.48610
864.65334
864.66978
864.69696
864.73326
865.47636
865.47876
865.82946
865.83324
865.94694
866.22906
866.33640
866.56956
866.62920
867.67614
867.68622
867.69972
867.70980
867.71238
868.52916
868.56336
868.57302
868.59702
868.94694
869.50728
869.82942
869.86002
869.89092
869.90202
869.91990
870.65316
870.88338
870.88974
870.93330
870.94590
870.95628
871.67310
872.73048
872.78688
872.79348
872.80980
872.84298
872.85642
872.87976
872.92008
873.02274
873.96672
874.12026
874.76274
874.76634
874.77012
875.79654
877.10946
877.13628
877.21698
877.36548
877.65678
877.81026
878.20002
878.20722
878.21382
878.28048
878.44572
878.46258
878.72388
879.97284
880.10352