0.20562
0.43500
0.44058
0.50004
0.51642
0.60750
0.61482
0.66582
0.67656
0.70284
0.75570
0.77940
1.76610
2.30448
2.34384
2.76570
3.07890
3.08550
3.35946
3.36402
3.46080
3.48588
3.48978
3.51450
3.54660
3.55620
3.62856
3.65472
3.65976
3.66186
3.67560
3.69666
3.76836
3.82806
3.90444
3.92844
3.96444
3.97974
4.00134
4.08936
4.09560
4.17576
4.19034
4.19214
4.21482
4.26462
4.27134
4.30884
4.37694
4.39326
4.40460
4.50246
4.52874
4.55022
4.58574
4.63590
4.67358
4.67970
4.73682
4.73910
4.78602
4.90254
4.90470
4.95252
5.05830
5.08368
5.12130
5.15982
5.16216
5.18892
5.19180
5.20626
5.24580
5.24910
5.27088
5.40240
5.47554
5.50104
5.73984
5.98944
6.01584
6.03912
6.24228
6.29580
6.32994
6.61848
6.77364
6.92760
6.98028
6.98844
7.21398
7.23162
7.41156
7.65390
7.70010
7.79916
7.87500
8.03850
8.41086
8.56434
8.80524
8.88456
9.01608
9.32730
9.34662
9.47484
9.78798
9.93192
10.51722
10.72248
10.85556
10.90044
11.11782
11.20830
11.25636
11.63820
11.70012
11.79618
12.16320
12.20250
12.59208
12.59712
12.75588
12.83940
12.87336
12.88146
13.10070
13.41624
13.43304
13.56750
13.96464
13.98108
14.00208
14.01450
14.02398
14.03088
14.03526
14.03718
14.10720
14.18328
14.25372
14.35416
14.38344
14.60550
14.63418
14.64300
14.64786
14.70288
14.77806
14.85198
14.87640
14.91072
14.91252
15.14430
15.16476
15.31362
15.42060
15.43326
15.48804
15.54798
15.57252
15.60372
15.67296
15.68280
15.72930
15.75660
15.87816
15.92418
16.12554
16.21410
16.26720
16.27728
16.31292
16.40664
16.40946
16.52664
16.66452
17.03334
17.07198
17.23818
17.25342
17.38824
17.40594
17.51754
17.59728
17.60532
17.60688
17.67156
17.81592
17.82294
17.82456
18.14376
18.23754
18.24786
18.46710
18.53682
18.84222
18.84834
18.97686
18.98796
18.99894
19.18974
19.21896
19.29564
19.33452
19.49172
19.50804
19.61340
19.62078
19.66938
19.96140
20.08776
20.33256
20.63358
20.65950
20.91690
21.16686
21.17646
21.21900
21.33396
21.35478
21.36066
21.41718
21.42252
21.53742
21.64638
21.83256
21.98490
22.00338
22.03230
22.18866
22.45392
22.50576
22.54674
22.57032
22.58652
22.81674
23.38350
23.59110
23.70630
23.89866
24.01572
24.02280
24.03156
24.16140
24.23022
24.38310
24.52410
24.94692
25.00014
25.09224
25.15236
25.19274
25.22352
25.34922
25.35606
25.37508
25.38780
25.42260
25.75680
25.76922
25.78044
25.84956
25.86324
25.87362
25.99926
26.16654
26.25000
26.31666
26.38920
26.53590
26.54640
26.62182
26.65818
26.66190
26.68704
26.84220
26.89590
26.92722
26.93178
27.06126
27.07866
27.15918
27.21048
27.27738
27.45012
27.51696
27.53238
27.66846
27.67266
27.67554
27.68700
27.69882
27.70086
27.75876
27.77862
27.83154
28.06260
28.24662
28.37976
28.38450
28.49460
28.56000
28.58508
28.76184
28.78878
28.80618
28.91268
28.98990
29.21040
29.38596
29.55360
29.74590
29.96622
30.18144
30.30048
30.33684
30.54468
30.81312
31.01856
31.19430
31.32474
31.48962
31.50288
31.77906
31.97634
32.16066
32.19018
32.19870
32.20812
32.25360
32.32812
32.34120
32.42724
32.58798
32.79618
32.91216
33.17646
33.23658
33.36090
33.47478
33.58914
33.62172
33.69408
33.88872
33.92184
34.17756
34.31538
34.56006
34.69986
35.02386
35.04222
35.04906
35.13624
35.18892
35.31504
35.35956
35.37612
35.66106
35.85558
35.85816
35.86950
35.88204
36.16044
36.17184
36.40152
36.46380
36.48468
36.61140
36.66528
36.81600
36.85542
36.89442
36.93570
36.96366
37.03602
37.06626
37.07646
37.07964
37.12932
37.23162
37.23672
37.24266
37.27218
37.29852
37.36440
37.43394
37.58868
37.67034
37.83138
37.83312
37.84836
37.91850
38.01906
38.18988
38.21226
38.27616
38.30610
38.40792
38.51754
38.60904
38.68536
38.74596
38.76264
38.81430
38.87706
38.90442
38.97384
38.98620
39.02340
39.04284
39.05508
39.18294
39.21090
39.23136
39.24864
39.28014
39.41724
39.46830
39.50598
39.58962
39.80118
39.87864
39.93378
39.96912
39.97764
40.07856
40.16106
40.41066
40.41774
40.46226
40.63584
40.72530
40.76466
40.80204
40.90122
40.99614
41.12376
41.13774
41.16018
41.29500
41.30766
41.42676
41.49744
41.51100
41.57076
41.73402
42.03408
42.07914
42.24414
42.53526
42.62016
43.45686
43.52022
43.54830
43.55106
43.69830
43.95618
44.20470
44.50938
44.53818
44.54466
44.54964
44.74914
44.80686
44.83542
45.11094
45.22812
45.24246
45.24426
45.49716
45.88938
45.90678
45.90870
46.23660
46.29696
46.46760
46.71900
46.77738
47.18118
47.19390
47.33406
47.49270
47.55324
47.57676
47.64660
47.66580
47.72244
47.82648
47.89926
48.08730
48.12444
48.19542
48.21594
48.23352
48.37854
48.40962
48.44352
48.46020
48.47472
48.48918
48.52182
48.60984
48.62556
48.63924
48.72678
48.92454
48.92928
48.96288
48.97008
48.97692
48.97956
49.03644
49.19652
49.21452
49.40772
49.41354
49.72254
49.96836
50.00934
50.09796
50.11878
50.13150
50.47278
50.75178
50.77038
50.82474
50.83278
51.07626
51.07854
51.09978
51.41706
51.47322
51.47658
51.77190
52.08636
52.14066
52.14552
52.15434
52.31832
52.32522
52.52394
52.63074
52.64370
52.64844
52.74030
52.93038
52.94610
52.98774
53.37762
53.71662
53.82462
53.87454
54.04026
54.55296
54.72492
54.77262
55.01490
55.04358
55.04808
55.19010
55.48254
55.66764
55.79394
55.98816
56.00790
56.02500
56.03760
56.19864
56.24220
56.35446
56.35908
56.60124
57.07908
57.08448
57.10674
57.50166
57.70446
57.80148
57.83772
57.89244
57.89520
57.97932
58.09578
58.24698
58.26012
58.26276
58.27656
58.49886
58.80978
58.87524
59.09436
59.60832
59.62884
59.71806
60.16038
60.76842
60.79440
60.94926
60.96948
61.01832
61.02600
61.03410
61.04292
61.10106
61.15986
61.18062
61.22028
61.25874
61.31298
61.71096
61.80840
61.81050
61.81968
61.97772
62.24352
62.28864
62.31834
62.32236
62.35008
62.54568
62.55024
62.55378
62.56386
62.56770
62.57010
62.61096
62.64720
62.74032
63.06762
63.11604
63.21114
63.32130
63.48636
63.67950
63.71442
63.72528
63.81666
63.82836
63.87024
63.94062
63.98358
64.04964
64.17648
64.44168
64.54716
64.61262
64.79736
65.16756
65.17188
65.70486
65.87106
65.88972
65.91924
66.13356
66.22434
66.52662
66.69528
66.70230
66.78450
66.79224
66.79896
66.83034
66.83712
67.00026
67.08210
67.16340
67.23210
67.36752
67.66008
67.72152
67.84596
67.87488
68.10702
68.28492
68.31588
68.33178
68.46714
68.47542
69.06594
69.10842
69.30786
69.32022
69.34104
69.34392
69.34584
69.35784
69.36228
69.57084
69.76392
69.86694
69.97764
70.02402
70.03914
70.26834
70.29930
70.55322
70.60512
70.81776
70.98540
71.04414
71.07738
71.16420
71.16972
71.35512
71.37144
71.38092
71.42478
71.43456
71.45460
71.55360
71.68680
71.70660
71.71008
71.73654
71.75226
71.82036
71.90334
71.90892
71.96688
72.02424
72.03042
72.05184
72.06678
72.14484
72.22380
72.30408
72.50994
72.56220
72.56814
72.66492
72.67902
72.74046
72.74514
72.81282
72.88848
72.93282
72.96450
73.12038
73.15128
73.16136
73.18626
73.21542
73.23858
73.24284
73.28508
73.38024
73.45650
73.58472
73.75062
73.84956
73.85730
73.93362
73.95648
74.33958
74.35074
74.43942
74.50398
74.52318
74.53428
74.54460
74.72178
74.75988
74.89302
74.99472
75.05094
75.10494
75.12066
75.30630
75.58830
75.59850
75.62814
75.69198
75.69390
75.95184
76.01964
76.36242
76.50990
76.61670
76.79340
76.82538
76.96518
76.98660
77.19342
77.41284
77.53188
77.62716
77.68560
77.72664
77.76384
77.92446
78.19230
78.20556
78.23280
78.43002
78.90246
78.91686
79.23354
79.53192
79.60266
79.74504
79.89198
79.96782
80.04726
80.16408
80.19720
80.79618
81.13488
81.20898
81.51522
81.58098
82.15728
82.16412
82.48410
82.53726
82.55538
82.60224
82.60812
82.61130
82.61760
82.62402
82.64226
82.76070
82.76520
82.79664
82.91466
82.94796
83.00130
83.02086
83.05362
83.09166
83.17062
83.18250
83.24844
83.26794
83.37072
83.41314
83.53230
83.53554
83.54334
83.54550
83.55870
83.58624
83.81514
83.92404
84.06180
84.12360
84.17064
84.38982
84.39822
84.45438
84.53358
84.77484
84.80736
84.81600
84.86568
85.10586
85.18440
85.43580
85.45506
85.46040
85.47546
85.56738
85.65798
85.67592
85.88154
85.90374
85.92804
86.00334
86.02554
86.28606
86.33442
86.63466
87.31320
87.39606
87.40362
87.40740
87.52032
87.74796
88.04652
88.26162
88.30290
88.45380
88.56072
88.96692
88.97190
88.97676
88.99782
89.00526
89.01144
89.03832
89.05350
89.24652
89.32770
89.40270
89.40882
89.55102
89.71770
89.89992
90.06354
90.55068
90.59142
90.59952
90.61548
90.64716
90.83922
90.89700
90.90126
91.12074
91.14024
91.55724
91.57224
91.61526
91.62258
91.64874
91.86138
91.93848
92.06136
92.24004
92.38218
92.44290
92.56980
92.76198
92.94810
92.97930
93.02418
93.10554
93.13668
93.15018
93.17058
93.20838
93.24498
93.26568
93.28896
93.33264
93.34746
93.35886
93.39084
93.39402
93.46416
93.54318
93.58104
93.67614
93.72696
93.72984
93.73896
93.85644
93.86292
93.86796
93.97734
94.07046
94.18386
94.20654
94.21722
94.23300
94.35990
94.64622
94.68162
94.72926
94.84482
94.96752
95.82072
95.82384
95.83536
95.85270
95.88840
95.91498
96.25812
96.26070
96.34608
96.47034
96.52728
96.56532
96.57360
96.58740
96.60234
96.97848
96.99186
97.17696
97.21140
97.38894
97.73310
98.10402
98.30058
98.66094
98.77248
98.84712
98.86362
98.88060
99.06330
99.06786
99.43818
99.49218
99.54432
99.56616
99.79146
99.91806
99.92232
99.93078
99.97608
100.02234
100.26378
100.62294
100.67718
100.78920
100.81230
100.85694
100.89726
100.98174
101.19726
101.65848
101.71416
102.13386
102.34458
102.44628
102.67818
102.80166
103.01262
103.20486
103.22370
103.64694
103.81644
104.56314
104.79534
104.81532
105.08310
105.08808
105.37638
105.87606
105.89874
106.00776
106.12296
106.21464
106.22898
106.24050
106.24794
106.28082
106.32510
106.34394
106.34958
106.35780
106.39206
106.40244
106.44138
106.49826
106.51086
106.52982
106.64346
106.71510
106.78248
106.81128
106.81362
106.83522
106.86270
106.90254
107.00952
107.04558
107.07894
107.08176
107.43810
107.45652
107.59758
107.62878
108.03402
108.18348
108.45624
108.51036
108.55266
108.60882
108.76836
108.87498
108.89358
108.89748
109.19010
109.27596
109.51026
109.72506
109.75800
109.90326
110.03844
110.04270
110.08626
110.34264
110.99898
111.02610
111.26532
111.26988
111.29118
112.01316
112.37472
112.56306
113.15748
113.57748
113.78574
113.79528
113.82786
113.84334
114.23568
114.39408
114.66444
115.03920
115.09320
115.50108
115.52766
115.85040
116.13330
116.26416
116.27022
116.27532
116.27886
116.30052
116.34336
116.34588
116.48256
116.56824
116.57388
116.58792
116.59548
116.59830
116.60550
116.62788
116.65602
116.68098
116.69856
116.82006
116.84562
117.00624
117.15054
117.16326
117.35460
117.35886
117.38316
117.38718
117.40164
117.46830
117.49860
117.52530
117.73476
117.74640
117.86568
117.89262
117.89826
118.03176
118.07370
118.15350
118.18788
118.21380
118.23120
118.35282
118.52532
118.59222
118.60230
118.62024
118.73490
118.88238
118.99248
119.02338
119.02488
119.08782
119.32266
119.42322
119.45034
119.47482
119.49426
119.50032
119.51124
119.52174
119.53374
119.70324
119.73282
119.73534
119.85060
119.86692
120.03552
120.20394
120.36216
120.72576
121.24980
121.63602
121.72692
121.75518
121.86270
122.03028
122.13606
122.14920
122.15964
122.30964
122.35776
122.96910
123.24246
123.38202
123.44502
123.53718
123.57576
123.69642
123.82446
123.84858
123.86712
123.87468
123.95124
123.96786
123.99144
124.12746
124.15974
124.57212
124.78038
124.80684
124.82502
125.02188
125.09208
125.35902
125.46408
125.50854
125.55822
125.72340
125.76702
125.90826
125.96178
126.28842
126.51168
126.72618
126.89268
127.14846
127.16784
127.32342
127.42986
127.48872
127.51182
127.60380
127.61088
127.63566
127.83312
127.85292
127.92204
127.93356
127.94466
128.05776
128.24868
128.27232
128.36520
128.36742
128.39928
128.42328
128.50008
128.55030
128.59872
128.60280
128.65584
128.67420
128.98776
129.06504
129.29658
129.30108
129.49986
129.50442
129.52704
129.69084
129.78204
129.91518
130.22436
130.22934
130.38360
130.42398
130.45548
130.65906
130.84440
130.85754
130.88352
130.90842
130.91100
131.13384
131.17308
131.18310
131.21028
131.23458
131.26644
131.63082
131.76372
132.01704
132.30774
132.33408
132.34566
132.36498
132.37824
132.38334
132.39060
132.44382
132.65484
132.79674
132.84402
132.97314
133.02402
133.14942
133.34208
133.55208
133.55706
133.88496
133.92792
134.15316
134.22834
134.56680
134.58654
134.66808
134.73594
134.74218
134.74884
134.81820
134.86128
135.00570
135.01488
135.02238
135.40074
135.47544
135.55806
135.72204
135.80556
135.94398
136.15626
136.28244
136.33284
136.53726
136.60188
136.64094
136.66650
136.80228
136.80432
136.87104
137.19240
137.29326
137.46030
137.50986
137.51892
137.52540
137.69280
137.71248
137.88666
137.99250
138.01212
138.19110
138.19524
138.21048
138.25524
138.28608
138.29232
138.30804
138.45360
138.46422
138.46932
138.80208
138.87114
138.97884
139.00584
139.20306
139.26684
139.52622
139.77318
139.83456
139.83678
140.21664
140.22690
140.23698
140.25246
140.28942
140.30556
140.32254
140.48058
140.65860
140.66484
140.69214
140.93178
141.08442
141.09438
141.23004
141.26208
141.90546
141.90858
141.98760
142.44432
142.45566
142.60806
142.62966
142.80648
142.83276
143.04696
143.05740
143.22270
143.25504
143.45478
143.66706
143.69712
143.83878
144.16896
144.55314
144.55596
144.68244
144.73650
145.39596
145.43208
145.64844
145.67292
145.98078
146.15670
146.16618
146.73954
146.74692
146.79018
146.79546
147.05268
147.32064
147.51030
147.82146
147.86202
147.88068
147.96468
147.98640
148.04382
148.06332
148.07394
148.09740
148.10130
148.25298
148.26402
148.28196
148.60134
148.60920
148.71516
149.25084
149.26920
149.29734
149.33094
149.47122
149.48580
149.49042
149.63592
149.87370
149.88108
149.90838
149.99094
150.08694
150.25830
150.48810
150.51978
150.53670
150.63882
150.66048
150.66588
150.66942
150.71934
150.75168
150.98598
151.03482
151.07442
151.09860
151.46394
151.67262
151.77240
151.79922
151.82376
152.17038
152.19324
152.81640
153.02664
153.06144
153.16392
153.19446
153.37770
153.78888
154.57542
154.85808
154.87032
154.91616
154.91838
154.94946
155.17722
155.34996
155.36340
155.37072
155.69970
155.93382
155.95368
156.53052
156.54786
156.88440
156.92286
157.01760
157.07232
157.18326
157.36140
157.36764
157.39782
157.41450
157.83162
157.85322
157.88106
158.30556
158.32740
158.66472
158.85822
158.86746
158.98908
159.02418
159.06420
159.08520
159.24234
159.26550
159.27972
159.29004
159.32358
159.49506
159.50136
159.58008
159.59496
159.76506
159.81102
159.93024
160.01412
160.02090
160.18542
160.33092
160.42842
160.44246
160.50612
160.50888
160.55154
160.57626
160.66362
160.66848
160.72518
161.21076
161.21298
161.25840
161.27892
161.28516
161.29194
161.37738
161.40426
161.49540
161.66622
161.68950
161.69196
161.69970
161.73540
161.74188
161.74680
161.78550
161.84274
161.86608
161.90130
162.07308
162.12582
162.17058
162.21180
162.33528
162.33774
162.35184
162.38304
162.43698
162.63036
162.63288
162.69042
162.82350
162.87624
162.90870
163.20936
163.33362
163.41522
163.44960
163.45584
163.45794
163.91196
163.94760
163.96332
163.98144
164.18952
164.32488
164.41200
164.56968
164.64654
165.09312
165.09714
165.10740
165.22146
165.29718
165.65430
165.66294
165.97104
166.06104
166.51152
166.70784
166.72410
166.83984
166.84638
166.90806
166.91580
166.94298
167.26440
167.30130
167.33316
167.53182
167.72196
167.73900
168.14214
168.14700
168.15990
168.36282
168.37224
168.64098
168.71616
168.72006
169.00242
169.01538
169.07412
169.08552
169.11330
169.47924
169.60608
170.11152
170.18148
170.18694
170.19630
170.21658
170.35644
170.59626
170.67930
170.74932
171.02610
171.03624
171.03834
171.06120
171.12456
171.17826
171.22398
171.26154
171.28170
171.34254
171.34860
171.36372
171.46644
171.47094
171.66522
171.69690
171.92898
171.95514
172.01322
172.07616
172.11270
172.23870
172.24920
172.25436
172.38462
172.66248
172.67922
172.69656
172.78668
172.82754
172.86120
172.93086
172.99476
173.03046
173.06544
173.43594
173.67450
173.87052
173.90532
174.28848
174.29862
174.32442
174.32742
174.78570
175.16478
175.21728
175.43454
175.61460
175.93812
176.26932
176.44872
176.57106
176.73810
176.74842
176.90856
176.92284
177.07458
177.18828
177.30036
177.33018
177.63534
177.82602
178.21194
178.21692
178.23858
178.24494
178.25922
178.35954
178.36620
179.16252
179.36856
179.45442
179.49162
179.54598
179.57220
179.60304
180.17214
180.29328
180.32256
180.57840
180.76608
180.99816
181.01244
181.09098
181.10676
181.11618
181.32030
181.34598
181.43754
181.48554
181.51254
181.55670
181.66176
181.92660
182.01078
182.13126
182.13984
182.20308
182.30028
182.31804
182.32986
182.38002
182.39580
182.49402
182.49612
182.54394
182.57610
182.90148
182.93028
182.95578
183.07722
183.09072
183.09984
183.10206
183.14838
183.21774
183.31824
183.34584
183.35856
183.37398
183.39072
183.39444
183.51246
183.59412
183.71682
183.80058
183.89820
183.91014
183.93516
183.95436
184.08492
184.25274
184.29978
184.67166
184.67568
184.69404
184.79640
184.91394
184.99428
185.03172
185.10744
185.13192
185.43480
185.55534
185.86086
186.00540
186.19854
186.23226
186.48978
186.63228
186.72336
186.73032
186.73458
186.76074
186.78378
186.81612
187.20690
187.22466
187.60632
187.68012
188.07480
188.07978
188.08404
188.38098
188.42472
188.58630
188.60892
188.69082
189.11076
189.15684
189.22722
189.26634
189.31482
189.37788
189.55104
189.85920
190.04586
190.06008
190.55112
190.56096
190.57986
190.64976
190.66200
190.85898
190.93818
191.61942
191.77938
191.78976
191.82468
191.85504
191.86092
191.93130
192.02418
192.02610
192.10656
192.11742
192.45576
192.45780
192.46788
192.49998
192.62394
192.62886
192.67158
192.72498
192.76230
192.79086
192.94716
192.96942
192.99300
193.18020
193.18896
193.28934
193.41030
193.47636
193.47978
193.49586
193.58898
193.72032
193.92372
193.94142
193.97028
193.98852
194.00550
194.23170
194.23644
194.42214
194.47158
194.47902
194.64084
194.68548
194.87766
194.87970
194.91972
195.06318
195.21288
195.25362
195.33534
195.60708
195.75276
195.94014
195.96720
195.98988
196.02936
196.19850
196.20852
196.24104
196.46130
196.46652
196.50318
196.51554
196.55790
196.60566
196.83708
196.86744
197.33688
197.50074
197.50626
197.79510
198.10164
198.19116
198.32184
198.33264
198.36390
198.75852
198.78720
198.85344
199.08684
199.11498
199.79484
199.81542
199.82160
200.44404
200.77038
200.84352
201.10788
201.52026
201.93924
201.94602
202.39332
202.78272
203.09328
203.27424
203.34612
203.40762
203.59596
204.07110
204.08520
204.10800
204.15504
204.19260
204.20802
204.21294
204.22812
204.25452
204.31518
204.35058
204.38364
204.40926
204.43878
204.49110
204.51774
204.52008
204.71628
204.73974
204.90450
204.92088
204.94776
204.96222
205.05720
205.06500
205.24842
205.25802
205.30722
205.31412
205.42560
205.50150
205.50468
205.98612
205.99434
206.00016
206.08062
206.10954
206.32668
206.37168
206.39082
206.61420
206.85960
206.86302
206.89890
206.90124
206.90340
206.98470
207.19200
207.20736
207.23184
207.28500
207.39012
207.49476
207.83796
207.86274
207.87666
207.98820
208.16700
208.25628
208.65486
209.18298
209.23038
209.23248
209.27760
209.32308
209.58288
209.61042
209.64420
209.65830
210.67764
210.68226
210.71448
211.00482
211.25154
211.91166
211.95276
212.05704
212.24268
212.28882
212.31936
212.42616
212.56596
212.56758
212.71488
212.77944
212.80854
212.81196
212.85228
212.90880
212.91492
212.94408
213.00144
213.18654
213.23442
213.46230
213.48894
213.54102
213.55284
213.59088
213.69150
213.72264
213.96684
214.10910
214.13280
214.27500
214.28274
214.38186
214.45986
214.57014
214.57500
214.60104
214.63914
214.79070
214.86540
214.89198
215.11200
215.14038
215.14866
215.16132
215.17914
215.25540
215.26218
215.28552
215.29914
215.31726
215.32236
215.45148
215.67618
215.70960
215.80488
215.80800
215.85666
215.95836
215.97672
216.13674
216.21258
216.35550
216.40632
216.41274
216.68898
216.70512
216.71790
216.85008
216.89916
217.07910
217.25610
217.42230
217.47300
217.70340
217.71444
217.72446
217.79292
218.02764
218.04636
218.05524
218.17902
218.27976
218.28594
218.30700
218.33286
218.35236
218.37084
218.85984
218.86614
219.04920
219.10518
219.24708
219.29394
219.34212
219.38382
219.43074
219.48288
219.65274
219.69018
220.06710
220.09926
220.10316
220.36860
220.61820
220.62294
220.63380
220.87080
220.92450
221.18556
221.45850
221.53392
221.54172
221.91162
222.08202
222.10002
222.11520
222.17406
222.67080
222.70698
222.82236
223.10718
223.29960
223.32336
223.39230
223.42062
223.66452
223.89810
224.06178
224.08038
224.18838
224.21130
224.23704
224.25786
224.37462
224.37750
224.41452
224.60664
224.64990
224.87028
224.89182
225.00360
225.08958
225.37074
225.39804
225.40464
225.41010
225.42162
226.02678
226.09098
226.87212
226.98882
227.15262
227.15454
227.16300
227.40720
227.70282
228.24138
228.26466
228.49284
228.49920
228.72852
228.74478
228.78252
228.83634
228.89562
228.90330
229.10574
229.11096
229.28358
229.52808
229.53576
229.75770
229.88202
230.11800
230.46870
230.49498
230.73528
230.74488
230.75688
230.99616
231.17064
231.42990
231.66810
232.08414
232.10826
232.11966
232.14630
232.23618
232.26672
232.57710
232.59684
232.62936
232.64346
232.67754
232.71234
232.86450
232.90818
232.94718
233.52312
233.56110
233.56572
233.56734
233.84034
233.85588
234.78774
234.99372
235.02792
235.18572
235.21236
235.23414
235.52358
235.93566
235.96842
235.98774
236.03322
236.06862
236.10066
236.15616
236.29518
236.33136
236.35872
236.40600
236.46936
236.48130
236.61600
236.69862
236.75160
236.81004
236.83446
236.91618
237.11184
237.14100
237.42666
237.45900
237.50730
237.68238
237.68748
238.07430
238.45488
238.91976
238.93116
238.96392
239.12052
239.31294
239.44368
239.61396
239.67702
239.74374
239.82258
239.85390
240.13206
240.39132
240.69450
240.87006
240.91542
240.93054
241.28112
241.32192
241.41732
241.83264
241.87518
241.88436
241.88694
242.13714
242.14980
242.18340
242.20842
242.22822
242.24676
242.53002
242.71224
242.89020
243.07026
243.68820
243.98244
244.15398
244.17228
244.39506
244.75482
244.91160
244.92018
245.18844
245.25840
245.53356
245.56080
245.58936
245.61702
245.64102
245.88144
245.94012
245.95824
246.03486
246.03714
246.08676
246.09408
246.09702
246.10440
246.12738
246.24030
246.26802
246.31536
246.59490
246.67980
246.78780
246.79284
246.89964
246.99066
247.08726
247.13070
247.52808
247.60086
247.68708
247.69176
247.69506
247.80096
247.83306
248.04774
248.10480
248.16042
248.29248
248.30304
248.32620
248.75994
248.79402
249.18264
249.22740
249.23316
249.23538
249.29676
249.30156
249.85056
249.86076
249.88116
249.99282
250.20768
250.26072
250.71114
250.79526
250.92384
251.24622
251.25906
251.27838
251.37540
251.50872
251.68206
251.71806
251.84922
251.98596
252.01890
252.07896
252.08916
252.10290
252.16416
252.38880
252.69192
252.82842
252.83022
253.00044
253.04316
253.23048
253.92330
253.96476
254.07522
254.09376
254.13534
254.15268
254.40018
254.40600
254.40840
254.70924
254.71620
254.72058
254.73336
254.99124
254.99352
255.01140
255.04716
255.32184
255.51024
255.52098
255.56376
255.75150
255.90708
255.93570
256.11696
256.21836
256.24014
256.32912
256.34580
256.35816
256.51656
256.52736
256.57218
256.64958
256.78470
256.86504
256.88358
256.90224
257.15454
257.23116
257.23818
257.33112
257.41770
257.52870
257.55234
257.55690
257.57070
257.62752
257.85198
257.90562
257.93778
257.96490
257.98020
257.99826
258.10902
258.14076
258.15210
258.32112
258.33912
258.36252
258.72330
258.72546
258.73872
258.74130
258.78528
258.80850
258.95760
258.96390
258.97830
259.01520
259.09194
259.49796
259.50786
259.52862
259.53588
259.87842
259.88310
259.89048
259.90152
260.23566
260.25846
260.46852
260.68944
260.73156
260.98308
261.29946
261.31614
261.51108
261.60888
261.61974
261.62196
261.91590
262.12992
262.16010
262.17198
262.22922
262.23618
262.24554
262.26948
262.47198
262.70046
263.43486
263.44962
263.61504
263.62086
263.67426
264.01752
264.02454
264.52200
264.58506
264.59244
264.60618
264.65358
264.86670
265.02642
265.05984
265.39872
265.51518
265.68372
265.72260
265.94880
266.27436
266.30580
266.32026
266.57640
266.78760
266.79084
267.07776
267.23514
267.27420
267.28686
267.62268
267.63576
267.77100
267.83598
268.01586
268.04520
268.06668
268.15512
268.20174
268.21464
268.25244
268.40694
268.44048
268.46706
268.48350
268.58658
268.61280
268.66266
268.80384
268.86282
268.89930
268.91262
268.99344
268.99788
269.16438
269.17284
269.20032
269.22708
269.26764
269.37198
269.46534
269.54292
269.70558
269.71698
269.72250
269.74344
269.76048
269.95590
269.99004
270.15930
270.56376
270.59136
270.76728
271.03458
271.06674
271.07976
271.12182
271.16994
271.34010
271.36944
271.61298
271.84986
272.21424
272.27442
272.36970
272.53152
272.67018
272.67582
272.73396
272.75748
273.40650
273.49518
273.60990
273.66102
273.89100
273.89274
273.89700
273.90108
273.91770
273.93876
274.33704
274.37514
274.48128
274.75050
274.75242
274.86906
275.22360
275.22924
275.24772
275.39652
275.48520
275.52444
275.58324
275.72130
276.51330
276.51558
276.52488
276.52734
276.59478
276.61518
276.63906
276.71976
276.94014
276.94242
277.02414
277.52262
277.79490
278.15562
278.18352
278.40072
278.43900
278.44380
278.74650
278.92326
278.97666
278.98638
279.10536
279.14886
279.15108
279.15756
279.20490
279.30342
279.33948
279.35250
279.39810
279.47016
279.48432
279.66588
279.85542
279.92622
279.94554
280.16682
280.31232
280.35912
280.38636
280.39806
280.41918
280.57974
280.60104
280.74936
280.85586
280.87386
280.88424
280.93398
280.93902
281.47830
281.72502
281.76714
281.95644
282.16056
282.47016
282.49914
282.50220
282.88554
283.31796
283.35222
283.86138
283.89060
284.07144
284.38824
284.82522
285.03198
285.51564
285.59538
285.88200
285.89838
286.32750
286.32906
286.34454
286.47054
286.87920
287.37774
287.47128
287.49486
287.66694
287.76864
287.89518
287.98476
288.01446
288.09180
288.10746
288.15792
288.53466
288.70380
288.81180
288.83244
288.95694
289.05030
289.07634
289.17366
289.18482
289.21644
289.22382
289.56630
289.58004
289.69428
289.93494
290.03508
290.09904
290.36100
290.53674
290.55690
290.59152
291.01776
291.80532
291.80772
291.87954
291.91752
291.93690
291.95664
292.21362
292.44078
292.68846
292.77468
292.91616
292.94256
292.99218
293.20476
293.21058
293.75982
293.80056
293.92344
293.93754
294.01344
294.04152
294.16188
294.36690
294.37050
294.39888
294.94110
294.98274
294.99744
295.08864
295.10478
295.38570
295.54284
295.56684
295.75200
295.86642
295.94640
295.94832
295.97460
296.18610
296.22576
296.28618
296.51250
296.54484
296.59260
297.07248
297.16428
297.65736
297.66210
298.06788
298.08708
298.87806
298.89954
299.54316
299.58114
299.82414
300.15312
300.66090
300.69324
300.79578
301.06500
301.08372
301.16088
301.17408
301.36842
301.41300
301.41540
301.57734
301.58286
301.61094
301.61940
301.64046
301.66074
301.67154
301.94886
302.17146
302.26452
302.29542
302.40186
302.44032
302.46516
302.46996
302.49690
302.51652
302.54298
302.58552
302.74560
302.83458
302.92566
303.01746
303.19638
303.20424
303.27570
303.36522
303.45852
303.49896
303.67968
303.74844
303.93252
303.95706
304.01706
304.10472
304.23768
304.26810
304.76940
305.22852
305.34240
305.55024
305.93022
306.32040
306.38244
306.62898
306.73518
307.00872
307.18584
307.44834
307.98588
308.25510
308.25738
308.27538
309.04518
309.05856
309.15588
309.32658
309.39636
310.02552
310.11534
310.47786
310.50972
310.51776
310.69920
311.00508
311.06334
311.36820
311.63658
312.15078
312.16068
312.20550
312.47616
312.50862
312.51132
312.59004
312.68706
312.73008
312.74490
312.75306
312.78906
312.81222
312.95868
313.00758
313.02330
313.12086
313.13232
313.20096
313.25100
313.41732
313.42284
313.60524
313.61154
313.66410
313.66872
313.69452
314.03172
314.07510
314.23902
314.28108
314.30328
314.66676
314.94588
314.98134
315.12246
315.57798
315.58254
315.72264
315.74658
315.87828
315.93168
316.19406
316.23828
316.25766
316.50054
316.75788
317.03766
317.04150
317.22186
317.34018
317.56182
317.57658
317.80668
317.82798
317.82996
318.08142
318.13632
318.29904
318.30948
318.47808
318.52566
318.94278
319.01784
319.07358
319.07922
319.20240
319.26828
319.59840
319.93266
319.96182
320.15052
320.31726
320.34324
320.55216
320.73378
320.99742
321.00336
321.13710
321.20094
321.37470
321.71142
321.74796
321.76878
321.80838
322.16220
322.33170
322.35810
322.37652
322.50930
323.18886
323.68770
323.71650
323.72670
323.73468
323.74686
323.75334
323.75982
324.01596
324.49212
324.83502
324.88836
324.89190
324.90930
324.97452
325.21020
325.33518
325.54284
325.56078
325.57266
325.77252
325.84422
325.85406
325.99806
326.02014
326.03664
326.06454
326.41074
326.52390
327.23106
327.23496
327.35892
327.38778
327.42852
327.63408
327.85056
327.85392
327.87294
328.15902
328.17942
328.19064
328.20012
328.26504
328.27464
329.24166
329.99424
330.01482
330.35376
330.36888
330.37476
330.42156
330.45012
330.46614
330.49020
330.50208
331.20990
331.24170
331.27566
331.89162
331.97016
331.97700
332.12514
332.38602
332.41980
332.42586
332.43156
332.48526
332.51418
332.86074
332.87154
332.88408
332.89122
332.89266
333.11820
333.58698
334.00320
334.17264
334.53276
334.69632
335.09544
335.12412
335.44050
335.59044
335.60802
335.70240
335.71278
335.71812
335.74686
335.79576
335.79936
335.81634
335.82162
335.84760
335.84964
335.85732
335.88828
335.89080
335.89776
335.93316
335.94492
335.96496
335.97924
335.98296
335.98524
336.03000
336.07302
336.09114
336.10602
336.12222
336.27552
336.30858
337.40670
337.67700
337.84542
338.21352
338.26512
338.93916
339.15462
339.17808
339.62262
339.62478
339.84306
339.86292
339.87366
339.90138
339.91638
339.99846
340.00866
340.22244
340.22598
340.23150
340.52550
340.78626
340.79160
340.79616
340.80834
340.83168
340.83882
341.29878
341.30454
341.58468
341.61546
342.04566
342.36096
342.43764
342.85638
343.00146
343.00416
343.47138
343.83984
343.92636
343.93728
344.09970
344.15886
344.42508
344.45196
344.68938
344.83296
344.84892
344.94888
344.98440
345.27174
345.27336
345.39204
345.49122
345.50634
345.55638
345.78108
345.83724
345.88506
345.92814
345.98358
346.19418
346.26552
346.28550
346.36926
346.38870
346.61388
346.62102
346.63812
346.64130
346.71600
346.77306
346.84908
346.96584
347.01198
347.01876
347.39988
347.47080
347.48676
347.56290
347.61030
347.66196
347.92266
347.95374
347.95758
347.97348
348.00042
348.31368
348.33012
348.50472
348.53796
348.80616
349.03602
349.31376
349.31616
349.38666
349.39260
349.40436
349.41810
349.46502
350.02524
350.08272
350.20104
350.57418
350.58000
351.09990
351.11082
352.00332
352.65480
352.86198
353.14212
353.31924
353.32134
353.34612
354.15804
354.16566
354.78282
354.93006
354.99912
355.34880
355.35936
355.64124
355.65024
355.95636
355.97922
356.07198
356.17200
356.56884
356.59206
356.62692
356.67678
356.87886
357.18486
357.20736
357.28068
357.31326
357.37740
357.37944
357.81576
357.87798
357.95808
358.10286
358.19556
358.32912
358.38234
358.40556
358.40790
358.42338
358.45896
358.57362
358.66218
358.81914
358.89990
358.92264
358.95510
359.09406
359.22948
359.47644
359.48352
359.50134
360.40200
360.50664
360.51012
360.52098
361.20702
361.22220
361.30920
361.34982
361.35714
361.54272
361.84572
361.87722
361.88226
362.66346
362.68476
362.69568
363.14586
363.17580
363.19494
363.51222
363.76458
363.89886
364.00398
364.17270
364.70250
364.76832
365.10582
365.18370
365.20230
365.20812
365.30664
365.82156
366.12702
366.91992
366.93066
366.95130
367.11576
367.79730
367.91316
368.24232
368.28786
368.29554
368.31384
368.33760
368.35794
368.39040
368.58252
368.58996
368.65920
368.69862
368.72166
369.20706
369.25908
369.54510
369.55986
369.94920
370.05282
370.08420
370.45920
370.46112
370.63218
370.65810
370.72830
370.89588
370.98090
371.60202
371.90220
371.98542
372.00252
372.21636
372.29430
372.58266
373.13484
373.15002
373.25958
373.78392
374.24028
374.24346
374.32614
374.40612
374.41638
374.97528
375.47364
375.65160
376.02966
376.29642
376.63548
376.65684
376.97916
377.11416
377.12226
377.15442
377.29224
377.39094
377.39814
377.40474
377.65464
378.11508
378.20532
378.42900
378.44070
378.69840
378.70482
378.72036
379.31256
379.53288
379.75698
379.80918
380.11140
380.16804
380.17128
380.66886
380.80698
381.03012
381.08556
381.16146
381.34782
381.36150
381.41382
381.63486
381.70680
381.71466
381.75990
381.94896
381.96324
381.98226
381.98874
382.00062
382.05024
382.05726
382.06848
382.08402
382.16940
382.20978
382.26198
382.26354
382.27230
382.27422
382.53516
382.84026
383.08062
383.08794
383.09040
383.25174
383.27922
383.32974
383.34414
383.50560
383.75988
383.91546
383.93310
383.99628
384.78990
384.83196
384.98520
385.30392
385.57470
385.92732
385.95420
386.11572
386.33016
386.46180
386.83140
387.46218
387.50298
387.63084
387.65172
387.66840
387.78276
387.93912
388.07976
388.10196
388.59654
388.65462
388.68240
388.77972
388.90290
389.20614
389.23962
389.45964
389.58936
389.71890
390.11346
390.54966
390.55992
390.60012
390.63258
390.97272
391.52532
391.55910
391.62216
391.77318
391.85784
392.09238
392.13714
392.16330
392.19690
392.35650
392.44812
392.45832
392.48292
392.51208
392.52606
392.61954
392.67000
392.90634
392.93898
393.09468
393.12714
393.13872
393.22614
393.28452
393.71292
393.81456
393.84528
394.04340
394.05978
394.26324
394.51212
394.69902
394.98960
395.21454
395.88960
396.04284
396.10434
396.10860
396.19530
396.22482
396.60834
396.62292
396.63300
397.24452
397.25364
397.27326
397.28226
397.33104
397.35318
397.95126
398.14956
398.38116
398.51574
398.51976
398.52696
398.53554
398.53818
398.89206
399.00450
399.37488
399.93816
399.94926
400.23828
400.25352
400.59216
401.04258
401.09316
401.39370
401.44962
401.59350
401.61522
401.62302
402.77316
402.79950
402.81966
403.12206
403.30524
403.40226
403.41648
403.46634
403.49778
403.61592
403.69470
403.69740
403.88844
404.32146
404.48100
404.49660
404.57346
404.71914
404.81784
404.95296
405.06696
405.08160
405.09474
405.11064
405.13584
405.16662
405.22644
405.23838
405.28884
405.41028
405.41952
405.75846
405.90888
406.15722
406.16316
406.17390
406.29522
406.31130
406.42260
406.76808
406.82466
407.16978
407.49090
407.80326
408.01716
408.06402
408.11046
408.25350
408.33210
408.88866
408.94290
409.25670
409.26984
409.55484
409.56294
409.56498
409.57926
409.58484
409.58922
409.60092
409.66356
409.67304
410.21328
410.53650
411.00816
411.01962
411.02178
411.15822
411.29424
411.33396
411.98220
412.08432
412.09614
412.12062
412.39638
412.74366
412.76646
412.83132
413.08824
413.17788
413.24946
413.57916
413.60832
413.61624
413.62908
413.84502
413.93472
414.07422
414.08130
414.08586
414.46506
414.87234
414.90570
414.90972
415.03362
415.31946
415.37682
415.50108
415.74600
415.76484
415.83330
416.02062
416.03688
416.26524
416.32236
416.48490
416.53932
416.54568
416.62878
416.74266
416.79822
416.98176
417.21288
417.29442
417.30522
417.83166
418.00338
418.10928
418.33266
418.49616
418.54794
418.55640
418.70508
418.76916
419.45004
419.47956
419.52018
419.54220
419.60826
420.01740
420.10122
420.17556
420.44772
420.57318
420.63012
421.26978
421.45356
421.46616
421.96752
422.34072
422.34996
422.37468
422.74398
422.74986
422.75598
422.76564
422.77176
423.06066
423.10362
423.11184
423.23136
423.62988
424.00752
424.12254
424.12572
424.19484
424.36338
424.72152
424.76316
425.18742
425.93214
426.04494
426.05610
426.14298
426.35100
426.64788
426.68490
426.68760
426.73620
426.91194
426.92646
427.05474
427.09314
427.57230
427.58100
427.58826
427.89624
428.07204
428.53812
428.59314
428.63424
428.99196
428.99418
429.02196
429.12456
429.19374
429.51246
429.81984
429.83202
429.85956
430.07880
430.41198
430.57770
430.71408
431.26770
431.27862
431.29944
431.55978
431.56698
431.58522
431.59290
432.03960
432.05958
432.10434
432.25350
432.37308
433.15896
433.42428
433.54188
433.74492
433.86648
434.03328
434.22720
434.25900
434.50998
434.69172
434.70354
434.71380
435.08964
435.23028
435.41676
435.42330
435.44352
435.47634
435.71466
435.72636
435.74784
435.82734
436.24356
436.32852
436.49310
436.49568
436.53810
436.69338
436.84968
436.86048
437.03382
437.23584
437.42622
437.51826
437.67018
437.90700
438.61176
438.83130
439.39086
439.47348
439.52046
439.53198
439.56576
439.57074
439.68510
439.95804
439.97796
440.17074
440.38530
440.86848
440.88654
440.89452
440.94366
440.99712
441.00576
441.48258
441.53016
441.55020
441.76890
441.94842
441.96846
442.35954
442.38174
442.39668
442.45500
442.46706
442.52370
442.55802
443.89938
444.25992
444.30132
444.63474
444.71940
444.77880
445.23618
445.47912
445.74270
445.76082
446.07222
446.07858
446.15736
446.31786
446.45088
446.56170
446.66532
446.71212
447.05256
447.16896
447.31878
447.33408
447.35100
447.44082
447.45666
447.71658
448.36326
448.63362
448.64400
448.67394
449.09856
449.11020
449.11398
449.40498
450.04224
450.08058
450.08442
450.10560
450.11298
450.49692
450.61014
451.24062
451.51218
451.63404
452.20014
452.30484
452.60676
452.67420
452.71746
452.73204
452.73402
452.74674
453.17772
453.31596
453.51240
453.55992
453.57372
453.82362
454.01988
454.07598
454.41606
454.48062
454.53900
454.76208
454.82502
454.85220
455.17704
455.22150
455.55366
455.59314
455.64606
456.30342
456.32268
456.53664
457.03578
457.10184
457.50090
457.58106
457.62726
457.99560
458.09904
458.23878
458.27856
458.29032
458.48028
458.53962
458.63772
458.67390
458.73138
458.73342
458.74464
458.74716
458.76054
458.89506
459.10440
459.14106
459.18828
459.29514
459.37590
459.47784
459.53598
459.99876
460.09536
460.12518
460.12674
460.15014
460.29522
460.41978
460.71534
461.74686
461.75820
462.37320
462.75012
463.18710
463.34502
463.74234
463.74732
463.87506
464.23242
464.66142
464.70936
465.14760
465.29568
465.65652
465.76566
466.03296
466.04466
466.08318
466.33992
466.50276
467.19204
467.20908
467.53122
468.01860
468.48522
468.74376
468.75834
468.78630
468.91374
468.94542
469.11084
469.27266
469.32780
469.35852
469.54020
469.77252
470.19678
470.31066
470.43276
470.64024
470.65212
471.32562
471.35502
471.72720
471.75168
472.26360
472.45212
472.45422
472.46262
472.67196
473.08968
473.20740
473.23152
473.39298
473.40570
473.85648
473.94438
474.93954
475.32594
475.65270
475.66794
475.71054
475.75584
476.11656
476.11968
476.20002
476.21688
476.21982
476.54280
477.03624
477.17100
477.17574
477.53520
477.82458
478.18044
478.34094
478.35804
478.82778
479.10390
479.14824
479.16402
479.48208
479.60832
479.62092
479.64684
479.73228
479.77428
479.80308
479.81778
479.94192
480.36534
480.39366
480.48828
480.51192
480.62208
480.78366
480.80550
480.91680
480.92298
480.97758
480.98982
481.00296
481.15878
481.23432
481.34148
481.39920
481.44840
481.49664
481.65180
481.94580
482.11278
482.38398
482.44626
482.80416
482.84910
482.86002
482.94252
483.04344
483.04962
483.07440
483.83304
484.00098
484.12110
484.13334
484.21032
484.32222
484.38786
484.54404
484.54758
484.84980
484.92126
485.15436
485.48658
485.71272
485.75946
485.94768
485.98044
486.00186
486.26778
486.28128
486.50730
487.46040
487.64484
487.98480
488.05512
488.23950
488.72880
488.75538
489.09432
489.14754
489.15420
489.28038
489.29574
489.87540
489.94062
490.14204
490.32648
490.56684
491.42712
491.65026
491.81112
491.81568
491.98518
492.18564
492.35256
492.36954
492.46656
492.52890
492.59034
492.78618
493.06056
493.22322
493.32630
493.33332
493.46466
493.49022
493.72938
493.94430
494.35212
494.60460
494.60664
494.83686
494.98998
495.28482
495.34524
495.37056
495.71556
495.72486
495.99426
496.43826
496.78086
496.89786
497.19330
497.24274
497.53104
497.58708
497.64918
497.69466
497.70432
497.75802
497.76666
499.61052
499.65090
499.91292
499.94052
499.94550
500.01570
500.06808
500.17842
500.25474
500.36946
500.62992
500.69550
500.93640
500.95986
501.26394
501.64950
501.83610
501.89232
501.93492
502.01040
502.24032
502.41678
502.49880
502.57278
503.00172
503.16294
503.28624
503.29020
503.86890
504.03228
504.39048
504.43716
504.45414
504.52806
504.53940
504.54480
504.54948
504.63498
504.89928
505.04586
505.07676
505.07988
505.09668
505.20492
505.38204
505.80030
505.84728
506.05062
506.40006
506.40816
506.86098
506.95842
507.00678
507.60072
507.86460
508.05294
508.44558
509.24388
509.56554
509.87262
509.87862
509.99862
510.03498
510.17508
510.23196
510.24864
510.44940
510.54456
510.96108
510.97044
511.27506
511.65528
511.66548
511.89624
511.94652
512.12952
512.16870
512.19654
512.48562
512.55000
512.60430
512.65344
512.89908
512.95794
513.03510
513.19230
513.26196
513.27924
513.78918
513.81582
514.16958
514.67958
514.82862
514.83456
514.91658
514.92168
514.92666
515.25636
515.56776
515.61894
515.62296
515.64612
515.96910
516.27960
516.31200
516.55260
516.88578
517.21500
517.86210
517.89048
517.93086
517.93860
517.95300
518.01216
518.21742
518.36658
518.59764
518.71734
518.88750
518.89848
519.26628
519.30564
519.65694
519.66762
520.13562
520.18512
520.45044
520.51530
520.84092
520.84872
520.85340
520.91844
521.39934
521.70090
521.78022
522.44484
522.48042
522.91296
523.20624
523.21266
523.47168
523.49514
523.55706
523.55928
523.57572
523.67232
523.81374
523.97364
524.12058
524.52114
525.00300
525.13296
525.24282
525.51894
525.96210
526.45470
526.71240
526.74780
526.82238
526.93806
526.96518
527.22240
527.64306
527.75232
527.92692
528.39600
528.47328
528.59346
528.81666
528.83832
529.31358
529.31574
529.67928
529.72140
529.91508
530.29890
530.31108
530.32206
530.39046
530.72298
530.96370
530.99826
531.43710
531.77034
532.06704
532.07616
532.09548
532.41696
532.42344
532.55610
532.74720
532.94124
532.98474
533.00934
533.17050
533.29716
533.35698
533.46828
533.49534
533.59320
533.62488
533.65680
533.75430
534.32424
534.63642
534.64458
534.84768
534.93960
534.94554
534.97512
535.00242
535.01340
535.01832
535.06482
535.07610
535.19658
535.53174
535.60182
535.79736
535.82712
536.14440
536.14800
536.16738
536.17128
536.18826
536.65998
536.98548
537.17742
537.19878
537.21672
537.21990
537.28734
537.37938
537.38832
537.66900
537.69414
538.28136
538.46682
538.53126
538.57182
538.58580
538.91010
539.87658
540.06774
540.18690
540.19734
540.39810
540.40056
540.72360
540.78540
541.04796
541.06146
541.38726
541.60596
542.04198
542.34384
542.36364
542.44872
543.55980
543.66486
544.01376
544.09626
544.12650
544.32606
544.45890
544.65720
544.79754
544.83636
545.02200
545.04006
545.31630
545.36412
545.41728
545.41944
545.42754
545.47206
545.56266
545.68812
545.72016
546.13134
546.35916
546.61458
546.63558
546.63738
547.37430
547.50402
547.80402
548.03418
548.04660
548.28390
548.43486
548.44206
548.44530
548.44872
549.20166
549.20604
549.23214
549.24174
549.24342
549.63564
549.87018
550.25676
550.31298
550.34466
550.38966
550.40010
550.41618
550.65870
551.12388
551.14968
551.62854
551.63634
551.68932
551.70642
551.89158
551.92626
551.93574
552.10536
552.12024
552.53646
552.82206
553.20972
553.34958
554.20266
554.26278
554.27970
554.66286
555.28872
555.41754
555.53100
555.56484
555.57066
555.61752
555.70872
555.81984
555.87468
555.96558
556.30254
556.33800
556.36266
556.45692
556.67100
556.78734
556.94694
556.96878
557.06124
557.10276
557.36910
557.47554
557.48040
557.49276
558.30150
558.31134
558.71076
559.00806
559.06272
559.07394
559.11852
559.25268
559.44462
559.56882
559.69602
559.95828
560.02668
560.02848
560.18886
560.22492
560.36100
560.69844
560.72112
560.73774
560.90304
561.19980
561.23934
561.25848
561.44796
561.72162
561.99024
562.07652
562.08654
562.35618
562.61844
562.64364
563.44788
563.48790
563.64672
563.66298
563.74344
564.00300
564.16602
564.17982
564.36684
564.36858
564.73698
564.77484
564.79866
565.09506
565.41030
565.55202
565.56012
565.73406
565.78788
565.92690
565.95996
565.98606
566.37744
566.69598
566.72130
566.76066
567.07008
567.11370
567.20010
567.34470
567.58836
567.75012
567.79140
568.13370
568.33410
568.60206
568.89708
569.16108
569.70486
569.71686
569.83122
570.07386
570.07668
570.10110
570.14520
570.32214
571.19820
571.38216
571.45368
571.55394
571.56096
571.58328
571.61154
571.61508
571.65450
572.19852
572.21034
572.46378
572.46576
572.66982
573.23502
573.31914
573.62616
573.86838
573.89142
574.19454
574.75602
574.75980
574.77366
574.78914
574.80924
575.63916
575.66694
575.77008
576.07152
576.25956
576.26364
576.26922
576.34314
576.54894
576.55752
576.61788
576.63852
576.64938
576.72852
576.81000
577.04016
577.27434
577.33608
577.49856
577.74708
577.80720
577.84050
578.16192
578.21028
578.24244
578.48340
578.84112
578.99472
579.37026
579.54846
579.96312
580.02084
580.40376
580.48704
580.49322
580.55748
580.78212
581.13594
581.22738
581.34414
581.35770
581.42286
581.87952
582.52782
582.53646
582.56022
582.59988
582.67716
583.53378
583.53576
583.54884
584.10708
584.40024
584.42778
584.98548
585.38490
585.81138
585.83076
585.90396
585.92214
585.93276
586.26054
586.38288
586.38912
586.46382
586.59390
586.62966
586.67370
586.89984
587.10858
587.54742
588.08250
588.28848
588.30474
588.33108
588.49842
588.53034
588.98034
589.05798
589.07820
589.10490
589.30602
589.36212
589.63914
589.84614
590.75022
590.91864
591.06906
591.23856
591.27432
591.60732
591.66462
591.70134
591.86802
591.98406
592.21146
592.22454
592.24836
592.26966
592.51158
592.64190
592.65306
593.11926
593.30658
593.38614
593.38818
593.43978
594.39348
594.39990
594.55434
594.61518
595.02666
595.47276
596.17548
596.49666
596.67420
596.89164
597.04812
597.05046
597.19236
597.47700
597.60678
597.85014
597.99492
598.01364
598.02828
598.22376
598.24284
598.31970
598.32840
598.41096
599.28474
599.29338
599.74098
599.84208
600.00030
600.31716
600.32022
600.79404
601.13970
601.25178
601.28814
601.31466
602.42418
602.46342
602.50074
602.56104
602.89152
603.08502
603.11154
603.17982
603.21906
603.22386
603.28434
603.59508
605.40960
605.68044
605.72088
605.96598
606.23244
606.57096
607.04832
607.16748
607.55046
607.55994
607.76880
608.09874
608.21106
608.23884
608.26422
608.38218
608.38812
608.47140
608.61186
608.69910
609.06720
609.11946
609.29070
609.53490
609.63042
609.80742
610.04142
610.49034
610.50054
610.51992
610.73142
611.19714
611.20548
611.30358
611.38542
611.40750
611.75508
611.97846
612.28782
612.62442
612.70404
612.90048
613.07250
613.44702
614.10270
614.17020
614.22564
614.56800
614.66946
614.92464
614.93292
615.18468
615.20742
615.58428
615.62628
615.82278
615.88674
615.93114
616.44960
616.75422
616.88790
616.89564
617.27706
617.28558
617.29596
617.59122
617.87682
617.91012
617.99508
618.03582
618.08160
618.61176
618.97128
619.23168
619.26882
619.29954
619.31850
619.48338
619.50102
619.52148
619.63782
619.95492
619.98780
620.08080
620.28876
620.30820
620.58510
620.64624
620.78610
620.78838
620.80476
620.83458
620.86332
621.27636
621.32214
621.35124
621.69312
621.71034
621.74706
622.24164
622.30446
622.50084
622.94952
623.10702
623.30088
623.32182
623.66412
623.68440
623.81844
624.46524
624.56940
624.57948
624.69984
624.88176
625.07130
625.08114
625.71348
625.93446
625.98576
626.25228
628.18452
628.24344
628.31034
628.72548
629.32890
629.39736
629.40318
629.46240
629.98632
630.08532
630.48744
630.66174
630.87288
631.17126
631.35018
631.36602
631.42716
631.91874
631.95000
632.18370
632.19882
632.20290
632.57550
633.00528
633.06816
633.07944
633.14520
633.55752
634.07448
634.13880
635.23782
636.37176
636.77916
636.78510
636.85764
637.16964
637.28238
637.29564
637.57932
637.60266
637.62582
637.96788
638.01504
638.02680
638.03820
638.07420
638.50278
638.55846
638.98488
639.20286
639.55278
639.83202
639.84180
640.13820
640.30698
640.90134
641.04120
641.27406
641.32740
641.60892
641.62152
641.69724
641.75076
641.75640
641.76786
641.80254
641.97408
641.98830
642.05868
642.12858
642.27534
642.39840
642.57738
642.91842
642.99072
643.60860
643.74480
644.38092
644.38716
644.40198
644.42688
644.45628
644.71860
644.95236
644.96736
645.00540
645.06768
645.25524
645.72438
646.06698
646.40748
646.41840
646.67160
646.83276
647.11536
647.28744
647.45568
647.55786
647.62152
648.33414
648.72930
648.98190
648.99102
649.05690
649.06914
649.68552
649.70220
649.92468
649.97286
649.99734
650.24412
650.31408
650.32128
650.34348
650.63418
650.65572
650.85834
650.88120
651.13212
651.15342
651.45450
651.72138
651.72528
651.80382
651.81906
651.82926
652.02690
652.55814
652.61190
652.61760
652.63092
652.63698
652.70232
653.14194
653.17140
653.30268
653.53026
653.58138
653.61000
654.11502
654.69822
654.94470
654.95220
655.24578
655.38462
655.39542
655.57320
655.58082
655.58868
655.59510
655.59972
655.65096
655.73196
655.74762
656.15442
656.30100
656.60472
656.63808
656.71146
656.72748
657.22428
657.24690
657.80760
658.52724
659.07876
659.10864
659.13174
659.39832
659.66814
659.78634
659.79168
660.12468
660.25308
660.26670
660.29106
660.30666
660.32148
660.33072
660.68694
660.69048
661.13508
661.22430
661.24020
661.60746
662.00022
662.01738
662.18802
662.30772
662.73918
662.75694
662.75862
662.77026
662.81424
663.12630
663.15684
663.16716
663.33426
663.52206
663.88794
663.89190
664.46142
664.60848
664.63608
664.87386
664.88412
665.12526
665.85432
665.89788
665.91522
666.06858
666.10476
666.24084
666.43398
666.68394
666.80826
666.97872
667.03110
667.72122
667.72578
668.20584
668.62212
668.62500
668.71998
669.08388
669.17184
669.39450
669.39786
669.44034
669.54120
670.39290
670.64340
670.87680
671.36148
671.41182
671.64462
671.76246
671.78562
672.86178
672.86724
673.27836
673.28442
673.63794
673.65066
674.02884
674.04498
674.97642
675.11424
675.12954
675.15132
675.53382
675.58074
675.58674
675.73560
675.75756
675.80406
675.94398
676.03086
676.64892
676.67484
677.28084
677.66370
677.69850
677.95896
678.30168
678.33054
678.75468
678.79212
679.32630
679.78134
679.97040
680.43630
680.47296
680.49078
680.59848
680.85534
681.56988
681.62082
682.06620
682.07358
682.08132
682.12044
682.19208
682.22862
682.55394
682.63356
683.16078
683.37558
683.37924
683.38788
683.47776
683.72046
684.44316
684.46386
684.69546
684.71430
684.73068
684.74004
684.75882
684.80526
684.81198
685.07550
685.11654
685.94964
686.18286
686.36802
686.38170
686.75034
686.75184
686.88942
687.53520
687.54702
687.67014
687.97344
688.11948
688.22592
688.69266
688.80108
689.58402
689.92716
689.95716
690.16050
691.15830
691.17492
691.21758
691.22844
691.49538
691.83930
692.37306
692.96058
692.98230
693.23154
693.26208
693.64332
693.66516
693.68364
693.70020
694.06590
694.12980
694.38324
694.40700
694.57704
694.60290
694.64628
695.06208
696.07956
696.16944
696.33972
696.57882
696.58092
696.59970
696.67572
696.73578
696.74994
696.75588
697.00998
697.15842
697.29288
697.67448
698.01516
698.52702
698.67510
699.23502
699.29130
699.81204
700.06920
700.07340
700.07886
700.09164
700.22484
700.23132
700.86726
701.19558
701.21796
701.24550
701.24994
701.62950
701.64240
701.73414
701.73654
701.78184
702.74460
703.19946
703.39776
703.79172
703.88112
703.96488
704.04288
704.55840
704.80290
704.84544
705.33636
705.81144
705.85596
706.24248
706.40226
706.51392
706.65006
706.73796
707.35470
707.50362
707.66784
708.29460
708.83136
709.18632
709.51134
710.46840
710.88756
710.90004
710.93580
710.99316
711.03948
711.05994
711.37794
711.38814
711.45288
712.16634
712.51818
712.63998
712.94010
712.97334
713.03292
713.03508
713.30862
713.35920
713.90832
713.93844
714.13596
714.23214
714.26568
714.67830
714.88434
715.76772
716.04000
716.06118
716.32644
716.44578
716.68554
716.69622
716.70072
716.75802
716.77500
716.92158
716.94090
717.32634
717.37164
717.38508
717.67026
718.04388
718.06866
718.36386
718.57098
718.59438
718.65462
718.68420
719.15640
719.34246
719.36058
719.53662
719.66436
721.16658
721.20396
721.22040
721.62864
721.75968
721.80930
722.40978
722.63160
722.63994
722.68980
723.36264
723.52026
723.98550
724.69956
724.70892
725.29584
725.40300
725.43240
725.49366
725.93868
726.00030
726.03738
726.45060
726.46758
726.61272
727.03788
727.48254
727.74426
727.93938
728.20422
728.54754
728.56380
729.94278
730.07124
730.08156
730.11018
730.11360
730.85448
730.93806
731.06358
731.23332
731.23926
732.08640
732.12324
732.39780
732.46200
732.62196
733.15338
733.16316
733.26546
733.47690
733.77540
733.89162
733.97844
734.20470
734.69700
734.72784
734.74302
735.50670
735.53202
735.64308
735.84840
735.91860
735.99678
736.57656
737.06436
737.51814
737.53830
737.56122
737.60778
737.73066
737.93118
739.40460
739.42290
739.88232
740.16546
740.18028
740.61156
740.86728
741.19098
741.22980
741.23316
741.34242
741.36798
741.64620
742.31472
742.80012
742.83252
742.97976
743.36298
743.40966
744.86988
744.97524
745.01238
745.12194
745.23738
745.52718
745.55526
746.50374
746.55042
746.80980
747.24972
747.46884
747.75396
747.76038
747.78018
748.00152
748.17582
748.23846
748.45944
748.53576
748.63452
749.03886
749.23764
749.41674
749.65638
749.93040
749.95116
750.13710
750.82962
750.86742
750.98622
751.26306
751.56330
751.56594
751.61340
752.15274
752.44896
752.50230
752.67192
752.76666
753.04614
754.50786
754.68372
754.93806
755.13774
755.23038
755.48400
755.55480
755.85528
756.16266
756.78504
756.79482
756.96798
757.06410
757.13076
757.23264
757.52046
758.13264
758.49240
758.50806
758.53926
758.64072
758.80812
758.81976
758.94312
758.97786
759.14970
759.17898
759.67524
760.18098
760.20312
760.21962
760.24878
760.65768
760.71744
760.80150
761.44536
761.46294
761.70624
761.84244
762.08742
762.67296
762.82662
762.83316
762.96348
762.98412
763.11924
763.27398
763.46646
763.47186
763.59624
763.78986
764.19198
764.71110
765.21492
765.24954
765.39516
765.47766
765.48672
765.53064
765.77592
765.79368
765.79692
766.39212
766.64562
766.94988
766.98918
767.22936
767.27466
767.54706
767.82858
767.83032
768.40002
768.42138
768.46830
769.16574
769.46610
769.66368
769.93080
769.95504
770.26584
770.53512
770.55288
770.92434
771.30438
771.30840
771.33564
772.46790
772.54974
772.56888
772.65054
773.10108
773.10552
773.10738
773.65356
773.97240
774.10242
774.22824
774.23436
774.32322
775.27926
775.74858
775.94892
776.39220
776.53848
776.67522
776.69970
776.70450
776.74104
776.76360
776.83860
776.84670
777.08526
777.09960
777.24900
777.49842
777.68982
777.75336
779.12214
779.16198
779.49606
779.69946
779.84604
779.95074
779.97126
780.05508
780.07590
780.35190
780.36462
780.77838
780.90222
781.27782
781.31850
781.34610
781.38516
781.77852
781.82472
781.84626
781.96110
782.11188
782.49090
782.52126
782.56458
782.57964
782.61066
782.87478
782.90202
783.17982
783.22788
783.46356
783.50316
783.50760
783.52182
783.89814
784.11390
784.34982
784.41738
784.51098
784.79898
785.27724
786.21060
786.54660
786.68856
786.97134
787.30812
787.35126
788.06244
788.22570
788.56884
788.67714
788.76912
788.78118
788.78742
788.81376
789.36246
790.35204
790.43088
791.41530
791.96376
791.97456
792.03756
792.16080
792.58236
793.17816
793.18050
793.57110
793.60716
793.67028
793.71618
794.28732
794.42340
794.82000
794.84172
795.32292
795.42942
795.44028
795.63978
796.41696
796.71036
796.98618
797.33982
797.44440
797.69736
797.70438
797.71566
797.71866
798.51516
798.77790
798.93978
799.11858
799.12314
799.65606
799.93320
799.94118
799.94628
800.85462
800.86260
800.87910
801.27252
801.73584
802.26126
802.27644
802.79826
802.83336
802.83786
802.84542
803.34756
803.64288
803.82636
803.96904
803.97078
804.49302
804.53910
804.55320
805.55250
805.55718
805.59558
806.24106
806.43804
806.95542
807.97488
807.98760
807.98976
808.00662
808.01736
808.01892
808.04904
808.37826
808.62594
808.85364
809.24802
809.85930
810.07164
810.07872
810.10866
810.11472
810.12876
810.13092
810.19698
810.58236
810.85362
810.85548
811.22550
811.27536
811.48086
811.76688
812.06250
812.10180
812.32842
812.52210
812.66262
812.69940
812.72718
812.94528
813.12138
813.48486
813.91686
814.00104
814.48560
814.53336
814.56798
815.15004
815.37516
815.73432
816.22866
816.47256
816.61872
816.89226
817.35696
817.56300
817.88388
817.95306
817.96944
818.00172
819.08400
819.08982
819.35370
819.49944
819.52962
819.66126
820.26024
820.28730
820.37208
820.47960
820.52052
821.41014
821.59218
821.59644
821.71128
821.90706
822.87372
822.88422
823.10910
823.19610
823.71996
824.20230
824.26284
824.83644
825.25050
825.35790
825.37980
825.71640
826.25472
826.32600
827.83392
828.01650
828.22548
828.50610
829.19640
829.66920
830.03310
830.57838
830.59764
830.69604
831.17964
831.73836
832.32522
832.46784
832.48236
832.50438
832.72290
833.49702
833.53038
833.66868
833.76216
833.79300
833.92284
834.58800
834.75102
834.78156
835.02120
835.42770
835.83888
835.91118
836.47704
837.14214
837.15666
837.24732
837.28224
837.59046
838.01460
838.05144
838.49388
838.52268
838.60782
838.63272
838.95222
838.97112
839.62206
839.62542
839.64900
840.45066
841.62420
841.77186
841.84362
841.86762
842.04198
842.06784
842.23476
843.19506
843.34368
843.40134
844.06500
844.49598
844.49778
844.50852
844.73328
844.77138
844.77672
844.90086
845.04084
845.15544
845.30508
845.76762
845.80962
846.01650
846.04896
846.05682
846.34782
846.67398
846.96024
846.96264
847.16736
847.34502
847.41474
848.54994
848.57826
848.89680
848.89854
848.93052
849.24090
849.62934
849.84816
850.22886
850.29162
850.67166
851.27094
851.33124
851.55546
851.56464
851.66424
851.90496
851.94024
851.94504
852.36612
853.08636
853.14414
853.23060
853.27380
853.80024
853.81002
853.81704
853.82694
854.07030
854.39436
854.62626
855.15726
855.52662
855.86730
856.46718
856.50048
856.90794
857.37000
857.43366
857.51634
857.54148
857.82714
857.83302
857.89104
858.23124
858.24192
858.55788
859.10334
859.33566
860.35338
860.35632
860.42472
860.76360
860.78088
860.81994
861.38700
861.44232
861.45636
861.46212
861.99696
862.26120
863.17470
863.24436
863.26602
863.27592
863.47176
863.49816
863.49990
863.63262
863.66100
863.69670
863.80944
864.08514
864.26838
864.82656
865.15260
865.19106
865.61730
866.10690
866.21652
866.86362
866.88384
867.13260
867.62130
867.99930
868.17912
868.25682
869.01690
869.59452
869.61012
869.92332
869.98998
871.12644
871.13874
871.56540
871.60068
871.69332
872.23398
872.30088
872.33550
872.66226
873.81774
873.83004
874.73406
875.05092
875.19042
875.25582
875.33898
875.34600
875.54814
875.64600
876.04944
876.06468
876.18720
876.20232
876.26232
876.29310
876.33318
876.33774
876.34200
876.39414
876.48726
876.80862
876.84852
876.85032
877.07706
877.11936
877.20546
877.59492
878.11770
878.67852
878.73018
878.78190
879.06474
879.37092
879.64944
879.72366
879.75918
879.76110
879.81798
880.19286
880.26552