0.62286
0.71532
0.88158
0.99960
1.34700
1.87746
1.90866
2.73342
2.74980
2.93334
2.96580
3.15354
3.43812
3.59358
4.45458
4.50132
4.51086
4.59408
4.61082
5.38050
5.76648
6.08298
6.09816
6.14022
6.56250
6.61500
6.68850
6.70002
6.72462
6.73212
7.69698
7.70646
9.04602
9.05322
9.09192
9.19746
9.59976
9.99852
10.44510
10.51056
10.53780
10.57284
10.62120
11.05956
11.07402
11.64810
12.02256
12.22572
12.24954
12.26142
12.27096
12.34446
12.38454
12.64572
12.87264
13.26204
13.74180
13.98870
14.05500
14.56212
14.62236
14.64522
14.82276
15.19824
15.22398
15.35886
15.48138
15.62940
15.76602
16.73136
16.73718
16.77372
16.88166
17.15598
17.35374
17.42730
17.44368
18.06924
18.26058
18.28290
18.31644
18.78318
18.82986
18.87948
18.95832
18.96630
19.10322
19.31976
19.34496
19.35492
19.50468
19.64580
19.68888
20.24196
20.26890
20.28546
20.30328
20.34690
20.83146
20.83512
20.84310
20.99712
21.50520
22.77534
23.03004
23.04858
23.21400
23.22564
23.23224
23.33028
23.33988
23.45874
24.04656
24.23316
24.63408
24.67812
25.49394
25.77432
25.77912
25.90608
25.92282
25.99218
26.04768
26.08218
26.71374
26.73780
26.90886
27.05364
27.28308
27.28608
27.29760
27.57576
27.59976
27.79224
27.85968
27.88350
27.95478
28.00512
28.62456
28.65186
28.68078
28.94772
29.04018
29.14728
29.25168
29.30304
29.48238
29.60400
29.61966
29.73966
30.06564
30.07818
30.09018
30.10932
30.56088
30.62106
30.78156
31.30038
31.42494
31.43490
31.59150
31.61520
31.71258
31.97964
32.02200
32.14644
32.26410
32.71062
33.15426
33.16722
33.18744
33.25674
34.07172
34.32630
34.54338
34.58808
34.75206
34.75854
35.00070
35.05824
35.56620
35.59698
35.67534
36.22068
36.30558
36.37122
36.38790
36.59376
36.59694
36.61494
36.82098
36.83394
37.17864
37.19772
37.66656
38.16834
38.19090
38.29830
38.30868
38.37378
38.38230
38.44638
38.48442
38.51142
38.64498
38.79702
39.08658
39.12108
39.13374
39.15408
39.17274
39.45336
39.47112
39.98850
40.13496
40.44282
40.52412
40.53324
40.55436
40.68186
40.88856
41.53698
41.54628
41.58444
41.60466
41.80488
41.93112
42.30942
42.31680
42.32904
42.60954
42.66708
42.75252
42.97188
42.99000
43.42176
43.44444
43.51020
43.72194
43.87638
44.10288
44.18094
44.32752
44.57736
44.58864
44.82336
44.85474
45.43770
45.53826
45.68628
45.69534
45.76200
45.78060
45.88944
46.00458
46.37364
46.94928
46.97646
47.87778
48.05370
48.15174
48.33258
48.33564
48.40248
48.44226
48.54432
49.09434
49.22652
49.37364
49.49100
49.50276
49.54338
49.64352
49.65708
49.83384
50.24958
50.33898
50.53764
50.73198
50.83932
50.87088
51.61368
51.69120
52.11390
52.14846
52.15200
52.17930
52.19730
52.20294
52.24968
52.35900
52.93464
53.12580
53.85576
54.44268
54.48732
54.94980
55.13952
55.34550
55.88664
55.89906
55.90842
56.12616
56.47614
56.72298
56.74062
56.86968
57.19290
57.26592
57.71238
57.79800
57.80496
57.83250
58.18374
58.46742
58.98828
59.50836
59.57010
59.58504
59.91288
59.92782
59.96406
60.04872
60.06066
60.35532
60.36420
60.64776
60.73020
60.81882
61.04964
61.32642
61.38636
61.52466
61.61772
61.80270
61.84896
62.85702
62.87706
62.89386
63.34044
63.39246
63.52728
63.60054
64.19784
64.20780
64.36074
64.38924
64.59708
64.92102
65.11290
65.31324
65.35206
65.96544
65.98416
65.99154
66.01434
66.03756
66.09540
66.10662
66.12204
66.35346
67.05636
67.07628
67.32528
67.39686
67.77528
67.82148
67.85928
67.98384
68.25192
68.29062
68.35344
68.35614
68.46426
68.73714
68.78100
69.11280
69.13962
69.14946
69.15114
69.19530
70.27362
70.60344
70.64502
70.67172
70.92018
70.94136
70.97826
70.98186
71.41272
71.51148
71.55576
71.56002
71.64648
71.67030
71.79780
72.12792
72.15552
72.17208
72.22302
72.24906
72.27090
72.36924
72.37830
72.47100
72.72678
73.08738
73.09482
73.20744
73.59972
73.61202
73.88748
73.95918
73.99296
74.28114
74.35122
74.73384
74.90586
75.14370
75.34518
76.54224
76.71540
76.72734
76.78536
76.81560
77.00436
77.01324
77.04426
77.45976
77.69994
77.71668
77.74560
77.82402
78.36708
78.37896
78.43926
78.45174
78.50586
78.58182
78.59820
78.78930
79.36380
79.37388
79.51890
79.69146
79.71786
80.04480
80.09292
80.50488
80.92290
81.00294
81.12198
81.63936
81.64620
81.68508
81.70662
81.80856
81.82686
82.23708
82.42986
82.70550
82.87200
82.88598
83.24646
83.58774
83.82444
84.17904
84.50250
84.67590
84.94722
85.02684
85.37280
85.72422
85.74456
85.76358
85.76634
86.15574
86.19972
86.67780
87.10314
87.19074
87.96834
88.17474
88.18794
88.20942
89.04588
89.15766
89.68566
89.68908
89.78574
89.90412
90.59028
90.81030
90.83406
91.44156
91.50198
91.63536
91.65270
91.66410
91.68132
91.69530
91.72104
92.21880
93.14238
93.15486
93.15876
93.17718
93.21150
93.55938
93.56682
93.72420
93.96234
94.02750
94.16082
94.23198
94.71786
94.73454
94.74612
94.75650
94.78242
94.89252
95.37486
95.54040
95.57124
95.57370
96.03924
96.08682
96.21432
96.23070
96.65160
96.74568
97.18224
97.72044
97.75176
97.83078
97.84896
97.89162
97.92408
97.93524
98.17656
98.23530
98.26164
98.26830
98.29044
98.31846
98.69772
98.70942
98.71176
98.77056
99.06852
99.07362
99.10236
99.10698
99.12366
99.57288
99.65844
99.71634
99.73554
100.13304
100.15734
100.23132
100.59222
100.65438
100.68810
101.71260
101.72604
102.13044
102.53832
102.55656
103.09026
103.25274
103.29804
103.30404
103.31382
103.40784
103.81074
103.85862
103.89126
104.06874
104.30802
104.36028
104.56530
104.77842
104.95734
105.04596
105.26622
105.26904
105.27186
105.36270
105.73722
106.07346
106.08684
106.35990
106.61256
106.85844
106.87764
106.88466
106.91598
106.93104
107.19198
107.33688
107.47122
107.58552
107.63418
107.82912
107.86896
108.08856
108.60396
108.75486
109.16454
109.90104
110.13282
110.21730
110.22918
110.24460
110.27994
110.99814
111.01632
111.02682
111.24474
111.27666
111.43176
111.96762
111.99354
112.04838
112.68450
112.73172
112.73958
112.76280
112.80774
112.84398
112.95372
113.26830
113.87550
113.91834
113.94090
113.96034
114.14352
114.18912
114.19338
114.79386
114.99660
116.02230
116.04408
116.32698
116.35098
116.36790
116.44236
116.51496
116.92812
116.96160
116.98236
117.26862
117.30894
117.47274
117.67854
117.78432
117.89676
117.90264
118.14930
118.17930
118.34232
119.01780
119.04504
119.05224
119.10774
119.13636
119.44356
119.46156
119.66508
119.91798
119.94240
120.09252
120.39222
120.76326
120.98772
121.36188
121.81218
121.85148
121.92726
122.05008
122.08176
122.11854
122.13036
122.33250
122.38824
123.08952
123.69480
123.76854
123.78390
124.27122
124.45104
124.57068
124.60632
124.93476
124.97286
124.98888
125.03034
125.37432
125.42388
125.45724
125.45976
125.75760
125.87094
125.89908
125.90436
126.10890
126.84726
126.85074
128.10138
128.12100
128.69172
128.74326
128.95128
129.19236
129.20622
129.26118
129.27960
129.30768
129.31038
129.62568
129.62994
129.64116
130.09602
130.20024
130.43352
130.91292
130.93968
130.97394
130.99152
130.99566
131.50014
131.98764
132.82560
133.22328
133.30728
133.33050
133.36716
133.36968
133.43154
133.54800
133.56792
134.20404
134.24226
134.28990
134.33508
134.67486
134.90130
134.96604
135.00630
135.02124
135.17574
135.37134
135.41538
135.51072
135.52584
135.54522
135.98856
136.37604
136.40430
136.43784
136.44144
136.48812
136.64844
136.93830
137.42580
137.43654
137.64870
137.65158
138.51396
138.71526
139.54464
139.60674
139.63140
140.49702
141.24264
141.24438
141.58146
141.59694
141.69822
142.10256
142.93128
142.93818
142.95726
143.06136
143.52720
143.55396
143.58990
143.75256
144.08118
144.33882
144.66174
144.89580
145.07688
145.53864
145.57008
145.59894
146.10006
146.61204
146.62206
146.68578
146.68920
146.69676
146.71968
146.73876
147.04674
147.45540
147.48462
147.52422
147.87480
148.52922
148.55310
148.56252
148.56606
148.57158
148.60866
148.74306
149.39550
149.43042
149.63592
149.70786
150.92796
150.93696
150.93972
150.99474
151.25238
151.37016
151.70658
152.26014
152.34660
152.48088
152.74896
152.76360
152.82804
153.58734
153.59028
153.78216
153.84696
153.86070
154.16430
154.17234
154.19214
154.41816
154.65588
154.67370
154.98120
155.02410
155.06442
155.08620
155.89614
155.91642
155.93040
155.97906
156.10566
156.51486
156.53910
156.91380
157.29438
157.30212
157.31850
157.79436
157.80438
158.05038
158.42376
158.45220
158.54298
158.85738
158.86758
158.87376
159.07296
159.07650
159.08028
159.09042
159.56874
159.96228
160.54584
160.67196
160.67562
161.03472
161.04612
161.08086
161.08488
161.09082
161.39088
161.45490
162.30348
162.34218
163.35810
163.58190
163.80702
163.88370
163.89012
164.01552
164.63442
164.64132
164.66292
164.66772
165.19158
165.22356
165.26718
165.28908
165.92538
165.97854
165.98472
165.99540
166.39566
166.40262
166.41990
166.65264
166.66614
167.40612
167.40978
167.42076
167.44680
167.67420
168.14844
168.25356
168.48048
168.49236
168.92562
169.23360
170.34678
170.35122
170.61282
171.08970
171.19926
171.35682
171.84000
171.92322
172.02762
172.04262
172.36068
172.69752
173.09898
173.11740
173.12172
173.28648
174.19638
174.36936
174.97146
175.02396
176.13726
176.19300
176.36922
176.37534
176.38152
176.42328
176.95422
177.23904
177.28128
178.46784
178.86510
178.87416
179.03652
179.25180
179.74230
179.76018
179.90472
179.95332
180.42720
181.24500
181.30560
181.50528
181.53708
181.56234
181.56492
181.63524
181.79130
182.06484
182.09658
182.09892
182.12472
182.13282
182.13582
182.16570
182.51442
182.57766
182.60190
182.98536
183.00084
183.03444
183.10962
183.17154
183.19020
183.25536
184.29834
184.30422
184.31250
184.39992
184.42950
184.44420
184.94376
184.97418
184.97988
185.34984
185.51616
185.90508
185.91258
185.96826
186.00912
186.75816
186.83238
187.07568
187.08078
187.09830
187.21944
187.89162
188.51886
188.64972
188.77320
188.78838
188.79330
188.81940
188.82216
189.22374
189.46020
189.93462
190.20114
190.44834
191.00442
191.20452
191.32428
191.62752
192.04404
192.33606
192.35694
192.61122
192.65370
192.98382
193.01448
193.33542
193.48992
193.60152
193.83486
194.00064
194.00292
194.37432
194.49528
194.54706
195.37596
195.38124
195.41022
195.49044
195.57468
195.89874
197.30358
197.87676
197.91348
197.93352
197.97564
198.43500
198.68346
198.94812
198.98424
199.47414
199.80474
199.81512
200.33610
200.44302
200.56440
201.24504
201.28920
201.31710
201.38382
201.51996
201.55260
201.56628
201.72864
201.75762
202.22460
202.24338
202.28922
202.52238
202.75812
202.86792
202.98918
202.99836
203.01066
203.02950
203.05428
203.05620
203.61852
204.10944
204.13656
204.70746
204.72372
204.74046
204.75162
205.24806
205.61508
205.68006
205.77390
205.81686
205.82784
205.94184
206.09490
206.31108
206.34780
206.37318
206.38602
206.38812
207.49266
207.52746
207.53340
207.67476
207.80292
207.82602
208.53672
208.59048
208.61364
208.85076
208.87326
209.03406
209.11290
209.11722
209.69478
210.17310
210.18300
210.18912
210.20502
210.21048
210.21258
210.23964
210.87804
210.89784
210.91584
210.92100
210.94410
211.03356
211.11912
211.14522
211.41684
211.43658
211.44054
211.65150
211.66320
211.67160
211.82580
211.96218
212.00478
212.04924
212.20536
212.24658
212.29062
212.61834
212.64216
212.88270
212.90982
212.95962
213.64608
213.90438
213.94794
213.97674
214.16946
214.53630
214.55016
214.57320
214.61784
214.86558
214.87230
214.93914
215.41068
216.16692
216.28746
216.32460
216.34668
216.78852
217.53540
217.92906
217.94094
217.95666
218.01174
218.08086
218.30304
218.37048
219.58548
219.62778
219.92136
220.62456
220.66014
220.70064
220.77438
221.06904
221.10468
221.58444
221.58624
221.63526
221.72964
221.73876
222.01032
222.01302
222.03606
223.32618
223.60260
223.61982
223.69980
223.70610
223.77432
223.78104
224.22456
224.22642
224.24856
224.25024
224.25474
224.78070
224.81160
225.53856
225.58350
225.60426
225.61110
225.82716
225.83364
225.87240
225.87822
227.11146
227.18154
227.30508
227.31024
228.07296
228.11520
228.15330
228.15756
228.19542
228.72300
228.75204
228.76398
229.10178
229.16238
229.16706
229.20798
229.52736
229.60404
229.95732
229.99314
230.61738
230.70084
230.80842
231.21156
231.23892
232.35246
232.42686
232.44984
232.86660
232.90380
232.92828
233.56374
233.98194
234.20826
234.23196
234.23940
234.71388
234.78378
234.95172
235.00008
235.11204
235.15494
235.33818
235.52592
235.90602
236.73978
237.22344
237.24990
237.68922
237.69270
237.79200
237.79410
237.89364
237.92250
237.99912
238.00896
238.02384
238.86126
238.97076
238.98096
239.01276
239.19846
239.83434
240.72618
240.90576
241.12890
241.21056
241.86846
241.89150
242.34084
242.34810
242.65074
242.66370
243.10188
243.12420
243.27342
243.28710
243.28962
243.42342
243.44850
244.09578
244.28232
244.54002
244.55502
244.84680
245.67156
247.22238
247.26240
247.28268
247.29510
247.30542
247.38318
247.57572
247.73898
247.97214
247.98786
248.02512
248.36658
248.81358
248.82546
248.84400
250.10166
250.11246
250.25418
251.25624
251.26680
251.27118
251.32842
251.70198
252.49116
252.61962
252.64866
252.86688
252.91530
252.93954
253.07292
253.10250
253.11372
253.16268
253.59588
253.62312
253.63464
253.66914
253.77162
254.02650
255.14760
255.16914
255.19068
255.19470
255.31560
255.41742
255.56538
255.57564
255.57918
255.58224
255.60648
255.60828
255.81288
255.89868
256.10340
257.42088
257.43252
258.15552
258.18300
258.46788
258.49374
258.52368
259.18272
259.21314
259.48572
259.60740
259.89432
259.90530
259.92612
260.13000
260.13888
261.43662
261.88746
261.89358
261.91122
261.96636
261.98400
262.23042
262.48068
263.06526
263.10630
263.16510
263.30148
263.39742
263.50968
263.73168
263.79564
264.58284
264.59184
265.03962
265.05744
265.06398
265.07604
265.07994
265.09980
265.11252
265.20648
265.46322
265.87398
265.95324
266.28306
266.73444
266.81886
266.82798
266.95980
267.18714
267.28188
267.28794
267.64002
267.70464
267.72834
268.27146
268.31766
268.53804
268.57806
268.61052
268.79004
268.90788
269.12154
269.36652
270.06156
270.30258
270.33864
271.38732
271.57074
271.58082
271.61202
271.92546
272.10414
272.20470
272.33136
272.58396
272.60454
272.64618
273.00444
273.86118
273.95520
274.39632
274.42080
274.45350
274.49742
274.55862
274.65402
274.69470
274.69734
274.71696
274.85910
275.15670
275.19288
275.19648
275.29614
275.37054
276.43080
276.44118
276.67104
276.71412
277.19112
277.20648
277.21134
277.67460
277.83996
277.86432
278.08242
278.12766
278.15970
278.43564
278.71944
278.88066
279.05352
279.06180
279.07794
279.40662
279.88062
280.02420
280.26816
280.67778
281.04498
281.05104
281.05914
281.09328
281.59590
281.60676
281.61906
281.96802
282.58236
282.59280
282.63294
282.87792
282.87966
282.88554
282.91488
282.91728
283.20792
283.72578
283.74612
283.79988
284.51244
284.62764
284.84352
285.29766
285.99744
286.09614
286.11750
286.15422
286.15944
286.21422
286.76958
286.93512
287.22048
287.22300
287.26494
287.27844
287.43402
287.47080
287.63484
287.67312
288.05052
288.15174
288.16212
288.56010
288.91956
289.00086
289.92462
289.98348
290.01270
290.10870
290.11386
290.48676
290.50032
290.50260
290.52030
290.52678
290.54748
291.11400
291.15420
291.21336
291.26292
291.85704
292.17414
292.85424
293.39664
293.40648
293.75730
294.41622
294.44574
294.45084
295.27530
295.27872
296.39502
296.94714
297.78408
297.86424
298.49142
298.98798
298.99188
299.06148
299.72526
299.73486
299.81772
299.90352
300.16710
300.50136
300.53196
301.10532
301.13976
301.14828
301.32456
301.37310
301.73088
301.78488
301.97142
302.00826
302.05128
302.09094
302.10894
302.13954
302.24628
302.73066
302.77422
303.20634
303.43374
303.57600
303.63978
303.65772
303.70824
303.79644
304.19832
304.20666
304.28100
304.30692
304.72458
304.76922
304.97004
304.98462
304.99722
305.00526
305.02014
305.03898
305.11254
305.79654
307.18932
307.40154
308.60094
308.82288
309.42690
309.54300
309.57240
309.75852
310.30974
310.41018
310.41468
310.60974
310.79214
311.03700
311.04360
311.34336
311.43156
311.56050
311.67192
311.91900
311.92164
311.99844
312.24492
312.40362
312.48750
312.49524
312.53082
312.57408
312.81672
313.02864
314.31192
314.38950
314.45490
314.48958
315.20280
316.41414
316.73322
317.06832
317.09130
317.93988
317.96364
317.97366
318.51090
318.52638
318.54522
319.08714
319.14924
319.15710
319.55310
320.17974
320.19066
320.20440
320.23872
320.27172
320.28954
320.31804
320.35392
321.22920
321.51024
321.56676
321.57198
321.60624
321.84384
322.36662
322.58802
322.65258
322.66272
323.04822
323.14440
323.80926
324.36300
324.42720
325.21074
325.41126
327.07938
327.13698
327.17622
327.39792
327.41934
327.48792
327.64806
328.54380
328.54818
328.91592
329.46426
329.47206
329.47422
329.55714
330.46536
330.60606
330.92958
330.96960
331.51590
331.65384
331.79484
331.98354
332.61312
332.84640
333.27510
333.40644
333.67536
334.79682
335.80488
335.84556
335.85654
336.53178
336.53682
337.01670
337.09374
337.15128
337.30380
337.89306
337.95564
338.39778
338.41938
339.07608
339.57252
340.36884
340.39176
340.43982
340.53984
340.68366
340.89966
340.91376
341.46426
341.53578
341.54340
341.87166
342.10752
342.11106
342.14112
342.51762
342.56550
343.35654
343.41336
343.42062
343.50024
343.52280
343.55652
343.63386
343.63668
343.65660
343.97040
344.10636
344.15058
344.89944
344.90262
345.08562
345.09786
345.14412
345.43428
345.68058
345.72096
345.76782
345.77970
346.18164
346.18842
347.08074
347.10090
347.35170
347.65002
347.75220
347.80080
348.64734
349.47306
350.30502
350.31822
350.36736
350.44878
350.51694
350.52894
350.55108
350.56836
350.57754
351.71124
351.74604
351.75822
351.76038
351.81948
351.87762
351.90204
352.10088
352.37166
352.38522
352.67316
352.87290
353.04282
353.07372
353.67780
353.74788
353.75304
354.35214
354.40512
354.42666
354.69828
354.74634
354.79146
354.82368
354.83016
354.86928
355.39968
355.53168
355.70898
355.73058
355.81302
356.26140
356.41620
356.49924
356.50734
356.52924
356.55552
356.63592
356.66946
356.86050
357.35592
358.15908
358.70904
359.13630
359.15010
360.05532
360.51522
360.58902
360.67878
360.87756
360.90468
361.39596
361.46238
361.50696
362.27544
362.71692
362.90160
362.93388
363.50640
363.88494
363.90072
363.93462
364.28742
365.24676
365.49306
365.77878
365.83002
365.84232
365.86674
365.88480
366.08634
366.33696
366.38382
366.56214
366.63816
367.36956
367.96110
368.01816
368.40654
368.70036
369.67902
369.74796
369.76710
369.83664
370.63818
370.64136
371.02848
371.03940
371.07984
371.09958
371.19534
372.47388
373.21188
373.21626
373.86972
374.22642
374.23554
374.36454
374.66622
374.69124
374.70948
374.84244
374.87520
375.00720
375.05820
375.57588
378.50484
378.71664
378.92340
378.96798
380.00742
380.56548
380.64468
380.75598
380.93460
381.03210
381.31164
381.45372
381.54492
381.67404
381.67896
381.72804
382.26648
382.90164
383.19684
383.20224
383.27538
383.32518
383.66028
383.66862
383.83440
384.58716
384.90132
385.16532
385.42194
385.42398
385.52088
385.55916
385.58634
385.61736
386.00838
386.18226
386.59164
386.73786
386.90682
387.14190
387.22722
387.28002
387.29472
387.51264
387.83580
387.85356
387.94920
388.46076
388.77198
388.81272
389.99598
390.00954
390.28428
390.42912
390.60798
391.03962
391.20054
391.45314
391.45488
391.68510
391.68828
392.44758
392.48448
392.54634
392.73498
393.23250
393.27552
393.30138
393.56502
393.89076
393.96666
394.09344
394.11858
394.56324
394.62216
394.63176
395.05416
395.14704
395.16516
395.19822
395.47770
395.50878
395.52948
395.61474
395.61678
396.29988
396.54300
396.94788
397.22952
397.26894
397.31838
397.34994
397.37694
397.95354
398.10066
398.15268
398.49162
398.59152
398.97480
399.11922
399.16596
399.19974
399.62310
399.65172
399.89778
399.92346
399.95424
400.13136
400.14774
400.21128
400.23144
400.23498
401.27622
401.28372
402.38670
402.43794
403.24128
403.24932
403.48842
403.49142
403.50942
403.52298
403.71852
403.74060
403.80114
403.81104
404.19690
404.20194
404.71224
404.76060
404.85624
404.94408
405.34902
405.71106
405.92070
406.40868
406.50978
406.86270
407.30382
407.35950
407.38626
408.12816
408.19008
408.36558
408.39234
408.52326
408.58032
408.94722
408.97626
409.03740
409.73940
409.75230
409.77282
410.13234
410.45964
411.09210
411.33312
411.38442
411.39990
411.54888
411.56034
411.58950
411.60390
411.74238
411.76524
411.78192
412.46358
412.46664
412.53324
413.15400
413.88186
415.14348
415.16892
415.19088
415.34832
415.35132
415.65996
415.68210
415.68906
415.88742
416.18340
416.19396
416.38956
416.51694
417.18816
417.20352
417.22608
417.24876
417.77226
417.78432
417.79878
417.81972
417.82968
417.84858
417.85644
418.50822
418.65864
418.67586
419.00934
419.24958
419.26686
419.29428
419.86728
419.98686
419.99838
420.28686
420.29094
420.34440
420.42504
421.37532
421.38144
421.45710
421.55100
421.80234
422.21976
422.25048
422.54358
422.68242
423.02244
423.56034
424.09416
424.24350
424.27440
424.42890
424.47468
424.53168
425.13294
425.89572
425.94762
425.96550
425.97570
426.40368
426.65784
427.25076
427.33512
427.33860
427.52886
427.53726
427.69296
428.44788
428.46162
428.49054
428.49582
428.50212
428.50620
428.52360
428.52666
428.54442
428.85330
428.88168
429.04338
429.21648
430.05474
430.84242
431.23116
431.62638
431.74212
432.17298
432.80388
432.88728
432.93822
432.97560
433.02306
433.03758
433.06758
433.50042
433.53372
433.59762
433.82790
433.89582
434.13426
434.16234
434.20296
434.32614
435.36240
435.37914
435.40392
436.19124
436.68966
436.81674
436.90428
436.93728
437.68164
437.90412
438.17040
438.19254
438.21324
438.52956
438.63306
438.64128
438.67968
438.71034
439.12062
439.15764
439.16796
439.17864
439.19448
439.21968
439.38522
440.03214
440.08176
440.26998
440.32020
440.32884
440.59464
440.59914
440.65164
440.69298
441.12324
441.14442
441.21990
441.69912
441.74628
441.77436
441.77970
441.81222
441.81678
441.84210
441.91284
442.38750
442.68252
443.30622
443.33706
443.57094
443.95656
444.43290
444.43950
444.78432
444.81798
444.91434
445.01682
445.20744
445.52100
445.52976
445.55010
445.92588
445.94514
446.05746
446.53812
447.28890
447.33894
447.35988
447.97476
448.03530
448.91106
448.93026
448.97916
449.30706
449.34798
450.08088
450.19122
450.36192
450.39318
450.42438
450.45672
450.52146
450.83868
450.89592
451.27308
451.27950
451.34154
451.35600
451.38300
451.39314
451.46880
452.27532
452.78046
452.87328
452.90742
453.21750
453.24498
453.25524
453.26886
453.31230
453.43014
453.52422
453.52950
454.02360
454.07868
454.42380
454.99356
455.02272
455.08290
455.67576
455.67762
455.89974
456.44562
456.66222
457.40772
457.73664
457.87278
457.98078
458.41530
459.04734
459.06882
459.19752
459.61278
459.88080
460.29636
460.30212
460.50810
460.52454
460.57014
460.71204
460.72974
461.31312
461.44008
461.72790
462.10266
462.11370
462.11640
462.13170
462.13734
462.40716
462.82704
463.22886
463.48176
464.17272
464.18430
464.19312
464.19846
464.39214
464.43246
464.44086
464.75592
464.78352
464.82840
465.31488
465.34950
465.37680
465.74856
465.84252
466.31988
466.55358
466.86966
467.72442
467.73672
467.73996
467.76372
467.82948
467.93976
468.02802
468.27810
469.70562
469.71924
469.93266
470.15058
470.63292
470.66304
471.98334
472.06644
472.28748
472.34592
472.37628
472.71666
472.75524
473.35608
473.70444
473.73276
473.81724
473.84088
473.89578
473.89752
474.18078
474.20160
474.25152
474.50502
474.53610
474.59574
475.10940
475.11408
475.98378
476.33718
476.34990
476.58264
476.73756
476.76030
476.77044
476.78778
476.81694
477.52938
477.54318
477.58374
478.03404
478.03770
478.04130
478.05192
478.08084
478.08678
478.13562
478.51866
478.59462
478.80066
478.88046
479.16114
479.32512
479.70120
479.70360
480.16752
480.18030
480.48198
480.49026
480.51246
480.54798
480.56334
480.62712
480.69402
480.69636
480.94356
481.17648
481.45254
481.81362
481.83042
481.86918
482.23200
482.67936
482.71482
483.01050
483.04692
483.05784
483.64194
484.57650
484.83588
484.93698
484.94790
484.96302
484.96698
484.97448
485.01750
485.65860
485.76330
486.72804
486.79872
487.32186
487.81902
487.94058
488.33394
488.49582
488.51442
488.89764
488.94312
488.96838
488.97300
489.07008
489.70722
489.72000
489.74160
489.84480
489.86508
490.28670
490.39062
490.57374
490.97904
491.09310
491.28528
492.15972
492.38034
492.79350
492.82542
494.05962
494.35698
494.42664
494.58942
494.85066
495.00288
495.05658
495.06258
495.18732
495.46590
496.03416
496.04808
496.06566
496.15296
496.20084
496.49070
496.49256
496.49688
496.59300
496.59714
496.81476
496.84614
498.10110
498.10974
498.14700
498.15216
498.25008
498.46626
498.66096
499.39284
499.40046
499.51386
499.53258
500.09046
500.09586
500.17638
500.41782
500.50386
500.80044
500.90700
501.04746
501.18930
501.24432
501.66078
501.68754
501.75594
501.76362
501.77160
502.99968
503.01528
503.01972
503.25738
503.28360
503.32884
503.52114
503.63028
503.67180
503.70072
503.81862
503.83656
503.88360
504.53238
504.57768
504.59136
504.59418
504.70254
505.17402
505.19388
505.21248
505.27770
505.30908
505.48146
505.69008
505.99626
506.01000
506.78634
506.80728
506.81310
506.82720
507.12708
507.24762
507.41430
507.44280
508.24704
508.34106
508.35030
508.36068
508.38060
508.41444
508.42446
508.43010
508.45932
508.72140
509.22114
509.73912
509.74134
509.78790
509.81832
510.06204
510.30672
510.82020
510.93222
511.29522
512.10408
512.28468
512.38098
512.52750
512.57178
513.48390
513.50022
513.55554
513.58482
513.59556
513.64188
514.03278
514.05528
514.33050
514.79604
514.82370
514.88280
514.88814
515.13408
515.29818
515.31456
515.41458
515.44050
515.60226
515.98896
516.28668
516.43128
516.45588
516.47160
516.73764
516.76116
516.82770
516.96024
517.13748
517.14474
517.17012
517.20924
517.83132
518.58642
518.61126
518.74692
518.86044
518.86392
519.15276
519.19824
520.13886
520.19580
520.28220
520.28490
520.33668
520.36482
520.40148
520.40334
520.67448
520.70646
521.02872
521.06232
521.15280
521.55042
521.82588
522.29790
522.31524
522.34254
522.42480
522.46584
522.96462
523.00170
523.01094
523.04118
523.05162
523.06284
523.08378
523.55208
523.56372
523.57620
523.60644
524.22156
524.35884
524.45454
524.47842
524.48280
525.29610
525.43824
525.61278
525.69192
525.78564
525.81012
526.07658
526.56690
526.59948
526.65528
526.67208
526.70604
526.96668
527.12208
527.47866
527.54790
527.59770
527.65242
527.90562
527.92212
527.99244
528.34086
528.44556
528.49104
528.89304
528.90330
528.90588
528.97884
529.03170
529.19424
529.55808
529.56390
529.66980
530.94648
530.95506
531.10380
531.10842
531.14820
531.39480
531.45678
531.53676
532.01760
532.52724
532.85664
532.94958
533.89548
533.90346
533.92542
534.42876
534.50676
536.06214
536.27184
536.30256
536.35344
536.97738
537.09966
538.03650
538.58694
538.59468
538.80648
538.80996
538.87512
539.23032
539.33400
539.36406
539.67018
539.75232
539.80662
540.17406
540.70326
540.83106
540.99300
541.12650
541.13622
541.35108
541.80354
541.86006
541.88946
541.91904
542.14914
542.22168
542.69850
543.08118
543.44136
544.01304
544.20546
544.25988
544.26522
544.27554
544.72092
545.29386
545.29986
545.30292
545.65638
545.65950
545.90712
546.60762
546.73614
546.82194
547.20354
547.41396
547.51908
547.86024
547.99668
548.51076
548.84130
549.08796
549.11898
549.18078
549.60156
550.20264
550.26126
550.33890
550.60122
550.88892
550.95288
550.99758
551.54538
551.57568
551.72856
552.25260
552.30966
552.31620
552.48570
552.98886
553.94184
553.94838
554.34870
554.35830
554.38680
554.40444
554.50320
555.07188
555.18834
555.43740
555.63648
555.69138
555.73062
555.75240
555.78102
555.91446
556.47210
557.57400
558.30336
558.75876
559.09482
559.14972
559.15380
559.74360
559.89456
560.05650
560.17410
560.21664
560.44020
560.87334
561.02880
561.15192
561.61824
561.68484
561.70062
561.95514
562.21038
562.21944
562.22856
562.23024
562.26732
563.11506
563.12628
563.21334
563.27568
563.35800
563.40138
563.84166
563.85174
563.90052
564.14958
564.33264
564.35946
564.45504
564.90492
564.95910
564.96438
565.65924
565.77876
565.78416
565.98192
566.67582
566.68698
566.71212
566.71446
566.95212
567.03522
567.25488
567.27540
567.30444
567.35718
568.70430
568.80024
568.80192
568.84080
568.96164
569.09784
569.79786
569.86350
569.86992
569.88684
569.92866
570.12930
570.80244
570.81138
570.88644
570.90474
571.07760
571.52622
571.53846
571.54578
572.23464
572.24040
572.61948
572.63004
572.65434
572.83452
572.96286
573.69708
573.77274
574.05756
574.08048
575.04408
576.51018
576.52716
576.54168
576.55512
576.56364
576.58260
576.74844
577.12854
577.78368
577.82904
577.88406
578.67474
578.68896
578.88522
578.99400
579.09402
579.13506
579.30084
579.68244
579.68736
580.27566
580.36446
580.41642
580.53312
580.76172
580.91910
581.22480
581.24550
581.33250
581.55966
581.58798
581.61978
581.64258
582.00462
582.17352
582.43980
582.61746
582.75660
582.87918
583.35378
583.42674
583.62216
583.68618
584.02074
584.04372
584.07738
584.24838
584.26038
584.29122
584.62884
584.64444
584.66124
584.68152
584.69844
584.71530
584.75442
584.76738
584.81736
584.91066
584.99412
585.27852
585.32568
585.43548
585.46800
585.87786
586.09014
586.63110
586.66680
586.74504
586.80570
586.84392
586.92852
586.96728
587.23878
587.26740
587.28816
587.30262
587.40276
587.49528
587.72868
587.79822
587.84820
587.99562
588.23802
588.53196
589.07736
589.08690
589.16136
589.24506
589.33212
589.60284
589.84032
590.06772
590.27250
590.39826
590.57724
590.62116
590.64252
590.72508
590.72868
590.81832
591.98736
592.01688
592.04460
592.50210
592.86594
592.87620
592.88472
593.39550
593.57496
593.58126
593.58894
593.66034
593.94180
594.03942
594.13506
594.45612
594.54192
594.54366
594.63228
594.66666
594.67104
595.09626
595.09980
595.41558
595.45932
596.07030
596.22624
596.23884
596.27880
596.62248
597.55014
597.68958
597.72372
597.93054
598.03494
598.17318
598.35948
598.88766
598.97892
599.04294
599.57898
599.67498
599.69274
599.71992
599.91144
600.14454
600.20376
600.20826
600.51108
600.56340
600.72036
600.80130
601.02408
601.05756
601.18710
601.22052
601.47762
601.49850
601.55100
601.61412
601.75932
601.78740
601.82358
601.82580
602.12610
602.19318
602.21688
602.22366
602.23092
602.42292
602.48586
602.89554
603.52770
603.55332
603.56850
603.63792
604.07640
604.08450
604.10856
604.11840
604.72044
604.87848
605.21646
605.22180
605.59662
605.63700
605.66916
606.12300
606.12450
606.51678
606.76260
607.23288
607.37418
607.41066
607.45590
607.49916
607.51374
608.45460
609.17922
609.27018
609.35832
609.92934
609.99870
610.18950
610.20612
610.27050
610.28514
610.44270
610.45110
611.41344
611.42814
611.44662
611.52960
612.19398
612.19812
612.23130
612.31032
612.81342
613.03296
613.05438
613.19022
613.20006
613.70334
613.89204
614.13774
614.29308
614.60478
614.64168
614.65452
615.76122
615.95892
616.10070
616.20492
616.67772
616.68990
616.69428
616.95924
616.99818
617.66802
617.78562
617.97378
618.01410
618.17934
618.21918
618.23628
618.27312
618.79110
618.79278
618.79590
618.87318
618.99876
619.02198
619.04874
619.44228
619.45086
619.46706
619.50216
619.51044
619.54596
620.07870
620.49900
620.51460
620.51730
620.55102
621.04224
621.05508
621.13740
621.23880
621.64302
622.08288
622.10268
622.10724
622.63116
622.76322
622.87806
622.91184
623.03268
623.30592
623.64354
623.65110
623.67684
624.28662
624.32388
624.38796
624.89682
624.92712
625.02540
625.04298
625.20858
625.35348
625.38174
625.39368
625.39716
625.61034
626.21808
626.23032
626.31348
626.36904
626.38992
627.21642
627.66942
627.75282
627.76578
628.07016
628.09122
628.16850
628.86312
628.88058
628.89846
629.23680
629.53290
629.53446
629.60190
629.66874
630.14742
630.26682
630.61260
630.61542
630.63174
630.63906
630.66900
630.92124
630.93102
630.93354
631.27506
631.33002
631.35798
631.78104
632.28264
632.81598
633.30852
633.32634
633.50238
633.73248
633.77244
633.80808
634.27674
634.29642
634.33584
634.35948
634.40682
634.44558
634.76688
634.78422
635.00676
635.34924
635.57262
635.64708
635.93718
636.17382
636.86634
636.97386
637.18494
637.40088
637.44834
637.97262
637.99914
638.05728
638.37162
638.40726
638.41392
638.53302
638.54730
638.58132
639.09630
640.45530
640.75122
640.78656
640.82856
640.99764
641.42898
641.45940
641.61090
641.62266
641.66796
642.81636
642.85002
642.86514
642.88962
643.32426
643.33452
644.10756
644.36532
644.91948
645.02892
645.34470
645.75786
646.05840
646.45518
646.74858
646.96488
646.97022
647.24730
647.28180
648.07908
648.72900
648.80460
648.84114
648.87876
648.91362
648.92148
648.96738
648.99114
649.97724
650.55642
650.56914
650.62008
650.64666
650.86980
650.87760
650.94726
650.95536
650.96796
651.01968
651.05160
651.36774
651.94542
651.95412
651.97992
652.33170
652.58148
653.61906
653.67588
653.70228
654.04746
654.11538
654.12210
654.20310
654.25404
654.54246
654.72438
654.83796
655.05120
655.09002
655.10256
655.12830
655.24290
655.50132
655.54842
655.72410
655.87572
655.93428
655.96458
656.23884
656.26962
656.52690
656.83470
657.31506
657.38616
657.39198
657.47526
657.50538
657.58608
657.74088
657.75114
657.79068
657.80700
657.81390
657.82674
657.85872
658.04040
658.18080
658.50738
659.11674
660.15108
660.16458
660.17106
660.18474
660.18924
660.26112
660.35478
660.73014
660.77598
661.06692
661.68786
661.76340
661.96770
662.07552
662.10978
662.16108
662.82360
663.07536
663.09630
663.12348
663.20964
663.29754
663.42714
663.63990
663.72354
663.93054
664.33002
664.44042
664.51002
664.80534
664.97634
664.98894
665.00970
665.24604
665.30832
665.45052
665.58588
665.71308
665.88726
666.00204
666.04776
666.21450
666.30222
666.65184
666.65376
666.69756
666.69954
666.71100
668.69340
668.86542
668.89734
669.29004
669.31524
669.60792
669.62118
670.20882
670.25028
670.26114
670.28952
670.29330
670.67760
670.77234
671.13918
671.51922
671.52282
671.53398
671.53596
671.63958
671.88438
671.88918
671.94966
672.57204
672.58122
672.65256
672.68904
673.15434
673.19940
673.21422
673.24452
673.93278
673.95918
673.98834
674.00946
674.09136
674.47512
674.58378
675.07200
675.27306
675.28362
675.31572
675.36042
675.74412
675.79668
675.82434
676.19898
676.39206
676.66020
676.68540
676.70034
676.76796
676.83342
676.88574
676.89006
676.91148
676.92180
677.00916
677.06226
677.48682
679.46844
679.48026
679.56468
679.68894
680.59218
680.86836
680.89032
680.89812
680.96274
681.03528
681.27996
681.28248
681.45390
682.42902
682.58730
682.60344
682.82670
682.92792
682.96386
682.96542
683.74758
683.76048
684.33198
684.41874
684.57360
684.86916
684.98376
684.98640
685.41348
685.52004
685.72602
685.83480
685.83744
685.90638
686.06850
686.18286
686.84814
686.93292
686.98566
687.20112
687.53580
687.57330
687.74256
687.80070
687.95046
687.96690
687.97056
688.07946
688.19508
688.20792
688.21710
688.56192
688.76580
688.81398
689.04288
689.14650
689.17206
689.82606
690.01248
690.01560
690.24858
690.35826
690.74514
690.75234
690.92832
690.93216
690.95904
691.76208
692.05884
692.10396
692.45520
692.48196
692.66448
692.99358
693.14238
693.34710
694.52484
694.55436
694.87002
694.88376
694.90440
694.91466
694.95054
694.98312
695.04960
695.07642
695.16714
695.72496
695.73138
695.84550
695.86314
695.89272
696.29130
696.35316
696.35922
696.38004
696.38454
697.20090
697.47756
697.51290
697.52328
697.81542
697.86042
697.92330
697.94994
698.26650
698.31078
698.33316
698.40756
698.58594
699.15408
700.00860
700.43274
700.45668
700.53036
700.54470
700.56300
700.57626
700.59882
700.60584
701.03022
701.39748
702.04170
702.07386
702.09150
702.66240
702.70860
703.09920
703.10772
703.14486
703.14864
703.15140
703.31154
703.52298
704.24994
704.29368
704.35410
704.42154
704.59812
704.60130
704.62794
704.74332
705.01908
705.25722
705.29076
705.29682
705.31188
705.51738
705.53868
705.61980
705.75108
706.33560
706.35744
706.53810
706.54956
706.55430
706.73874
707.02086
707.12178
707.24610
707.49294
707.70012
707.81178
708.40776
708.66552
708.75192
708.84396
709.32108
709.32924
709.87038
709.89744
710.19240
710.82390
710.83188
710.84070
710.85294
711.03600
711.05292
711.08046
711.28692
711.48006
711.61038
711.90144
711.90876
712.79796
712.84536
712.88244
713.11476
713.64252
713.84490
714.12702
714.12912
714.26436
714.51462
715.06290
715.07838
715.45932
715.63692
716.41476
716.54886
716.62290
716.89698
716.94528
716.99268
717.89394
718.10298
718.19784
718.22400
718.81152
719.46438
719.49894
719.50716
719.53590
719.60532
719.71182
719.98680
720.00708
720.05928
720.12198
720.36564
720.70218
720.82626
721.03428
721.10448
721.11012
721.12458
721.12992
721.45998
721.89438
722.00862
722.02116
722.16108
722.17338
722.32776
722.70564
723.11532
724.20252
724.51728
724.57668
725.14638
725.20902
725.21790
725.22888
725.59392
725.61222
725.61810
726.01068
726.70128
726.74106
726.75372
726.75960
727.07676
727.12638
727.17378
727.19346
727.21476
727.27362
727.96230
728.20356
728.29482
728.48892
729.33408
730.04706
730.21686
730.76088
730.79262
731.05842
731.08008
731.08560
731.15784
731.18040
731.20404
731.22960
731.52480
731.52882
731.56770
731.71506
731.77188
731.84940
732.52128
732.81492
732.82848
733.34724
733.37256
733.37430
733.76970
734.23530
734.54640
734.55738
734.57814
735.10548
735.39822
735.49818
736.23630
736.24818
736.81284
736.86636
736.89402
736.92912
737.46384
737.49450
737.50002
737.52420
737.55606
737.58456
738.17094
738.17634
738.70008
738.74802
738.75522
739.19694
739.20804
739.21440
739.22940
739.32366
739.42638
739.61760
739.62642
739.62948
739.93620
740.40804
740.47044
740.49624
740.99058
741.09042
741.58500
741.70932
741.84474
742.45206
742.47492
742.62228
742.64112
743.10528
743.11974
743.12772
743.24154
743.30598
743.60034
743.65248
743.95950
744.05412
744.08220
744.10956
744.23376
744.23814
744.25062
744.31056
745.26702
745.30518
745.82886
746.46942
746.60646
747.94668
748.16124
748.29084
748.60644
748.73958
748.80270
748.85760
749.36280
749.79504
749.79846
749.90004
750.45750
750.89538
750.97074
751.07790
751.08810
751.24032
751.28556
751.35120
751.83150
751.86030
751.92378
752.00004
752.01624
752.01972
752.03988
752.44782
752.45376
752.86134
752.86410
752.95644
752.97168
753.04446
753.43836
753.53772
753.82602
753.85716
754.33254
754.37562
754.52166
754.62036
754.73070
754.94724
755.27424
755.34594
755.54334
755.56038
755.98656
756.20598
756.54666
756.61356
757.04382
757.64838
757.68042
758.69376
758.69976
759.09648
759.21594
759.32682
759.90936
760.33764
760.45692
760.54794
761.39118
761.78862
761.79450
761.80806
761.82660
762.52422
762.59082
763.02732
763.08426
763.78374
763.80228
763.81878
764.83140
764.86734
765.04572
765.22134
765.42786
766.03302
766.37598
766.61844
766.62456
766.67364
767.04546
767.45760
767.51286
767.51790
767.73480
767.90574
768.00570
768.00828
768.01026
768.35112
768.38610
768.40290
768.82062
769.01574
769.07820
769.77984
770.02368
770.02776
770.10996
770.79156
770.82684
770.86284
771.07464
771.47166
771.52320
772.00308
772.01610
772.18662
772.20816
772.64430
772.68774
772.70160
772.72602
773.19528
773.26674
773.27676
773.36502
773.93856
773.96274
774.11808
774.37926
774.41982
774.55116
775.03338
775.04352
775.04994
775.13874
775.56882
775.64010
775.67664
775.71402
775.72230
775.91136
776.60964
777.10836
777.15666
777.77592
777.88944
778.11750
778.17306
778.38498
779.77692
779.79492
780.91764
780.99636
781.00086
781.12380
781.18920
781.21596
781.26126
782.13858
782.19954
782.22624
782.41932
782.42172
782.42484
782.42874
782.44050
782.80974
782.91870
782.96478
782.98110
783.27450
783.49170
783.57462
783.61422
783.65052
783.74004
783.74394
784.13490
784.16028
784.17540
784.20468
784.74264
784.83216
784.84152
785.36022
785.37996
785.39070
785.48544
785.71632
785.95746
786.62796
786.64326
787.15674
787.20096
787.22520
787.24674
787.28706
787.33266
787.43526
787.47510
787.54884
787.56852
787.57944
787.70850
788.30886
789.04908
789.07590
789.12168
789.21750
789.23226
789.61302
789.68694
789.72600
789.73212
789.74418
789.80532
789.88230
789.89826
789.90162
789.90894
790.38480
790.40028
790.41300
790.88184
790.90776
790.95480
791.44842
791.66232
792.06204
792.07110
792.13980
792.26400
792.39546
792.39822
792.40698
792.55572
792.85560
792.86322
792.86688
792.90138
792.91260
793.25244
793.28124
793.35852
793.95060
793.95270
793.98120
794.08542
794.35962
794.40018
794.46192
794.50212
794.52936
794.68014
794.74656
794.81688
795.29172
795.29508
795.30522
795.32466
795.69258
795.73428
796.37994
796.39236
797.04888
797.05860
797.07246
797.08332
797.08536
797.14872
797.38344
797.51634
797.72040
798.29676
798.30792
798.33660
798.34536
798.87534
798.95142
798.96864
799.24236
799.66578
799.68018
800.07144
800.16360
800.17776
800.18430
800.20560
800.41434
800.42862
800.62074
800.81580
801.07404
801.08712
801.10872
801.42504
801.45366
801.47610
802.09788
802.17822
802.42074
802.66614
802.78968
803.38980
803.41110
803.41782
803.85912
803.88204
803.91822
804.26694
804.30306
804.30882
804.37896
804.45288
804.97626
804.98736
805.53144
805.70598
806.32368
806.35170
806.60178
807.06180
807.07110
807.14796
807.15858
807.19512
807.37824
808.04514
808.05156
808.08774
808.19628
808.29954
808.31904
808.49376
808.56558
808.62702
809.27532
809.32554
809.49762
809.72052
809.78850
810.12084
810.18570
810.53172
810.55104
811.30146
811.63830
811.66542
811.88448
812.01114
812.67036
812.69694
813.60996
813.61596
813.88548
814.46244
814.48968
814.75356
815.24928
815.78778
815.88510
816.39840
816.83376
816.92712
817.32330
817.37280
817.42086
818.14650
818.16306
819.27480
819.33612
819.33870
819.35028
819.44814
819.77682
820.08360
820.10766
820.22958
820.40994
820.55250
820.55424
822.16710
822.24240
822.55260
822.57654
822.84312
822.90390
822.94044
822.94464
823.63386
823.73400
823.75230
824.35284
824.37132
824.40336
824.71086
824.92746
824.95248
825.01200
825.38082
825.38640
825.40104
825.78972
826.17996
826.22292
826.44624
826.45338
826.73550
827.62536
827.79666
827.90274
827.91792
828.26034
828.30882
828.38898
828.41130
828.67398
828.67926
829.18986
829.42386
829.66758
829.74180
829.77768
830.42646
830.43558
830.94138
830.95602
831.11976
831.22206
831.34014
831.79494
831.82602
831.84270
831.90732
831.91230
832.16214
832.25754
832.77426
833.07408
833.30040
833.56128
833.57580
833.69106
833.76960
834.03444
834.09198
834.09732
834.12432
834.13458
834.14994
834.53592
834.57378
834.64962
834.66396
834.68346
834.71466
835.19052
835.20732
835.39710
835.40202
835.41174
835.42854
835.44192
835.44984
835.80732
835.83546
835.86702
835.88022
835.88760
835.91478
836.30190
836.30574
836.33442
836.35074
836.38398
836.89002
837.10200
837.13890
837.60660
837.61194
837.90936
838.36710
838.40436
838.58070
838.81686
838.87038
839.40546
840.20598
840.24750
840.61656
840.66390
840.73728
840.75798
840.82956
841.12560
841.17300
841.29738
841.44660
841.45650
841.57542
841.58316
842.30724
842.31780
842.31966
842.92512
843.02298
843.03234
843.07032
843.10860
843.27258
843.29574
843.36600
843.40890
844.66620
844.90572
845.41614
845.63286
845.74350
845.76282
845.79354
845.85582
846.19164
846.19518
846.21036
846.24228
846.28266
846.29670
846.73140
846.86262
847.26606
847.29360
847.39152
847.41204
847.42626
848.89428
848.90208
848.95326
848.95506
848.97180
849.00318
849.28860
849.29814
850.27164
850.44780
850.49010
850.53198
851.19294
851.23536
851.39100
851.42184
851.42592
851.44290
851.46576
851.46990
852.21654
852.25914
852.26274
852.60204
852.92832
853.02438
853.04472
853.06572
853.12644
853.27164
853.32306
853.38126
853.52826
853.89852
853.93320
853.95972
854.38572
854.54484
854.55270
855.10344
855.38316
855.40326
856.05042
856.09878
856.49082
856.50486
856.53642
857.22762
857.43990
857.78802
857.79804
858.03696
858.11226
858.12516
858.37284
858.39414
858.39606
858.52014
858.56232
859.11636
859.25268
859.44732
859.60320
859.78800
859.94730
860.00862
860.03358
860.39640
860.67426
860.79102
861.19698
861.30870
861.44064
862.20138
862.20594
862.86150
862.87134
863.54736
864.01878
864.14556
864.22914
864.27432
864.44838
865.25184
865.67592
865.72404
865.78200
866.08794
866.10990
867.12504
867.22560
867.52140
867.87258
867.88698
867.90222
867.96114
868.44078
868.79484
869.31702
869.36868
869.37420
869.43588
869.69466
870.05760
870.08916
870.12198
870.24300
870.38388
870.44892
870.49902
870.51534
870.52632
870.53844
871.77732
871.96260
871.97136
872.10030
872.20512
872.59482
872.61834
872.65482
873.31182
873.80796
874.75182
874.76730
874.85550
875.06862
875.32938
875.48346
875.89284
876.02466
876.89628
876.93870
876.99654
877.28436
877.31034
877.41306
877.46562
877.53816
877.56330
877.56966
877.58604
877.89756
878.10822
878.60388
878.94648
879.09048
879.83244
879.84672
879.87054
880.11978
880.29972
880.39440
880.55406
880.72872
881.36472
881.45814
881.52258
881.61066
882.32682
882.34218
882.34914