0.00072
0.00678
0.02736
0.03660
0.03858
0.51648
0.51918
0.53178
0.54198
0.57402
1.02672
1.03032
1.36182
1.37688
2.33760
2.34420
2.35554
2.37030
2.67972
2.68830
2.70816
2.72742
3.50406
3.53544
3.60654
3.86754
3.87156
3.94710
4.06374
4.15092
4.18818
4.22130
4.22940
4.44216
4.45050
4.56132
4.56576
4.67796
4.69218
4.71126
4.73748
4.74102
4.95138
4.95366
4.98114
4.99338
5.01498
5.19912
5.44344
5.47428
5.48568
5.67642
5.68500
5.68668
5.71344
5.71920
5.72178
7.24092
7.24992
7.28568
7.39146
7.41594
7.47450
7.48986
8.50020
8.51844
8.52996
9.16674
9.18714
9.20202
9.22116
9.24588
9.65346
9.95970
9.96438
9.96762
9.99336
10.31262
10.32756
10.42554
10.63464
10.63626
11.27436
11.30490
11.32404
11.32920
11.34966
11.58054
11.61552
11.62008
11.63094
11.64444
12.06072
12.07524
12.08358
12.08940
12.51438
12.53016
12.54270
12.55044
12.56052
12.56466
12.92136
13.33848
13.36374
13.43472
13.44084
13.44282
13.44480
13.50720
13.51104
13.51470
13.53150
13.97286
14.87718
15.07854
15.19452
15.31548
15.76254
15.76788
15.77598
15.77742
15.78378
15.79566
15.97902
15.98514
16.96326
16.98126
16.98390
17.02632
17.04162
17.32452
17.35584
17.47158
17.48436
17.68026
18.01218
18.59832
18.60792
18.61434
18.61608
18.63750
19.30212
19.33188
19.72242
19.72938
19.73550
19.75770
19.76700
20.02656
20.45592
20.54334
20.75100
20.75340
20.76150
20.77548
21.17208
21.20460
21.75762
22.13370
22.13574
22.13862
22.17570
22.18062
22.18218
22.19220
22.21938
22.38144
22.38864
22.41402
23.02812
23.05368
23.07036
23.10462
23.35176
23.38758
23.42742
23.63406
23.63622
23.64306
23.65380
23.66316
24.07698
24.51030
24.53652
24.76428
24.89130
25.12890
25.73496
25.78212
25.81464
26.24274
26.24520
26.25000
26.45034
26.45898
26.46702
26.47488
26.52678
27.19038
27.19854
27.38124
27.39030
27.41874
27.47640
27.49872
27.51420
27.62052
27.64770
27.64992
27.66822
27.79476
27.81744
27.82110
27.92880
27.93522
27.94704
27.95970
27.97878
28.03638
28.04184
28.04568
28.09668
28.14600
28.25448
28.25772
28.38654
28.39674
28.42866
28.56180
28.57590
28.80372
28.83450
28.87620
29.05050
29.31108
29.32914
29.34270
29.34960
29.58372
29.61336
29.64840
29.65914
29.68560
30.14628
30.15000
30.15174
30.18102
30.97812
30.98760
31.00080
31.82892
31.83492
31.84128
32.15136
32.53122
32.54136
32.55960
32.81730
32.82534
32.83206
32.83638
32.83842
32.84082
32.84658
32.84892
32.87454
33.93102
33.94380
34.18662
34.19136
34.81146
34.81464
34.82214
34.84590
34.85352
34.90962
35.33736
35.37318
35.38206
35.39052
35.39304
35.40876
35.41302
35.93988
36.11670
36.19806
36.47652
36.48846
36.50082
36.50976
36.52848
36.56718
36.91290
36.92928
36.96126
36.96552
37.11474
37.13766
37.14396
37.14906
37.16574
37.18908
37.75836
37.81362
37.81956
37.83000
37.84746
37.88340
38.37612
38.38086
38.38458
38.41788
38.43306
38.43522
38.45928
38.81028
38.83950
38.86506
39.12570
39.17952
39.19644
39.23976
39.31776
39.32916
39.33192
39.34920
39.35352
39.35886
39.41442
39.43686
39.45828
39.64914
39.67602
40.19982
40.22094
40.39620
40.77492
41.04552
41.06688
41.28234
41.29008
41.31258
41.50206
41.61696
41.63460
41.75724
41.79390
42.49296
42.49482
42.50010
42.51000
42.51360
42.51762
42.52998
42.55398
43.04022
43.10010
43.48176
43.48482
43.49370
43.49544
43.63728
43.64370
43.64856
43.68570
44.25924
44.26566
44.29464
44.31204
44.32386
44.85450
44.88024
44.92404
45.31674
45.32028
45.33522
45.50682
45.75984
46.28376
46.29168
46.29438
46.30530
46.40862
47.15496
47.19714
47.24502
47.57532
47.63724
48.31638
48.33318
48.37230
48.38412
48.40800
48.71604
48.72186
48.72408
48.73332
48.73644
48.74310
49.91382
49.91886
50.16654
50.18016
50.18520
50.22342
50.26944
50.27292
50.27766
50.29140
50.53842
50.54898
50.55330
50.57262
50.71590
50.73384
50.73816
50.75682
50.75946
50.92002
50.92524
50.94672
51.03456
51.04716
51.05052
51.06852
51.30474
51.33252
51.35814
51.38100
51.51588
51.52074
51.53652
51.56370
51.57942
51.59418
51.59784
51.78534
51.78906
51.80616
51.89310
52.01238
52.01898
52.03530
52.03716
52.04178
52.04892
52.05864
52.06632
52.11948
53.24052
53.24844
53.26332
53.73804
53.73996
53.74260
53.75220
53.89632
53.98434
54.54894
54.59148
54.60756
54.61362
55.28466
55.96038
56.00706
56.04102
56.07318
56.50206
56.51694
56.54694
56.55666
56.94354
56.95572
56.95818
56.96352
56.97078
56.97486
57.06258
57.20238
57.20466
57.20766
57.21024
57.22626
57.23136
57.36366
57.37008
57.37710
57.38448
57.93132
57.97512
57.98460
57.98946
58.00650
58.51896
58.53426
58.53672
58.55868
58.56078
58.89018
59.20110
59.22222
59.65704
59.68032
59.74020
59.86548
60.34812
60.37254
60.37416
60.39144
60.42720
60.49572
61.01958
61.13550
61.61598
61.61808
61.67340
61.67610
62.87058
62.89338
63.56238
64.29990
64.79298
64.82340
64.82970
64.83252
64.85088
64.87806
65.74806
65.76276
65.76840
65.79972
65.80968
66.11604
66.12156
66.12888
66.73962
66.75480
66.75966
66.76944
66.77184
66.95682
66.96336
66.96666
67.02744
67.77018
67.78194
67.82022
67.89270
67.90128
67.90764
68.24916
68.31546
68.32128
68.33100
68.82204
69.05514
69.08856
69.46842
69.47970
69.83988
69.86556
69.90696
70.07334
70.08228
70.10394
70.11228
70.71618
71.28108
71.29050
71.29278
71.31066
71.32848
71.87028
71.88672
71.88834
71.89614
71.89914
71.90568
71.90838
71.92440
72.32568
72.34764
72.38256
72.59370
72.70674
72.74856
72.90336
72.92160
72.92856
73.38414
73.40118
73.58298
73.58580
73.59774
73.64616
73.89786
74.04414
74.08056
74.32722
74.33058
74.40036
74.42832
74.43528
74.44704
74.45016
74.79468
74.80284
74.97792
74.99670
76.02546
76.85052
76.91556
77.36136
77.38518
77.38908
77.40444
78.12606
78.13542
78.13956
78.14838
78.15120
78.18306
78.19692
78.19992
78.82848
78.84288
78.84492
78.86328
78.88224
78.89406
79.01388
79.02960
79.61142
79.61628
80.28588
80.47326
80.88432
80.91810
80.94336
81.20580
81.22338
81.52218
81.52392
81.53436
82.09968
82.13034
82.89558
82.89762
82.89942
83.09658
83.10066
83.10240
83.13174
83.13396
83.37480
83.38278
83.40594
83.41656
83.44518
83.46756
83.51220
83.63448
83.65194
83.69838
83.77764
83.91252
83.93928
84.06192
84.31206
84.41058
84.51828
84.66936
84.67140
84.70770
84.83724
84.85134
85.15434
85.47348
85.58646
85.60746
85.61214
85.61502
85.61964
85.62882
85.92072
85.93524
85.96728
86.75850
86.76456
86.83374
87.00174
87.03030
87.03396
87.05310
87.39600
87.44022
87.46290
87.85980
87.89346
87.90720
88.59576
88.62342
88.65030
88.65984
89.03112
89.04960
89.05374
89.34912
89.35590
89.98242
90.42438
90.42672
90.43050
90.45492
90.46332
90.48648
90.79266
90.80100
90.86706
91.30254
91.30548
91.89084
91.90422
91.90836
91.91100
91.91838
91.93176
91.94130
92.27196
92.31498
92.31708
92.34102
92.67396
92.69556
92.70258
92.93364
93.22152
93.28740
93.29088
93.29784
93.86862
93.87036
93.87666
94.43904
94.44588
94.45284
94.46508
94.53852
94.54380
95.14032
95.19864
95.25774
95.28138
95.56200
95.62602
95.63220
95.80926
95.89806
96.11328
96.11892
96.12144
96.12612
96.16920
96.19842
96.30606
96.33426
96.37110
96.37458
96.56148
96.56904
96.59250
96.61056
96.62418
96.64824
96.69174
96.88440
96.89388
96.91650
97.08534
97.10538
97.10724
97.11462
97.15482
98.86806
98.87328
98.91486
99.03564
99.06888
99.08538
99.09156
99.99168
100.00080
100.03374
100.25676
101.16804
101.17290
101.18904
101.19888
102.11988
102.12714
102.13014
102.15480
102.15972
102.72522
102.74430
102.74736
102.75036
102.76140
103.67130
103.67940
103.69938
103.72980
103.98414
104.47908
104.49462
104.55732
105.27186
105.30696
105.31374
105.33312
106.04148
106.04526
106.05312
106.84662
106.88838
106.89174
106.89768
106.90812
107.01516
107.09016
107.09532
107.11590
107.12190
107.13822
107.22624
107.24454
107.36094
107.52576
107.56062
107.56914
107.66310
107.67780
107.84082
107.86944
107.96922
108.54360
108.56130
108.62238
109.04766
109.05042
109.05222
109.06728
109.09200
109.31892
109.32438
109.33608
109.34844
109.37862
109.40844
109.42782
109.99932
110.06616
110.09430
110.10228
110.79270
110.81316
110.82120
110.83830
111.05910
111.07938
111.12156
111.38736
111.39828
111.40302
111.41298
111.42060
111.43272
111.45228
111.47370
111.47778
112.41018
112.45890
112.94334
112.95006
113.11602
113.76330
113.78682
113.78898
114.04524
114.05640
114.13728
114.13974
114.15234
114.15900
114.21006
114.70002
115.22706
115.81638
115.83222
115.87842
115.88334
116.18226
116.19240
116.20512
116.21880
116.24928
116.25456
116.65386
116.71380
116.72766
117.45876
117.48078
117.51582
117.52104
118.42098
118.43718
118.44630
118.46598
118.52514
118.55124
118.68372
118.92408
118.93668
118.94016
119.24886
119.28126
119.28360
119.30004
119.41320
119.81586
119.81754
119.82372
119.85504
119.85948
120.76404
120.77082
120.78708
121.19664
121.23462
121.26570
121.27218
121.28274
121.74198
121.74642
121.75692
122.02716
122.10168
122.11422
122.61942
122.66142
122.67678
123.87750
123.91134
124.06566
124.07784
124.09254
124.10526
124.11516
124.12434
124.14150
124.15266
124.81182
125.15076
125.16846
125.18670
125.19432
125.70360
125.71368
125.74644
125.77098
125.81490
125.83110
126.36540
126.38760
126.39120
126.40560
126.43440
126.62844
126.63252
126.64242
126.64662
126.64896
126.66312
127.30644
127.30836
127.32150
127.33434
127.33740
127.70178
128.15802
128.21526
128.23110
128.23914
128.85414
128.89758
128.90034
129.05754
129.43884
129.44094
129.45252
129.61314
129.64032
129.65166
130.06842
130.09914
130.21476
130.22952
130.30470
130.42848
130.44438
130.44834
130.50714
130.60494
130.60944
131.06418
131.11818
131.28456
131.43420
131.75052
131.75784
132.03588
132.28878
132.29184
132.44478
132.67836
132.96054
132.98706
133.61370
134.88042
134.91714
134.92176
134.94954
134.97306
135.02340
135.48552
135.49614
135.52032
135.53538
135.54180
135.99732
136.03554
136.06512
136.06884
136.07784
136.17018
136.52916
136.57434
136.62186
137.45094
137.57502
137.72364
137.75556
137.77956
137.79144
137.80338
137.81916
138.05796
138.06438
138.75246
138.75438
138.81018
138.83292
138.83850
139.29918
139.54392
139.67976
140.26824
140.27004
140.28564
140.29074
140.31636
140.32422
140.32974
140.43078
140.43294
140.46060
140.48280
140.61510
140.64516
140.66142
140.67060
140.69040
140.90316
140.94282
140.94978
141.02604
141.03138
141.06210
141.06930
141.15942
141.42210
141.43494
141.45726
141.47292
141.48840
141.50604
141.65682
142.10286
142.15158
143.20572
143.28216
143.31504
143.31954
143.95398
143.95692
143.98806
144.64818
144.69990
144.71136
144.88380
145.15788
145.16862
145.17102
145.19322
145.20714
145.22958
146.03484
146.04744
146.05674
146.38146
146.39478
147.37062
147.37470
147.74448
147.77856
147.78396
148.33632
148.92858
148.93452
149.14716
149.15310
149.15622
149.16210
149.16606
149.16834
149.18106
149.19066
149.20728
149.55210
149.56728
150.10350
150.10524
150.13722
151.25970
151.26516
151.32636
151.39986
151.40394
151.40868
151.41066
151.41666
151.42338
151.42524
151.43568
151.44558
151.45812
151.46670
151.52952
151.73598
151.74918
151.77036
151.97856
152.00640
152.15694
152.17050
152.18340
152.19108
152.46636
152.49252
152.78094
152.79144
152.81406
152.82942
152.84034
152.89890
152.90880
152.91066
152.93418
153.31224
153.40290
153.42030
153.56508
153.95292
153.95958
154.02282
154.03140
154.08048
154.08312
154.70106
154.70418
154.71666
155.22948
155.92104
155.92278
156.65910
156.68556
156.69378
156.70596
156.70920
156.72450
157.35504
157.41300
157.44996
158.00802
158.05476
158.07990
158.08716
158.11290
158.11770
159.00162
159.05802
159.07110
159.08574
159.14076
159.14406
159.14796
159.34674
159.89994
159.94404
159.94722
159.97926
160.58556
160.61130
161.23326
161.27550
161.28024
161.28228
161.28828
161.29740
161.30670
161.52582
161.55960
161.56434
161.78058
162.03384
162.04320
162.04524
162.32148
162.35310
162.38478
162.48690
162.49080
162.55926
162.59046
162.83904
162.91758
163.17744
163.22136
163.22838
163.30398
163.30572
163.75146
163.76292
163.77768
163.78578
163.79178
163.80708
164.03850
164.05134
164.63250
164.64066
164.66310
164.69010
165.24828
165.88650
165.90762
165.93612
165.94902
167.09532
167.10558
167.12466
167.12622
167.82642
167.82900
167.83164
167.83350
168.42720
168.43062
168.44964
168.46458
168.46692
168.46944
168.49554
168.79998
169.49844
169.52562
169.55298
169.56432
169.56666
169.58640
169.60434
169.72290
169.72992
169.89438
171.15780
171.18690
171.72906
171.74766
171.75618
171.87660
172.35774
172.36764
172.38378
172.40082
172.40352
172.40766
172.41630
172.42152
172.64016
172.66530
172.69332
172.70682
172.72266
172.73418
172.73730
172.76388
172.76604
172.77078
172.98456
173.00100
173.55360
173.56572
173.59554
173.60190
173.60382
173.61402
173.95572
174.02982
174.40818
175.49646
175.52766
175.53132
175.54338
175.56090
175.59798
175.63116
175.97592
175.99488
175.99998
176.00400
176.01780
176.03874
176.04264
176.05926
176.31384
176.32254
176.32584
176.33220
176.74116
176.78838
176.96868
177.02808
177.04074
177.04320
177.42732
177.63210
177.64032
178.19874
178.21560
178.25070
178.27494
178.29468
178.68936
178.72968
178.88328
178.93326
179.45562
179.53206
179.53446
179.55444
180.21150
180.23532
180.23790
180.23970
181.25172
181.27230
181.33182
181.33380
181.35006
181.35396
181.37808
182.07240
182.08266
182.08974
182.10150
182.14038
182.35524
182.36754
182.40150
183.03858
183.04878
183.49110
183.50364
183.52902
183.53292
183.55686
184.02408
184.15128
184.16520
184.21038
184.22664
184.23102
184.24446
184.42278
184.46046
184.52034
184.66962
184.67220
184.69860
184.70988
184.87992
184.88184
185.11308
185.13318
185.45046
185.47692
185.60802
185.62704
185.63286
185.84868
185.95728
186.18894
186.36816
186.38904
186.39786
186.63276
186.65226
186.71724
187.28538
187.86252
187.86528
187.86726
187.88088
187.88706
188.04342
188.91972
188.92572
189.32730
189.33114
189.33552
189.33792
189.36060
189.36834
190.17582
190.17966
190.19160
190.19850
190.20204
190.21956
190.55022
190.57476
190.57938
190.59528
190.68354
191.07666
191.09724
191.11200
191.12166
191.12352
191.13126
191.15328
191.50830
191.71536
191.71728
191.72154
192.25998
192.28392
192.30780
192.46476
192.91014
192.93150
192.94962
193.13826
194.06052
194.44770
194.45964
194.47824
194.48820
194.61348
194.65338
194.69526
195.26994
195.28302
195.28476
195.76188
195.78666
196.07484
196.09230
196.09836
196.29108
196.30038
197.06616
197.09304
197.09472
197.19168
197.20668
197.21262
197.23002
197.34558
197.67276
197.67816
197.68086
197.68260
197.69082
197.70138
197.71290
197.71704
197.90646
197.90808
198.45012
198.47580
199.24002
199.24674
199.25154
199.29342
199.29564
199.67334
199.68006
199.68624
199.70028
199.70742
199.71648
200.02362
200.03664
200.06850
200.43018
200.45550
201.36510
201.37842
201.38916
201.39546
201.41652
201.42144
201.97152
201.98118
201.98358
202.01922
202.04034
202.05876
202.10940
202.55298
202.58496
202.59168
202.59528
203.63574
204.56484
204.57048
204.57492
204.58140
204.60624
204.97794
205.20900
205.21164
205.22682
205.26222
205.69776
206.15034
206.16744
206.17008
206.20362
206.23272
206.65578
206.82588
206.86878
206.87796
207.01722
207.42570
207.45264
207.47592
207.47766
207.60942
207.62310
207.69306
207.75552
207.79074
207.79662
207.88152
208.40532
208.43382
208.53162
208.94496
209.12136
209.73516
209.76006
209.77320
210.19596
210.67524
211.24614
211.25880
211.26252
211.27218
211.72068
211.73472
211.73700
211.74204
211.76490
211.78530
211.79058
212.42598
212.90016
212.91138
212.91354
212.92494
212.95242
212.95824
213.53724
213.54000
213.57768
214.24284
214.24728
214.25010
214.27536
214.28748
214.30092
214.80402
214.83516
214.84686
215.49378
215.49864
215.53290
215.89308
215.95434
216.38670
216.39432
216.41448
216.43848
216.44814
216.47658
216.69444
216.86814
216.89760
216.92988
216.96720
216.97476
217.11006
217.12464
217.13484
217.22100
217.29612
217.29930
217.46598
217.52478
217.54908
217.73178
217.78548
217.99068
218.19336
218.28042
218.30574
218.50680
218.50932
218.51790
218.52204
218.52402
218.54856
218.55090
218.55426
218.58774
218.61378
218.62248
219.49656
219.50874
219.51972
219.53508
219.54240
219.55926
219.82602
219.83214
219.84522
219.85134
219.87726
219.89490
219.89892
220.69488
220.71240
220.99326
221.01150
221.03832
221.05236
221.05848
221.06658
221.07348
221.10954
221.15154
221.32386
221.32962
221.35836
221.36724
222.29262
222.63060
222.66180
222.69612
223.18746
223.25790
223.25958
223.26978
223.50612
223.51314
223.57134
223.60830
224.21502
224.23086
224.23656
224.24394
224.27970
225.15048
225.16890
225.17406
225.18840
225.20076
225.81732
225.83106
225.84900
225.85254
225.86442
225.87090
225.87642
225.88638
225.90252
225.91326
225.91710
226.13436
226.14312
226.14582
226.15116
226.46274
226.98018
226.99986
227.16390
227.16594
227.17596
227.45262
227.46870
227.47338
227.49786
227.50194
227.52096
228.14532
228.14844
228.15504
228.15882
228.17820
228.20538
228.43110
228.54810
228.65706
228.66108
228.66324
228.88782
229.07622
229.18170
229.18770
229.43148
229.45596
229.49052
229.60728
229.63218
229.63758
229.64712
229.68882
229.83684
229.96632
230.17152
230.35392
230.35872
230.36838
230.63760
230.64366
230.69346
230.71350
231.09198
231.43356
231.43554
231.45270
232.35474
232.36260
232.36434
232.37370
232.38048
232.38972
232.87428
232.88646
232.89594
233.08410
233.10084
233.10804
233.11068
233.34624
233.35146
233.57862
234.27780
234.91902
234.92514
234.93864
234.94044
234.96630
234.99036
235.82718
235.87044
235.87332
235.87530
235.88166
236.67156
236.68818
237.10062
237.13932
237.20358
237.46410
237.53346
237.53970
237.54132
237.54732
237.54894
237.55440
237.58446
238.88190
238.89324
238.90494
238.92774
238.93188
239.04612
239.06316
239.06790
239.07432
239.10198
239.12856
239.13882
239.15160
239.27562
239.65668
239.69214
239.75898
239.79090
239.80146
240.03840
240.22134
240.25872
240.59778
240.60018
241.70952
241.71186
241.72566
241.72980
241.82610
241.85298
241.88274
242.36934
242.37270
242.37426
242.37858
242.38404
242.38902
242.40240
242.41296
242.41698
243.05712
243.08586
243.09408
243.12246
243.24114
243.32352
244.11894
244.12092
244.13610
244.16232
244.33404
244.38672
244.74528
244.75332
245.04990
245.06370
245.07054
245.14344
245.22756
245.25048
245.98602
247.03740
247.03974
247.06218
247.06602
248.05086
248.07288
248.08122
248.34396
248.35200
248.36148
248.38812
248.39448
248.39802
248.43006
248.83458
249.16758
249.75060
249.75630
249.77160
249.77742
249.78870
249.79926
249.81702
250.20018
250.21830
250.23888
250.27284
250.53000
250.59780
250.62372
250.63770
250.94898
251.23674
251.38224
251.39568
251.39922
251.41392
251.58450
252.01620
252.04308
252.19494
252.19674
252.42534
252.46194
252.46938
252.69954
252.70890
252.73716
252.76194
254.73816
254.76678
254.79648
255.43170
256.01040
256.02012
256.03410
256.07496
256.09362
256.10004
256.20810
256.21314
256.21752
256.22046
256.22676
256.82430
256.82748
256.83306
256.83468
256.84356
256.84800
257.36460
257.37018
257.39064
257.73624
257.75124
257.76930
257.78100
257.80956
258.20448
258.23046
258.63288
258.64206
258.64428
258.64602
258.68868
258.98838
259.81602
259.82352
259.83228
259.84086
259.84632
259.84884
259.85898
260.39286
260.40402
260.40978
260.46438
260.49378
260.70522
260.72370
260.72952
261.00390
261.04314
261.19578
261.61614
261.62274
261.66738
262.13112
262.53372
262.55658
262.57242
262.59750
262.63416
262.68948
263.50344
263.52960
263.61288
263.63742
264.35796
264.37440
264.37596
264.39138
264.40020
264.41478
264.42330
264.68382
264.69636
264.69786
264.70218
265.70982
265.71768
265.71936
265.94130
266.52654
266.53980
266.59944
267.03282
267.07158
267.67722
267.96096
268.00098
268.00914
268.98228
269.01468
269.73636
269.74080
269.76480
269.82036
269.82966
270.60450
270.61866
270.62058
270.62268
270.69642
270.97176
270.99432
271.04514
271.22712
271.25064
271.50522
271.51260
271.64748
271.67454
271.68534
271.79010
271.89276
271.98036
271.98318
272.09232
272.10168
272.25588
272.25750
272.29698
272.30916
272.33256
272.43546
272.66076
272.66970
272.68680
272.75886
273.03972
273.05424
273.18612
273.18840
273.20454
273.20970
273.46122
273.50940
273.51594
273.62538
274.94838
274.97424
274.97820
274.98222
274.98810
274.99872
275.38218
275.40012
275.40996
275.42220
275.42502
276.00702
276.01830
276.02370
276.02844
276.03150
276.03780
277.22250
277.22646
277.23990
277.25298
277.26966
277.29114
277.54734
277.57242
277.58706
277.60176
277.65984
278.25630
278.29974
278.42118
278.97792
278.99118
279.00984
279.01368
279.01956
279.25326
279.30054
279.30240
279.31290
279.32022
279.51330
279.53760
279.56040
279.58074
279.93462
279.94236
279.95532
280.54848
280.59804
280.60788
280.62102
280.63242
281.14254
281.16660
281.37282
281.41464
281.46540
281.70222
281.82768
282.02694
282.11862
282.12306
282.14058
282.14496
282.41826
282.42366
282.43080
282.45354
282.65568
282.67290
282.67638
282.69054
282.71166
283.09188
283.09494
283.11156
283.11972
283.17222
284.48724
284.50476
284.56356
284.78646
284.99388
285.01032
285.17874
285.18648
285.19356
285.20406
286.52862
286.54110
286.55670
286.57218
286.57794
286.58706
287.04462
287.06430
287.51046
287.52822
288.11664
288.12780
288.16560
288.17304
288.52224
288.52644
288.53256
288.54720
288.55056
288.56754
288.57456
288.58326
289.42416
289.43130
289.43946
289.99146
290.01078
290.02722
290.04546
290.81454
290.83422
290.90040
291.20340
291.26076
291.26814
291.26994
291.63102
291.65844
291.78840
291.80556
291.87012
292.83804
292.84590
293.28072
293.32044
293.55648
293.57562
294.26658
294.29562
294.31002
294.32520
294.67242
294.67728
294.93042
294.94398
294.95652
295.06020
296.20812
296.22468
296.23476
296.23794
296.24934
297.59718
297.60606
298.17588
298.18494
298.19418
298.20084
299.06508
299.08230
299.35830
299.36208
299.36472
299.38638
299.47032
300.14448
300.17142
300.17898
300.58788
300.62166
300.65586
300.78324
301.45926
301.46172
301.47798
301.50876
301.54206
301.55106
301.58958
302.09946
302.11740
302.64132
302.65434
302.66952
302.68122
302.68332
302.72706
303.34074
303.34680
303.37116
303.39072
303.71736
303.74844
303.78936
303.82818
304.15182
304.17258
304.21932
304.34526
304.68954
304.95978
305.09928
305.10354
305.31900
305.73078
305.90154
305.96118
305.96400
307.37844
307.40292
307.41222
307.43052
307.43484
307.47546
308.04498
308.06040
308.60934
308.61096
308.62380
308.65476
308.65638
308.66646
308.70312
308.96910
309.03438
309.04044
309.04602
309.04920
309.37002
309.38070
309.38880
310.00188
310.01514
310.03554
310.04982
310.05912
310.06116
310.06806
310.55448
310.56378
310.56966
311.36910
311.38866
311.40780
311.96334
312.01500
312.01884
312.62850
312.63624
312.66024
312.67122
312.68994
312.69666
312.70440
312.74298
312.75030
313.05276
313.51620
313.52292
313.53906
313.80462
313.80720
313.97424
314.01000
314.02302
314.17836
314.36814
314.36982
314.45592
314.46270
314.48016
314.50962
314.52138
314.52456
314.74584
314.75220
314.76996
314.77158
314.77656
314.94744
314.98068
314.99598
315.01692
315.02574
315.21546
315.44346
315.65508
315.70368
316.95270
316.95588
316.99782
317.00898
317.01570
317.02002
317.84760
317.86218
317.86446
317.87658
317.87880
317.89794
317.90088
317.91342
317.93100
318.51750
318.53604
318.54204
318.57042
318.61314
319.67166
319.67688
319.67976
319.69698
319.70100
319.71138
319.72242
319.72872
319.73598
319.82058
319.83072
319.84122
320.37384
320.39766
320.41116
320.45910
321.14028
321.14634
321.15822
321.82932
321.84042
322.57950
322.58484
322.59978
322.63416
322.79016
322.79616
322.99548
323.00448
323.11086
324.23124
324.24516
324.26184
324.46740
324.47286
324.50850
324.92298
324.95484
325.45914
325.46688
325.47558
325.48386
325.48572
325.49106
325.49670
325.56816
326.42550
326.43780
326.44584
326.46960
327.00000
327.00150
327.03630
327.70776
327.71502
327.73602
328.23216
328.23372
328.28124
329.04360
329.04648
329.05032
329.05944
329.06406
329.07906
329.08110
329.10984
329.38986
329.39226
329.49564
329.50566
329.51328
329.51622
329.52120
329.52372
329.52540
329.55510
329.67066
329.68602
329.68848
329.69058
329.71746
329.75352
329.75850
330.25500
330.30066
330.92454
330.93594
330.97272
331.46964
331.49028
331.72578
331.73874
331.82664
332.66790
333.16740
333.19512
333.33624
333.39264
334.03500
334.05144
334.10358
334.12476
334.26882
334.73790
334.75026
334.76616
335.59104
335.59332
335.59596
335.81364
335.85060
336.37956
336.40416
336.41322
336.41478
336.42696
336.43896
336.45018
336.46860
337.08522
337.13640
337.35228
337.53312
337.60344
337.61448
337.63782
337.66080
337.81602
337.81962
337.94280
337.94460
337.96200
338.13270
338.24196
338.24742
338.31252
338.80212
339.51642
339.87126
340.12374
340.13778
340.16790
340.17378
340.28508
340.30458
341.22108
341.23254
341.25228
341.25528
343.28130
343.29408
343.30296
343.30830
343.32942
343.36908
344.26854
344.30730
344.56296
344.56980
344.58894
344.60052
344.66328
344.66610
345.30510
345.31218
345.32592
345.36210
345.36378
345.37278
345.37590
346.21776
346.25112
346.25532
346.28076
346.37616
346.39578
346.49226
346.90038
347.00214
347.21838
347.64780
348.09192
348.16104
348.34266
348.35574
348.60426
348.79278
348.83118
349.09788
349.12098
349.12668
349.42854
349.44186
349.50750
349.53990
349.79916
349.85424
349.85964
350.15712
350.19078
350.21508
350.34588
350.56662
350.59458
350.66652
350.68770
350.69856
350.71860
350.76756
350.98530
351.01308
352.03584
352.03782
352.06170
352.06572
352.07442
352.12818
352.81650
352.85886
353.32866
353.33604
353.34186
353.34378
353.34942
353.36178
353.51880
353.53572
353.54058
353.54766
353.55390
353.55954
353.57556
354.08724
354.10398
354.10938
354.13242
354.61266
354.62196
354.62418
354.62838
354.64686
354.84306
355.44522
356.72328
356.75172
356.76138
356.76558
356.76726
356.77026
356.78214
357.00930
357.01260
357.03822
357.07392
357.07722
357.45366
357.47022
357.47874
357.48198
357.76608
357.79812
357.82458
357.83526
357.84120
358.63248
358.65030
358.66992
358.67700
358.93116
358.94940
358.95186
358.96572
358.96728
358.97886
359.08392
359.58174
359.59434
359.86248
359.88852
359.90520
360.07716
360.24378
360.28818
360.29388
360.32244
360.34224
360.34524
360.36630
360.48006
360.49908
360.50286
360.52806
360.54144
360.57492
360.82308
360.94410
361.06614
361.47936
361.48158
361.48506
361.49688
361.52268
362.08344
362.08500
362.39406
362.44092
362.74920
363.41802
363.44718
363.99192
364.03848
364.04448
364.05156
364.10328
364.72020
364.72296
364.72752
364.73052
364.76442
364.77696
365.27916
365.28192
365.28894
365.29548
365.30196
365.30694
365.32788
365.34708
365.91912
365.97348
365.97624
365.98152
366.06708
366.07266
366.09000
366.24900
366.28392
366.57378
366.61410
366.62544
366.62778
366.87516
367.38576
367.74522
367.80858
368.14290
368.62806
368.64774
369.45180
369.46020
369.46362
369.95616
370.08342
370.09068
370.10778
370.11312
370.13394
370.68930
371.28876
371.30694
371.33106
371.41206
371.44260
371.64306
371.97504
372.24534
372.24684
372.88488
372.89352
372.91110
373.14852
373.15410
373.15620
373.16886
373.77258
373.78788
373.80834
373.94652
373.97094
374.41830
374.61042
374.61402
374.62494
374.69760
375.28050
375.62694
375.69816
375.70182
375.70866
375.72774
376.23558
376.25538
376.25946
376.26690
376.56756
376.57248
376.88004
376.91598
377.73156
377.74002
377.74206
377.77254
377.78910
377.79546
378.45576
378.45876
378.61782
379.40406
379.43370
379.45884
379.50228
380.30052
380.47038
381.50292
381.63906
381.86184
382.06494
382.37364
382.37850
382.49232
382.50438
382.54080
382.73904
382.79442
382.80618
383.24580
383.26164
383.28108
383.59416
383.61138
383.99106
384.00012
384.01632
384.01992
384.03366
384.04140
384.06822
384.08088
384.34086
384.37764
385.11084
385.12188
385.12974
385.14132
386.44650
386.45682
386.45946
386.94798
386.97642
386.97852
387.00582
387.02214
387.02538
387.78792
388.41672
388.46178
388.47444
389.00964
389.05794
389.06976
389.27994
389.65320
389.71110
389.72922
390.78792
390.83430
390.87396
391.61472
391.62552
391.63656
391.63890
391.64646
391.65798
391.67562
391.68048
391.68492
391.69146
391.85220
391.91076
392.18724
392.19540
392.20782
392.23740
392.24310
392.24784
392.26398
392.38404
392.66154
392.76768
392.79990
392.81394
392.86368
393.19122
393.41814
394.25706
394.31718
394.32078
394.40610
394.41996
394.75740
394.78398
394.81446
394.98486
394.98648
394.99560
395.01672
395.02518
395.02896
396.26826
396.28272
396.31860
396.32226
396.32496
396.78960
396.79584
396.80172
396.80376
396.80574
396.85416
396.87642
397.91364
398.20464
398.21118
398.24496
398.26002
398.77338
398.84772
399.51180
399.55470
399.89718
399.92034
399.92778
399.97872
400.80096
400.80534
400.91964
401.48832
401.56206
401.57886
402.18150
402.18420
402.19224
402.43770
402.43980
402.44598
402.48486
403.10376
403.14252
403.15440
403.17030
403.33470
403.64772
403.64970
403.65762
403.75122
403.75464
403.80768
403.83414
403.86516
403.87314
404.48796
404.50764
404.51088
404.51778
404.97006
404.97690
404.97966
404.99514
405.00660
405.00966
405.19116
405.19890
405.20514
405.29352
405.30606
405.32226
405.86460
405.87378
405.88992
406.03734
406.04172
406.06860
406.07274
406.07898
406.48356
406.50060
406.55742
406.56846
406.57572
407.55120
407.55384
407.56158
407.56926
407.59362
407.92440
407.93568
407.94096
407.95944
407.96772
407.97402
408.15036
408.69726
408.70296
408.71298
408.75720
409.23060
409.28322
409.28892
409.94064
409.96056
409.96440
410.48496
410.80752
410.81934
410.85330
410.85978
410.87670
411.69756
411.74808
412.20954
412.21944
412.23486
412.27068
412.86966
412.88412
412.89210
412.90404
412.91046
413.09124
413.13930
413.56620
413.58486
413.60334
413.61234
413.73300
414.89826
414.95118
414.97128
414.98244
415.35900
415.36938
415.44282
415.86096
415.87200
415.87446
415.88850
415.89870
415.90248
415.90752
415.91598
416.18688
416.18922
416.20908
416.24910
416.32476
416.33370
416.38500
417.01194
417.02652
417.04320
417.08412
417.75612
417.77748
417.83532
418.28988
418.30758
418.31544
418.35216
418.36014
418.38690
419.39256
419.39604
419.76756
420.44982
420.45192
420.47556
420.71652
420.74706
420.76764
420.82620
420.83076
420.83694
421.67760
421.68024
421.68738
422.24142
422.26506
422.48094
422.48646
422.48838
422.50614
422.50890
422.51574
422.52300
422.60406
422.62158
422.79810
422.81334
422.81514
422.82618
422.84316
422.84850
422.86560
423.46098
423.47520
423.48324
423.96198
424.63410
424.65564
424.66404
424.67142
424.77822
424.78338
426.16518
426.21804
426.24756
427.11792
427.11966
427.15578
427.20126
427.23534
427.24332
427.28148
427.34550
427.36410
427.40388
427.43652
427.75386
427.80792
427.83192
427.85058
428.00658
428.02188
428.03574
428.04498
428.06928
428.28210
428.28816
428.29572
428.32176
428.33022
428.73168
428.99856
429.01740
429.04992
429.61542
429.62070
429.67938
429.68268
429.76686
430.80138
430.81602
430.81788
430.82802
430.84086
431.80692
431.83896
431.85162
431.85696
431.86284
432.64914
432.66348
432.67296
433.10514
433.12758
433.12998
433.13826
433.70724
434.15058
434.37924
434.38884
434.40174
434.41464
434.41644
434.44338
434.69286
434.69946
434.70468
435.66450
435.67122
435.68430
435.73344
436.30770
436.32366
436.32918
436.33074
436.33974
436.34214
436.35066
436.36992
437.22174
437.22912
437.23500
437.25228
437.26482
437.27850
437.46918
437.58972
437.75496
437.77164
437.77620
437.92332
437.97474
438.15414
438.24510
438.54840
438.55752
438.57288
438.57762
438.64170
438.92694
438.92862
438.97302
439.00362
439.01730
439.42686
439.44342
439.44780
439.46562
439.49322
439.52772
439.77906
439.78290
439.80684
439.80846
440.47446
440.48292
440.50140
441.08166
441.08658
441.09396
441.31860
441.36924
441.41286
441.41496
442.02036
442.04916
442.25550
442.28748
442.29036
442.70970
442.72026
442.73082
442.75398
442.76136
442.76298
442.81260
442.86114
443.40270
444.51270
444.54996
445.13262
445.13580
445.15116
445.17990
445.20888
445.62882
445.66824
446.65692
446.68356
446.70786
446.98668
446.99094
446.99448
447.01176
447.03288
447.27018
447.28668
447.30270
447.32436
448.00968
448.03032
448.04046
448.05768
448.06230
448.07262
448.08270
448.08696
448.08942
448.10784
448.10958
448.62018
448.86930
448.87926
448.88100
449.01744
449.03982
449.06472
449.11272
449.41812
449.48298
449.51316
449.59074
449.60022
449.61078
449.61972
449.69172
449.70630
449.70822
449.90928
449.92032
449.94048
449.95986
450.18366
450.23172
450.25338
450.45834
450.48204
450.49386
450.50286
450.68742
450.72264
450.73488
450.74904
450.75102
450.75468
450.76074
451.50984
451.51632
451.96752
452.02638
452.06820
452.53014
452.53494
452.54778
452.55750
452.56260
453.08748
453.09390
453.10224
453.10824
453.85662
453.89184
453.90534
453.91044
453.92724
453.93948
453.94350
453.95136
454.18980
454.97802
454.99608
455.00448
455.03160
455.48982
455.49504
455.53620
455.56224
456.07326
456.07644
457.11888
457.13112
457.13376
457.16478
457.35312
458.04012
458.05806
458.11890
458.77584
458.80320
458.98374
459.00636
459.02550
459.04296
459.13788
459.18642
459.61560
459.99066
460.02966
460.12968
460.16574
460.43430
460.49508
460.88982
460.90368
460.90524
460.91082
461.82318
461.82738
461.85642
461.86212
461.87874
463.74486
463.75392
464.26416
464.69640
464.72616
464.76528
464.77086
464.77470
464.78526
465.16302
465.17796
465.17958
465.52560
465.53976
465.68502
465.68868
465.69966
466.88454
466.90236
466.91760
467.20500
467.20908
467.22432
467.26986
467.28114
467.41104
467.42124
467.42382
467.44044
467.46360
468.08160
468.11436
468.55062
468.58116
468.59382
469.34310
469.40742
469.96236
469.96974
469.97214
469.97880
469.99386
470.00436
470.01690
470.03730
470.26842
470.29056
470.31234
470.32278
470.37858
470.71866
470.72184
470.84382
470.86524
470.96820
470.98122
471.03474
471.14646
471.44280
471.47286
471.71964
471.79638
472.24422
472.28118
472.32000
472.58466
472.59354
472.60464
472.61406
472.66434
473.16858
473.18232
473.18676
473.67324
473.68842
473.69034
473.69724
473.70534
474.36972
474.63882
474.64110
474.66642
475.26072
476.10006
476.64816
476.69580
477.24780
477.48414
477.48732
477.50352
477.52578
478.10910
478.14054
478.14312
478.39638
479.45394
479.88438
479.96322
479.97516
479.99040
480.76512
480.78618
480.79836
480.81564
481.18146
481.19628
481.22094
481.23168
481.31832
481.31988
481.32810
481.32984
481.33740
481.34928
481.38318
481.45212
482.35086
482.83860
482.85858
482.86494
482.88270
483.15330
484.00752
484.00938
484.02366
484.03254
484.06038
484.07706
484.53318
484.54740
484.54944
484.55622
484.55826
484.56942
484.64790
484.65306
485.12196
485.34078
485.34780
485.71956
485.72430
485.72946
485.74146
485.76084
487.09164
487.10724
487.12224
487.74780
487.75116
487.81998
487.82400
488.03964
488.04504
488.21232
488.28198
488.30424
488.32620
488.99388
489.05814
489.50094
490.10616
490.60188
490.60548
490.65318
490.65504
490.73388
490.78230
490.84998
490.86582
491.29206
491.35002
491.74482
491.75946
491.76882
491.78826
491.80698
491.83932
491.87382
491.87850
491.89524
491.98026
492.05556
492.08034
492.09210
492.21996
492.33174
492.37140
492.50238
492.50646
492.67938
492.69240
492.70080
492.72510
492.82242
492.91704
492.92124
492.98298
492.98628
493.00458
493.02240
493.64616
493.65168
493.65594
494.80326
494.83020
494.84760
494.85924
494.86584
494.86914
494.87124
495.52716
495.54438
495.55758
495.56100
495.56394
495.57246
495.58788
496.00128
496.02024
496.58430
496.58952
496.59312
496.59612
496.64088
496.64316
496.65696
497.19654
497.19810
497.20326
497.23212
497.24430
497.25210
497.26152
497.76270
497.77140
497.77650
497.78082
497.79396
497.79756
497.86260
498.23706
498.24846
498.26526
498.28122
498.33708
498.71454
498.71874
499.38504
499.40352
499.41216
499.43580
499.44744
499.47714
499.49418
499.49784
499.65336
500.64792
500.64960
500.65440
500.66916
500.75982
501.96726
501.98520
502.92516
502.93056
502.95336
502.97628
503.19540
503.21340
503.22966
503.23440
503.23854
503.24718
503.71974
503.74470
504.12390
504.16824
504.22620
504.55098
504.59064
504.63186
504.74328
505.50588
505.54416
506.05980
506.08374
506.09604
506.11242
506.12436
506.13156
506.44146
506.47146
506.63568
506.64168
506.64438
506.65788
506.66316
506.66958
507.31050
507.31800
507.32958
507.34170
509.56410
509.57778
509.58168
509.58840
509.60802
510.06804
510.41214
510.42660
511.23894
512.04834
512.05158
512.05374
512.05602
512.07342
512.09448
512.10426
512.83080
512.85300
512.88126
513.71178
513.73494
513.73812
513.74844
513.76134
513.76536
513.76914
513.82488
513.83490
513.85932
513.86706
513.86988
513.87396
513.88008
513.90084
513.95598
513.97956
514.09512
514.13616
514.33224
514.41000
514.42110
514.43310
514.50738
514.50936
514.63938
514.65708
514.76922
515.00046
515.65722
516.01224
516.02214
516.02718
516.03306
516.03498
516.04932
516.05778
516.05934
516.06138
516.10164
516.30462
516.42444
516.44736
517.56894
517.58838
517.61286
517.62132
518.17902
518.22180
518.22462
518.23200
518.23662
518.24730
518.25498
518.86146
520.02936
520.03758
520.04070
520.05792
520.09578
520.10202
520.91100
521.31468
521.32158
521.34300
521.35524
521.37834
521.41236
521.41800
522.37278
522.37470
522.39162
522.41268
522.43992
522.80934
522.81246
522.81816
522.82740
522.85446
523.35996
523.37400
523.38516
523.39854
523.40484
523.41918
523.43934
523.74084
523.78722
523.80642
523.80870
523.82226
523.83624
523.85640
524.98908
525.38556
525.77478
525.78864
526.19736
526.49898
526.55298
527.27094
527.28972
527.30472
527.31330
527.32872
527.33508
528.12582
528.54720
528.75522
528.77568
529.05810
529.06488
529.07712
530.20482
530.46576
530.48730
530.49636
530.50500
530.52534
530.54124
530.54790
531.07416
531.14100
531.14274
531.74886
531.75108
531.76350
531.76554
531.99156
531.99318
532.00128
532.00668
532.06674
532.07466
532.49214
532.49652
532.53144
532.53570
532.53930
532.66878
533.12250
533.13324
533.14086
534.10386
534.10752
534.11940
534.13866
534.14298
534.16314
534.63972
534.92904
534.93288
535.13904
535.14594
535.17228
535.17390
535.18938
535.64526
535.65000
535.65540
535.65840
535.72206
535.89456
535.91244
536.34432
536.36544
536.37036
536.42562
536.45802
536.49804
536.58306
536.65068
536.78412
536.81568
537.17976
537.87450
537.87990
537.88272
537.91380
537.93750
537.94224
537.96018
538.00308
538.24182
538.25850
538.26948
538.27686
538.27992
538.29606
538.69482
538.70646
538.71690
538.71966
538.73250
539.62344
539.63700
540.21666
540.27120
540.34494
541.14036
541.15440
541.18836
541.19496
541.44336
541.46160
541.48530
541.49460
541.51080
541.63974
541.64172
541.65840
542.50296
542.50662
542.76528
543.35790
543.36228
543.37398
543.39606
544.68486
544.72068
544.74054
545.32182
545.33616
545.76234
545.82108
546.22932
546.46722
546.48714
546.50364
547.02798
547.41516
547.42044
547.50444
547.50726
547.51938
547.56594
548.45976
548.49546
548.50236
548.50488
548.55474
548.90814
548.91678
548.92746
548.93064
548.93868
548.94030
548.96184
548.98824
549.00474
549.45072
549.48204
550.22172
550.24254
550.24926
550.25142
550.52028
550.52706
550.53138
550.54392
550.55682
551.01414
551.03196
551.08440
551.09094
551.11170
551.53728
551.57844
551.58012
551.58390
551.58666
551.60136
551.92824
551.95788
551.96586
551.96850
552.00444
552.51606
552.75912
552.77010
553.64898
553.69170
554.11602
554.25804
554.67060
554.77890
555.64248
555.66306
555.66900
555.67872
555.68808
555.70146
556.21086
556.89090
556.90866
557.45790
557.70528
557.78460
557.81028
557.83128
557.83290
557.85036
558.29676
558.32202
558.34050
558.71436
558.77916
558.79572
558.92832
559.36914
559.37820
559.41792
559.43400
559.48872
560.18664
560.20812
560.94798
560.96214
561.18954
562.02102
562.03764
562.04520
562.05648
562.07160
562.08156
562.09632
562.45074
562.47984
562.48170
562.49352
562.94166
563.58744
563.58984
563.59680
564.24024
564.26916
564.27300
564.27894
564.42918
564.44388
564.87024
564.88818
564.89694
564.92550
565.87662
565.92018
565.95744
565.96092
565.96956
565.99602
566.01738
566.40468
566.40726
566.94900
566.97246
566.99634
567.02850
567.41244
567.55260
568.20984
568.21608
568.23750
568.25292
568.28184
569.00586
569.01546
569.04546
569.37180
569.40888
569.45346
569.58876
569.59434
569.61936
569.99652
570.07236
570.08658
570.08958
570.14460
570.18336
570.27756
570.28200
570.30210
570.31542
570.32010
570.32454
570.32922
570.35196
570.37116
570.57270
570.82596
570.82944
570.85140
570.85758
571.03668
571.05516
571.06008
571.25622
571.46982
572.01696
572.70324
572.76744
573.33702
573.34776
573.34968
573.35538
573.36540
573.38436
574.02342
574.03098
574.07850
574.37916
574.39266
574.57800
574.60470
574.60788
574.60962
575.30250
575.30712
575.32206
575.86812
575.87502
575.88216
575.92464
575.92818
575.94114
575.97030
576.12270
576.12858
576.13926
576.69858
576.71016
576.71592
576.71766
576.83472
576.86430
576.87318
576.89796
576.92274
576.93006
578.45922
579.07890
579.61644
579.76056
579.76680
579.81852
579.85536
579.94248
579.94842
579.96216
579.97152
579.99060
580.38414
580.38762
580.40790
581.02908
581.51760
581.52768
581.52936
581.55054
581.56866
581.58228
581.59794
581.60016
581.65428
581.65890
581.66202
581.66640
582.17058
582.17766
582.94656
583.66632
584.30214
585.33618
585.35658
585.37824
585.39972
585.43308
585.69684
585.73596
585.74304
585.75078
585.75396
586.19400
587.07336
587.07774
587.11578
587.13408
587.14716
587.51382
587.53350
587.53896
587.61156
588.32274
588.33516
588.36402
588.37122
589.01862
589.03542
589.05072
589.10064
589.40382
589.78308
589.83744
589.84206
590.02920
590.10078
590.49498
590.49840
590.50110
590.50818
590.53110
590.55036
590.60550
591.17088
591.53280
591.68280
591.68502
591.70578
591.92562
591.93156
591.95586
591.95844
592.13910
592.19934
592.32168
592.64754
592.66986
592.95654
592.96914
592.97982
592.99056
592.99344
593.01972
593.02278
593.05428
593.06220
593.40882
593.41068
593.41878
593.43528
593.43762
593.45058
593.46354
593.53314
593.54322
594.01974
594.60978
594.62244
594.62664
594.63180
594.64440
595.22670
595.25358
595.28550
595.30518
595.32114
595.91046
595.92438
595.93962
595.96290
596.36754
596.37258
596.37570
596.60004
596.78562
596.83560
597.39276
597.40596
597.41076
597.46260
598.05690
598.07508
598.08168
598.08468
598.08942
598.09614
598.40010
598.42260
598.42458
598.44582
598.45932
599.13444
599.14854
599.18082
599.76408
599.76768
599.77584
599.78562
599.81118
600.03162
600.40116
600.40836
600.43284
600.43794
600.45522
600.46368
601.19334
601.20918
601.21374
601.22568
601.25886
601.73742
602.62908
602.63850
602.67288
602.68608
602.81352
602.86326
602.88984
603.46194
603.55458
603.62718
603.67176
604.14180
604.16826
605.16480
605.16792
605.43906
605.44704
605.46114
605.47398
605.49408
605.51706
605.54094
605.78034
606.02910
606.05730
606.30858
606.55848
606.61806
607.02714
608.25738
608.26530
608.30022
608.84004
608.85750
608.87700
608.89518
609.46158
609.46698
609.48588
609.50406
609.76788
609.77238
609.77544
609.79896
610.12332
610.13202
610.13958
610.14762
610.65216
610.66092
610.66266
610.68576
610.69404
610.69830
611.41590
611.43852
611.44248
612.11508
612.14004
612.16152
612.16464
612.59898
612.61866
612.63642
612.65856
613.03836
613.39110
613.40820
613.42518
613.42692
613.43292
613.98558
613.98882
614.01384
614.03424
614.03802
614.04264
614.05296
614.09394
614.10228
614.30124
614.71872
614.73894
615.00630
615.05004
615.30450
615.58716
615.70650
616.23042
616.24194
616.25394
616.25958
616.26306
616.26462
616.57080
616.58418
616.61388
616.62276
616.64016
618.61326
618.63162
618.63384
618.64890
619.49346
619.49718
619.50858
619.51236
619.52022
619.53648
619.55298
619.79106
619.79658
619.80048
619.80600
619.82478
620.56140
620.57718
620.58708
620.62824
620.63646
620.63952
620.64252
620.64522
621.08460
621.09048
621.11958
621.12438
621.12876
621.18780
621.19002
621.20016
621.20442
621.20952
621.22638
622.15014
622.15464
622.16982
622.18524
622.20174
622.90050
622.91652
622.92420
622.95564
623.04792
623.07750
623.10552
623.10930
623.72460
623.73768
623.74380
623.76252
623.76426
624.49314
624.53028
624.53292
624.53634
624.91806
624.92040
624.95190
624.95754
625.43034
625.44378
625.44822
626.21652
626.25906
626.26140
626.26500
626.27466
626.28444
626.29446
626.77284
626.79954
626.88666
626.88822
626.89914
627.17070
627.64692
627.69744
628.05684
628.07472
628.46178
628.47390
628.48764
629.45940
629.85180
629.85330
630.06822
630.13608
630.14088
630.75708
630.92364
631.13358
631.17834
631.63980
631.64136
631.65696
631.86630
632.36832
632.39154
632.41392
632.49930
632.52102
633.65124
633.68238
633.68496
634.00680
634.03284
634.29540
634.32198
634.33500
634.35516
634.42578
634.50258
634.74408
634.74786
634.78746
634.82514
634.83432
635.18484
635.20182
635.21952
635.49228
635.51136
635.52528
635.86974
635.94096
635.95080
635.98254
636.01332
636.04830
636.28632
636.35946
636.39798
636.63564
636.64488
636.65118
636.66522
636.67746
636.85704
636.93174
637.17642
637.18422
637.23918
637.48836
637.50156
637.53336
637.93494
638.77464
638.78748
638.81706
638.82570
639.20496
639.21366
639.21648
639.21906
639.23712
639.24186
639.38148
639.43164
640.06464
640.08222
640.08906
640.10214
640.44594
640.45770
640.46538
640.46814
640.68168
640.71666
640.71996
642.58668
642.60312
642.60492
642.60834
642.61698
643.09704
643.17528
643.94994
643.98654
643.99656
644.04846
644.08542
644.67312
644.68836
644.69118
644.69784
644.70588
644.71536
644.95506
645.27660
645.28230
645.35034
645.35316
645.76314
645.77418
645.78060
645.78732
646.19394
646.21074
647.13942
647.17572
647.55486
647.88372
647.90046
648.54588
648.55062
649.14336
649.18764
649.21956
649.23942
649.81026
649.81224
649.87752
649.88058
650.63520
650.64066
650.64744
650.65554
651.12426
651.13350
651.66906
651.67656
651.80190
651.86826
652.33038
652.36002
652.37664
652.41012
652.42248
653.52378
653.53878
653.55660
653.56164
653.65836
654.01242
654.59424
654.61734
654.62226
654.63924
654.64224
654.93336
654.94848
655.57932
655.59312
655.60050
655.61766
655.63440
655.63674
656.22300
656.41476
656.52978
656.53650
656.55012
656.56440
656.58660
656.59572
656.60088
656.86386
656.87358
657.23622
657.24726
657.27720
657.32376
657.45456
657.47304
657.50328
657.50736
657.51492
657.52566
657.53676
657.74706
657.75162
658.44474
658.45620
658.46016
658.47552
658.47828
658.51044
658.51704
658.52136
658.54056
659.61090
659.61804
659.62566
660.26178
660.26382
660.28476
660.30912
660.32664
660.87750
660.90294
660.91542
660.92748
660.94602
660.95418
661.31190
661.37058
661.67724
661.68888
661.69560
662.17164
662.84250
662.85294
663.40860
663.42588
663.44748
663.45666
663.65226
663.66888
664.23720
664.44816
664.45968
664.46598
664.46952
664.48272
665.31576
665.31792
665.33832
665.34624
665.91186
665.91846
666.55746
666.58554
666.59526
666.60624
666.61056
666.62298
666.64464
667.15998
667.19172
667.20498
667.41978
667.45362
667.46340
667.46754
667.48572
667.86414
667.87692
667.88934
668.37180
668.59212
668.60148
668.61852
668.62986
668.64846
669.57570
669.69168
669.69336
669.90216
669.92106
669.96540
669.98340
670.01202
670.59474
671.34288
671.35200
671.35872
671.58648
672.44196
672.44802
672.45072
672.59868
673.04472
673.04790
673.05432
673.06110
673.07370
673.62888
673.66122
673.78548
674.70102
674.70336
674.72484
674.73378
674.75196
675.20850
675.21372
675.21696
675.23268
675.23946
675.24192
675.57942
675.59238
675.62034
676.26756
676.27104
676.27644
676.31628
676.35132
676.60218
676.60404
676.60620
676.60908
676.61682
677.58402
677.59182
677.60772
677.65692
678.29814
678.30054
678.32568
678.33894
678.35172
678.35754
678.37158
678.98070
679.38474
679.56252
679.57116
679.57962
679.58646
679.59678
679.82952
679.90638
680.04504
680.15874
680.34726
680.36346
680.47344
680.74296
681.10248
681.12870
681.13452
681.14352
681.15192
681.15864
681.17076
681.45462
681.53280
681.56700
681.57186
681.57474
681.58026
681.59196
681.59556
681.60030
681.88626
681.90390
682.91316
682.92000
682.92162
683.44956
683.45466
683.45646
683.46666
683.47542
683.48112
683.49414
683.50722
683.62524
684.18666
684.20190
684.20406
684.20898
684.21648
684.22620
684.84924
684.92250
686.02806
686.11320
686.74584
686.83050
687.15132
687.15714
687.39348
687.40518
687.41334
687.41514
687.42132
687.99492
688.01430
688.02828
688.03170
688.04502
688.68894
688.69998
688.70898
688.71180
688.72416
689.20314
689.21076
689.26380
689.29740
689.30094
689.33310
689.34996
689.36928
689.40762
689.71422
689.73042
689.74122
689.75106
690.09642
690.09876
690.13212
690.14142
690.15252
690.19008
690.74826
691.89120
691.90584
691.94520
692.53956
692.55588
692.56176
692.58534
692.83620
693.13020
693.18114
693.19524
693.19788
693.75036
693.78492
694.53504
695.01480
695.04960
695.11164
695.69220
695.71806
695.73600
695.74608
695.75136
695.75472
696.96570
696.99828
697.00098
697.01820
697.02360
697.02534
697.26792
697.27824
697.28820
697.33326
697.70760
698.25264
698.26782
698.27064
698.28834
698.29620
698.94378
698.95332
698.95788
698.96046
698.97318
699.54114
699.56130
699.57420
699.58212
699.93210
699.93432
699.95418
699.96036
699.97308
699.98598
700.00134
700.01016
700.38042
700.39800
700.40874
700.62120
700.63500
700.83426
700.90764
700.93182
701.08290
701.09478
701.11992
701.12670
701.15004
701.33412
701.33880
701.37342
701.37504
701.58576
701.61510
701.64138
701.65338
702.04962
702.05430
702.07194
702.08484
702.84834
703.29546
703.30074
703.30800
703.31880
703.33614
703.54806
703.57086
703.57692
703.60482
703.96482
703.97898
703.98594
703.99854
704.72046
704.73138
704.74146
704.74302
704.75328
704.76846
705.33882
705.35220
705.35940
705.37728
705.55380
705.56262
705.61686
705.77022
705.80838
705.82152
705.86994
706.59372
706.62366
706.64046
706.70526
706.72080
706.73934
707.68836
707.69634
707.72280
707.72934
707.91384
707.92032
708.17586
708.23586
708.24774
708.37698
708.48114
708.49548
709.49130
709.54200
709.57452
709.57818
709.85190
710.34516
710.37012
710.53500
710.54664
711.57702
711.58338
711.66624
711.91218
712.33026
712.33974
712.35852
712.37250
712.54038
712.63926
712.93062
712.93554
712.94658
712.95780
712.97664
712.98096
712.99302
713.00382
713.27574
713.29020
713.29614
713.32350
713.71788
713.72592
713.76324
714.06876
714.14754
714.15240
714.90078
715.58172
715.75188
715.79526
715.80540
715.80912
716.39340
716.39862
716.40096
716.41656
716.41944
716.65416
716.65728
716.67972
716.69382
716.96286
716.97432
716.98242
717.89208
718.00572
718.29018
718.30416
718.32246
718.32630
718.33590
718.70940
718.71540
718.75890
719.32632
719.36520
719.63346
719.65584
719.67504
719.68254
720.04830
720.32688
720.33042
720.33444
721.07556
721.10052
721.10220
721.14054
721.73574
721.75974
722.21478
722.53068
722.53872
722.54496
722.56740
722.74104
722.76078
722.78718
723.07458
723.65472
723.70170
723.70356
723.95208
723.96876
723.97458
723.99510
724.00296
724.02534
724.03410
724.03884
724.78716
725.86698
725.87562
725.87820
725.88894
725.96592
725.96934
725.98002
725.98350
725.99004
726.00342
726.22890
726.24240
726.29460
726.31734
726.33402
726.38652
726.40722
727.11588
727.28502
727.29114
727.92000
727.92708
727.96890
728.62428
728.62584
729.54876
729.55080
729.55344
729.55956
729.57726
729.57918
730.11282
730.13286
730.14228
730.14678
730.16148
730.36044
730.36698
730.36932
730.38186
730.38786
730.40088
730.41906
730.61724
730.62600
730.63386
731.73558
731.74350
731.74638
731.75406
731.76132
731.77698
731.79216
732.14334
733.01652
733.97058
733.99062
733.99710
734.01972
734.05464
734.06808
734.09178
734.12316
734.13156
734.39802
734.45100
734.45898
734.46510
734.63628
734.64300
734.88618
734.88792
734.94834
734.95686
734.96016
734.96346
734.97480
735.15102
735.15978
735.37692
735.39864
735.81942
735.90942
736.87518
737.50848
737.52150
737.58528
737.59506
738.14922
740.04060
740.05572
740.06388
740.06826
740.09178
740.09724
740.10438
740.49804
740.51316
740.51928
740.52156
740.52918
740.56224
740.56494
740.70666
740.74836
741.12072
741.18150
742.14726
742.19946
742.21734
743.00484
743.02338
743.68704
743.71512
744.28908
744.31128
744.32460
744.79914
745.13034
745.78632
745.84554
746.74944
747.44832
747.45360
747.46374
748.95540
748.97556
748.98996
749.77620
750.01770
750.02076
750.05862
750.07524
750.08028
750.08622
750.50154
750.51264
750.53388
750.53604
750.53760
751.00284
751.01112
751.01964
751.06764
751.67682
751.70004
751.70304
751.71474
751.75062
751.79304
752.19150
752.82036
752.82804
753.55320
753.55578
753.59160
753.61008
753.62436
754.18482
754.20894
754.21488
754.23108
754.57152
754.57608
754.58028
754.59240
755.20578
755.21766
755.22960
755.23824
755.26554
755.30070
755.31282
755.57232
755.59536
755.61288
755.62872
756.51714
757.40688
758.00934
758.02608
758.03562
758.04516
758.06706
758.06964
758.61018
758.65662
758.66172
758.71572
758.99022
759.06900
761.26218
761.27664
761.29188
762.01464
762.02340
762.02760
762.03540
762.05556
762.07758
762.07974
762.09102
762.99612
763.00470
763.00758
763.02162
763.13772
763.14384
763.14630
763.16652
763.67034
763.70094
764.29926
764.31708
764.32860
764.33712
764.35644
764.37582
764.37762
764.39934
764.73768
764.74740
764.84280
764.86440
764.99388
765.19662
765.20754
765.20934
765.21474
765.22980
765.74286
765.75234
765.75834
765.82584
765.85302
765.85848
765.98802
765.99372
766.06350
766.25646
766.27878
766.37976
766.61886
766.74282
766.98276
767.12370
767.15892
767.90862
767.92416
767.93100
767.93490
767.93814
767.94156
768.17610
768.22794
769.01322
769.02408
769.04742
769.60782
769.61190
769.61520
769.64292
770.17374
770.19630
770.21628
770.22018
770.22174
770.22756
770.23890
770.55540
770.58042
771.79590
772.31406
772.31778
772.32726
772.33836
772.36902
772.37784
772.38906
772.45740
773.39844
773.43768
773.44146
774.34338
774.35448
774.62412
774.63906
774.64464
774.65712
776.00082
776.01012
776.04264
776.05806
776.05992
776.10102
776.12184
776.15136
776.43924
776.44686
776.51460
776.71920
776.72076
776.84496
777.23616
777.28458
777.29154
777.57810
778.17798
778.25076
778.26150
778.27974
778.28562
778.37916
778.39218
778.90818
778.92390
779.18658
780.43812
780.45906
780.50724
780.91596
780.92502
780.95088
781.64928
782.83656
783.28488
783.32022
783.83718
783.86550
783.88440
783.88596
784.13436
784.16664
784.17696
785.28324
785.29200
785.33046
785.34240
785.58162
785.95428
786.32208
786.33546
786.33822
786.38436
786.91374
786.93558
786.93978
787.68732
787.68894
787.72026
787.75614
787.77558
787.77894
787.81590
787.87404
788.00940
788.01600
788.02236
788.05440
788.18148
788.33724
788.37144
788.38836
788.59416
788.83788
788.85030
788.88216
788.89902
789.12084
789.14712
789.36528
791.10606
791.46372
791.47644
791.48646
791.50440
791.53824
792.12102
792.16050
792.16872
792.17028
792.19410
792.26946
792.27978
792.28224
792.66468
792.67758
792.68004
792.70302
792.74340
792.75132
793.32714
793.34568
793.89606
793.95744
794.68764
794.69550
794.71398
794.72454
794.85714
794.92530
795.50364
795.50748
795.51372
795.52440
795.55272
796.10106
796.10472
796.34334
796.67226
796.69230
796.69524
796.70706
796.95042
796.95888
796.97436
796.99584
797.38470
797.38884
797.97870
798.31602
798.37176
798.53862
798.54588
798.54744
798.84000
799.04340
799.06266
799.38564
799.41372
799.44228
799.50816
799.51404
799.51680
799.54446
799.82640
799.83930
800.16498
800.17170
800.17452
800.17860
800.74848
800.75892
800.83152
800.85618
800.98800
801.56238
801.61614
801.63774
801.64752
801.65862
801.67758
802.89324
802.89666
802.93656
802.94904
802.95216
803.19258
803.69610
803.74500
803.76252
804.16680
804.17520
804.17694
804.19104
804.20244
805.17042
805.21338
805.21608
805.23054
805.24578
805.25808
805.42950
805.43346
805.45368
805.47012
805.48698
806.58360
806.62254
807.28104
807.29670
807.32568
807.32760
807.34236
807.73920
807.74136
807.74316
807.74568
807.75570
807.77442
807.80412
807.80784
808.12812
808.13964
808.14258
808.14984
808.15338
808.15542
808.97850
808.98594
808.98840
808.99350
809.00010
809.02872
809.35914
809.37078
809.38284
809.76078
809.77932
809.78610
809.81700
809.82036
809.83212
810.31746
810.52362
810.53046
810.54708
810.58068
811.00788
811.01484
811.04262
811.06824
811.27836
811.48644
811.50972
812.69478
812.72442
812.73414
812.73708
812.74494
814.01502
814.08606
814.55352
814.56948
814.57146
815.04780
815.48346
815.70474
816.39858
816.41460
816.42072
817.18164
817.19886
818.68536
818.69340
818.70216
818.70540
818.76498
819.11628
819.40098
819.41616
819.42174
819.44490
819.45996
819.46272
819.46788
819.47292
819.48822
819.51744
819.93804
819.95466
819.96222
819.97002
819.98220
820.37916
820.38678
820.38894
820.39416
820.39920
821.01996
821.07672
821.10198
821.35464
821.53236
821.66256
821.69778
821.74458
821.92782
821.95602
821.98932
821.99550
822.41544
822.53226
823.72584
823.73040
823.73406
823.73826
823.76172
823.76634
823.80930
824.42550
824.45436
824.46180
824.55324
825.47856
825.56340
826.06752
826.08672
826.10622
826.88502
826.90020
827.53020
827.53590
827.54760
827.55312
827.55750
827.55990
827.91288
828.27744
828.32082
828.32700
828.68208
828.75390
828.77082
828.77304
829.60164
829.62246
829.62396
831.08358
831.09282
831.10404
831.12588
831.13434
831.95778
832.01904
832.02624
832.02810
832.12968
832.13742
832.15080
832.52292
832.53300
832.54218
832.54632
832.58316
832.59630
832.63620
832.80378
832.83900
833.19024
833.59890
834.44940
834.75630
834.76098
834.76674
834.77670
835.23312
835.76676
835.77306
835.78182
835.80174
835.80852
836.46834
836.50764
836.52810
836.58288
837.22572
837.25002
837.26142
837.27090
837.61698
837.62226
837.65628
837.65844
837.66456
838.33824
838.36452
838.43802
838.70160
838.71306
838.99050
839.03448
840.15042
840.26268
840.26916
840.27996
840.29232
840.35892
840.39246
841.45554
841.47444
841.69512
841.70376
841.71096
841.72146
841.73754
841.74978
841.76940
842.37276
842.37720
842.38494
842.76996
842.77284
842.77506
842.78520
843.01800
843.04440
843.04710
843.06936
843.07356
843.08760
843.10614
843.28482
843.44088
843.91842
843.95004
843.95922
844.21164
844.41822
844.50588
844.51782
844.68330
844.88220
844.90458
844.92042
845.15772
845.16156
845.17680
846.29238
846.42570
846.43770
846.46410
846.47802
846.51048
847.44660
847.87728
847.92150
847.94478
847.95120
847.97160
847.97724
847.97886
848.86668
848.93802
848.93988
849.42348
849.46578
849.47664
849.48036
849.51048
849.81438
849.81882
849.85914
849.87492
849.87774
849.88032
849.88254
850.95060
850.97070
851.28606
851.28762
851.28966
851.31354
852.00240
852.00834
852.02718
852.27558
852.29964
852.47880
852.48084
852.49440
853.05156
853.10346
853.11036
853.25328
853.77048
853.78362
853.78620
853.82574
854.13462
854.18256
854.28492
854.49684
854.49906
854.52120
854.53872
854.56542
854.97678
854.98254
855.00450
855.24576
855.65502
855.68118
855.71082
855.74220
855.79578
855.83904
855.88044
855.88914
855.89190
855.90084
856.20408
856.23708
858.26232
859.08936
859.10112
859.81968
859.83570
859.83822
859.84176
859.85124
859.85982
859.86840
859.89054
860.10732
860.12904
860.13072
861.16926
861.18822
861.19242
861.19590
861.21246
861.22692
861.22896
861.23244
862.49568
862.50132
862.50534
862.51710
862.71276
862.74036
862.75140
862.76820
862.77666
862.79514
862.79976
863.79528
863.80752
863.81814
863.82570
863.83224
863.85540
863.86512
863.91390
863.98620
864.04890
864.29838
864.34410
864.47736
864.49422
864.50538
864.52194
864.52398
864.52698
864.74016
864.74166
865.23768
865.24668
865.25106
865.25928
865.29126
865.38186
865.87452
865.90230
865.90434
865.90842
866.00346
866.06304
866.07114
866.36430
866.98656
866.99970
867.02346
867.63552
867.68340
868.21362
868.23666
868.77150
868.78338
869.13804
869.15376
870.30210
870.30660
870.31308
870.32478
870.32802
870.33426
870.33594
870.41370
870.41646
870.71982
870.73986
870.76668
871.09650
871.59720
871.61550
871.62696
871.62960
871.67628
872.25804
872.26014
872.27052
872.27988
872.90370
872.90856
874.17324
874.54854
874.57080
874.82652
874.84680
874.85106
874.85928
874.95378
875.34660
875.37054
875.62662
875.70030
875.71296
875.73348
876.05724
876.06078
876.06612
876.32070
876.33102
876.71040
876.72606
876.75870
876.81072
876.86220
877.03002
877.09956
877.11006
878.26806
878.42082
878.42568
878.42904
878.43630
878.71230
878.71710
878.71914
878.72946
878.74050
878.84586
878.87880
879.79422
879.80748
879.82518
879.84018
879.94710
880.00494
880.01094
880.01250
880.11192
880.11402