0.21670
0.35716
0.43282
1.57858
1.64674
1.98358
2.25310
2.26984
2.75692
2.93362
2.98390
3.23362
3.23650
3.43390
3.51418
3.60490
4.35088
4.51744
4.67056
4.69480
4.71766
4.72042
4.86634
4.92832
5.22214
5.28418
5.28682
5.39770
5.76148
5.81752
5.98456
6.13810
6.68452
6.71074
6.74506
6.77854
6.85828
6.96796
7.33474
7.56484
7.57168
8.18536
8.18794
8.35456
8.42620
8.97526
9.35200
9.43528
9.79588
9.99478
10.16944
10.33996
10.59598
11.37952
12.33904
13.28932
13.68640
14.16988
14.55664
14.83954
14.87926
15.04762
15.30808
16.04002
16.38880
16.42990
16.82722
17.00986
17.28664
17.69056
18.21520
18.36874
18.92818
19.15486
19.23154
20.28250
20.63572
20.85832
21.35554
21.71320
21.79954
21.93298
21.99856
22.14544
22.25566
22.40860
22.68916
22.69984
22.70572
22.73038
23.12260
23.98948
24.10942
24.21262
24.49264
24.58720
24.89896
24.90946
25.12036
25.18780
25.23982
25.48672
25.53094
26.03032
26.24308
26.75992
27.01630
27.03766
27.10228
27.64354
27.68080
28.21498
28.56076
28.70770
28.85788
29.12728
29.39410
29.55178
30.26272
31.20844
31.21114
32.06344
32.12524
32.49220
32.74216
33.12814
33.58480
33.59476
34.40902
34.41184
34.65454
35.18644
35.42230
35.51974
35.79256
35.87878
36.40000
36.77626
37.01368
38.22658
38.92666
39.54364
39.62974
39.63754
39.96688
40.47736
40.59370
40.59652
40.90138
40.98748
41.16736
41.40040
42.13036
42.64138
42.80464
42.80758
42.92146
43.28206
43.42744
43.53550
44.10766
44.24128
44.35060
44.63158
45.49462
46.83496
47.58154
47.83900
47.88862
47.99812
48.01150
48.13438
48.16186
48.21952
48.30556
48.37438
48.48298
48.56860
48.60574
48.72556
48.99184
49.01656
49.25434
49.77484
50.09524
50.10868
50.21482
50.50594
50.69848
51.19552
51.25570
51.92878
51.96214
52.05574
53.12884
53.25466
53.37178
53.87236
54.24598
54.44374
55.75918
56.17582
56.45236
57.43576
58.03222
58.17058
58.18714
58.33558
58.42312
58.61716
58.68226
58.87294
58.97950
59.13568
59.47312
59.56558
59.59630
59.63686
59.99920
60.17968
60.21064
60.56278
63.82972
65.53222
66.86740
67.26316
67.74622
67.83406
68.00554
68.03242
69.19312
69.56728
70.31320
70.43692
70.47340
73.39936
74.21632
75.07978
76.19914
76.93726
77.46184
77.83912
78.24298
78.70552
79.04884
79.22320
79.54606
79.56304
79.59346
79.87042
80.07202
80.24590
80.41258
80.52946
80.61268
80.75566
80.92318
81.03862
81.54604
81.83974
82.05538
82.19920
82.22224
82.84282
83.24902
83.97196
85.47418
86.20504
87.20656
87.32914
87.74872
87.85546
88.48198
89.42008
89.42818
89.54992
89.99470
90.37894
90.40318
90.41248
90.54592
90.56872
90.73228
91.05928
91.14112
91.19578
91.39570
91.81426
91.90306
92.39698
92.73946
95.65576
96.13318
96.13606
96.43906
96.67912
96.80458
97.85458
98.41198
98.66476
99.08752
99.64090
100.06498
100.55686
100.60174
100.61182
100.73914
101.02540
101.42848
101.80540
102.21172
102.30436
102.97234
103.38106
104.10568
104.56450
105.04918
105.81172
106.10548
106.69012
107.40838
107.47378
107.70220
108.22036
108.69754
109.11154
109.23106
109.62076
110.43868
110.54470
110.83474
111.14470
111.32188
111.88558
112.06534
112.49944
113.08078
113.31154
113.61562
114.44182
114.69724
114.89128
114.89602
116.10526
116.48254
117.34726
117.83578
118.04470
118.46140
119.69140
120.13078
120.30790
120.69466
120.72820
120.74614
120.85810
122.26156
122.67046
122.89132
123.07900
123.17482
123.22810
123.91120
123.94834
123.96820
123.97504
124.16572
124.56430
124.61152
124.61764
124.79734
124.82176
125.12662
125.39740
125.40382
125.57836
125.89126
125.93068
126.08062
126.57046
127.03078
127.47154
127.59982
128.17162
128.46124
128.64436
129.00778
129.73810
130.78798
131.19718
131.72128
133.54696
134.01070
134.64370
134.77720
134.90032
134.98888
135.19402
135.31054
135.73462
136.13476
136.72702
137.72194
137.98858
138.01300
138.50086
138.65386
138.87670
139.65244
140.21254
140.22928
140.65036
141.53686
141.83344
142.62616
142.70674
143.09902
143.47582
144.36946
144.85870
145.53748
145.57816
145.79464
148.14142
148.36102
148.63078
148.69894
149.20774
149.37100
149.71822
149.72080
149.76208
150.74494
150.83746
151.79314
152.95066
153.53074
154.94620
155.83606
156.97972
157.09150
157.37536
157.54936
158.37472
158.69488
158.90284
158.92150
158.92468
158.96458
159.02170
159.03220
159.10852
160.54852
160.58800
160.85164
160.93768
160.97122
161.84668
162.80044
163.55380
163.65700
163.93312
164.09710
164.58016
165.18646
165.93262
165.95266
166.24942
167.03584
167.75494
167.95072
168.43588
168.60646
168.64570
168.69568
168.82876
168.85180
169.11514
169.78138
169.79524
169.98472
170.05264
170.17420
170.28352
170.30110
170.88424
170.94442
171.92014
171.95074
172.11394
172.64938
173.51662
173.62384
173.83012
173.85004
174.65758
176.28292
176.96296
177.01858
177.03508
177.89254
178.69120
179.20126
179.32282
179.43184
179.71174
179.73166
180.27838
180.39202
180.43414
180.53554
181.06360
181.11460
182.13526
182.18092
182.66422
182.80810
183.32584
183.43714
183.62920
183.71794
183.76384
184.76344
184.76638
184.79680
185.15158
185.71612
185.77354
185.91580
186.19030
186.77626
187.44592
189.03910
189.10444
189.99922
190.26544
190.47082
190.47382
190.98550
191.06416
191.29462
191.34622
191.39740
191.64712
191.68060
191.73568
191.96542
191.99284
192.99820
193.04692
193.05016
193.12738
194.07946
194.67976
195.63286
195.89524
196.39000
196.57570
196.96666
197.22340
197.38480
197.46190
197.60860
198.11140
199.11250
199.38124
199.92724
200.46382
202.11460
202.22818
202.31482
202.59268
202.65394
202.74052
202.76320
203.07316
203.42950
203.50024
203.50666
203.83510
204.51946
204.72574
204.78616
205.10884
206.08888
206.37082
207.58144
207.98524
209.20768
209.35774
210.70438
211.05748
211.16182
211.37338
211.52338
212.25676
212.47708
212.85076
213.43090
213.74116
213.82618
214.11640
214.68670
214.84300
215.13004
215.44564
215.64682
216.01642
216.03610
216.30274
216.30574
216.55540
216.56578
216.59638
216.80506
217.45222
217.67848
219.04156
219.21598
219.23824
219.57940
220.37122
220.90810
221.35798
221.75836
221.76682
223.22200
223.29088
223.63084
224.60824
224.84638
225.36394
225.74728
225.75784
225.83038
225.98968
226.06672
226.39282
226.43332
226.53658
226.90000
226.93378
226.95070
227.63614
228.03616
229.12564
229.60186
229.99924
230.19292
231.13648
231.34522
232.26538
233.40094
234.12778
234.40534
234.67066
235.60642
236.57764
236.66344
236.89336
237.06004
237.45604
237.53404
237.68038
237.68284
238.00822
238.02994
238.03576
238.30870
238.50682
238.65652
239.84872
239.89558
240.19546
240.61516
240.71824
240.95158
241.48216
242.14480
242.30524
242.40814
242.62804
243.66982
245.92702
246.45688
246.86002
246.94324
246.96304
246.99040
247.59034
247.91908
248.29288
248.44330
248.55952
248.56234
248.59300
248.94568
250.34518
250.65172
251.23984
251.50906
251.95570
252.33874
252.57526
253.32796
253.82524
254.12488
254.68834
254.77174
254.96854
255.15082
255.57844
255.62632
255.72724
255.92722
256.10158
256.96804
258.12388
258.50992
259.61584
259.79686
259.88512
259.95046
259.99282
259.99552
260.43994
260.74246
260.99716
261.27298
261.31936
261.44242
261.45334
261.76942
262.00618
262.00900
262.02298
262.12906
262.66942
262.81240
263.05594
264.03544
264.70240
264.74920
265.07452
267.12118
268.06486
268.23034
271.08670
271.23022
271.33648
271.36354
271.73320
271.78786
271.83316
271.91650
271.97284
273.21454
273.42820
273.93262
274.23232
274.36534
274.64176
274.83562
275.58238
275.58520
276.36520
277.00414
277.93456
278.04982
278.51800
279.29314
279.46588
279.62758
279.65722
280.03414
280.71370
280.96318
281.56678
281.93602
282.23584
282.67210
282.68920
282.70228
284.84422
285.01528
285.24544
285.50110
286.35076
287.31412
287.56420
287.59156
287.68402
288.15178
291.82582
292.25488
292.74442
293.27530
293.76184
293.78110
293.86174
294.49942
294.54262
294.70522
294.81112
294.98842
295.00384
295.27162
295.29184
295.76110
295.78186
295.81876
296.20066
296.37766
296.50072
296.64412
296.83786
297.02734
297.40138
297.49660
297.73150
297.95902
297.99016
299.95222
300.04276
300.76258
301.13608
301.21546
301.44520
301.86526
302.01952
302.07430
302.31124
302.36158
302.54524
303.02956
304.20370
304.30102
304.32130
304.51252
304.82464
304.82770
305.20750
305.67106
306.27388
306.36562
306.62404
306.67840
306.91462
307.25998
308.93314
308.96404
309.61660
310.13164
310.96924
310.97224
311.68924
311.91574
312.00178
313.01830
313.06534
313.06834
315.41320
315.86428
316.11898
316.27798
316.42474
316.53742
316.68454
316.77946
316.93060
317.09386
317.15908
317.27458
317.42242
317.70298
317.71336
319.02670
319.07272
319.89604
320.27338
320.29600
321.01228
321.34864
321.50200
321.97468
321.99850
322.00924
322.45864
322.46158
322.47472
322.58932
322.59244
322.59838
322.69846
322.97560
323.38438
323.56942
323.66470
324.05080
324.24472
324.47020
324.81736
324.99442
325.26724
326.07328
326.08372
326.25790
327.71806
327.93328
328.03984
328.06408
328.07326
328.29652
328.47388
328.58020
328.76626
328.94974
328.96006
328.96300
329.28022
329.64586
329.72920
330.13234
330.20974
330.35842
330.36574
330.40576
330.51520
331.08490
332.46772
333.07768
334.26394
334.29880
334.36408
334.48696
335.11348
335.65096
337.08664
337.77292
337.86514
338.14222
338.86474
338.87854
339.04192
339.10540
339.24520
339.44566
339.61432
339.66886
339.69934
339.87454
339.88072
339.90832
340.06570
340.21420
340.25374
340.68232
340.78828
342.63874
342.83122
343.92322
344.08060
344.14564
344.76682
345.06994
345.23326
345.46204
345.90880
346.03882
346.30138
346.46152
346.59496
346.98844
347.01880
347.60794
348.43492
348.54088
349.80718
350.25388
350.51410
350.53408
350.58994
350.60698
350.74780
350.78788
350.96578
351.06892
351.15358
351.16696
351.20332
351.26320
351.27352
351.50632
351.88630
351.93988
352.18342
352.19002
352.24216
352.61704
352.90354
353.60242
353.83864
354.13252
354.41974
354.52228
354.88852
355.27768
355.35466
355.56052
355.56508
355.57186
355.74688
355.78024
355.85206
355.85812
356.45458
356.59816
357.10414
357.11362
357.58564
357.59938
357.96538
358.67668
359.17240
359.96944
359.98984
360.10678
360.31936
360.98242
360.99892
361.10194
361.15672
361.80190
361.85632
361.87006
361.95622
361.97890
361.98190
362.02786
362.03530
362.05180
362.12182
362.39164
362.52874
362.65450
362.74804
363.38122
363.65092
363.68434
363.70378
363.78400
364.09060
364.17712
364.39066
364.60984
364.77616
364.96756
365.07358
365.12494
365.51080
366.05956
366.82030
367.10014
368.06584
368.59900
368.65600
368.67922
368.73256
368.97004
369.16534
369.72592
369.88852
370.23754
370.27138
370.28344
370.98544
371.12122
371.32612
371.82082
372.46420
372.51682
372.53326
372.69136
372.69424
373.10164
373.38088
373.43962
373.48828
373.81642
373.84060
373.91374
374.00590
374.11714
374.17402
374.40724
374.74642
374.80984
375.50674
375.53878
375.56266
376.09624
376.63372
376.76704
377.04946
377.22868
377.38540
377.51872
377.88136
378.17542
378.55816
378.86134
379.19134
379.22164
379.82776
380.33116
380.35078
380.39692
381.01924
381.19360
381.46018
382.46734
382.58392
382.79026
382.79344
382.96390
383.47312
383.66212
384.25906
384.32728
384.56338
384.60640
384.60874
384.86254
385.04044
385.04650
385.08310
385.18612
385.69468
385.73656
385.79176
386.03272
386.24158
386.71570
388.19380
388.32562
388.55746
388.60744
388.67686
388.80604
389.07814
389.19814
389.48002
389.50684
389.50834
389.51758
389.72638
390.77320
390.87622
391.34566
391.58200
392.18296
392.67508
393.09820
393.10690
393.30238
393.94930
394.04800
394.08724
394.21864
394.28416
394.33546
394.86508
395.16250
395.35924
395.36110
395.58178
395.72566
395.81206
395.85142
396.36376
396.38788
396.40780
396.48280
396.50584
396.77746
397.18108
397.39306
397.69636
397.99324
398.27038
398.95366
399.06016
399.20422
399.23746
399.34000
399.62020
399.73396
399.82924
400.00630
400.18372
400.56628
400.86988
400.97260
402.62842
402.96286
402.99358
403.77826
403.86604
403.87174
403.91554
403.95214
404.66116
404.73814
404.82940
404.87782
405.05830
405.20530
405.53896
405.62806
405.91552
406.59118
407.07700
407.90410
407.93440
407.94088
408.13174
408.19450
408.25534
408.26644
408.33454
408.44362
408.56170
408.59770
408.81766
408.88432
409.29838
409.30720
409.34452
409.44484
409.49122
409.50748
409.52494
409.52758
409.59334
409.81402
409.98772
410.03368
410.03698
410.21710
410.52862
410.86372
411.09418
411.36958
411.45784
411.48034
411.63214
411.84670
412.06066
412.90726
413.33554
413.45830
413.46598
413.47966
413.81866
414.28882
414.32524
415.35838
415.49236
415.81528
416.15896
418.32076
419.18110
419.33428
419.49754
420.58756
420.76528
420.81706
420.93976
421.04440
421.22704
421.31236
421.47664
421.99180
422.01064
422.11282
422.42362
422.53246
422.64310
422.69542
422.84896
423.25528
423.89332
424.15636
424.61302
425.13658
426.01954
426.68134
426.74530
427.09510
427.77784
428.01388
428.39734
428.46124
428.48818
428.52436
428.81854
429.26362
429.76516
431.18470
431.33032
431.34964
431.44780
431.70214
432.06436
432.08554
432.85984
432.88948
433.09942
433.89250
434.06980
434.20894
434.61526
435.54496
435.97918
436.40566
436.59454
437.09734
438.37492
439.29388
439.46788
439.75408
439.87696
440.13814
440.77666
440.92048
441.07162
441.50872
441.82750
442.10062
442.25350
442.55014
442.57084
442.72762
442.79278
442.97320
442.97662
443.44228
443.47900
443.62264
443.62930
443.79964
443.88034
444.11944
444.22252
444.56650
444.58300
444.99490
445.00558
445.07218
445.16320
445.25548
445.37212
445.62976
445.99810
446.17876
446.55820
446.83282
447.19456
447.20482
447.44260
447.55942
448.24564
448.29070
448.29784
448.57138
449.39218
449.49226
450.23386
450.81286
450.87034
451.33072
451.34338
452.00002
452.38942
453.20014
453.38476
453.73354
453.83632
453.97984
453.99346
454.15702
454.21906
454.33270
454.39342
454.49236
455.18242
455.30188
455.70874
455.94868
455.96878
456.23224
457.57084
457.73488
457.93894
458.25088
458.65066
459.20350
459.62362
460.38340
460.44394
460.73608
460.82716
460.83328
460.84954
461.90986
462.73690
462.74008
462.84280
462.86554
462.89590
463.01452
463.49242
463.58236
463.62580
464.38168
464.38456
465.44494
465.75700
466.07884
466.33366
466.36000
466.95796
467.49724
467.91400
468.28042
468.91234
470.10256
470.63728
471.11272
471.27190
471.42952
471.53530
471.70120
471.87562
471.94852
472.61638
472.87144
473.02900
473.47414
473.83432
474.49768
474.59482
474.62056
474.68110
474.87214
474.92050
474.97552
475.37464
475.47190
475.62172
475.74544
476.41852
476.91076
477.67738
477.75922
478.47250
478.47448
478.77688
479.09344
479.26444
479.39008
479.56270
479.69764
479.86756
480.19312
480.45988
480.72280
480.73618
481.15666
481.18528
482.44528
482.47846
483.18880
483.19504
483.65380
483.72538
484.28290
484.28464
484.73884
484.78828
484.91110
485.09794
485.46574
486.29374
486.38134
486.54124
486.61732
486.66550
486.90142
487.02760
487.37434
487.65292
487.68484
487.69828
487.89100
488.11102
488.18356
488.89666
489.56344
489.94156
490.71604
492.10210
492.15928
492.54250
492.73204
493.31674
494.44978
494.84992
495.18202
495.33910
495.60604
495.61948
495.63646
495.72532
495.73918
496.44226
496.46920
496.48648
496.60588
497.00854
497.03896
497.18284
497.30566
497.39152
497.51008
497.67220
497.75548
497.93296
498.01894
498.14176
498.95422
499.02502
499.47076
499.74796
499.89184
499.92202
500.53534
500.87464
501.05806
501.13174
501.74146
501.75514
501.76894
501.81568
501.82474
502.44832
502.95214
503.45884
503.67178
504.43828
504.51142
504.55870
504.77776
504.98944
505.40926
506.06830
506.10472
507.15760
507.61480
507.76498
507.83440
507.90880
508.45420
508.56364
508.69024
508.96474
509.12116
509.24518
509.36446
509.54476
509.66446
509.70100
510.43618
510.64780
510.68758
510.77068
510.85684
510.91516
510.92500
510.95116
511.32838
512.33056
513.18088
514.13380
514.39138
514.48324
514.54738
514.73968
515.23090
516.65512
516.74092
516.83962
517.10614
517.52290
518.11408
518.21662
518.44432
519.35338
519.58942
519.76372
519.83938
519.87442
519.96688
519.96994
520.12786
520.68952
520.82626
521.05342
521.42632
521.43346
521.43634
521.45326
521.46994
521.95612
523.19488
523.65298
523.65592
523.66630
524.02576
524.12548
524.49826
524.73892
524.89984
525.09556
525.26944
525.30754
525.32128
525.37606
525.93628
526.59268
527.34358
528.41920
528.62188
529.07332
529.22176
529.28242
529.29916
529.44604
529.51888
530.47624
530.51758
530.52340
530.89702
530.93518
530.96872
531.23536
531.59284
531.85948
532.01464
532.10194
532.12510
532.23160
532.32010
532.38928
532.51834
532.82776
532.87114
532.98796
533.17558
535.00876
535.41742
535.63324
536.11066
536.14762
536.37676
537.92884
537.98098
538.36714
538.70056
539.18218
539.29990
539.72710
539.72980
540.12280
540.16864
540.25414
540.37390
541.64818
541.78588
542.46886
542.71564
542.83894
543.28672
543.29962
543.38512
543.75352
544.17910
544.21552
544.45132
544.58836
544.63882
544.66576
544.94584
544.95610
545.40904
545.54842
545.67856
545.69224
545.72290
545.79526
545.87272
546.30898
546.93586
547.04182
547.67794
548.01742
549.23386
549.30670
550.11262
550.20472
551.09686
552.52060
552.64000
552.76294
553.79578
553.99480
554.09272
554.12266
554.18248
554.39854
554.66542
554.68258
554.78512
555.06214
555.07588
555.18154
555.20176
555.29068
555.35926
556.51438
557.28868
557.77792
558.37834
559.03408
559.29112
559.33036
559.91080
560.62702
561.12376
562.09624
562.27054
562.35982
562.66756
564.43924
564.45262
564.51400
564.57280
564.57598
565.05604
565.09906
565.25914
565.58632
565.59268
565.71310
565.93252
566.25334
566.34244
566.60902
566.70880
566.72854
568.19200
569.16754
569.69800
570.24172
570.65380
570.82138
571.05166
571.98334
572.19802
572.32438
572.37880
572.41660
572.42722
573.10162
573.22444
573.67414
574.59382
575.13502
575.21038
575.32552
575.60698
575.67184
576.17392
576.44068
576.55396
578.16022
578.46004
578.81500
579.92998
580.61344
580.82386
581.11042
581.97364
582.12070
582.50374
583.57360
583.58794
584.18416
584.20708
584.95660
585.35332
586.43404
586.57360
586.87798
586.96726
587.55934
587.56438
587.68096
587.79286
587.86264
588.13234
588.23872
588.33022
588.33400
588.62506
588.81688
588.89158
589.97986
590.12638
590.33386
590.43274
590.72626
590.79892
590.85298
591.00418
591.40666
591.77614
591.89944
592.49434
592.63372
593.42614
593.43664
593.59120
593.60302
594.43996
595.43524
595.65010
596.02918
596.32282
596.75626
596.89714
596.93608
597.90118
598.00906
599.14228
599.69986
600.56044
600.95284
601.23784
603.07258
603.91912
603.92986
604.15540
604.67500
605.07502
605.26594
605.59660
605.61898
605.81782
605.90950
606.01558
606.15838
606.72466
607.09888
607.36288
607.44484
607.56532
607.75660
607.82188
607.84888
607.94884
607.95184
607.95514
608.20504
608.36890
608.57824
608.69428
608.75212
608.97190
609.08818
609.25492
609.26398
609.58480
610.58452
610.78174
612.70066
613.37080
613.46752
614.02768
614.15128
614.38390
615.01696
615.42970
615.70660
615.81556
616.62010
617.15020
617.18068
617.44342
617.52634
617.79928
617.81002
617.87170
618.20056
618.24700
618.27640
618.73324
619.25758
619.55014
619.71358
619.86952
620.09968
620.16964
620.18014
620.29288
620.31634
620.55274
620.55586
620.96938
622.49494
623.01604
623.12260
623.57188
625.23550
625.88176
626.29150
626.96830
627.61204
628.05556
628.06036
628.31974
628.39162
628.64128
628.90780
629.01520
629.03254
629.10112
629.28748
629.45380
629.51170
630.43402
630.49486
630.84622
630.91438
631.29754
632.07646
632.16742
633.50278
633.73366
634.27282
634.36018
634.42990
634.88038
635.12662
635.24626
635.54644
635.81584
636.19414
636.19912
636.94000
637.30948
637.73056
637.76818
638.73478
639.48160
640.01926
640.26166
640.74448
641.28100
641.41432
641.67352
642.76390
642.84994
643.61026
644.91754
646.27234
646.40968
646.62928
647.01280
647.47912
647.85904
648.89218
649.61200
649.73146
650.39164
650.39314
650.60608
650.68906
650.79496
651.08488
651.14824
651.22216
651.46150
651.47854
651.64258
651.66238
651.66706
652.11136
652.17922
654.05770
654.82144
655.05760
655.06096
655.11376
655.52740
655.64404
655.79080
656.56006
657.76684
657.98104
658.02082
658.70680
658.86268
659.17906
659.47930
659.55364
660.34000
660.97630
661.10308
661.10950
661.12366
661.32598
661.47586
661.48624
661.50928
661.53526
661.85914
662.00926
662.23528
662.31352
662.89510
662.93614
662.94238
662.95282
663.09652
663.20890
664.05556
664.14052
664.61770
664.87798
664.97764
666.11074
666.72724
666.75796
667.15432
667.55140
667.97404
668.08468
668.39986
668.43730
668.52850
668.63572
668.94358
668.95402
669.00082
669.19318
669.26734
669.72346
669.81004
670.10698
670.84474
671.02330
671.03992
671.28340
671.33374
671.67904
671.70304
671.72314
671.80360
671.89984
672.73216
673.25632
673.28956
673.32718
673.37530
673.78348
673.91650
673.93306
674.29666
674.43898
675.88870
676.36936
676.42072
676.47304
676.54312
676.56832
677.88838
677.97424
678.03214
678.30802
680.14558
680.40094
680.59558
680.68138
680.80732
682.49776
682.54588
682.61452
682.63126
682.65160
683.08060
683.13628
683.18380
683.21440
683.50090
683.74066
683.75380
683.81536
683.87698
683.97532
683.98606
684.29272
684.30022
684.36424
684.42934
684.48412
684.71284
685.25608
686.35324
687.30274
688.21564
688.35358
688.48726
689.19898
689.71276
690.70624
690.93220
691.31236
691.72600
691.81828
691.90420
692.39098
692.86162
692.94790
693.36760
693.57052
693.65686
693.76342
693.85240
694.25122
694.27504
694.36414
694.47772
694.77484
694.82008
694.95754
695.07754
695.08048
695.18734
695.28676
695.50672
695.62438
695.69290
695.81338
695.81638
695.84704
696.21058
696.29992
696.41938
696.59386
696.68308
696.93310
696.97414
697.03588
697.15144
697.46662
698.34940
698.48254
699.32632
699.69880
699.70192
699.83890
700.14286
700.73530
700.89904
702.07840
702.31180
702.54046
702.59542
702.71500
702.76450
703.85320
703.86742
703.92796
703.95544
704.17516
704.86612
704.92066
704.93086
705.16648
705.25462
705.41410
705.47182
705.61426
706.23862
706.39492
706.43500
706.50664
706.65484
706.68682
706.81246
707.12434
707.18806
707.24368
707.24692
707.48788
707.73952
708.11362
708.24202
708.55462
709.74640
709.81750
710.12368
710.42362
710.54620
711.05380
711.17650
711.68530
712.01914
712.44580
713.18668
713.41678
713.47180
713.62894
713.99560
714.21208
715.14220
715.86808
716.64520
716.64784
716.69488
716.72560
716.86960
717.09508
717.13120
717.17260
717.20578
717.39028
717.46168
717.55558
717.59506
717.78136
717.87190
717.88882
717.94378
718.01524
718.09462
718.12180
718.43590
718.44178
718.92508
719.04478
719.31760
719.35240
719.53714
719.58850
719.69452
719.93068
719.99464
720.09766
720.12178
720.28216
720.76066
721.02022
721.06102
721.46722
721.48402
721.58392
721.76062
722.43790
722.95018
723.12814
723.18034
723.80338
724.28626
724.30030
724.45708
725.17336
725.49358
725.52094
726.09694
726.35374
726.45988
726.59326
726.87364
726.99334
727.08550
727.15708
727.29760
727.33102
727.52926
727.59766
727.64596
728.20960
728.28394
728.45842
728.52328
728.53684
728.71276
728.72908
729.12136
729.18244
729.52768
729.64726
729.68542
729.74248
730.15036
730.90306
731.81068
732.10144
732.27556
732.28906
732.46960
732.58918
732.60022
732.99226
733.25896
733.71940
734.07670
734.32246
735.45856
735.57526
735.96142
736.03756
737.41918
737.57266
737.61298
737.79184
738.39730
738.43162
738.60226
738.61600
738.85090
738.90232
738.92308
739.04944
739.05244
739.25470
739.38838
739.44034
739.67530
739.77532
739.89172
740.01130
740.03560
740.06278
740.27512
740.39182
740.65528
740.76784
741.51910
741.62500
742.19170
742.54174
742.65466
742.80844
742.83880
743.05996
743.25508
743.39194
744.06118
744.62794
744.77908
746.40550
746.77186
747.32080
747.46138
747.57532
747.58708
747.69202
748.06186
748.35262
748.39198
748.41520
748.50400
748.74496
748.81660
748.88620
749.25610
749.29084
749.44498
749.45860
749.53900
749.57536
749.60896
749.96170
750.08458
750.11512
750.14242
750.15280
750.51592
750.52570
750.85960
751.27858
751.55812
751.80310
752.21932
752.49262
752.86558
752.87170
753.03616
754.15294
754.74268
755.20630
755.37262
755.43940
755.95174
756.52882
756.66226
756.67270
756.87370
756.96226
757.05184
757.33960
757.82614
757.97650
758.06872
758.26696
758.39278
759.06616
759.27604
759.46282
759.72784
759.73084
759.79672
759.81334
759.87526
760.03300
760.11118
760.40962
760.41988
760.65988
760.69072
760.71766
761.31412
761.52958
762.09316
762.56458
762.69784
762.96076
763.01302
763.23064
763.41310
763.64380
763.75018
764.28460
764.41312
765.19678
765.44248
765.84658
765.88360
765.90412
765.93166
766.06084
766.75198
767.31670
767.50750
767.61352
767.93764
768.09442
768.41056
768.47740
768.59422
768.86356
768.96850
769.07764
769.27150
769.57138
769.69456
769.76380
770.08072
770.25196
770.44714
770.64124
770.74108
771.00790
771.04486
771.39742
771.40810
771.85324
771.90874
771.92794
772.10536
772.30426
772.31410
772.47820
772.59778
772.60822
772.66606
772.80388
772.96162
772.97818
773.36170
773.47162
773.51206
773.67712
773.85844
773.93722
774.46456
775.26478
775.67110
776.15590
776.35480
776.47426
777.47872
777.59848
778.06642
778.36798
778.86670
779.18506
779.41690
779.51602
780.31528
780.65260
780.93208
781.29598
781.29880
781.39750
781.83952
781.84288
781.85632
781.92160
782.01298
782.10826
782.18206
783.07318
783.29638
783.39778
783.52666
784.50388
784.54018
784.85854
785.19280
785.78398
786.55966
786.66280
787.17190
787.22338
787.34626
787.41886
787.63732
787.87330
788.08492
788.14966
788.24932
788.35498
788.56330
788.85400
788.95636
789.01588
789.02188
789.05272
789.07960
789.17230
789.30550
789.37042
789.52456
789.58594
789.73612
789.77338
789.90376
789.94450
790.17340
790.20766
790.27624
790.31722
790.36156
791.01406
791.25658
791.30542
791.32600
791.45956
791.46262
791.47600
792.04318
792.15958
792.47476
792.70048
792.72916
792.98962
793.01026
793.22212
793.28710
793.49938
793.92994
793.95370
794.04598
794.06704
794.45320
794.51140
794.89720
795.05938
795.08854
795.09598
795.11572
795.36238
795.40318
795.71254
795.79864
796.09594
796.23214
796.91296
797.02150
798.16258
798.86590
799.14616
799.61542
799.90660
800.08702
800.17612
800.59264
800.75662
800.76694
800.77594
801.11908
801.12958
801.40264
801.81304
802.08262
802.94026
803.37634
803.75554
804.02194
804.04300
804.60994
804.61282
805.03606
805.06288
805.23718
805.41556
805.51894
805.57936
805.68826
805.74610
805.81432
805.82464
805.92370
805.93708
805.95160
806.02600
806.13226
806.31268
806.53810
806.62324
806.72290
806.82478
807.04612
807.31252
807.97930
808.08190
808.32208
808.35964
808.89274
808.90636
808.91998
808.92292
809.26558
809.55634
809.76862
811.59460
811.61524
811.80610
811.91230
811.91524
811.92178
812.04856
813.38938
813.48556
813.49564
813.50620
813.57148
813.61222
813.62896
813.74572
814.03948
814.23562
814.66216
814.99540
815.10892
815.35600
815.36236
815.45860
815.81596
816.22888
816.44806
816.50884
816.72868
816.74530
816.82708
817.14256
817.33822
817.44832
817.46842
817.66654
817.71244
817.97266
817.99696
818.13826
818.27542
818.54962
818.91340
818.99896
819.19570
819.25354
819.34534
819.77104
819.80164
820.36216
820.52254
820.52572
820.65910
820.66216
820.68616
821.04214
821.19532
821.20594
821.48620
821.69206
821.74708
821.88142
821.90158
822.27868
822.41572
822.49840
822.80710
822.86200
823.47268
823.80556
823.90588
823.98772
824.06278
824.23462
824.36500
824.60872
825.60424
826.06168
826.64668
826.72528
827.02228
827.40862
827.44810
827.98912
828.09190
828.15694
828.36214
828.46876
828.49168
828.62260
828.67378
828.69784
828.81328
829.04488
829.06972
829.07824
829.75588
829.76194
829.98502
830.00878
830.06200
830.31946
830.68138
830.83918
830.93794
831.19792
831.31792
831.33136
831.55702
831.72874
832.00300
832.98148
833.27836
833.44516
833.57860
833.86174
833.98804
833.99506
834.17512
835.14532
835.14874
835.37092
836.27506
836.36458
836.62396
836.65174
836.76442
837.67858
838.00534
838.59196
838.74520
839.02498
839.18854
839.24026
839.36914
839.65546
839.79190
839.97550
840.35116
841.10518
841.25914
841.76152
842.21146
842.35102
842.63110
842.82484
842.82784
843.20836
843.33760
843.35128
843.80386
844.58854
844.82446
844.94740
845.70148
846.17782
846.41092
847.19704
847.92622
848.03800
848.17732
848.20456
848.32396
849.06820
849.13276
849.19990
849.30160
849.41968
849.69040
849.70330
849.71026
849.84736
849.87088
849.97666
849.98740
849.99364
850.31476
850.38310
850.38628
850.45108
850.56028
850.59100
850.87432
850.96654
851.07232
851.16394
851.27668
851.34130
851.36008
851.38906
851.58382
851.59336
851.75746
851.84344
851.84992
851.87722
852.18424
852.39202
853.25656
853.34572
853.83388
854.15950
854.20954
855.47488
856.05898
856.14700
856.33540
856.46104
857.54512
857.93290
858.06964
858.09694
858.10006
858.45778
858.52546
858.54970
859.37266
859.47574
859.65610
860.02114
860.07544
860.44210
860.84182
860.91808
860.94514
861.58912
861.92446
862.04176
862.18888
862.33570
862.43272
862.85536
863.24062
864.05842
864.24136
864.24844
864.44428
864.50218
864.77650
865.14010
865.59148
866.32978
866.61850
866.72908
866.74780
866.90464
866.96548
867.06082
867.10822
867.59104
867.87892
868.05172
868.19104
868.35016
868.45144
868.83490
868.90660
869.13490
870.04096
870.08494
870.34096
870.42724
870.54370
870.68776
870.92716
870.95788
871.38490
871.46704
871.75438
871.75804
871.76788
871.80304
871.83316
872.01412
872.12716
872.16418
872.20492
872.21404
872.45014
872.54842
872.64376
872.71042
873.13972
873.16666
873.50014
873.63856
873.71764
873.95422
874.16950
874.21792
874.47478
874.60714
875.57074
875.83756
876.23440
876.36760
877.28404
877.66432
878.02648
878.92684
879.15958
880.29448
880.65658
880.90678
881.12770
881.64628
881.66968
882.07606
882.23236
882.33838
882.41704
882.87034
883.33402
883.37452
883.39894
883.53676
883.60048
883.80004
883.84888
883.92286
884.12326
884.34256
884.71306
884.85004
884.98618
885.09574
885.24610
885.36964
885.51904
885.65296
885.85504
886.63348
887.07304
887.17576
887.22298
887.51644
888.57598
888.71686
888.80902
888.92452
888.99262
889.45492
889.51306
890.90506
891.08644
891.13750
891.23632
891.34264
891.39724
891.49990
891.78316
892.08064
892.09738
892.44880
892.88248
893.05642
893.18986
893.65498
893.71984
893.72302
893.73316
894.22564
894.94336
894.96394
895.24426
895.61680
895.73980
895.86988
895.99312
896.26678
896.48068
896.53270
896.64010
896.71846
896.98666
897.15010
897.16690
897.18700
897.69916
897.95050
898.29640
898.57366
898.88506
899.32042
899.32372
899.61136
899.67988
899.69008
899.98402
900.23014
900.48718
900.90988
901.09360
901.10992
901.13392
901.33894
901.37254
901.64608
902.12356
902.14792
902.15116
902.23048
902.25112
902.46010
902.62666
902.63752
903.45742
903.64822
903.73768
903.92104
904.02058
904.21180
904.31026
904.43326
904.60750
905.27860
905.37694
905.67124
905.67430
905.90770
905.99368