1.87846
2.69596
3.73186
3.75796
3.76156
3.78544
3.82168
7.33876
7.35448
7.36606
7.41226
9.48700
12.07192
14.13442
14.14072
14.43256
16.48570
19.62700
20.73922
22.32778
22.37572
25.55374
25.56514
25.58896
25.60732
25.62586
27.69202
27.72382
27.84196
29.18422
31.68286
32.55394
32.55880
32.58694
32.58868
32.63212
32.82916
35.25520
35.27020
35.27374
35.31448
35.31640
37.80442
38.95402
38.95996
38.97718
41.73976
41.74186
41.85574
43.76284
43.76602
43.78114
45.85042
45.85708
45.88192
45.91894
45.93664
47.38282
48.70660
48.72934
48.73414
48.74038
48.74884
48.76486
48.79210
50.24038
50.30266
51.58672
54.57982
54.59536
54.63130
54.67762
55.65496
56.43382
56.43562
57.97192
57.99946
58.01944
60.07822
60.09184
60.09802
60.10366
63.74860
63.76846
65.06398
70.44610
70.48882
70.49806
70.50382
72.24712
72.25990
72.26662
72.56152
75.38374
76.88782
76.90096
76.91374
79.10734
79.11286
79.13926
81.28396
81.36184
84.59476
84.60994
88.24120
88.24852
88.26076
88.26790
88.27744
90.12886
90.17494
91.78774
91.83544
93.33340
93.36058
93.39352
93.81196
96.84736
96.89350
98.42902
99.58396
99.60568
99.61564
101.20354
102.07774
102.08986
104.92570
105.00628
105.56008
108.17710
110.57248
110.58544
110.58790
110.64466
110.67100
113.09716
113.13292
114.70360
114.74584
115.12366
116.83726
116.85364
119.96230
119.98036
122.15950
126.20038
126.22486
126.42052
127.42720
130.95664
130.96912
131.01964
131.06008
131.08414
135.24382
135.26290
135.27400
135.27634
136.91056
136.95238
136.97374
137.30668
138.97444
138.99628
140.36584
140.41882
142.52938
142.55086
145.82272
145.85266
145.86232
150.28630
150.29248
150.39874
150.56158
152.12644
153.33682
154.83760
156.37330
157.60294
157.61650
159.17608
159.23584
159.25246
161.11042
161.13058
163.63990
163.72606
163.72840
163.75438
165.38338
165.79420
166.52206
167.12878
168.26026
169.00120
170.01154
170.03446
171.44212
173.81998
176.96830
176.99476
178.75828
181.23724
184.80124
184.83058
184.84558
184.88692
187.65688
187.66144
189.03058
189.39070
190.26412
192.53242
194.98480
195.00604
195.01258
195.02302
196.76434
198.26968
200.82286
200.86906
200.90158
204.77710
204.79300
204.80842
204.84262
204.84766
206.61682
206.62252
206.63062
206.63740
206.64106
207.74020
207.77350
208.93150
210.49354
210.51580
210.52690
210.57622
212.08774
212.18752
212.24740
212.34772
212.36842
213.07966
213.08890
213.11392
215.70010
215.70838
217.86562
218.86672
220.40908
220.43596
220.46620
222.54922
222.58534
222.60604
222.61882
223.64650
224.22952
226.03498
226.12084
226.20094
228.69466
228.73138
231.89596
232.02184
232.03126
232.06150
236.30662
238.09828
240.09184
240.09844
240.12634
241.41298
241.42786
241.44526
243.05932
243.06718
244.18774
244.19458
244.20946
244.22650
246.71998
246.72556
246.73846
248.61238
248.61904
248.62708
248.63344
248.63578
248.63806
248.64820
248.66062
250.08514
251.73820
251.74468
251.77576
255.84364
255.86626
255.87568
255.93406
256.00426
256.00666
256.04614
258.59926
258.60184
258.97054
262.14382
262.20106
262.25926
262.28278
262.33204
264.79180
264.82210
266.72398
266.74810
266.75230
266.76616
266.77138
266.79088
267.01360
268.33342
268.34116
270.89902
270.93616
270.93790
270.97330
273.23536
273.24982
276.26158
276.27316
276.32494
278.05846
278.06200
278.09836
278.10772
279.08602
280.10578
280.11232
280.23640
281.95636
284.38426
284.39404
286.62658
286.69540
290.10784
290.11234
292.01434
294.24508
294.25438
294.27568
294.28612
297.12520
299.10646
301.02244
301.07152
301.72672
301.73002
302.67664
302.83720
305.66974
305.81680
308.66044
308.67814
308.68360
308.69584
308.70418
311.01238
311.01892
311.05438
311.07982
313.51408
313.53040
313.61722
315.53776
315.63022
316.61650
318.74812
318.84070
323.64766
323.64964
324.84472
324.84898
324.86668
325.80400
325.80856
327.23386
331.89808
331.90408
331.97758
331.99216
334.90378
334.94248
334.95736
338.12548
341.01352
344.17840
345.66142
345.76390
346.39798
348.17638
348.18334
348.20842
351.30082
351.31642
351.36634
353.18314
353.20120
354.29524
354.33094
356.99224
357.03538
359.00260
360.86968
360.91942
362.39908
362.40106
362.40496
362.41528
362.43226
363.84742
363.87298
365.38270
365.39518
365.41948
366.67624
366.77860
367.14658
367.51054
367.53022
370.28194
372.30358
372.30736
372.38212
375.39640
375.41374
375.42772
377.47690
377.61142
377.61886
377.62702
377.64298
378.46720
380.21374
380.22508
380.24614
381.97504
384.06292
384.06622
384.07654
384.07966
384.08158
384.11236
386.62798
386.63428
386.63938
386.71240
388.96012
388.97104
390.96064
390.97174
390.99388
391.00930
393.18820
396.02632
396.07906
399.75862
399.82762
401.88388
403.54132
403.56346
403.66492
405.20014
405.20608
405.24808
405.25138
407.10196
407.10508
407.12032
407.14168
407.15560
409.38454
409.45252
412.45540
414.28498
416.39602
416.42770
416.43988
418.29544
418.33666
419.78164
421.71550
423.06322
423.12178
424.25914
427.79164
427.80466
427.91344
429.71962
429.75436
431.34592
433.71184
433.71592
433.77034
433.78000
434.19064
434.85886
436.19782
437.09716
437.10988
437.11372
439.40692
439.41040
439.42522
439.43074
439.43668
439.45072
439.46026
442.26484
442.29160
442.34704
442.35172
444.75430
444.76822
444.79288
444.79588
445.57096
445.69696
446.95264
448.38250
450.49162
450.51694
450.51862
450.52840
452.79064
452.81572
452.91172
454.76512
454.78948
454.81030
456.07654
456.11056
458.40166
460.88548
460.89484
460.90732
460.91038
460.92304
464.87698
464.88736
464.94904
466.89742
468.10924
469.64956
469.76044
469.78600
469.79590
472.08490
473.93638
473.95222
476.52586
476.53942
476.55034
476.59318
479.15968
479.16676
479.18290
479.18902
479.20678
482.62774
484.10176
484.11178
487.56604
487.58632
487.63492
487.65580
487.70986
487.74958
487.79518
490.28044
491.53876
493.06048
493.09618
493.11784
494.60146
496.87474
496.90972
496.96690
499.74382
499.78774
499.86940
499.90648
501.51268
501.52504
501.57280
501.58498
505.98580
506.00920
506.03140
506.04562
506.06428
506.21746
506.23426
507.89326
507.89896
507.92944
508.68718
509.31436
509.33068
512.05210
512.64814
513.97600
514.00024
514.02028
514.57300
515.35300
515.36272
515.36662
515.71564
516.74350
516.76714
517.88446
517.88740
517.90102
519.86314
519.86998
523.65250
523.67692
524.80204
524.83150
524.85970
526.41766
526.45624
526.45978
526.51450
526.65700
526.68256
527.95078
527.95426
527.97754
528.01186
530.84632
530.85118
533.52616
533.99866
535.21354
535.36966
535.38304
537.78202
539.35960
539.39512
541.47604
542.14228
542.15050
542.15314
542.19904
542.24314
542.27482
542.30656
544.00108
546.56134
546.57946
548.90722
551.73316
551.74216
555.50680
555.51340
555.51916
557.09176
557.30632
557.40784
557.48986
560.31142
560.31502
560.36524
562.27390
564.81160
564.87490
564.88870
564.90574
567.39424
567.40876
567.42640
567.44530
567.72448
569.51512
569.53258
570.73960
572.13286
572.17684
574.20424
574.31518
574.35754
576.60190
576.60826
576.64804
578.10376
578.18860
579.21910
581.59804
581.61484
581.67070
581.72902
585.10204
585.14296
588.90952
588.91162
589.86454
589.88722
592.23364
596.17660
598.57216
598.58950
599.65024
603.20356
603.22042
605.35258
607.78390
607.83244
607.94038
609.85018
609.85816
612.32068
614.29852
614.34958
617.11234
617.31160
619.45222
620.35624
620.43922
620.45428
620.47288
620.48974
621.85936
622.18882
624.36082
624.42670
624.43240
624.43618
627.05182
627.07948
627.12694
627.14446
627.14962
629.13922
629.14312
629.17156
630.74284
632.12998
633.42442
633.43126
634.32754
636.99556
637.06462
637.23388
638.99134
639.00424
639.01456
641.93734
641.96398
641.97328
643.29028
644.11318
644.12518
644.47252
644.48314
644.49280
646.02202
647.02864
648.78148
648.80776
648.81280
648.81934
648.86350
650.95318
651.02788
654.35722
654.38368
654.40258
656.17984
656.19304
660.23218
660.23458
660.25066
660.27724
661.97116
664.17016
667.68034
670.28560
670.29916
675.14788
675.17812
675.22288
675.41626
675.43840
677.31928
679.19500
679.23358
680.29342
682.65172
682.66222
682.70968
682.71244
682.72540
682.74442
684.81424
684.88756
687.60196
687.61270
688.44508
688.46374
690.15886
690.19714
691.27030
692.88268
692.89498
694.10410
694.13236
694.14370
695.72848
696.67420
698.63896
700.53076
700.56136
700.59826
703.19368
703.76518
703.76704
703.77622
703.80640
703.83676
703.86202
703.89184
706.81402
706.82026
706.91320
711.28798
711.35830
711.41812
716.87230
716.97184
718.73182
718.73758
718.78360
720.71680
720.84652
720.93010
722.73634
722.84884
725.16460
726.74992
726.75766
726.78370
728.54104
728.54890
728.55652
728.56456
730.61494
730.63276
730.66786
730.70416
730.72462
732.11518
732.26668
733.21654
734.91940
738.41200
738.43396
738.57088
740.26306
740.29024
740.29216
743.42020
743.45284
743.46208
743.46976
744.66094
744.68020
744.68608
744.71038
746.30770
746.34658
748.26334
750.29176
752.04514
752.05738
753.54802
753.56392
753.59032
753.62848
755.12914
757.40230
757.45558
757.47586
757.51348
757.61494
758.90932
758.91292
761.94040
761.97814
762.11020
764.02282
766.22974
768.41026
768.42604
768.44386
768.47350
770.54278
772.51780
772.55590
772.57078
776.00344
776.00512
776.03980
776.34064
776.34514
777.61978
777.95812
779.37610
781.57036
781.58086
781.60576
781.66042
781.82266
784.27258
784.29034
784.29784
784.46002
786.40246
787.71352
789.65446
789.67120
789.68002
791.67718
791.71408
791.78476
793.38844
793.43644
793.45258
796.16680
796.17964
796.39180
798.76768
798.79756
799.62184
802.46968
802.52686
804.87358
804.87958
804.89794
804.91294
804.96658
807.06826
807.08800
810.84958
810.85972
810.86152
812.94070
812.94526
812.97196
812.97670
815.09134
816.42190
816.47764
819.11098
819.23374
819.60904
820.68946
820.75468
820.81828
822.30832
822.36352
825.04378
825.05884
825.08308
828.94108
828.95752
828.96472
829.03432
829.04116
829.08718
830.92696
830.95762
833.46010
836.01178
836.03020
836.05102
836.10562
838.52026
838.52968
838.53778
838.54792
840.62806
840.63712
840.69778
842.11078
842.22484
842.85106
843.34510
843.36796
843.37768
843.38614
843.38854
844.97080
848.44630
848.51686
848.67538
851.33548
851.37820
851.39566
851.43550
852.65434
852.66514
852.68308
853.88134
853.88728
856.97836
859.15402
859.16794
859.18282
859.55854
861.15814
861.16732
861.18478
861.21568
863.34490
863.36560
863.37652
863.50396
863.74882
865.11526
868.55728
868.61074
868.64056
870.31450
873.97456
875.95858
875.97892
875.98570
876.02536
876.04390
876.06988
876.16912
878.27068
880.66294
880.67044