0.00090
0.17166
0.27852
0.34926
0.37524
0.38028
0.54732
0.71790
0.77070
0.84720
0.86394
0.87468
0.93816
0.94422
1.07250
1.09326
1.47480
1.65084
1.79106
1.98420
2.08002
2.17068
2.25090
2.29398
2.52498
2.61084
2.69100
2.92740
3.24942
3.26010
3.38676
3.45768
3.50070
3.63498
3.70062
3.73704
3.86514
3.88752
3.91488
4.04292
4.04808
4.05318
4.48206
4.58370
4.83630
4.86336
5.17068
5.32974
5.45790
5.46828
5.49066
5.72136
5.73666
5.81412
6.02088
6.24024
6.34248
6.47688
6.53010
6.58986
6.60000
6.64218
6.70752
6.76590
6.84732
6.95928
6.96948
6.98328
7.06632
7.26960
7.60758
7.68318
7.70982
8.31012
8.44974
8.53572
8.65680
8.92650
8.94240
9.03942
9.08094
9.09294
9.13542
9.28572
9.29646
9.47916
9.54972
9.77202
9.77886
9.89706
10.06866
10.11612
10.28292
10.29936
10.39026
10.39590
10.45968
10.64208
10.70682
10.79262
11.10288
11.13540
11.18976
11.21910
11.28306
11.36580
11.66814
12.18588
12.23484
12.31572
12.39552
12.57732
12.79266
12.82938
13.05276
13.08228
13.32294
13.37580
13.45194
13.70898
13.74894
13.94442
14.00910
14.28510
14.31978
14.43756
14.46768
14.49732
14.54496
14.69490
14.72844
14.75448
14.77548
14.82954
15.06546
15.30120
15.32820
15.56184
15.57480
15.61188
15.62832
15.64434
15.66846
15.93630
15.94356
15.99816
16.24488
16.44858
16.59894
16.68456
16.94232
17.76768
17.91774
18.00168
18.36264
18.37794
18.40590
18.51810
18.70518
18.97392
19.02504
19.45398
19.63824
19.71864
19.77894
19.92798
20.13774
20.30820
20.37780
20.44818
20.55492
20.58144
20.71476
20.73684
20.83404
20.83890
20.95698
21.02148
21.07974
21.11322
21.12864
21.24414
21.31092
21.51468
21.59718
21.74790
21.78852
21.87888
21.89520
22.13388
22.17450
22.18134
22.28658
22.70538
22.80678
22.88808
22.99416
23.28366
23.52750
23.62194
24.05082
24.76464
24.79374
24.85464
24.85992
24.99384
25.10706
25.12782
25.24092
25.25172
25.41768
25.48794
25.55034
25.63776
25.70124
25.71228
25.93776
25.98798
26.01252
26.11422
26.68062
26.90322
26.91888
26.96718
27.00462
27.19086
27.31536
27.83628
27.97116
28.18992
28.31832
28.33992
28.36410
28.38762
28.59738
28.60752
28.63986
28.68798
29.26206
29.28798
29.34768
29.35782
29.55126
29.57820
29.79756
29.80260
29.85738
29.87820
30.12228
30.22704
30.37110
30.55932
30.60432
30.79536
30.90768
31.10616
31.17054
31.18776
31.19754
31.29342
31.31010
31.42800
31.59960
31.71654
31.72836
31.90416
31.92132
32.31678
32.35248
32.39304
32.62872
32.67666
32.85432
32.89710
33.29334
33.49704
33.60396
33.64716
33.89442
33.92670
34.00164
34.04940
34.17306
34.19994
34.22640
34.70388
34.77348
34.83996
34.85370
34.88076
34.92270
35.07342
35.11644
35.24514
35.30400
35.37414
35.58822
35.85030
36.19938
36.29616
36.49956
36.62232
36.63348
36.75012
36.78420
36.79968
37.13238
37.34934
37.48032
37.56132
37.83546
37.84008
37.86126
37.96326
38.24256
38.46684
38.58216
38.78922
39.13656
39.36300
39.39954
39.45918
39.46446
39.54978
39.66300
39.88884
39.89958
39.92322
40.00584
40.08594
40.09080
40.11318
40.17756
40.18872
40.29486
40.61712
40.62276
40.93854
41.03496
41.38326
41.58618
41.70012
41.72166
41.92668
42.09900
42.11262
42.18816
42.25368
42.34218
42.55332
42.57906
42.66510
42.72564
42.74586
43.47948
43.89786
43.96230
44.16630
44.21430
44.21970
44.23608
44.30574
44.44518
44.45550
44.58624
44.68110
44.68608
44.86326
44.91192
45.00264
45.00816
45.38880
45.43134
45.44802
45.50058
45.63516
45.70986
45.77502
45.86454
45.89280
45.98100
46.15020
46.39494
46.48254
46.75524
46.88376
46.93824
46.94280
47.00766
47.39406
47.49612
47.64066
47.65164
47.69232
47.77410
47.85462
47.86530
47.94738
48.09984
48.33156
48.51852
48.56802
48.60012
48.68124
48.74718
48.83304
48.87288
49.00752
49.09818
49.25436
49.31772
49.37766
49.52784
49.62396
49.64076
49.69416
49.70760
49.91370
49.96092
50.00166
50.05122
50.08488
50.24814
50.33154
50.63112
50.88450
51.08226
51.08418
51.46608
51.47106
51.52104
51.65088
51.70674
51.74664
51.75306
51.97704
51.99402
52.23378
52.25100
52.28628
52.46586
52.66734
52.87314
52.92654
52.96320
52.99290
53.11470
53.59680
53.79606
53.80092
53.96682
53.99616
54.15972
54.17700
54.27672
54.61602
54.84570
54.87366
54.91626
54.96924
55.10334
55.27500
55.30230
55.37160
55.67652
55.94532
55.95558
55.99566
56.15970
56.29320
56.33562
56.41710
56.51844
56.60958
56.66268
56.99010
57.20970
57.25620
57.49992
57.68118
57.71988
57.75654
57.81642
57.82704
57.84264
57.85710
57.92256
58.23888
58.27956
58.32594
58.50750
58.69482
58.74906
58.75962
58.76466
58.77618
58.99512
59.02332
59.09208
59.24766
59.37114
59.37594
59.40156
59.40642
59.50902
59.73546
59.76258
59.88576
59.99268
60.07824
60.13260
60.35250
60.47526
60.57180
60.62544
60.71604
60.81180
60.99258
61.07592
61.08174
61.34946
61.43898
61.56852
61.57980
61.69740
61.79904
61.82562
61.84854
62.08308
62.09898
62.26116
62.26596
62.29722
62.55756
62.65194
62.88798
62.91516
63.45144
63.71856
63.86382
63.92754
64.32096
64.37856
64.45800
64.46424
64.59102
64.62468
64.66812
64.85010
65.02788
65.10750
65.35362
65.42400
66.13692
66.14796
66.20334
66.23868
66.25428
66.36228
66.42630
66.43074
66.43674
66.55992
66.64068
66.68292
66.74334
66.89280
67.03290
67.08990
67.15542
67.16010
67.24062
67.36404
67.52994
67.74762
67.80936
68.44692
68.45256
68.72670
68.99946
69.01554
69.13308
69.38004
69.38568
69.54156
69.58902
70.04520
70.30800
70.44168
70.44684
70.58148
70.59168
70.67214
70.68888
70.77948
70.84938
70.89744
71.01996
71.07984
71.19786
71.20848
71.21430
71.41176
71.49804
71.65290
71.76048
71.80872
71.84124
71.84634
72.11514
72.23820
72.29112
72.48450
72.59112
72.72174
72.85470
72.89142
72.90798
72.93684
72.98292
73.03098
73.11198
73.34724
73.48716
73.51662
73.75446
73.83510
73.92360
73.95372
73.95900
74.13066
74.21130
74.25186
74.36112
74.45676
74.47398
74.63142
74.63388
74.67786
74.73744
74.79810
74.85420
74.94984
74.96154
75.09012
75.12456
75.70404
75.87366
75.92070
75.93468
75.99066
75.99666
76.04436
76.08480
76.08990
76.14534
76.16682
76.34454
76.41954
76.52190
76.54842
76.59612
76.61298
76.83690
76.88316
76.91268
77.02026
77.12736
77.17026
77.22348
77.31462
77.36334
77.37420
77.41068
77.53428
77.59362
77.63628
77.66340
77.75988
77.80284
77.87274
78.01746
78.47292
78.70332
78.72372
78.76998
78.81972
79.04058
79.17528
79.18626
79.19604
79.40616
79.49562
79.52946
79.72248
79.76958
79.77618
79.87206
79.95300
80.19288
80.34336
80.37642
80.69976
80.74602
81.12198
81.13224
81.33612
81.36258
81.43212
81.56688
81.82308
81.84528
82.04880
82.11960
82.12404
82.22616
82.33290
82.41288
82.89612
83.01540
83.10504
83.12592
83.13198
83.16192
83.51934
83.54892
83.64708
83.82372
83.89860
83.95230
84.08562
84.11874
84.31152
84.31680
84.34248
84.41886
84.48534
84.59580
84.70308
84.89268
85.08312
85.14270
85.19952
85.21218
85.25466
85.32912
85.33542
85.51224
85.54386
85.55514
85.61976
85.64550
85.66212
85.75524
85.82898
86.02176
86.13456
86.19822
86.20938
86.33832
86.41284
86.41848
86.50944
86.57892
86.58432
86.67054
86.89332
87.37242
87.45936
87.52830
87.67842
87.79122
87.82836
87.90858
88.03152
88.20864
88.25448
88.27860
88.55766
88.83618
88.88514
89.39418
89.53536
89.59758
89.87868
89.91828
90.01512
90.04950
90.23520
90.34260
90.41850
90.47154
90.58914
90.61896
90.93798
91.02876
91.03374
91.05612
91.11474
91.17384
91.17888
91.69938
91.79538
91.88112
91.98870
92.17608
92.27820
92.35896
92.39682
92.49204
92.55684
92.56764
92.70210
92.73774
92.79234
92.79780
92.83800
92.92146
93.00168
93.04518
93.05184
93.08784
93.09276
93.09804
93.14682
93.19890
93.27540
93.39846
93.74172
93.81720
93.84360
93.99864
94.09524
94.49808
94.51860
94.52436
94.59930
94.64256
94.65486
94.67454
94.75470
94.80222
94.81896
94.92120
94.98528
94.99086
95.07894
95.28504
95.29074
95.30190
95.59146
95.62368
95.78484
95.96604
95.97198
96.08532
96.10572
96.17028
96.33168
96.35214
96.38496
96.39810
96.61524
96.65244
96.74796
96.75876
96.77700
96.81396
96.93192
97.01160
97.10922
97.23816
97.24236
97.40190
97.52142
97.69272
97.75224
97.80618
97.90218
97.92918
98.12148
98.19864
98.27160
98.46528
98.58828
98.63682
98.70000
98.70666
98.73834
98.75940
98.76510
98.80836
99.14274
99.52560
99.61230
99.69312
99.73560
99.83580
99.88548
99.92586
99.95064
100.00896
100.08978
100.51278
100.56666
100.58856
100.80258
100.85514
100.91502
100.93122
101.04924
101.15568
101.31270
101.55252
101.69916
101.71944
101.73528
101.85816
101.86956
101.98674
102.30966
102.43260
102.86070
102.93606
103.04886
103.11306
103.16082
103.23612
103.32276
103.32864
103.69746
103.71330
103.76730
103.97664
104.01948
104.11488
104.27694
104.28228
104.38962
104.39982
104.57262
104.60334
104.67234
104.70582
104.83944
104.87700
104.91990
104.95344
104.98914
104.99478
105.07008
105.11250
105.11778
105.19326
105.40464
105.45066
105.62784
105.75090
105.92298
106.05648
106.11030
106.14720
106.42140
106.42692
106.50714
106.59516
106.73694
106.75368
106.92534
106.93560
107.12328
107.21688
107.23062
107.35374
107.42334
107.55780
107.57958
107.59482
107.76690
107.77188
107.83716
107.92746
108.02082
108.12096
108.13704
108.28710
108.38976
108.43812
108.58200
108.62994
108.67782
108.92994
109.10406
109.14468
109.21470
109.25742
109.26222
109.27362
109.31094
109.44480
109.48764
109.74522
109.78770
109.88430
109.99092
110.12028
110.25984
110.35014
110.47416
110.51160
110.64558
110.66748
110.73132
110.73792
110.76882
110.85480
110.87568
110.90754
111.04512
111.13836
111.18162
111.28902
111.38580
111.55128
111.57858
111.69108
111.77178
111.96936
111.99672
112.00218
112.14672
112.17450
112.31808
112.38378
112.44156
112.48182
112.54848
112.57572
112.68870
112.69362
112.74162
112.88646
113.03610
113.17188
113.33664
113.38512
113.40162
113.63232
114.24840
114.30174
114.35586
114.36588
114.44190
114.66204
114.67530
114.76308
114.93972
114.96606
115.05186
115.63704
115.87290
115.95984
116.02680
116.05014
116.10360
116.10954
116.17842
116.23734
116.34942
116.55354
116.60232
116.94216
116.98248
117.10662
117.15936
117.17622
117.20262
117.30306
117.42252
117.52974
117.54018
117.63090
117.63642
117.69570
117.76752
117.99072
118.08306
118.42476
118.43058
118.46274
118.64460
118.65036
118.70340
118.73742
118.74366
118.77918
118.87464
119.03070
119.03658
119.12670
119.13792
119.22408
119.27202
119.31450
119.38692
119.41128
119.51304
119.92062
119.93154
120.14022
120.14622
120.16752
120.20784
120.37056
120.42450
120.52158
120.53214
120.63888
120.90234
120.94386
121.00410
121.00938
121.02492
121.08438
121.09968
121.26834
121.49142
121.56564
121.61370
121.77114
121.89876
122.03556
122.12466
122.15694
122.22054
122.49438
122.69220
122.95518
122.96580
123.30918
123.59010
123.72294
123.96324
124.01208
124.01634
124.02744
124.11300
124.28982
124.29522
124.35930
124.53630
124.65954
125.02956
125.25984
125.32998
125.33562
125.34132
125.44278
125.49672
125.69448
125.83950
125.93028
125.94648
125.96004
126.16020
126.79380
126.85308
126.97038
127.32990
127.47510
127.48026
127.54440
127.59324
127.62438
127.64040
127.69368
127.89348
128.18772
128.39448
128.40732
128.51502
128.57382
128.61114
128.63286
128.75058
128.82594
128.85198
128.94090
128.97612
128.99724
129.13152
129.17418
129.18516
129.22806
129.44790
129.45876
129.47436
129.53820
129.56496
129.62436
129.67818
129.80946
129.82824
129.93786
129.96192
129.97350
130.07472
130.09140
130.13784
130.20834
130.37478
130.44540
130.67526
130.70238
130.76604
130.86240
130.87890
131.06598
131.40480
131.57616
131.64606
131.70504
131.91936
132.04218
132.08934
132.12528
132.22446
132.31590
132.35304
132.47658
132.50394
132.52440
132.59394
132.60018
132.61050
132.72882
132.83952
132.86286
132.90606
132.97992
133.05612
133.25370
133.37766
133.54920
133.68294
133.82346
133.87626
133.91370
134.10072
134.38050
134.40702
134.49306
134.61018
134.77674
134.85702
135.30744
135.35016
135.51036
135.51714
135.53784
135.58098
135.62304
135.63978
135.75744
135.81708
136.01514
136.02084
136.12728
136.13352
136.29396
136.41672
136.48104
136.66428
136.69068
136.69614
136.73142
136.77120
136.89414
136.95336
137.15190
137.43102
137.44656
137.55924
137.62386
137.99826
138.18144
138.30498
138.86754
138.93204
139.16166
139.19886
139.33902
139.48896
139.49508
139.52148
139.56390
139.61820
139.63926
140.04120
140.04672
140.10624
140.16522
140.46534
140.72280
140.92638
141.11370
141.15678
141.22146
141.26916
141.46236
141.56976
141.76278
141.89094
141.94974
142.12686
142.21284
142.35762
142.46436
142.66308
143.02728
143.28498
143.31258
143.48358
143.49078
143.57436
143.60670
143.77062
143.84718
144.15402
144.16020
144.27174
144.28218
144.32496
144.48060
144.53424
144.59898
144.62514
144.80760
144.81774
145.30110
145.33836
145.42098
145.42830
145.79448
145.92540
145.97844
146.06166
146.27160
146.29800
146.36178
146.53920
146.89242
146.95194
146.97378
147.05910
147.15618
147.16644
147.40212
147.64818
147.78300
147.78828
147.90162
147.90624
147.97134
148.24392
148.40508
148.59288
148.64154
148.68942
148.75608
148.78614
148.79190
149.02662
149.03244
149.08632
149.12874
149.16108
149.32668
149.34354
149.34888
149.53608
149.57886
149.58414
149.63262
149.64360
149.64894
149.71332
149.73426
149.94414
150.01998
150.05610
150.06726
150.08328
150.22260
150.26178
150.40932
150.52752
150.87018
151.00728
151.17168
151.48734
151.71330
151.74642
151.83132
151.83690
152.07750
152.16336
152.18040
152.22780
152.25384
152.37780
152.38386
152.39988
152.40960
152.65110
152.84472
152.88156
152.95710
153.06408
153.06870
153.08022
153.09120
153.19128
153.33054
153.40716
153.47160
153.66474
153.78144
154.04526
154.07754
154.23804
154.26492
154.32408
154.52154
154.54338
154.62408
154.62918
154.69410
154.83360
154.83810
155.00502
155.22456
155.40156
155.60562
155.61078
155.63184
155.83608
155.90520
156.00198
156.11988
156.38244
156.61278
156.61848
156.70350
156.70908
156.75804
156.83862
156.84318
156.98904
157.33914
157.37442
157.57260
157.73910
157.89486
157.94196
157.99644
158.04378
158.17896
158.18928
158.25390
158.25864
158.38254
158.43582
158.55906
158.57562
158.85402
158.87562
159.13332
159.18042
159.23988
159.26190
159.34302
159.53496
159.66936
159.78630
159.81972
159.82488
159.94296
159.99000
160.05954
160.07094
160.26912
160.28622
160.35000
160.37700
160.52658
160.60740
160.61268
160.88088
160.93392
160.99830
161.18652
161.23902
161.26122
161.47518
161.72808
161.82942
161.89164
162.25806
162.36534
162.37074
162.40038
162.44106
162.66030
162.86496
162.93192
163.02750
163.13736
163.16040
163.36854
163.53384
163.65762
163.68486
163.73796
164.17236
164.30136
164.34906
164.47278
164.52672
164.65530
164.87562
164.91870
165.02502
165.05208
165.11634
165.15870
165.23982
165.24492
165.25542
165.29226
165.45912
165.47526
165.66834
165.77556
166.01646
166.33308
166.79988
166.88586
166.91190
166.93332
167.08890
167.15592
167.19606
167.49654
167.51232
167.55210
167.74854
167.76984
167.78628
167.89824
167.90976
167.94990
167.97378
168.15012
168.16728
168.25788
168.32724
168.33300
168.40314
168.64386
168.94872
168.96030
169.14768
169.18410
169.26510
169.34634
169.37694
169.64106
169.70526
169.71078
169.98420
169.98978
170.02722
170.21994
170.56830
170.90094
170.90598
170.92794
170.96508
170.97084
171.33516
171.50148
171.60372
171.61392
171.76392
171.84426
171.95160
171.97800
172.04274
172.19118
172.25208
172.33254
172.41168
172.62192
172.66416
172.68708
172.72860
172.84746
172.90074
173.22192
173.42568
173.44794
173.45844
173.56572
173.64546
173.66706
173.71566
173.77458
173.83884
174.09096
174.15540
174.21954
174.23622
174.26748
174.34824
174.59964
174.78234
174.79818
174.93300
175.16862
175.17954
175.22580
175.35594
175.36134
175.50594
175.57560
175.76994
175.83876
175.89246
175.99896
176.08980
176.16054
176.19744
176.52732
176.58912
176.77608
176.81664
176.91342
177.13104
177.15660
177.22668
177.57540
177.67254
177.74700
177.87036
177.89712
177.94014
178.02030
178.05798
178.07364
178.16004
178.47096
178.55736
178.62108
178.62660
178.64688
178.74954
178.75482
178.82958
178.83570
178.88388
178.88994
179.23782
179.29758
179.41464
179.42010
179.49522
179.62356
179.66430
179.73060
179.77932
179.85462
179.88066
180.10068
180.21366
180.51378
180.59400
180.60456
180.61560
180.94794
181.20462
181.27476
181.45734
181.49442
181.50510
181.56456
181.58544
181.74192
181.76232
181.84824
181.85406
181.90782
181.91790
181.98294
182.05206
182.10012
182.12760
182.37396
182.45988
182.51484
182.53230
182.68998
182.89404
182.98956
183.02292
183.06534
183.12474
183.21564
183.27996
183.47298
183.65508
184.29240
184.81614
184.84560
184.87278
185.11902
185.26314
185.31726
185.40852
185.56590
185.70336
185.75664
185.81010
185.96892
186.00342
186.01938
186.11628
186.23928
186.25632
186.27120
186.48570
186.54972
186.78048
187.03272
187.14018
187.27422
187.35000
187.37022
187.37556
187.41030
187.53888
187.63362
187.72980
187.91238
188.00274
188.21274
188.34090
188.34624
188.36706
188.38386
188.40030
188.43642
188.49996
188.57688
188.75958
188.84352
188.90424
189.00072
189.17160
189.21990
189.24648
189.32202
189.47262
189.48420
189.67068
189.70326
189.75096
189.81528
190.10964
190.21722
190.30794
190.31376
190.38078
190.51746
190.96770
191.03784
191.22036
191.22750
191.25774
191.26782
191.37012
191.39184
191.54118
191.55792
191.69124
191.76756
191.84724
191.99154
192.07794
192.11430
192.22500
192.28758
192.47508
192.49092
192.53850
192.69450
192.82782
192.85422
192.90864
192.93606
193.27386
193.41780
193.56360
193.68096
193.71822
193.83102
193.88418
194.01264
194.06178
194.26584
194.28138
194.33514
194.36172
194.46420
194.48502
194.55510
194.71038
194.78748
194.99520
195.10746
195.15480
195.21948
195.31050
195.32130
195.36192
195.63792
195.70776
195.73140
195.94854
195.97110
196.07124
196.08288
196.10436
196.33152
196.35714
196.42152
196.44744
196.48182
196.53306
196.81188
197.11212
197.19756
197.29974
197.56266
197.62140
197.66850
197.76648
197.80290
197.96412
198.02388
198.39876
198.41460
198.51210
198.51630
198.72558
198.83832
198.89910
198.94524
199.04214
199.07934
199.10472
199.13880
199.49250
199.59960
199.77558
199.84530
200.03934
200.15736
200.32878
200.42532
200.50038
200.77398
200.94978
201.00960
201.06888
201.10560
201.14214
201.39552
201.50220
201.61884
201.98568
201.99252
202.00896
202.35018
202.36128
202.62900
202.64460
202.84830
202.90230
203.21910
203.26158
203.45976
203.54574
203.56710
203.57286
203.69574
203.74332
203.75508
204.14586
204.22638
204.48366
204.54270
204.78894
204.84306
204.89124
204.89640
204.97194
205.06278
205.43244
205.44870
205.45980
205.66320
206.21550
206.32224
206.81586
206.82666
206.93634
207.09384
207.42228
207.78612
207.81312
207.83970
207.88338
207.91446
207.93648
207.99516
208.06002
208.08612
208.17726
208.19394
208.19922
208.22340
208.22970
208.47240
208.50636
208.77240
208.83690
208.85880
208.94916
209.11002
209.27046
210.01326
210.02088
210.08628
210.12924
210.22524
210.23622
210.41280
210.45084
210.54162
210.69672
210.77286
210.87984
211.05132
211.11600
211.26612
211.48020
211.60914
211.67922
211.72662
211.86612
211.95696
212.09646
212.13432
212.16078
212.18310
212.26332
212.31096
212.31630
212.89560
213.07188
213.19596
213.28656
213.43644
213.64626
213.85560
213.98904
214.05354
214.05900
214.07526
214.14432
214.31088
214.31670
214.53018
214.55292
214.58466
214.61118
214.65348
214.70760
214.73982
214.85274
215.17380
215.18472
215.19000
215.31372
215.34978
215.35650
215.43720
215.68320
215.75766
215.77404
215.86638
215.92524
215.98350
216.12066
216.16026
216.19230
216.28884
216.49248
216.64842
216.74436
216.79728
216.82038
217.31322
217.54392
217.66140
217.66734
217.67754
217.73730
217.77366
217.87080
217.88730
217.97808
217.99446
218.10102
218.11704
218.30388
218.34270
218.63394
218.81436
218.93736
219.29076
219.31722
219.45774
219.48834
219.67746
219.84870
219.86556
219.88098
220.32390
220.40106
220.62492
220.63116
220.70112
220.81854
220.83570
220.95864
221.18394
221.21484
221.47836
221.48412
221.57898
221.74158
221.78436
221.93442
221.94822
222.03144
222.28452
222.28866
222.52446
222.62586
222.63126
222.74538
222.78162
222.93192
223.05480
223.14606
223.39542
223.47834
223.56426
223.63482
223.92918
224.02536
224.05200
224.08482
224.13828
224.32842
224.66874
224.85654
224.86188
225.02460
225.30186
225.68538
225.83712
225.84846
225.91842
226.12242
226.14288
226.16478
226.37190
226.78656
226.83966
226.90938
226.96338
227.17266
227.18256
227.20890
227.29872
227.42982
227.77800
227.87988
227.93898
227.98194
228.38952
228.39630
228.63630
228.68982
228.83976
228.88206
228.91542
229.06398
229.39278
229.40832
229.60650
229.64994
229.65450
229.92276
230.12622
230.35188
230.52354
230.53062
230.65218
230.65710
230.68638
230.77500
231.12354
231.12966
231.40266
231.44796
231.61128
231.82644
231.87390
231.99738
232.15260
232.20708
232.22742
232.28190
232.28712
232.36218
232.41036
232.49070
232.53426
232.72140
232.85004
232.95714
233.05344
233.26284
233.33832
233.42430
233.65740
233.82588
233.89596
234.01782
234.02946
234.10536
234.18594
234.52812
234.61446
234.68370
234.69510
234.73734
235.27860
235.46076
235.47726
235.74468
235.97484
235.99104
236.05086
236.05590
236.14158
236.24412
236.37798
236.62458
236.72490
236.76720
236.94552
236.95188
236.96190
237.17124
237.35382
237.39444
237.39870
237.44436
238.27500
238.32498
238.42542
238.57512
238.67532
238.70454
238.74660
238.83228
238.95108
238.95600
239.01084
239.01552
239.13264
239.13798
239.17170
239.79246
240.30252
240.34464
240.39906
240.64512
240.73530
241.03110
241.27770
241.93230
241.97340
242.00898
242.22648
242.23230
242.24298
242.36118
242.37180
242.39544
242.66604
242.73558
242.92356
242.98860
243.09516
243.17604
243.35238
243.95268
243.97896
244.20540
244.21050
244.34508
244.62870
244.83288
244.89042
244.90704
245.03604
245.15334
245.16450
245.17602
245.24562
245.40888
245.50254
245.80278
245.88306
245.88888
246.19992
246.22026
246.25308
246.28530
246.29046
246.42438
246.50592
246.55320
246.62874
246.73002
246.80568
247.03518
247.12662
247.18116
247.30962
247.37904
247.41666
247.42632
247.45218
247.57710
247.65258
247.75926
247.89366
247.95312
248.07666
248.11296
248.35974
248.70282
248.71374
249.08370
249.15936
249.33636
249.37668
249.45942
249.52932
249.58812
249.61680
249.62286
249.65214
249.69990
249.75978
249.86904
249.89304
250.07268
250.10280
250.16220
250.16706
250.25784
250.28004
250.32000
250.64322
250.72464
250.94352
250.96092
251.20086
251.22642
251.27316
251.46996
251.61360
251.67282
251.69982
251.83092
251.85318
251.88708
252.24726
252.38340
252.45612
253.12650
253.27698
253.32258
253.55514
253.82394
254.24652
254.27310
254.34336
254.57352
254.65536
254.85342
254.94090
255.10020
255.21690
255.22308
255.33984
255.52284
255.65118
255.77388
255.79650
255.99390
256.00014
256.00554
256.01574
256.16034
256.17660
256.41354
256.46346
256.64340
256.72932
256.75668
256.87938
257.07246
257.11344
257.34306
257.42016
257.43144
257.50104
257.60772
257.79006
257.79594
257.86020
257.92416
257.92992
258.26430
258.30024
258.35340
258.39354
258.62688
258.75018
258.76698
258.88434
258.94386
259.44732
259.48992
259.73676
260.20374
260.31054
260.34762
260.53068
260.65674
261.12018
261.22686
261.30282
261.31356
261.49470
261.84912
261.93018
262.10118
262.21338
262.24374
262.42764
262.50396
262.55046
262.58382
262.62072
262.73334
262.81764
262.87806
262.88406
262.89378
263.09670
263.10114
263.25396
263.82750
264.03654
264.44382
264.74400
264.92106
265.30122
265.37094
265.41048
265.43040
265.49166
265.52730
265.58052
265.65024
265.80330
266.37084
266.54514
266.67366
266.74446
266.84202
266.95734
267.05718
267.18852
267.28416
267.30732
267.41982
267.62604
267.83412
267.92838
267.99762
268.16970
268.21794
268.23420
268.26468
268.34058
268.36086
268.52382
268.86072
268.93152
269.09028
269.21880
269.99244
270.01380
270.10446
270.15138
270.30420
270.45888
270.48834
270.52386
270.65448
270.68442
270.98478
271.09764
271.21044
271.48770
271.58496
271.89690
272.03508
272.05134
272.13780
272.35710
272.52870
272.58282
272.68470
272.82150
272.87148
273.00078
273.02142
273.10758
273.13470
273.25746
273.32742
273.43482
273.69210
273.73482
273.80460
273.88548
273.97122
274.12374
274.18506
274.33092
274.82010
274.87128
275.03472
275.09454
275.31606
275.37072
275.47182
275.52810
275.91144
276.14424
276.24420
276.27816
276.31860
276.40734
276.56478
276.63036
276.65190
276.88746
277.14438
277.20468
277.28478
277.31076
277.54206
277.71342
277.75386
277.77708
277.98690
278.08296
278.16858
278.21130
278.27082
278.27550
278.38308
278.67588
278.68794
278.74272
278.79078
278.84460
278.85174
278.89758
279.04260
279.09090
279.10140
279.34776
279.65412
279.67548
279.80376
280.28046
280.33494
280.43820
280.52766
280.77114
281.08488
281.14428
281.26722
281.29710
281.39112
281.47680
281.48172
281.48742
281.65878
281.71788
281.84700
281.85726
282.23022
282.44040
282.46350
282.51654
282.76386
283.06368
283.06824
283.20840
283.45440
283.51386
283.69098
283.70130
283.87350
283.98636
284.30742
284.33418
284.38194
284.39316
284.41770
284.48418
284.48970
284.62332
284.70396
284.76450
284.79012
285.14646
285.22398
285.24006
285.40362
285.48096
285.56712
285.69120
285.73902
286.16754
286.37718
286.38216
286.61760
287.00376
287.11686
287.26692
287.45484
287.55576
287.80338
288.07002
288.12468
288.16992
288.29628
288.34392
288.40344
288.55362
288.66000
288.66648
288.67656
288.74124
288.74676
288.77268
288.89070
289.07934
289.08408
289.28274
289.28778
289.29312
289.35732
289.40004
289.63002
289.78614
289.86708
289.96308
290.05968
290.08608
290.38620
290.39718
290.46264
290.61726
290.74530
290.82924
290.84310
290.99256
291.03498
291.25020
291.25536
291.32598
291.42726
291.43230
291.49704
291.52224
291.78120
291.87228
291.93288
292.17834
292.23108
292.31202
292.42254
292.45368
292.62834
292.70304
292.70862
292.84260
292.93278
292.93896
293.06766
293.39496
293.78574
293.87172
294.03432
294.41100
294.94440
294.94890
295.03464
295.34118
295.55514
295.60338
295.72488
295.77504
296.15814
296.19870
296.48208
296.53926
296.62824
296.64828
296.66502
296.76708
296.97114
297.26070
297.26550
297.33744
297.40470
297.47472
297.57108
297.74118
298.14534
298.43394
298.50420
298.55538
298.58946
298.66470
298.80894
298.86318
298.90368
298.94118
298.98066
299.06172
299.11542
299.27082
299.28180
299.61942
299.83368
299.92422
299.95710
300.03948
300.09096
300.31044
300.54114
300.66474
301.00764
301.01310
301.30752
301.37724
301.38846
301.39368
301.45782
301.50036
301.63422
301.65090
301.70982
301.72092
301.97784
301.98852
301.99374
302.14950
302.28414
302.43420
302.71272
302.93304
302.95332
302.95854
303.00726
303.09348
303.32382
303.53136
303.76344
303.77370
303.98820
304.09566
304.28850
304.79730
305.39820
305.85444
305.85972
306.06366
306.48984
306.74970
306.77598
306.84060
307.26444
307.29912
307.33386
307.68756
307.73400
307.75710
307.76286
308.19720
308.33034
308.49264
308.76000
308.99640
309.11370
309.26952
309.56430
309.62358
309.79998
309.96678
309.99318
310.20732
310.39548
310.48626
310.49220
310.49658
310.54512
310.58064
310.64700
310.65282
310.66938
310.68984
310.78638
310.91004
310.93044
310.93644
311.04396
311.16564
311.21010
311.22054
311.52120
311.59680
311.61672
311.67990
311.88600
311.98734
312.00948
312.06234
312.06792
312.07320
312.13236
312.28758
312.48588
312.54498
312.98994
312.99510
313.03008
313.06590
313.28034
313.57350
313.65990
313.67610
314.07312
314.27052
314.27670
314.35218
314.42706
314.52630
314.67576
314.68974
314.95662
315.06450
315.10242
315.12996
315.22578
315.48822
315.76602
315.86904
315.91650
315.97584
316.03026
316.08318
316.20612
316.68936
316.79688
316.80270
316.91952
317.06430
317.06976
317.22576
317.76636
317.99724
318.09954
318.29232
318.43014
318.50172
318.59712
318.61938
318.75402
318.80196
318.87120
318.96522
319.12308
319.13364
319.19328
319.26552
319.27368
319.29684
319.33260
319.35642
319.44984
319.84230
319.90626
320.00010
320.14206
320.20632
320.25378
320.29212
320.38026
320.54964
320.66634
320.69466
320.82264
321.08010
321.18702
321.26316
321.36930
321.37980
321.72342
321.85230
321.91038
321.91650
322.04490
322.05072
322.05612
322.15266
322.28694
322.34988
322.36656
322.40490
322.50612
322.51896
322.54320
322.55370
322.73058
322.75260
323.08020
323.21940
323.43918
323.47074
323.54610
323.55642
323.64210
323.95932
324.01770
324.12018
324.18942
324.34944
324.62382
324.84738
324.91878
324.95910
324.97014
325.14966
325.23012
325.29234
325.55130
325.84236
325.86690
325.87314
325.89240
325.93740
326.02320
326.08194
326.10426
326.11596
326.19972
326.21568
326.24754
326.33952
326.40414
326.49480
326.68278
326.73012
326.76270
326.77932
326.90232
326.96154
326.98308
327.11196
327.17646
327.18684
327.36906
327.47532
327.63750
327.74934
327.88908
328.04952
328.10892
328.12566
328.13616
328.17222
328.34952
328.43040
328.56984
328.70958
328.72026
328.73010
328.83228
328.83822
328.91346
329.02998
329.87832
329.97402
329.99664
330.00648
330.16194
330.16794
330.24222
330.33948
330.34470
330.38706
330.45642
330.49446
330.63960
330.66528
330.73014
330.81156
331.21344
331.25040
331.48614
331.58298
331.69506
332.13012
332.18970
332.22630
332.31246
332.35302
332.42964
332.55282
332.56938
332.62338
332.69994
332.82246
332.93964
333.04650
333.13278
333.31938
333.50220
333.69000
333.76536
333.77052
333.86160
333.92550
333.94224
333.97320
334.17690
334.18266
334.24242
334.48302
334.60614
334.66056
334.76184
334.85910
335.03778
335.19678
335.58258
335.59278
335.64696
335.65944
335.68944
335.86590
336.13926
336.17328
336.29016
336.34938
336.38040
336.65646
337.42704
337.84236
337.86570
337.87710
337.89300
337.91424
338.22000
338.47608
338.51454
338.52558
338.53644
338.55474
338.59020
339.12120
339.24960
339.30318
339.37782
339.50712
339.54396
339.63090
339.89298
339.99438
340.02390
340.14450
340.19370
340.19868
340.35744
340.42902
340.45302
340.61658
340.85712
340.87374
340.89042
341.03100
341.31414
341.36730
341.38788
341.59974
341.79078
341.80452
341.94066
342.21990
342.24084
342.35352
342.35820
342.45084
342.49770
342.50334
342.56814
342.57378
342.76068
342.87384
343.06710
343.18392
343.27104
343.29750
343.37796
343.44762
343.48440
343.48986
343.49568
343.55994
343.74756
343.85442
343.87644
344.19792
344.71236
344.92668
345.15720
345.16248
345.30768
345.43068
345.88068
345.94050
346.24314
346.27758
346.28376
346.33116
346.41246
346.41714
346.58382
346.63518
346.98120
347.04042
347.04966
347.14062
347.15694
347.41464
347.50068
347.64756
347.67744
347.81646
347.91744
347.99346
348.17058
348.24060
348.34776
348.64074
348.78180
349.03404
349.06986
349.21080
349.31046
349.35570
349.37646
349.41450
349.43112
349.47348
349.71960
349.72584
349.74336
349.77366
349.91730
350.27202
350.33136
350.39478
350.45460
350.52036
350.75502
350.93706
351.12414
351.24300
351.54294
351.54804
351.55332
351.64386
351.66618
351.74784
351.92394
351.96636
352.02630
352.16424
352.20708
352.39014
352.77078
352.84614
353.13756
353.16714
353.18382
353.22024
353.24292
353.24760
353.31702
353.49402
353.55354
353.60058
353.72364
353.80524
353.85954
353.92872
354.41682
354.56706
354.85068
355.10340
355.29006
355.49940
355.56426
355.69272
355.96242
355.99284
356.15676
356.24460
356.36742
356.53908
356.66730
356.86626
356.93082
357.01362
357.05448
357.05964
357.11382
357.33786
357.50706
357.53658
357.94056
358.06716
358.20942
358.43814
358.67358
358.76418
358.98396
359.04360
359.16642
359.17170
359.19780
359.32668
359.35380
359.42376
359.46390
359.49360
360.14778
360.29016
360.31968
360.38334
360.44772
360.45324
360.49536
360.50028
360.65712
360.68328
360.79350
360.84054
361.15470
361.20360
361.27380
361.42380
361.51458
361.52040
361.67004
361.68090
361.72356
361.89552
361.97016
362.38314
362.62422
362.71524
363.09078
363.09636
363.10104
363.16104
363.28386
363.31032
363.49314
363.49836
363.65376
363.82026
364.06740
364.15740
364.41738
364.45770
364.46310
364.47372
364.55424
364.70520
364.94082
364.95726
364.98636
365.04804
365.12346
365.48706
365.93814
366.53844
366.57942
366.69366
366.83304
366.83844
366.88674
367.03128
367.13322
367.13868
367.14390
367.36410
367.58886
367.66458
367.77138
367.77654
367.78770
367.79352
367.88868
367.97034
367.99098
368.07186
368.23146
368.37192
368.85408
368.88096
368.88666
368.94066
369.10098
369.33156
369.40116
369.48120
369.89982
370.01760
370.02342
370.16736
370.18878
370.22730
370.54350
370.60734
370.72452
371.08476
371.15406
371.22036
371.37432
371.42172
371.66328
371.86764
371.94792
372.13452
372.18894
372.24330
372.28002
372.37674
372.88602
372.95520
372.97692
373.00890
373.46040
373.53432
373.57758
373.58850
373.59378
373.62450
373.69494
374.38140
374.39334
374.42430
374.44662
374.56386
374.63880
374.82120
374.89116
374.99838
375.02010
375.06774
375.20748
375.42150
375.50754
375.68472
375.72114
375.97410
376.01154
376.01688
376.48332
376.83708
376.96068
377.08926
377.11740
377.18442
377.23878
377.25006
377.25504
377.44350
377.46480
377.50098
377.56152
377.64090
377.65788
377.75892
377.82420
377.95764
378.02178
378.04380
378.24120
378.26760
378.36522
378.46722
378.67704
378.94434
379.23882
379.32444
379.35096
379.36764
379.41036
379.51464
379.53882
379.81752
379.85736
379.89372
379.91436
380.08116
380.09802
380.62764
380.66016
380.93856
381.29784
381.32958
381.48012
381.49014
381.54816
381.66768
381.91368
382.02660
382.05366
382.09074
382.10736
382.11270
382.24062
382.27044
382.28454
382.28994
382.30524
382.55754
382.67064
382.72416
382.80738
382.83102
382.91130
382.98144
383.03442
383.06760
383.12058
383.29770
383.41062
383.44752
383.75370
384.20382
384.28410
384.34314
384.41292
384.70752
384.81450
385.04070
385.29792
385.36764
385.41006
385.71054
385.83876
386.09100
386.13336
386.14404
386.18700
386.44434
386.73366
387.27498
387.44688
387.49074
387.50520
387.52254
387.70356
387.73110
387.87114
387.88674
387.98856
388.46022
388.52430
388.64166
388.77660
388.85076
388.97424
389.13090
389.16732
389.18394
389.22558
389.27034
389.30742
389.40972
389.77404
389.79054
389.88114
390.04764
390.12810
390.13866
390.25080
390.29100
390.31026
390.53700
390.74460
390.81444
390.84072
390.95784
391.00722
391.09770
391.20480
391.21104
391.22118
391.39824
391.60704
391.79034
391.97700
392.00946
392.02020
392.05542
392.08434
392.09010
392.49750
392.52372
392.71116
393.06006
393.10032
393.27018
393.27702
393.28164
393.38718
393.53700
393.54258
393.54810
393.60732
394.07172
394.13310
394.14342
394.27170
394.32300
394.33692
394.35726
394.41144
394.49088
394.55106
394.59324
394.70508
394.73826
394.85694
394.97430
395.08740
395.24832
395.30088
395.47836
395.79090
395.80572
395.88594
395.99316
396.20760
396.32064
396.38448
396.40080
396.50742
396.51366
396.64134
396.90474
397.33362
397.38120
397.57404
397.59588
397.69722
398.08884
398.11074
398.21802
398.29350
398.41662
398.42160
398.47152
398.50092
398.51748
398.56662
398.57160
398.63094
398.69796
398.70354
399.05412
399.16692
399.26814
399.28944
399.51468
399.54420
399.60732
399.64386
399.71868
399.77814
399.91170
400.40496
400.52232
400.59804
400.98456
401.03184
401.15586
401.16720
401.18250
401.28996
401.72472
401.90784
402.06792
402.20568
402.45786
402.78996
403.06422
403.07448
403.27818
403.28376
403.31796
403.34880
403.45560
403.57086
403.71828
403.73478
403.84176
403.90056
403.95858
404.00808
404.28162
404.29440
404.31822
404.35086
404.49432
404.61390
404.62488
404.74158
405.00552
405.05958
405.10152
405.18210
405.29148
405.38034
405.39198
405.48792
405.60552
405.70146
405.71214
405.72906
405.94416
406.04484
406.13118
406.16100
406.47462
406.56546
406.73148
406.77492
406.82142
406.83852
406.86534
406.92156
407.19810
407.20836
407.28876
407.35890
407.38458
407.48808
407.58960
407.70150
407.75358
407.78820
407.80860
407.81382
407.89536
407.90502
408.08808
408.19518
408.36138
408.56478
408.57558
408.76866
408.80880
409.01586
409.14954
409.42830
409.44936
409.47576
409.72866
409.75524
409.85508
409.95948
410.30256
410.68290
410.82858
410.88090
411.02520
411.15282
411.23490
411.26202
411.33600
411.36300
411.49248
411.69072
411.75564
412.03902
412.07982
412.09290
412.24260
412.25682
412.33908
412.43574
412.51632
412.72602
412.76256
412.76874
412.81668
412.82610
412.85958
412.87620
412.94586
412.96680
413.00190
413.01204
413.18622
413.30958
413.36238
413.66232
414.11286
414.19440
414.67188
414.70620
414.74688
414.92448
414.95994
415.16988
415.38978
415.57248
415.66794
415.69680
415.86690
416.05002
416.12502
416.13042
416.15100
416.29614
416.36034
416.47320
416.76276
416.77344
416.89104
416.97708
417.18726
417.26634
417.47016
417.56088
417.67374
417.68418
417.82392
418.07040
418.08162
418.17774
418.35456
418.51494
418.61796
418.62762
418.66038
418.74078
418.84746
418.92780
418.95492
419.21856
419.31396
419.42766
419.44812
419.47524
419.64690
419.85084
419.93178
419.96820
419.97384
420.28476
420.31170
420.32754
420.47124
420.78318
420.83730
421.01388
421.07544
421.10514
421.11558
421.46898
421.49130
421.76142
421.77804
421.94130
421.94766
422.09736
422.15496
422.24778
422.36466
422.55240
422.62188
422.64120
422.92818
423.00486
423.16902
423.17958
423.38814
423.39870
423.43422
423.57126
423.69390
423.88254
423.97302
423.98898
424.04190
424.04814
424.07526
424.14264
424.18260
424.39110
424.48128
424.77228
424.86282
424.96008
425.03166
425.04546
425.10972
425.11530
425.25984
425.34582
425.43186
425.49594
425.59230
425.61822
425.64624
425.79600
426.21216
426.30810
426.33246
426.48210
426.49848
426.51966
426.63834
426.71796
426.86814
426.88962
426.90102
426.96516
426.99618
427.01268
427.16286
427.20594
427.25424
427.26552
427.35642
427.38198
427.59690
427.69356
427.76322
427.83312
427.86000
427.94082
427.97328
427.98354
428.00964
428.09904
428.18766
428.32596
428.49252
428.73390
429.03384
429.04464
429.04956
429.36708
429.53274
429.81732
429.88722
430.00980
430.02642
430.06314
430.13310
430.32066
430.36716
430.45452
430.77114
430.77678
431.05026
431.11410
431.17380
431.28588
431.32884
431.33430
431.40462
431.53320
431.65086
431.74086
431.85420
431.93328
432.06822
432.08484
432.19068
432.35754
432.36924
432.38814
432.45486
432.47694
432.73386
432.83508
432.98838
433.07130
433.13034
433.17846
433.26462
433.31232
433.65042
434.27112
434.28540
434.46504
434.55102
434.59428
434.70138
434.70690
434.71740
434.80818
435.00090
435.02796
435.08154
435.18876
435.20562
435.29604
435.53178
435.71778
435.81510
435.84888
435.85416
436.04658
436.09524
436.37898
436.48152
436.59894
436.62540
436.68924
436.77540
437.00136
437.12436
437.18358
437.23176
437.49192
437.60766
437.65518
437.71968
437.84508
437.91282
438.33606
438.58260
438.76338
438.81864
439.04940
439.14552
439.43514
439.49442
439.49958
439.53672
439.55844
439.57506
439.68234
439.70442
439.94292
440.01426
440.35248
440.47530
440.48574
440.54478
440.67924
440.91924
440.97900
441.05892
441.40254
441.42954
441.49344
441.52062
441.55926
441.73560
441.78324
441.93330
442.17012
442.37370
442.44522
442.48584
442.49646
442.56666
442.89360
443.06394
443.12346
443.41806
443.45064
443.48652
443.53668
443.67054
443.68656
443.83692
443.84262
444.20628
444.22746
444.28170
444.30774
444.43206
445.13406
445.17654
445.24698
445.36992
445.49874
445.55814
445.71858
445.77240
445.77744
445.83078
445.94142
445.97736
446.14752
446.20590
446.23704
446.27082
446.41596
446.43174
446.53926
446.64582
446.65662
446.89230
447.16608
447.34350
447.79896
447.80430
447.84180
447.84702
448.04286
448.14180
448.17456
448.44198
448.54926
448.61352
448.72146
448.91874
449.15892
449.21382
449.28954
449.29992
449.40210
449.41818
449.53584
449.62122
449.70204
450.01920
450.14760
450.24336
450.37188
450.55962
450.63312
450.65502
450.97230
451.04508
451.31880
451.33224
451.35852
451.60038
451.60572
451.73124
451.77192
452.03436
452.21298
452.25984
452.28888
452.32356
452.33472
452.34156
452.38224
452.45298
452.54352
452.69358
453.11082
453.16380
453.23022
453.23970
453.34212
453.47082
453.56280
453.64794
453.65334
453.71748
453.75990
453.81366
453.84012
454.35666
454.37706
454.81704
455.02056
455.04696
455.11710
455.15856
455.21322
455.21862
455.23518
455.28726
455.33712
455.39016
455.40054
455.41128
455.57802
455.79780
455.85222
455.86182
455.95836
455.98032
455.99070
456.02814
456.26916
456.43542
456.46230
456.73050
456.74100
456.92142
456.99828
457.13172
457.32558
457.48158
457.52868
457.64532
457.82472
457.83468
457.88832
457.95816
457.97436
458.12208
458.15694
458.21508
458.23110
458.43540
458.57472
458.60160
458.61222
458.65782
458.68248
458.69874
458.75202
458.81562
458.98218
458.99838
459.08910
459.12906
459.24000
459.33264
459.34668
459.61962
459.75882
459.80820
459.91518
460.01214
460.01712
460.07070
460.08162
460.10820
460.12962
460.26282
460.32234
460.35246
460.51602
460.62258
460.68750
460.69830
460.86330
461.00880
461.04942
461.07300
461.09934
461.32344
461.37282
461.39982
461.45952
461.62356
461.88318
461.94636
462.10668
462.15642
462.30600
462.36012
462.36570
462.42900
462.66576
462.67146
462.74268
462.79992
462.91674
463.12428
463.14840
463.27638
463.49052
463.95060
464.02176
464.10708
464.23650
464.44098
464.50422
464.62188
464.67642
464.68698
464.86350
464.87448
464.95116
465.57708
465.67782
465.77454
466.00584
466.02744
466.49808
466.76706
466.77738
466.94418
467.06712
467.15646
467.17476
467.24448
467.57508
467.71356
467.99982
468.02952
468.10194
468.31614
468.37524
468.44496
468.46140
468.50850
468.58470
468.59472
468.92586
468.92772
468.93300
469.23846
469.47900
469.54926
469.68300
469.70268
469.82832
469.85526
469.88646
469.90302
469.97856
470.03346
470.12364
470.20890
470.21970
470.22414
470.30586
470.33184
470.34804
470.42874
470.49294
470.60598
470.62134
470.87892
470.92602
470.99232
471.05010
471.19530
471.36720
471.38256
471.49572
471.60246
471.87660
471.94620
471.99966
472.01028
472.05846
472.22478
472.46040
472.49724
472.56750
472.58346
472.68588
472.81974
472.98072
473.22330
473.23710
473.36082
473.47338
473.54892
473.59410
473.90160
474.28830
474.29424
474.33456
474.36372
474.37464
474.38022
474.90498
475.02768
475.06092
475.11390
475.30158
475.31244
475.38816
475.41408
475.53060
475.53522
475.58508
475.76394
475.88592
475.90776
476.20812
476.26692
476.53530
476.66910
476.84082
476.86482
476.95788
476.97480
477.09252
477.09786
477.10314
477.13866
477.15174
477.16818
477.20526
477.27216
477.45234
477.46254
477.69282
477.88146
478.12170
478.46982
478.48194
478.60470
478.67898
479.21538
479.41998
479.42478
479.43060
479.45628
479.70300
479.79996
479.85378
479.90628
480.12762
480.41628
480.61350
480.66030
480.76056
480.85086
480.86706
480.89808
480.96342
480.97974
481.20984
481.26702
481.41846
481.52634
481.54710
481.64334
481.70364
481.72422
481.84050
481.86390
481.88064
481.89348
481.94964
482.09760
482.12670
482.14728
482.18058
482.24988
482.33034
482.45766
482.48100
482.59386
482.71164
482.93562
483.10746
483.14016
483.19404
483.30522
483.35466
483.40800
483.59040
483.60114
483.61734
483.93366
483.99456
484.28142
484.30800
484.38420
484.64052
484.68420
484.69488
484.70550
484.79166
484.84560
484.85238
484.88202
484.88802
484.91328
484.93530
484.95162
484.98096
484.99452
485.00568
485.01594
485.33184
485.34900
485.41860
485.42934
485.43462
485.69220
485.72466
485.73498
485.75580
485.90100
485.90640
485.96064
486.24894
486.26538
486.47562
486.56856
486.66846
486.75930
486.76854
486.82308
486.84930
486.86574
486.97848
487.06878
487.33296
487.41864
487.43988
487.52592
487.53624
487.60056
487.69704
487.70286
487.99218
488.06940
488.29734
488.35092
488.39988
488.40552
488.48976
488.76270
488.76948
488.86644
488.96718
489.18408
489.25944
489.30042
489.31296
489.46644
489.47148
489.61668
489.62202
489.69630
489.75012
489.92238
490.02414
490.32390
490.33392
490.51716
490.88196
490.90812
490.98852
490.99686
491.32650
491.35056
491.37492
491.48700
491.69706
491.70786
491.91090
491.97432
492.01500
492.12030
492.13746
492.42522
492.48972
492.50100
492.50640
492.57570
492.96108
493.02090
493.02630
493.16028
493.18410
493.20132
493.32324
493.48770
493.54158
493.60488
493.61562
493.68096
493.94814
494.01852
494.02398
494.41452
494.49048
494.58534
494.59170
494.75532
494.82756
494.89242
495.15978
495.16536
495.17136
495.26106
495.72804
495.73824
495.79284
496.07196
496.19508
496.22646
496.24278
496.29714
496.43274
496.72596
496.79550
496.80618
497.32644
497.41956
497.46924
497.57244
497.62680
497.72826
497.73900
497.85102
497.91564
498.01680
498.14586
498.15102
498.19146
498.32856
498.48600
498.62298
498.99924
499.24560
499.25658
499.33476
499.59978
499.63194
499.72272
499.88592
499.95810
500.07036
500.10324
500.13036
500.27472
500.36106
500.37576
500.47758
500.55360
500.59026
500.81088
500.89650
500.93370
500.97936
501.11094
501.20796
501.22980
501.26682
501.33084
501.34740
501.42990
501.63378
501.71700
501.85428
501.86130
501.92070
502.07094
502.13004
502.45134
502.48440
502.48902
502.67118
502.84038
502.87494
502.94238
502.96350
503.05716
503.10492
503.14062
503.14548
503.17524
503.32014
503.40042
503.45436
503.53158
503.67408
503.80740
503.94720
504.01734
504.04380
504.05880
504.16134
504.56808
504.74088
504.83640
505.01388
505.12128
505.22838
505.38966
505.49118
505.60902
505.90824
505.96248
506.13456
506.56860
506.63820
506.65986
506.84256
506.89530
507.02436
507.34614
507.38934
507.40566
507.45318
507.74190
508.02036
508.09656
508.12302
508.14972
508.47900
508.56342
508.69632
508.74504
508.75638
509.01894
509.02410
509.34282
509.35656
509.51748
509.60892
509.61936
509.68596
509.88630
509.98932
510.09702
510.25680
510.26808
510.43968
510.89532
510.96576
511.10922
511.24032
511.26612
511.29720
511.36674
511.50678
511.80690
511.97328
512.02644
512.08086
512.14380
512.21970
512.28342
512.30502
512.36442
512.37396
512.45052
512.52378
512.62698
512.64282
512.80260
512.81412
512.84130
512.85978
512.88408
512.95386
512.97624
513.05052
513.07386
513.24348
513.27000
513.36060
513.36714
513.37788
513.41442
513.50724
513.53190
513.55722
513.76764
513.79626
513.91404
513.92436
514.05372
514.11726
514.15320
514.19778
514.20348
514.25676
514.43682
514.44630
514.58892
514.59468
514.71744
514.77696
514.89480
515.06034
515.29086
515.29722
515.39370
515.40378
515.45532
515.48430
515.50062
515.54376
515.59128
515.66130
515.66676
515.72058
516.49242
516.76548
516.92178
516.92736
517.09140
517.20048
517.22742
517.38474
517.55892
517.80054
518.14866
518.21388
518.35818
518.44428
518.57166
518.63682
518.67924
518.78952
518.87238
518.90676
519.60210
519.77850
520.11912
520.24572
520.48218
520.59948
520.66926
520.75926
520.86156
521.02218
521.19510
521.26956
521.29050
521.69208
521.85264
521.86446
521.91216
522.00912
522.26676
522.31476
522.32862
522.55296
522.87864
523.20990
523.40358
523.41354
523.45044
523.52640
523.57230
523.97652
524.20218
524.44362
524.45352
524.56572
524.62008
524.67966
525.06528
525.07668
525.13704
525.19374
525.20382
525.30630
525.37656
525.38082
525.43974
525.63366
525.68100
525.68340
526.43772
526.45314
526.61508
526.99044
527.15580
527.32716
527.33298
527.34426
527.59086
527.72376
527.84754
527.90742
527.94426
528.41124
528.50466
528.53406
528.63078
528.86694
528.95190
529.11816
529.43460
529.71276
529.84764
530.03508
530.07582
530.12568
530.28144
530.34078
530.44770
530.67834
530.84184
530.88204
530.89794
530.97864
531.22524
531.43116
531.44514
531.84132
532.01316
532.01874
532.02450
532.02882
532.05966
532.09872
532.11456
532.25502
532.53906
532.79670
532.87176
532.89768
532.93242
532.98870
533.01534
533.21964
533.22510
533.22990
533.32914
533.39148
533.76786
533.83578
533.92674
533.93796
533.94354
533.94894
533.97936
534.00876
534.28668
534.45888
534.61302
534.71526
534.79584
534.91302
534.95898
535.10118
535.10622
535.14378
535.19868
535.20306
535.60608
535.72302
535.85640
536.02314
536.06316
536.11452
536.17962
536.23254
536.27292
536.50590
536.68056
536.88630
536.99670
537.00360
537.04968
537.08556
537.16566
537.20688
537.36420
537.73302
537.87594
537.93666
538.13010
538.18416
538.30722
538.31316
539.15436
539.19720
539.25618
539.62650
539.76018
539.79222
540.11424
540.11970
540.56442
540.77442
540.93996
541.03800
541.08396
541.16460
541.60776
541.63656
541.64790
541.69026
541.82910
541.86720
541.87782
541.94772
542.04450
542.33640
542.34114
542.66520
542.67180
542.79456
542.81844
543.06768
543.37428
543.71220
543.85122
544.03860
544.28112
544.53198
544.57806
544.60152
544.66590
544.70880
544.83228
544.93452
544.93926
545.05800
545.11332
545.20218
545.37864
545.67474
545.83950
545.97882
546.17292
546.20430
546.20928
546.46206
546.69276
546.80514
546.81618
546.96870
547.07898
547.11138
547.15302
547.19592
547.21218
547.39956
547.41120
547.41618
547.50726
547.52328
547.82892
548.26968
548.39220
548.56896
548.89038
548.96622
549.12696
549.24990
549.42678
549.44826
549.45360
549.70278
549.72696
549.90930
549.94938
550.00008
550.19358
550.44300
550.60608
550.61100
550.64586
550.68174
550.77720
551.51244
551.71524
551.95206
552.05382
552.09138
552.40122
552.55872
552.60510
552.84150
552.88488
552.94446
553.27074
553.41042
553.41564
553.42122
553.48494
553.57092
553.63518
553.68114
553.70466
553.73106
553.82820
553.95150
554.20554
554.51862
554.56842
554.57352
554.58900
554.63784
554.79576
554.84208
554.88924
555.12420
555.28152
555.38532
555.41490
555.42594
555.62418
555.62898
555.68118
555.78960
555.88542
556.13892
556.39620
556.41234
556.62168
556.71252
556.76064
556.77912
556.80348
556.81536
556.92174
557.07618
557.15250
557.29374
557.33400
557.38314
557.43582
557.55990
557.80590
557.82228
557.92962
558.50304
558.59916
558.92694
558.97506
559.02918
559.10334
559.26990
559.64004
559.90728
559.98948
560.13312
560.36364
560.36832
560.42784
560.43342
560.64720
560.77068
560.78700
560.87772
561.16686
561.36126
561.39744
561.54006
561.55050
561.71112
561.75156
561.76332
561.86436
562.06344
562.27206
562.31430
562.50816
562.73772
562.76538
562.78674
562.99110
563.01756
563.03112
563.16750
563.22108
563.38092
563.47812
563.49516
563.53236
563.53770
563.59602
563.73552
563.74698
563.77464
563.98452
564.38424
564.39510
564.40530
564.61806
564.66804
564.77142
564.85122
564.88794
564.98868
564.99540
565.09710
565.17162
565.23174
565.29588
565.30140
565.48836
565.68180
565.74564
565.85892
565.95450
566.13204
566.26050
566.32008
566.45496
566.92596
567.01218
567.07572
567.19140
567.24672
567.35562
567.42936
567.68670
567.82122
567.89652
568.63590
568.70220
568.74258
568.74882
568.75398
568.96254
568.97304
569.00238
569.05398
569.14470
569.21022
569.22036
569.33868
569.71350
570.00624
570.16404
570.32568
570.50682
570.51246
570.64332
570.90336
570.97584
571.05414
571.14708
571.33314
571.39308
571.40250
571.45050
571.53330
571.64346
571.68126
571.68636
571.80414
571.84722
571.97592
571.98624
571.99116
572.12142
572.20656
572.40024
572.41554
572.51238
572.55984
572.60484
573.01062
573.07014
573.28368
573.28866
573.56250
573.65940
573.66996
573.72936
573.79962
573.82020
573.92238
574.03404
574.17396
574.37730
574.42638
574.43190
574.43718
574.68348
574.71762
574.94082
575.20080
575.33736
575.40756
575.47668
575.48232
575.55780
575.64810
575.65902
575.91108
575.93328
576.21162
576.28734
576.55110
576.70386
576.73146
576.77436
576.79104
576.88764
576.90822
576.97746
577.17120
577.23792
577.31058
577.39188
577.57098
577.58922
577.73946
577.78836
577.87110
577.88394
577.95408
578.12064
578.15172
578.15796
578.32116
578.36148
578.41542
578.47128
578.52738
578.70462
578.75172
578.84418
578.87442
579.07902
579.10134
579.20778
579.41226
579.76116
579.92136
579.97542
580.19478
580.24842
580.42506
580.59030
580.72050
580.72530
580.73556
580.89144
580.89672
581.04756
581.10456
581.23968
581.28882
581.49210
581.84628
582.02352
582.14052
582.14646
582.21636
582.22158
582.28086
582.42714
582.50250
582.64476
582.92352
582.96672
582.98220
582.98820
583.26180
583.29654
583.30230
583.36842
583.43850
583.56846
583.69602
583.85154
583.98456
584.01174
584.10282
584.24256
584.37900
584.45634
584.88366
584.96670
585.01428
585.09576
585.14274
585.37392
585.50280
585.56706
585.58884
585.61260
585.65268
586.16748
586.23888
586.26276
586.26906
586.34982
586.47258
586.75686
586.77246
586.90728
586.93356
587.31978
587.52882
587.69592
587.93646
587.94744
587.96316
588.12912
588.14040
588.23664
588.56010
588.64362
588.77256
588.84312
588.97110
588.97662
589.12710
589.34106
589.37436
589.50120
589.62012
589.74870
589.81290
589.97322
589.99362
590.00076
590.07042
590.19726
590.45064
590.63010
590.66562
591.02472
591.05124
591.05658
591.26988
591.30090
591.43140
591.43716
591.64128
591.64668
591.67062
591.81990
591.89358
591.93018
592.02714
592.21464
592.26036
592.65882
592.79406
592.83654
593.06094
593.09442
593.15016
593.61432
593.75364
593.83296
594.02130
594.40740
594.44376
594.56862
594.61098
594.69774
594.94854
595.00776
595.01346
595.04766
595.11510
595.29444
595.40910
595.48050
595.69374
595.73658
595.87116
595.93080
595.96134
596.21430
596.32128
596.42250
596.43960
596.44500
596.53482
596.55186
596.57430
596.59482
596.69706
596.72280
596.77164
596.89494
596.92422
596.99112
597.36150
597.36690
597.38208
597.50364
597.76122
597.89778
598.18740
598.42830
598.70760
598.73850
599.13072
599.32902
599.36130
599.41182
600.27582
600.28284
600.29436
600.36420
600.36912
600.63786
600.66918
600.80838
600.94302
600.96462
601.05534
601.34472
601.63896
601.67226
601.71402
602.07366
602.34144
602.58864
603.09798
603.12540
603.48912
603.51654
603.78954
603.93930
604.01478
604.04064
604.33578
604.60944
604.66938
604.70022
604.78680
604.86222
604.91022
605.06580
605.12940
605.14182
605.15604
605.37654
605.39862
605.64858
605.67096
605.73702
605.76282
605.77296
605.97702
605.98248
606.12240
606.23946
606.29394
606.30312
606.53940
606.59892
606.65748
606.78642
606.79314
606.89988
607.18206
607.23180
607.35984
607.44588
607.48860
607.51098
607.68918
607.84314
607.94982
608.02572
608.03238
608.07252
608.27718
608.34618
608.35782
608.36280
608.40612
608.41836
608.45346
608.55018
608.55534
608.61534
608.62020
608.67312
608.85618
609.02844
609.15120
609.23640
609.32826
609.36972
609.37572
609.51582
609.57966
609.61542
609.61998
609.65586
609.76194
609.79398
609.89622
609.94908
609.99270
610.18200
610.22304
610.26546
610.38888
610.47042
610.52304
610.88274
610.93896
610.98966
611.00034
611.20956
611.44572
611.76738
611.84262
611.92296
611.94414
612.34638
612.58230
612.64632
612.68238
612.89886
612.90972
612.94650
613.13958
613.16688
613.35390
613.36590
613.54254
613.84236
614.04570
614.08008
614.17344
614.23884
614.34024
614.38014
614.43216
614.49618
614.57724
614.61960
614.69988
614.80626
614.86110
614.90340
614.98974
615.31134
615.36426
615.56316
615.63264
615.64938
615.81288
615.97584
616.04286
616.09908
616.44210
616.46400
616.46832
616.64646
616.87092
616.94634
617.03250
617.15016
617.19702
617.42310
617.49912
617.56302
617.80284
617.86278
618.00288
618.15786
618.21702
618.32934
618.41556
618.42054
618.46950
618.47448
618.66702
618.82308
618.84000
618.90930
618.91680
618.95196
619.06908
619.07310
619.14966
619.34880
619.41996
619.43382
619.46070
619.67550
619.87020
620.30640
620.49636
620.65368
620.89284
620.93964
621.12786
621.19278
621.19944
621.27306
621.39636
621.44910
621.57600
621.61092
621.63978
621.80922
621.93228
621.93732
621.94260
622.01214
622.08258
622.22964
622.54908
622.57584
622.64544
622.70538
622.82250
622.97214
623.17590
623.21592
623.33256
623.68020
623.75616
624.00954
624.07038
624.08694
624.11634
624.15666
624.23292
624.41712
624.63960
624.75972
624.87036
624.99378
625.06050
625.14258
625.20246
625.27230
625.37988
625.38966
625.42050
625.53852
625.66086
625.75974
625.92102
625.95336
626.01702
626.02314
626.17926
626.29620
626.36580
626.47350
626.51568
626.67222
626.98980
627.00372
627.02028
627.14274
627.30372
627.34656
627.38976
627.53508
627.59010
627.59916
627.77574
627.81030
628.07598
628.15662
628.22640
628.32210
628.47336
628.65048
628.70346
628.77348
629.67984
629.81346
630.27984
630.31698
630.43482
630.52062
630.57996
630.82074
631.11612
631.26060
631.45404
631.45920
631.58250
632.05404
632.05968
632.11320
632.19648
632.25690
632.52612
632.53116
632.61654
632.67648
632.79954
633.05196
633.07326
633.12024
633.22254
633.38028
633.42060
633.43698
633.54900
633.63786
633.64908
633.66294
633.94290
634.49286
634.53282
634.71348
634.72344
634.85394
634.97616
635.04648
635.13930
635.23392
635.27064
635.50680
635.58678
635.78262
635.90400
636.15588
636.30600
636.35376
636.38316
636.55188
636.64914
637.12620
637.24938
637.45950
637.89282
637.90338
637.97358
637.99392
638.15286
638.19288
638.21370
638.31588
638.32650
638.69610
638.72370
639.08268
639.13704
639.31302
639.50148
639.53256
639.69918
639.77988
639.83970
639.94638
640.23780
640.28316
640.28898
640.51956
640.58280
640.58940
640.70208
640.81680
640.94916
641.17956
641.31558
641.32968
641.34000
641.34996
641.58828
641.62350
641.62902
641.75316
642.02598
642.09012
642.16602
642.28944
642.38244
642.61584
642.66450
642.75546
642.77646
642.81972
642.88956
642.91074
642.91602
643.07616
643.08732
643.13598
643.17042
643.34460
643.37724
643.46298
643.65576
643.69932
643.76328
643.76850
643.89762
643.97724
643.98822
644.08482
644.16546
644.18622
644.19186
644.27310
644.44650
644.55156
644.68014
644.77608
644.92044
645.08250
645.10320
645.37980
645.40956
645.42036
645.51588
645.66036
645.78966
645.80628
645.84312
645.87036
645.88644
646.36254
646.38318
646.41660
646.43262
646.65342
646.65936
646.75524
646.81296
646.94256
646.95390
647.02248
647.14560
647.21544
647.47296
647.60166
647.60652
647.65626
647.72610
648.01986
648.04890
648.07332
648.30336
648.31518
648.32610
648.36654
648.93690
649.09230
649.15692
649.19286
649.24260
649.30632
649.60638
649.80018
650.22360
650.30934
650.33106
650.48112
650.57634
650.63634
650.64684
650.66292
650.82318
650.90994
651.07572
651.24708
651.31674
651.36534
651.41952
651.79380
651.83688
651.92262
651.95166
652.01280
652.06284
652.06818
652.25928
652.30878
652.34112
652.34664
652.35150
652.43214
652.45938
652.82304
653.18898
653.23014
653.45346
653.48886
653.66022
653.71320
653.78340
653.78946
653.88216
653.91234
654.03582
654.04632
654.09942
654.13656
654.14238
654.30378
654.40566
654.47964
654.74274
654.78306
654.92028
655.03728
655.41906
655.53690
655.67046
655.78332
655.78884
655.90638
656.02956
656.36268
656.43258
656.45274
656.50140
656.51802
656.52318
656.60922
656.80176
656.86620
657.01614
657.10188
657.24396
657.30060
657.34890
657.63294
657.69648
657.76128
657.76650
657.82776
657.86838
657.98676
658.00278
658.10934
658.12026
658.29252
658.42584
658.46916
658.65174
658.71564
658.90350
658.98954
659.05938
659.10474
659.10672
659.13978
659.14506
659.26290
659.27922
659.62992
659.64678
659.67588
659.69634
659.71824
659.84646
659.88672
660.13182
660.21258
660.22308
660.43194
660.53304
660.58626
660.86088
660.93558
661.09584
661.11252
661.26282
661.33200
661.48236
661.58970
661.71306
662.16282
662.21568
662.25390
662.27574
662.67744
662.72034
662.72580
662.88588
663.04242
663.05328
663.17202
663.19404
663.26292
663.27288
663.40308
663.54066
663.61542
663.64878
663.80352
663.80910
663.82560
664.12590
664.24356
664.32918
664.45278
664.54908
664.61286
664.78956
664.79586
664.82748
665.03640
665.14398
665.15916
665.35326
665.35902
665.40132
665.48196
665.48652
665.50332
665.67978
665.97942
666.30612
666.33966
666.40920
666.58602
666.74226
666.79518
667.07964
667.32600
667.63188
667.84074
667.91562
667.96506
668.05998
668.25312
668.33298
668.33868
668.41920
668.48934
668.59116
668.63586
668.80518
668.88084
668.88636
668.93952
668.99898
669.06264
669.10506
669.11682
669.12186
669.12744
669.15912
669.36276
669.37908
669.83658
670.19934
670.25904
670.48926
670.53678
670.75158
670.76808
670.88622
670.94532
670.96956
671.18622
671.35758
671.36838
671.60904
671.68980
671.74626
671.79984
671.85588
671.93232
672.13944
672.14598
672.15594
672.31812
672.46056
672.48948
672.51570
672.53676
672.54228
672.63942
672.71466
672.74124
673.04142
673.06236
673.13214
673.26558
673.46490
673.53924
673.76940
673.90878
673.94196
674.01048
674.17230
674.17734
674.18256
674.21208
674.24208
674.37642
674.40306
674.59560
674.60652
674.61762
674.73432
675.19596
675.30090
675.62022
675.63588
675.74886
675.95730
676.23642
676.30632
676.38870
676.52238
676.74228
676.89588
676.94994
677.04570
677.12154
677.13168
677.38914
677.40492
677.42892
677.46492
677.67900
678.10290
678.10830
678.17784
678.30588
678.32166
678.44568
678.68598
678.72882
678.78252
678.83142
678.89580
678.93264
679.04562
679.19232
679.19544
679.37250
679.40490
679.42656
679.71504
679.92504
679.97238
680.04204
680.05866
680.27886
680.29962
680.97000
681.11484
681.34824
681.49044
681.49584
681.50622
681.51180
681.53898
681.58632
681.74796
681.83910
681.84924
682.02630
682.14936
682.27218
682.35264
682.42860
682.58388
682.61460
682.84662
682.85208
683.13300
683.16870
683.27514
683.29170
683.39952
683.44170
683.47620
683.83260
683.90454
683.98878
683.99964
684.09084
684.21924
684.30456
684.38538
684.47100
684.49566
684.57858
684.63174
684.70722
685.10886
685.19490
685.30824
685.37214
685.58130
685.78554
685.88640
685.89162
686.03148
686.08572
686.22480
686.27136
686.31570
686.32128
686.40120
686.50302
686.66478
686.90466
687.04488
687.12156
687.16206
687.23232
687.49530
687.55932
687.58554
687.59088
687.65556
687.73116
687.81132
687.82182
687.88146
687.94524
688.00986
688.11162
688.20846
688.26174
688.33134
688.34754
688.48740
689.04492
689.13534
689.20926
689.27484
689.29128
689.43804
689.52072
689.66550
689.72046
689.91858
690.04716
690.05766
690.09246
690.14838
690.40776
690.41166
690.60462
690.63546
690.64116
690.64716
690.72810
690.79806
690.90462
690.92178
691.07064
691.09788
691.14078
691.17060
691.17768
691.27536
691.32792
691.41402
691.47888
691.59078
691.69848
691.92330
692.11638
692.19120
692.25162
692.43732
692.47074
692.47602
692.60454
692.65770
692.70048
692.86626
692.94780
692.95830
692.96346
692.96844
693.13470
693.51540
693.56400
693.63828
693.70920
693.81600
693.82128
694.01472
694.12134
694.23906
694.44378
694.79202
694.88802
694.89366
694.95756
695.01054
695.05098
695.05620
695.17800
695.22510
695.29554
695.30124
695.31114
695.34684
695.37612
695.47170
695.51046
695.60700
695.65458
695.78298
695.79396
695.85876
695.92284
696.04032
696.05130
696.18024
696.24438
696.43740
696.51168
696.51792
696.56058
696.58758
696.74352
696.80118
696.81780
696.86094
696.98424
697.16118
697.17114
697.19376
697.25124
697.26330
697.30068
697.50414
697.52100
697.63782
697.64406
697.89018
697.96608
698.01300
698.22756
698.29788
698.66082
698.87082
699.05400
699.17106
699.17718
699.22056
699.27366
699.70812
699.73434
699.83718
699.84258
700.22328
700.29210
700.54356
700.62960
700.80660
700.88724
701.00010
701.08044
701.14986
701.20386
701.20974
701.42364
701.45004
701.50974
701.63898
701.83674
701.88948
702.08370
702.19590
702.36738
702.37296
702.46380
702.72666
702.76968
702.79656
702.96732
703.11708
703.12266
703.24134
703.32192
703.45032
703.45602
703.60008
703.61676
703.63182
703.80612
704.03424
704.05002
704.05614
704.32386
704.32914
704.38302
704.39400
704.44284
704.51730
704.52264
704.77902
704.87886
704.90280
704.98146
705.02652
705.03684
705.05310
705.17568
705.40206
705.41850
705.43302
705.60030
705.66960
705.70194
705.80370
705.97560
706.05582
706.07220
706.11924
706.19544
706.23810
706.27602
706.28112
706.29648
706.34532
706.37244
706.49550
706.56222
706.75872
706.82826
706.86450
706.96638
707.05314
707.34504
707.53986
707.58288
707.58876
707.70924
707.72820
707.75550
707.89950
707.95386
708.04938
708.09504
708.40434
708.41958
708.43110
708.49470
708.53244
708.62922
708.67176
708.77838
708.92964
708.97782
709.08996
709.12806
709.15482
709.17054
709.27812
709.39506
709.40592
709.67520
709.93242
709.94226
710.00778
710.04450
710.28240
710.35812
710.37114
710.41128
710.42508
710.68776
710.70456
710.72532
710.76114
710.80068
710.90400
710.91822
710.94558
711.05430
711.10074
711.28206
711.29436
711.33690
711.36822
711.39528
711.49134
711.59472
711.90552
711.95802
712.07736
712.11354
712.20552
712.32294
712.32828
712.38702
712.70406
712.94832
713.10048
713.29368
713.36418
713.39460
713.58822
713.59386
713.68434
713.75994
713.92338
714.08712
714.20976
714.27408
714.30108
714.63420
714.66528
714.71430
714.76014
714.79464
714.89688
714.99324
715.04640
715.25040
715.29054
715.30326
715.38354
715.43250
715.49706
715.63650
715.64694
715.67370
715.87752
715.94730
715.95306
716.01936
716.09724
716.13726
716.36016
716.37006
716.37606
716.41578
716.60682
716.71218
716.72436
716.88192
716.88762
716.91192
716.92332
716.95968
716.97036
716.99268
717.01656
717.14238
717.17526
717.21648
717.22098
717.27096
717.31650
717.38916
717.44214
717.57660
717.67290
717.68946
717.77028
718.18242
718.25328
718.32774
718.40868
718.64316
718.65984
718.87980
718.94952
718.97484
718.98006
719.02944
719.03514
719.08914
719.14788
719.15202
719.28666
719.29248
719.30916
719.43192
719.44296
719.51256
719.51832
719.64558
719.69982
719.72172
719.79120
720.00558
720.29550
720.41226
720.48738
720.55254
720.60138
720.69216
720.74112
720.77178
720.77694
720.83070
720.91212
721.07424
721.20108
721.29288
721.29828
721.39092
721.60830
721.62510
721.65762
721.99128
722.18820
722.23590
722.24148
722.33142
722.33730
722.36478
722.39184
722.48754
722.61132
722.63784
722.99514
723.06144
723.15792
723.17100
723.20106
723.47442
723.62982
723.68370
723.70008
723.74736
723.87054
724.04304
724.08288
724.12326
724.20402
724.47198
724.58970
724.91064
725.21664
725.39388
725.42016
725.42694
725.64576
725.86038
725.89170
725.91966
726.02640
726.13272
726.20316
726.31602
726.39642
726.43908
726.62088
726.65268
726.73926
726.86292
726.92670
726.93234
726.94920
727.00974
727.23876
727.63986
727.79898
727.80594
727.84890
727.92954
728.02488
728.17626
728.33208
728.34258
728.39292
728.44866
728.53044
728.53524
728.61630
729.07158
729.09294
729.17910
729.19446
729.27558
729.30222
729.32886
729.36156
729.41940
729.45462
729.50604
729.61854
729.68778
729.70884
729.81672
729.89196
730.23492
730.33158
730.34238
730.38486
730.47096
730.72836
730.77060
730.89960
730.97490
731.08734
731.09760
731.15238
731.30154
731.36568
731.49480
731.49900
731.65284
731.84358
731.87532
731.90232
731.98428
732.02790
732.14352
732.23910
732.55602
732.63666
733.04304
733.14060
733.28034
733.31712
733.36494
733.41972
733.67694
733.68738
733.72446
733.77276
733.85934
733.93368
734.10054
734.14662
734.18088
734.27742
734.41686
734.43300
734.50266
734.58330
734.66916
734.69028
734.79048
734.94738
735.00888
735.08610
735.10320
735.17328
735.17796
735.68712
735.75210
735.84474
735.85842
735.89952
735.96612
736.05228
736.05636
736.22550
736.25562
736.31622
736.33596
736.36260
736.38978
736.70940
736.75938
737.17440
737.46222
737.56890
737.59350
737.62866
737.75160
737.96622
737.99220
738.08364
738.08934
738.14238
738.19140
738.29250
738.36852
738.43212
738.54468
738.59898
738.80400
738.86682
739.08594
739.24176
739.62150
739.64340
739.70814
739.89060
739.90722
739.96536
740.02482
740.09430
740.20170
740.23404
740.26278
740.29806
740.30850
740.66838
740.69430
740.70522
740.77482
741.01104
741.12756
741.31086
741.63822
741.88818
741.90684
741.95436
741.95988
742.01418
742.14408
742.17438
742.28724
742.29276
742.36410
742.38348
742.41066
742.70004
742.72122
742.86036
743.07012
743.26206
743.27838
743.38068
743.61084
743.67582
743.84712
743.85252
744.07266
744.21156
744.21732
744.36144
744.38286
744.39318
744.40434
744.43728
744.44292
744.66750
744.72636
744.73176
744.78534
744.83334
744.98376
745.20366
745.36962
745.56816
745.77204
745.79886
745.97580
745.98654
746.07204
746.12574
746.37210
746.37750
746.44746
746.58684
746.68320
746.85498
746.86542
746.91288
746.99370
747.00504
747.08214
747.09564
747.36990
747.37530
747.39588
747.73914
747.81960
747.86784
747.93282
748.26012
748.35582
748.55994
748.74804
748.80096
749.04162
749.11188
749.37480
749.68878
749.70156
749.72856
749.74122
749.89470
749.90010
749.91582
750.00096
750.13554
750.26466
750.38742
750.40398
750.40914
750.41466
750.60204
750.60762
750.61854
750.92940
751.17582
751.27128
751.47660
751.49262
751.52436
751.60488
751.66410
751.88304
751.90494
752.09220
752.17122
752.24820
752.42526
752.43024
752.53764
752.59680
752.60220
752.66064
752.69052
752.82660
752.86998
752.87568
752.91480
753.07986
753.08664
753.14064
753.15126
753.33732
753.43290
753.49200
753.52680
753.57714
753.87840
754.06620
754.07052
754.08702
754.23762
754.37070
754.41312
754.41924
754.68192
754.82706
754.83690
754.93086
754.97694
755.24604
755.35674
755.37372
755.46996
755.49654
755.51712
755.54598
755.59146
755.69592
755.72256
755.80302
755.82426
755.87160
755.95320
756.02268
756.07026
756.66642
756.72234
756.94980
756.99282
757.04574
757.10028
757.36866
757.40010
757.48572
757.57596
757.77540
757.84980
757.86210
757.92612
757.97328
758.01924
758.05494
758.26236
758.33898
758.45124
758.70264
758.81034
758.81598
759.56592
759.65220
759.75876
760.23102
760.25208
760.38102
760.48812
760.56900
760.64946
760.65510
760.67130
760.91244
761.15850
761.24442
761.30862
761.59206
761.62170
761.71092
761.89926
761.91492
762.03198
762.05394
762.11856
762.32760
762.36852
762.43404
762.45606
762.49728
762.57888
762.58500
762.60846
762.69408
762.70158
762.78762
763.06194
763.12620
763.30794
763.32474
763.35144
763.54404
763.54902
763.62486
763.67754
763.70592
763.88760
763.95132
764.01078
764.03226
764.04348
764.11824
764.19498
764.24658
764.50422
764.57412
764.71362
764.76102
764.78352
765.05592
765.20664
765.39360
765.54390
765.57066
765.66156
765.68346
765.68916
765.76446
765.88734
765.89814
766.18134
766.24140
766.33722
766.34316
766.39788
766.59420
766.60002
766.63710
766.64814
766.66446
766.73424
766.85142
766.87422
766.91100
766.96248
767.01324
767.05026
767.12034
767.13144
767.22684
767.40924
767.47926
767.53350
767.60328
767.92380
767.92968
767.95080
768.05256
768.13860
768.15012
768.17382
768.18708
768.20982
768.25728
768.26292
768.30354
768.43416
768.44442
768.48732
768.80394
768.87024
769.10946
769.20048
769.21104
769.21710
769.32348
769.32936
769.38834
769.44306
769.65978
769.73670
769.80690
769.86000
769.95708
769.98828
770.01546
770.30502
770.31606
770.37402
770.41728
770.47662
770.65332
770.84034
770.99550
771.03648
771.06618
771.08268
771.10716
771.14730
771.42018
771.48996
771.66126
771.73662
771.74694
771.79542
771.83784
772.07892
772.09560
772.24590
772.30986
772.34724
772.56246
772.57308
772.64736
772.65294
772.77624
772.79268
772.79760
772.88358
772.95294
773.13606
773.28516
773.37108
773.37666
773.51100
773.61324
773.63346
773.69334
773.70972
773.79018
773.82666
773.83272
773.90778
773.97726
773.99358
774.11682
774.27168
774.29352
774.40638
774.42270
774.45684
774.59400
774.59994
774.66942
774.71622
774.76368
774.92616
774.96330
775.02312
775.11408
775.24230
775.34964
775.36026
775.87008
775.90686
775.91736
775.97130
776.02302
776.16966
776.18088
776.20236
776.21790
776.28318
776.29386
776.33022
776.45922
776.68392
776.83020
776.85054
777.24696
777.89694
777.93336
778.15896
778.18584
778.26030
778.33620
778.55634
778.69224
778.71648
778.78074
778.81680
778.86384
778.88322
778.94658
779.09250
779.25252
779.42976
779.66616
779.82678
779.88042
779.89596
780.00888
780.03594
780.09324
780.15882
780.27612
780.30924
780.49662
780.66540
780.71670
780.81282
780.87678
781.11936
781.45620
781.51566
781.76160
781.84236
781.87380
781.94472
781.97598
782.08308
782.10450
782.30286
782.31930
782.44770
782.50224
782.66658
782.72640
782.98944
783.08916
783.11844
783.37590
783.47244
783.60564
783.67014
783.84210
783.85884
784.00326
784.09920
784.19514
784.24956
784.26498
784.28700
784.37766
784.39962
784.74624
784.79622
784.80630
784.86600
785.08008
785.08584
785.15880
785.16606
785.22246
785.41308
785.42286
785.50896
785.60592
785.63724
785.71884
785.98038
786.06918
786.13668
786.20622
786.32352
786.33966
786.43716
786.44208
786.45876
786.46374
786.53382
786.64620
786.70962
786.93552
787.03704
787.21980
787.39656
787.43730
787.44468
787.65600
787.73928
787.99182
788.04474
788.05572
788.11494
788.17332
788.24964
788.29188
788.35572
788.55960
788.65968
788.90556
788.97564
788.99910
789.28902
789.37500
789.38520
789.92220
789.94254
789.95562
789.97512
790.09260
790.20828
790.28556
790.37760
790.67214
790.68246
790.95840
791.00856
791.28894
791.39586
791.47326
791.49792
791.61540
791.90514
791.91534
792.05508
792.12498
792.20556
792.21126
792.24570
792.31278
792.36114
792.49524
792.61872
792.80538
792.87588
792.93480
792.97164
793.14870
793.31064
793.46034
793.51968
793.52496
793.84842
793.88382
793.97172
794.00646
794.03856
794.21088
794.26410
794.53176
794.74116
795.21804
795.52428
795.64728
795.65856
795.69846
795.81414
795.99834
796.22142
796.24206
796.36506
796.41912
796.46490
796.55406
796.87440
796.90734
796.95096
796.96104
796.96644
797.07900
797.24526
797.25078
797.54496
797.56356
797.73780
797.93130
797.95842
797.99562
798.03114
798.08088
798.10272
798.26424
798.37140
798.38148
798.99816
799.06446
799.18764
799.29264
799.30434
799.37364
799.39470
799.48548
799.57656
799.65834
799.66338
799.86720
800.25732
800.31708
800.40714
800.41206
800.45664
800.56902
800.57466
800.67108
800.70804
800.72478
800.82078
800.88546
800.96544
801.06798
801.07818
801.35160
801.38742
801.51816
801.60408
801.82980
802.03758
802.14006
802.20690
802.25766
802.28160
802.32444
802.37064
802.68738
802.76844
802.81032
802.88724
803.00784
803.01366
803.09622
803.19108
803.23344
803.35656
803.58750
803.68980
803.75376
804.00618
804.39684
804.45636
804.47754
804.56358
804.76662
804.82032
804.83682
804.90618
805.00116
805.09986
805.16358
805.19082
805.29714
805.37274
805.60338
805.97334
806.05344
806.12040
806.27922
806.38062
806.40744
806.42406
806.47080
806.53038
806.54700
806.61636
806.65380
806.77296
806.93808
806.95950
806.99694
807.00834
807.22266
807.22728
807.24354
807.39960
807.41016
807.52746
807.77502
807.78024
808.05312
808.22940
808.57266
808.58652
808.72662
808.85700
809.08284
809.10366
809.16318
809.17962
809.22006
809.29680
809.31282
809.44422
809.47962
809.73750
809.74362
809.86284
809.87292
809.99916
810.01050
810.14346
810.21984
810.22962
810.58944
810.66990
810.76554
810.77064
810.81984
810.90552
810.92226
811.10676
811.31304
811.36644
811.43646
811.46310
811.88214
811.93476
811.94034
812.06946
812.45532
812.80032
812.81418
812.91012
812.93238
812.94330
812.98566
813.00408
813.04986
813.35568
813.36672
813.59106
813.71532
813.90498
813.95058
814.06272
814.18380
814.20786
814.27224
814.30746
814.31256
814.45950
814.46556
814.52256
814.55268
814.59942
814.69590
814.76274
814.83852
814.96890
814.98564
815.05014
815.07612
815.63346
815.71458
815.84328
815.95980
816.12258
816.25644
816.26676
816.33192
816.37866
816.52914
816.84582
816.88572
816.92184
817.11888
817.25838
817.33878
817.53816
817.61910
817.69266
817.70934
817.85928
817.88574
817.90704
817.99266
818.00904
818.06844
818.19096
818.45430
818.56224
818.84568
818.94192
818.95236
818.98296
819.11412
819.18882
819.21480
819.33336
819.37134
819.54264
819.56904
819.79974
819.95526
820.16430
820.25184
820.59546
820.62540
820.69020
820.69524
820.77390
820.96848
820.98486
821.09214
821.16222
821.23158
821.27850
821.28480
821.56338
821.67102
821.73504
821.79408
821.81424
821.84226
821.84814
822.00414
822.00888
822.07356
822.20202
822.34500
822.39492
822.40542
822.46446
822.52842
822.57726
822.58302
822.67818
822.83766
822.90402
823.04472
823.34376
823.36044
823.37106
823.39188
823.51536
823.52094
823.61160
823.65852
823.85160
823.97124
823.98696
823.99224
824.07816
824.18466
824.36112
824.39448
824.92524
824.97468
825.04368
825.20412
825.22782
825.29466
825.42498
825.54750
825.70230
825.81408
826.01094
826.20108
826.35090
826.49718
826.73724
826.83984
826.99740
827.00364
827.13456
827.18238
827.50092
827.54136
827.65986
827.73474
827.88684
828.12030
828.24342
828.28398
828.31872
828.51756
828.53712
828.71052
828.75348
828.75792
828.81738
828.88206
828.89832
828.98430
829.01070
829.09092
829.22490
829.31076
829.32738
829.37430
829.43418
829.43928
829.44426
829.47696
829.49118
829.55730
829.59840
829.71852
829.73424
829.80444
829.91076
829.92738
829.99692
830.45748
830.51748
830.64738
830.68344
830.72478
830.76954
830.89824
830.93496
831.05304
831.08010
831.28374
831.33756
831.50298
831.54366
831.55734
831.66474
831.68646
831.69078
831.74700
831.83628
831.99084
832.01958
832.02630
832.06056
832.07238
832.13634
832.25382
832.41468
832.45758
832.52238
832.53636
832.64034
832.75038
832.75746
832.83870
832.91352
833.09052
833.16006
833.67936
833.81928
833.83062
833.95980
833.98026
834.30672
834.39612
834.43074
834.52956
834.60648
834.64008
834.81000
834.81648
834.96660
835.04718
835.24002
835.25106
835.25694
835.32654
835.39008
835.46004
835.51908
835.52946
835.60986
835.66338
835.66914
835.70376
835.73850
835.90716
835.95900
836.00220
836.10366
836.28660
836.33286
836.40870
836.60220
836.63970
836.73612
836.76264
837.00984
837.04698
837.31992
837.37932
837.43272
837.69888
837.84942
837.86610
838.03806
838.29546
838.32906
838.37136
838.38780
838.66584
838.67628
838.97658
839.16438
839.34168
839.52336
839.57280
839.57766
839.63178
839.64174
839.74950
840.16206
840.23646
840.24270
840.28254
840.37614
840.53262
840.64950
840.66564
840.77106
840.80580
840.85278
841.14264
841.23948
841.29894
841.74270
842.16210
842.20944
842.28546
842.41416
842.50944
842.59536
842.61150
842.91816
842.97588
843.11598
843.19890
843.41604
843.96546
844.05612
844.29534
844.35594
844.45164
844.48512
844.60152
844.62258
844.67886
844.96560
844.98594
845.15298
845.18016
845.32596
845.37906
845.48010
845.49636
845.65206
845.67834
845.73222
845.83974
845.87562
845.89242
845.96316
846.03294
846.33228
846.35922
846.61200
846.67578
846.71610
846.82596
846.88956
846.93006
846.99702
847.01838
847.29546
847.42320
847.43484
847.53042
847.81284
848.14884
848.23026
848.25918
848.30616
848.35902
848.40204
848.48220
848.67564
848.73480
848.90046
848.96352
848.98230
849.04506
849.09930
849.26568
849.42060
849.42564
849.52098
849.52548
849.72576
849.80136
849.81264
849.90294
849.93228
850.02078
850.20900
850.31556
850.34262
850.38570
850.40208
850.53228
850.64238
850.75860
851.07222
851.10126
851.11548
851.12070
851.30802
851.32908
851.35626
851.40906
851.41560
851.53236
851.71566
851.86572
851.87556
851.96544
852.07998
852.42276
852.48930
852.54480
852.56556
852.57486
852.65886
852.80886
852.81966
852.84198
852.95418
853.03506
853.21338
853.21812
853.25916
853.28910
853.41828
853.90266
854.11818
854.37522
854.41794
854.46468
854.53908
854.57262
854.61576
854.67540
854.74878
854.76558
854.82546
854.86788
855.04494
855.18474
855.18948
855.30210
855.51150
855.52242
855.57570
855.80844
855.82536
855.86550
855.87576
855.97746
855.98340
856.06548
856.23024
856.35882
856.41150
856.43898
856.57302
856.75554
856.89480
856.90578
856.96536
856.99116
857.28582
857.31654
857.39250
857.39862
857.44626
857.46834
857.59680
857.87502
858.04212
858.09882
858.17562
858.30258
858.38496
858.47520
858.66348
858.70380
858.79230
858.83478
858.95376
858.95880
859.06554
859.26510
859.32462
859.36530
859.48944
859.56534
859.59630
859.66536
859.69344
859.75140
859.84806
860.12220
860.13768
860.20236
860.37204
860.44860
860.52936
860.63166
860.65530
860.81370
860.92548
861.02820
861.06528
861.09198
861.24186
861.47238
861.57456
861.60174
861.68178
861.75252
862.01328
862.16898
862.32492
862.47546
862.62510
862.66788
862.85106
862.99218
863.02206
863.08176
863.79468
863.80560
863.87154
863.91804
863.96526
863.98200
864.01128
864.21762
864.26196
864.39468
864.40596
864.47520
864.53448
864.55110
864.77532
864.87180
864.95220
865.05372
865.14018
865.24410
865.26126
865.41900
865.45860
865.57464
865.67508
865.74480
865.91292
865.93362
866.02992
866.05638
866.07048
866.15844
866.32980
866.36802
866.70876
866.77008
866.80818
866.84520
866.85540
866.93172
866.96796
867.02220
867.32226
867.39198
867.71328
867.78822
867.86322
868.16880
868.35162
868.38870
868.45380
868.54434
868.60254
868.62498
868.63182
868.76352
868.77540
868.86102
868.90548
869.00094
869.00460
869.01126
869.04228
869.11788
869.19846
869.33580
869.37018
869.38590
869.45568
869.62566
869.63190
869.69646
869.84196
869.96532
870.02982
870.04146
870.15846
870.27048
870.45858
870.50622
870.60828
870.66150
870.71142
870.88230
870.88764
870.93000
870.96564
871.14888
871.21878
871.23054
871.24518
871.35864
871.40154
871.47672
871.50600
871.57890
871.64850
871.87398
871.88520
871.93236
871.98630
872.24886
872.26146
872.34486
872.47428
872.53506
872.61402
872.69868
872.98920
873.13908
873.31566
873.47238
873.48216
873.74496
873.92202
874.13634
874.15248
874.25922
874.27560
874.39326
874.41516
874.61856
875.00916
875.07900
875.11170
875.24880
875.27268
875.37468
875.41710
875.71206
875.85594
875.86842
875.91564
875.97510
876.02862
876.07170
876.13506
876.15168
876.22362
876.25908
876.28512
876.48468
876.50316
876.53244
876.54876
876.76854
876.80640
876.96162
876.96672
877.05612
877.13274
877.35258
877.60470
877.63944
877.74936
877.78200
877.89270
877.96434
878.08626
878.16234
878.26872
878.32890
878.43564
878.45712
878.53782
878.62896
878.63964
878.69910
878.70936
878.90772
879.06900
879.09000
879.15966
879.21888
879.39540
879.59976
879.61608
879.70062
879.70620
879.92316
879.94308
879.98550
880.04982
880.16274
880.25574
880.37538