0.49630
1.19068
1.20364
1.92700
1.92976
2.34364
2.43598
3.48004
3.94270
4.06708
4.79398
4.99414
5.11060
5.89864
6.05794
6.24700
6.42262
6.43912
6.56752
6.65050
6.65326
6.93406
7.13692
7.24108
7.25740
7.46758
8.36500
8.51740
9.14440
9.58690
9.62794
9.64456
9.69736
10.14142
10.15798
10.20358
10.65646
10.69462
10.72498
10.73218
11.35390
12.13264
12.23728
12.38740
12.46162
12.72838
12.95410
13.28740
13.49794
13.57840
13.69810
13.70002
13.73128
13.82080
14.03134
14.91868
14.99548
15.50284
15.87124
15.88168
16.46512
16.46806
16.47898
16.58320
16.58584
16.59868
16.63804
16.64566
17.40484
18.00964
18.18844
18.64270
18.66922
19.13860
20.06308
20.48374
20.97646
21.61330
21.64672
21.67894
21.94660
21.97402
22.12240
22.20580
22.68934
23.11054
23.83960
23.88064
24.01384
24.26404
24.46684
24.74728
25.25944
25.26310
26.05696
26.12092
26.25304
26.27518
26.27782
26.28118
26.67802
27.10078
27.13150
27.70726
28.08442
28.28818
28.41928
28.42162
28.58164
29.55766
29.85784
30.16828
30.27448
30.62464
31.58512
31.64914
32.61316
32.61568
32.75218
32.76598
33.10612
33.11884
33.83722
34.25230
34.35238
34.44466
34.99852
35.12284
35.38306
36.50890
37.17562
37.35898
38.12734
38.91052
38.94892
38.95186
39.26368
39.28342
39.31966
39.60022
39.73342
39.85438
39.90022
39.91198
40.17358
40.30270
40.32736
40.33054
40.34422
40.81978
41.00314
41.08510
41.10928
41.51980
42.36982
42.38062
42.45946
42.65056
44.02612
44.06956
44.64268
45.35692
45.35956
45.36712
45.36982
45.38344
46.86682
46.91704
47.56978
48.17758
48.71584
49.13770
49.66258
49.66948
49.67860
49.68628
49.75924
49.94260
50.04256
50.37568
50.99230
51.73330
52.26940
52.86628
53.25412
53.66614
53.67532
53.68594
54.03184
54.04666
54.05650
54.09838
54.19198
55.44166
55.44454
56.51866
56.73904
56.74132
57.03214
57.15190
57.37018
57.87616
58.23208
58.36828
58.58218
58.66534
58.85260
58.94392
59.02456
59.65756
60.07516
60.08194
60.24088
60.83044
60.87382
61.59352
61.70092
61.80472
61.90996
61.93588
61.95070
61.95436
62.08126
62.20714
62.22376
62.30674
62.31448
63.11452
63.15178
63.48112
63.85684
63.89290
64.13122
64.48084
66.28078
66.33970
66.34252
66.82300
66.82960
66.83350
67.47424
68.09242
68.09986
68.44222
69.05002
69.58954
69.92938
70.17052
70.38496
72.09694
72.15604
72.76360
73.14706
73.20598
73.25590
73.82272
73.93306
74.31634
74.64964
75.19366
75.55570
75.60844
75.98278
75.99658
76.00558
76.01980
76.76602
77.34664
77.62684
78.11944
78.12214
78.17224
78.37864
79.27216
79.28266
79.55542
79.95544
80.00548
80.64316
81.22648
81.26962
81.62974
81.66016
82.95544
82.97968
83.23858
83.30800
83.32966
83.67676
83.98246
84.13864
87.45586
87.78292
88.02694
89.19070
90.72436
91.54720
91.80874
92.05660
92.83978
92.94628
93.36670
93.85024
93.87148
93.89872
94.23988
94.35034
94.36816
94.64458
94.67098
94.76416
95.10172
95.32084
95.87602
96.00442
96.04150
97.71736
98.14690
98.48422
98.65984
99.88180
99.89092
99.90106
100.22836
100.72300
100.83154
100.99864
103.22440
103.83850
104.04112
104.34886
104.38498
104.42464
104.67718
104.93506
105.10174
105.21844
105.28222
105.36568
105.43228
105.50788
105.51568
105.52468
105.58234
105.59902
105.61846
105.64900
105.66856
105.69898
105.71074
106.11076
106.14892
106.81588
106.93246
107.02750
107.43910
107.46586
107.59594
107.94928
107.96602
107.98252
108.05590
108.41596
108.50212
108.56296
108.58264
108.67258
108.69928
109.24444
109.55242
109.55746
109.80844
111.50866
111.76114
111.88714
112.50256
112.91614
112.93282
112.98970
112.99948
113.00644
113.01616
113.06896
113.08282
113.09950
113.11618
113.41636
113.59480
114.01150
114.19672
114.81010
114.82294
115.86160
116.14996
116.20888
116.38306
116.50906
116.73334
118.97332
119.13028
119.13352
119.19016
119.19274
119.98366
121.50328
121.78384
123.21748
123.55354
123.57004
123.95062
124.04032
124.05772
124.78414
125.30704
125.53414
125.58412
126.13096
126.22654
126.56002
127.00756
127.09090
127.10098
127.23424
127.26088
127.69594
128.05984
128.11750
128.55994
128.56738
129.23710
129.32362
129.35710
129.86272
130.37656
130.91272
130.93126
132.11740
132.12940
132.14602
132.15088
132.32662
132.46762
132.47050
132.83416
133.35172
133.67212
134.03428
134.40358
134.61094
134.70088
135.15736
135.20482
135.34348
137.06260
137.64832
137.68684
137.98066
138.02392
138.21736
138.36724
138.44404
138.57022
138.72640
138.83824
139.43404
139.54312
139.68400
140.45710
140.46736
140.52634
140.75962
140.97130
140.98090
141.16732
141.58060
142.50952
142.77604
143.34562
143.35048
143.76994
143.89054
145.42150
145.72606
146.95672
147.08638
147.45052
147.55702
148.47094
148.51972
148.80322
149.29282
149.33032
149.57878
149.76214
149.91040
149.93368
150.06700
150.15010
150.38356
150.70036
151.19272
151.37602
151.75456
151.94704
152.45314
152.80948
153.69802
153.76984
154.73374
155.39278
156.02896
156.21382
156.58648
156.66700
157.11676
159.67522
159.68680
160.11616
160.57888
160.66732
161.19814
161.29288
161.56732
161.79304
161.85952
162.07114
162.13276
162.39292
162.67372
163.00960
163.06726
163.11730
163.23094
163.54294
163.75336
163.84576
164.03374
164.19310
164.22646
165.00964
165.25972
165.54052
166.11130
166.26730
166.52020
166.79284
166.92904
167.13670
167.28382
168.10510
169.17010
169.27612
169.28392
169.28668
169.60960
170.00710
170.04064
170.35060
170.62642
171.22876
171.32614
171.55330
171.99286
172.28668
172.41988
172.59292
172.87336
173.45458
173.73352
174.06592
174.48382
174.53050
175.43638
175.47604
175.75024
176.15920
176.66692
176.68240
176.70928
177.78352
177.86686
177.96964
178.55284
178.55476
178.88350
178.99510
179.01364
179.36950
180.01966
180.32578
180.33340
180.70006
181.08040
181.08334
181.09288
181.90000
182.17846
182.27596
182.38312
182.40274
182.46664
182.50432
182.85904
182.86654
182.99986
183.08344
183.16342
183.24670
183.65896
183.84994
183.93604
183.96640
184.44982
184.52062
184.68712
185.21656
185.34760
185.41306
187.41934
187.60282
187.61560
187.69690
187.70914
187.72564
188.04886
188.32336
188.38600
188.43322
188.69668
188.70886
188.86546
189.26656
189.29290
189.31942
189.36670
190.83340
191.13610
191.70910
191.76946
192.30010
192.31366
192.31558
192.34540
193.11178
193.12330
193.30930
193.34518
193.75006
193.99996
194.34256
194.91658
195.35896
195.54706
195.54928
195.58606
196.19242
196.51348
197.03320
198.00256
198.04966
198.05644
198.38290
198.73738
198.89854
198.95866
199.24972
199.69498
199.90468
199.97968
200.61118
201.37774
201.38548
202.34146
202.53790
203.01064
203.03620
203.92726
204.09376
204.16546
204.17548
204.35152
204.37684
204.42868
204.44884
204.82198
205.09198
205.56496
205.87396
206.43154
210.13684
210.13978
211.25854
211.46998
211.48912
211.99030
212.13916
212.32990
212.47216
212.99776
213.83842
214.16536
214.17226
214.33222
214.40770
214.46530
214.47148
214.85224
215.08186
215.51494
216.76474
217.12858
218.07064
218.12800
218.86144
219.05044
219.30334
219.49720
219.84316
220.08040
220.22644
220.24402
220.46464
220.68646
221.44366
221.89366
222.00262
222.79756
222.92362
223.63540
223.75204
224.10460
224.30182
224.66836
224.77594
225.08758
225.37558
225.37996
225.68722
226.26916
226.60108
226.74208
227.07994
227.09866
227.14138
227.17798
227.29174
227.33860
227.35078
227.56996
227.58406
227.60092
227.68396
227.74456
227.74798
227.76268
227.96818
227.98186
228.30046
228.55048
228.82750
229.17742
229.40182
229.53622
230.30254
230.49094
231.21634
231.24076
231.41368
231.55624
232.18570
232.22374
232.79302
232.85578
233.10964
233.84662
234.21592
234.21820
234.45664
234.81556
235.14874
235.20394
236.36530
236.41534
236.58316
236.87560
236.93182
237.19846
237.27274
237.60874
237.71776
237.74062
237.74806
237.75106
237.81502
238.00594
238.07542
238.13908
238.61920
238.86640
239.66470
240.14650
240.57184
240.73870
241.36198
241.68100
241.89772
242.15530
242.25532
242.28088
242.34130
243.15022
244.05034
244.13062
244.38718
245.08822
245.27434
246.15766
246.18964
246.21652
246.75172
246.75478
246.78574
247.51378
247.60186
247.96396
248.99728
249.20722
249.39706
249.47776
249.69448
249.78790
249.79480
250.12138
250.62814
250.64704
250.74724
253.12168
253.83052
254.84728
254.88070
255.15970
255.16870
255.18316
255.23842
255.24124
255.34744
255.70516
256.53088
256.99756
257.45038
257.48074
258.01420
258.07198
258.38104
258.60520
258.89764
259.82488
259.91728
260.01898
260.45836
260.51470
260.63398
261.26734
261.29782
261.33130
261.66460
262.05556
262.06480
262.55554
262.57696
263.00854
263.36740
263.52400
263.85052
263.87236
263.87878
263.88154
264.74320
265.48918
265.50604
265.55320
265.86508
265.91512
265.95592
266.00608
266.22166
266.29216
266.30890
266.41516
266.56516
266.61508
266.96992
267.01036
267.11518
267.18640
267.88972
268.12294
268.14880
268.61818
268.81822
269.11822
269.12020
269.13682
269.16316
269.20630
269.30656
269.73226
269.94634
270.59278
271.40344
271.49302
271.54012
271.95682
271.98004
272.01064
272.29696
272.40676
273.11728
273.24022
274.43296
274.44058
274.86628
274.88038
275.45722
275.57416
276.12682
276.38074
276.90742
277.35856
277.71664
277.86034
277.91050
278.65012
278.70658
278.86048
279.01066
279.21442
279.24394
279.40114
279.46438
279.97726
280.22434
280.22734
280.33822
280.36852
280.43638
280.55470
280.70794
281.02744
281.16964
281.26204
281.28628
281.62156
281.81704
281.83390
282.11086
282.26440
282.37468
282.39784
282.44134
283.31434
283.33852
283.84156
283.88854
285.35344
285.35830
285.68410
285.84658
285.92776
286.85344
287.87512
288.01126
288.78862
289.22800
289.34470
289.45750
289.77532
290.00560
290.03200
290.16430
290.18212
290.37814
290.44234
290.50858
290.69476
290.86612
290.87218
291.30100
291.49090
291.85120
291.85570
291.99472
292.51138
292.52944
292.60354
293.21788
293.50090
293.61142
295.57522
295.58434
295.60858
295.61278
295.93702
295.95364
295.98712
295.99192
296.12812
296.82532
297.33916
297.44842
298.09084
298.12534
298.19476
298.70368
298.79206
299.07688
299.33428
299.45854
300.39172
300.39586
300.44170
300.70846
300.85078
300.95842
300.97798
301.28728
301.31752
301.48162
301.78402
301.85836
302.09458
303.74158
303.78406
304.17766
304.19158
304.22482
304.30054
304.30330
304.47766
304.50064
304.90054
304.90318
305.08390
305.22484
305.58370
305.64538
306.77752
307.76704
308.50042
308.61976
308.67748
308.84590
308.85796
308.86708
309.22480
310.20802
310.56262
310.63372
310.76698
310.85038
311.01970
311.44552
311.94418
312.01306
312.22468
312.30298
312.34126
312.49606
312.78646
312.91990
313.13386
313.57750
313.69420
313.87204
313.87876
314.31718
314.37754
314.71066
314.80066
315.02482
315.74428
316.26094
316.30330
316.31236
316.77766
317.56798
317.60818
318.10510
318.81256
318.82900
320.17450
320.38372
320.51968
320.54812
320.93188
321.35782
321.42448
321.42736
321.99076
321.99532
322.00174
322.54396
322.65286
322.66210
323.07082
323.07724
323.16046
323.22454
323.58370
323.83774
323.89756
323.94478
324.04372
324.12700
324.13582
324.51046
324.62710
324.68338
324.72826
324.73600
324.86674
325.32556
325.42696
325.47574
325.52680
325.62430
325.83316
326.46952
326.90236
327.26020
327.51658
327.59056
327.61018
327.73720
328.08574
328.16908
328.52392
328.73056
328.73776
329.01106
329.50720
329.82370
329.99704
330.27394
330.29950
330.32074
330.82660
330.94306
330.96748
331.39966
331.42390
331.50220
331.50430
331.52158
331.94026
332.13016
332.14036
333.31624
333.39964
333.47668
335.00476
335.17390
335.33296
335.54056
336.56644
337.11028
337.13956
338.33332
338.69098
338.94100
339.14080
339.22702
339.43828
339.47710
339.48334
339.74992
339.78112
340.06690
340.09870
340.57438
340.63612
341.91784
342.03622
342.35014
342.92734
343.04128
343.05028
343.08118
343.11850
343.91716
343.95814
344.13376
344.61712
345.00820
345.05050
345.08380
345.40816
345.47764
345.54784
345.64786
345.75814
345.95824
346.40812
346.85068
347.02480
347.40058
347.40850
347.68654
347.71120
347.81734
348.00082
348.13438
348.46132
348.85750
349.72534
349.86304
351.22534
351.68458
351.68932
351.80560
351.88222
351.93706
352.41520
352.49674
353.74504
354.06172
354.15400
354.88474
355.30132
355.56802
355.89916
355.91164
356.30884
356.31352
356.35132
357.17836
357.38464
357.55120
357.59230
357.70120
357.78478
357.88246
358.02220
358.21570
358.57444
358.82830
358.87036
359.32060
361.01524
362.33428
363.62494
364.80046
364.85710
364.93654
365.27764
365.50696
365.60488
366.68374
366.69130
366.70504
367.29004
368.46154
368.59102
368.88322
368.93314
369.20746
369.63574
370.17676
371.08324
371.70712
371.83288
372.46618
372.55210
373.44448
373.71586
373.83238
375.47308
375.96538
376.27306
376.60912
377.50618
377.66686
377.97004
377.98210
378.31504
378.42292
378.99208
379.02376
379.05616
379.38190
379.57414
379.63138
379.95364
379.98160
380.22550
380.64832
380.86936
381.15616
381.16114
381.49822
381.50866
381.56494
381.63910
381.94030
381.99826
382.31482
382.84192
383.04190
383.09194
383.44816
383.46010
383.46214
383.46940
383.87248
384.79840
385.82248
386.40448
386.70466
386.72890
386.78404
386.99818
387.58912
387.79810
388.07884
388.14826
388.19824
388.40866
388.44190
389.37244
389.38900
389.80582
390.04828
390.05596
390.09838
390.29812
390.32536
390.63268
390.81766
390.82234
390.97540
391.08166
391.59334
391.75594
391.80580
392.08912
392.09824
392.31478
392.44810
392.84830
393.50296
393.88936
394.12936
394.60894
394.63300
395.30878
395.97922
396.09208
396.54820
397.30606
397.30894
397.55890
397.92244
398.32150
398.65606
398.81494
399.47512
399.59818
399.67648
400.13806
400.14184
400.34284
400.71478
400.83580
400.88794
400.98130
401.08132
401.09068
401.09788
401.25538
401.50276
401.92504
402.03868
402.16462
402.21892
402.91714
403.52854
404.07826
404.15788
405.08044
405.13054
405.30160
405.58042
405.94408
405.98032
407.17384
407.60410
407.75416
407.77072
408.21748
408.29626
408.36268
408.41728
408.43228
408.71278
408.79618
408.82456
409.72012
410.32654
411.64504
412.29946
412.38958
412.42810
412.51888
412.66114
412.87792
413.16106
413.52502
413.67748
413.76844
413.91352
413.94400
414.02476
414.22126
414.29176
414.33964
414.39382
414.52096
415.83424
415.97146
415.98418
416.52148
416.52742
417.09544
417.41686
417.74674
417.75424
417.93334
418.26646
418.80250
418.95856
418.98706
418.99954
419.03284
419.10412
419.89594
420.27484
420.85168
421.25770
421.47874
422.01778
422.10118
422.26882
422.28460
422.76754
422.79202
422.79472
422.98576
423.08776
423.21742
423.22486
423.25192
423.49012
423.63580
423.84724
423.99754
424.13086
424.17334
424.42318
424.62316
425.24386
426.41638
426.44692
426.97246
426.98950
426.99946
427.00846
427.41202
427.42384
427.78246
428.43244
428.61568
429.20776
429.21154
429.21550
429.22162
429.26272
429.56530
429.87916
430.17904
430.20472
430.22140
430.67788
431.48782
431.71486
431.90872
432.06922
432.13144
432.83128
432.95170
433.23130
433.48744
433.49956
434.23714
435.70120
435.82306
435.89350
436.13698
436.80358
436.90996
437.04436
437.64442
437.65342
437.71090
438.86740
439.36060
440.16064
440.22880
441.32224
441.35284
441.81322
441.83608
442.01320
442.76296
442.78870
443.01424
443.01910
443.62420
443.62636
443.76670
443.82040
444.24334
444.39988
444.75988
444.76912
445.16884
445.17202
445.44604
445.46638
445.85722
445.90216
446.29006
446.87932
447.06658
448.09984
448.55188
448.82332
448.93522
449.53780
449.61238
449.62576
449.93764
449.95168
449.95444
450.03520
450.07108
450.40168
450.53518
452.11216
452.29006
452.29618
452.48476
452.77564
453.24226
453.31174
453.57442
453.84106
453.87832
453.94486
455.51770
455.96140
456.23440
456.38440
456.41788
456.68554
457.01260
457.40554
457.41760
457.94476
457.95094
458.49718
458.50846
458.84578
458.96776
460.12816
460.36762
460.45090
461.23408
461.25094
461.26132
461.44468
461.56138
461.77000
461.86804
461.87170
462.22966
462.50854
462.56128
462.86128
463.00078
463.05346
463.09348
463.61518
463.61764
463.63438
464.27524
464.27944
464.73418
464.85844
464.89606
464.91790
465.51754
465.80848
465.90094
466.09474
466.20106
466.27516
466.30090
466.30858
466.40362
466.51768
466.53430
466.91140
467.01520
467.13214
467.14840
467.41642
467.42524
467.44198
467.57524
467.76154
467.87524
468.07528
468.18190
468.24196
468.72532
468.83206
468.88432
469.35370
469.37218
469.98478
470.50588
471.32830
471.33514
471.36160
471.68704
471.99106
472.29232
472.66168
473.07826
473.20870
473.43622
474.62836
474.64504
474.84628
475.01794
475.54888
476.13712
476.14672
476.22838
476.43460
476.85886
477.17830
477.28462
477.28900
477.29482
477.35110
477.52540
477.56800
477.60124
477.60898
477.92842
477.93472
478.00132
478.24648
478.32232
478.67254
479.00590
479.03716
479.31166
479.31844
479.32834
479.34910
479.49340
479.67712
479.83720
480.10888
480.18466
480.46798
480.74218
480.78736
481.06804
482.33464
482.82958
482.99512
483.17074
483.21790
483.61804
484.29874
484.30900
484.43224
484.73782
484.96414
485.01796
485.52856
485.92858
485.97088
486.32848
487.18960
488.13100
488.33770
488.83264
489.05170
489.05938
489.07618
489.10444
489.23770
489.25936
489.54568
490.16854
490.27624
490.35652
490.43524
490.96252
491.03272
491.13532
491.14288
491.54596
491.99596
492.58552
493.83568
494.02678
494.52184
495.28606
495.81328
498.09400
498.11254
498.36988
498.81970
500.05324
501.12304
501.20620
501.43996
501.58678
501.58966
501.67774
501.82792
501.83686
501.83956
501.92038
502.02304
502.12024
502.27156
502.90360
502.97308
502.97680
503.10472
503.58340
503.69476
503.72806
503.85148
503.88994
504.61426
504.83740
504.93724
505.08100
505.12810
505.13110
505.34776
505.55404
505.57072
505.96444
506.19490
506.29006
506.92348
506.94772
506.99506
507.85138
507.85426
507.85690
508.69906
509.21200
509.43742
509.69806
509.84518
510.59524
510.64408
510.74812
510.79534
511.21198
512.39824
512.44054
513.21214
513.50452
513.87112
513.87880
514.08790
514.09828
514.30444
514.31494
514.37392
515.35450
515.94544
516.19060
516.33784
516.49828
516.86104
516.90904
517.59556
517.60444
517.77112
517.93780
518.07772
518.72386
519.27124
519.37888
519.99682
521.05906
521.06116
521.07274
521.48794
521.85946
522.45454
522.50884
522.52114
522.68170
522.98800
523.03186
523.03810
523.15456
523.24072
523.26874
523.27144
523.48792
524.31526
524.41522
524.62150
524.65480
524.72920
524.79094
524.79604
524.86534
525.31696
526.05778
526.20496
526.33204
526.62622
526.63858
526.66258
527.79304
528.48850
529.16020
529.59628
530.22214
530.80582
531.54568
531.60568
531.90856
532.01620
532.59964
533.32270
533.36050
533.42014
533.49418
533.51068
533.93956
534.39736
534.42304
534.49060
534.55636
534.83986
535.05922
535.07170
535.16692
535.28380
535.29262
536.32138
536.43532
536.67640
536.68396
536.81740
536.85064
537.39052
537.84058
538.24822
538.29064
538.30114
538.61788
538.99342
539.52208
539.91538
540.43906
540.91570
540.92506
541.64170
541.85842
541.96888
541.97788
542.00350
542.25868
542.68930
542.76304
542.76604
542.78302
543.49978
543.55996
543.75262
544.17562
544.19500
544.33618
544.50010
544.53232
544.58344
544.94536
545.02600
545.55946
545.81404
545.98390
546.33400
547.82056
548.29354
548.32066
548.81050
548.81728
548.85142
549.11800
549.42472
549.80164
549.80806
550.41856
550.47136
550.51090
550.67140
551.36878
551.41114
551.70514
551.73550
551.74180
551.86006
552.12172
552.48070
552.51598
553.74490
555.34054
555.38386
555.51940
555.87874
555.89986
556.06210
556.31218
556.57264
556.67644
556.88326
556.91662
556.93324
556.94560
557.36488
557.36716
557.96512
557.96998
557.97382
558.43654
558.45760
558.53956
558.69568
559.13188
559.61242
559.81990
560.34868
560.44582
560.45260
561.01276
561.59608
561.60388
561.62044
561.73696
561.85648
562.20658
562.22050
562.51282
562.78726
562.80370
562.81024
562.83220
563.04628
563.10394
563.26570
563.28706
563.50666
563.52958
563.79382
563.83036
564.10396
564.16288
564.29008
564.57346
564.58738
565.25386
565.32712
565.32970
565.42720
565.54018
565.69636
566.11096
566.29930
566.65408
566.92372
567.17998
567.89944
567.94042
568.91068
568.91344
568.97386
569.14942
569.38012
570.74686
571.34068
571.37122
572.83054
573.10744
573.13294
573.41368
573.51364
573.56368
574.29718
575.00470
575.22790
575.77150
576.13498
576.15466
576.26398
576.44236
576.52162
576.63820
577.25470
577.43350
577.45768
577.68076
578.23084
578.58094
578.73850
578.80516
579.72478
579.91432
580.09534
580.10542
580.72216
581.15962
581.45842
581.70844
581.83162
581.83888
582.99298
583.03912
583.05856
583.71952
584.26960
584.27272
584.72056
584.77288
585.49990
585.95644
585.95806
586.41094
586.64926
586.94914
586.96594
587.12620
587.16064
587.38420
587.39932
587.41636
587.91598
588.10594
588.14446
588.29956
588.43294
588.69340
588.87676
590.43502
590.86450
591.27460
591.46084
591.69430
591.81694
591.82750
592.47790
593.05840
593.41774
593.61154
593.61766
593.98462
594.10900
594.11188
594.11788
594.13120
594.35884
594.53476
595.76854
596.48566
596.49988
596.63116
596.63548
596.68918
597.14326
597.19714
597.21280
597.21988
597.25120
597.73120
597.75700
598.11940
598.12192
598.14136
598.22698
598.48624
598.56052
598.62718
598.86958
598.88020
599.86114
599.87014
600.12778
600.13066
600.37768
600.54754
600.62926
600.81424
601.04776
601.07818
601.33750
601.42084
602.27122
602.27554
602.27872
602.30446
602.93188
602.93572
602.95462
603.07912
603.24862
604.10650
604.11010
604.47460
604.74832
605.23900
605.73928
606.01060
606.14218
606.43342
606.77950
607.01398
607.03078
607.22620
607.27084
607.91446
608.11126
608.28766
608.29024
608.36458
608.53408
608.68414
608.69488
608.69800
608.71006
608.71474
608.74030
608.94814
609.37384
609.65116
609.78460
610.03462
610.14850
610.34854
610.94122
610.98220
611.03890
611.04772
611.21554
612.21574
612.36592
612.76894
612.78280
613.26136
613.28752
613.65256
613.95256
614.10892
614.69014
614.93326
614.99254
615.32596
615.55036
615.77392
615.83380
615.96742
616.08766
616.19290
616.52026
616.60972
616.87642
617.32666
617.36242
617.39326
617.77060
618.01012
618.39814
618.45748
618.84370
619.04374
619.49548
619.49842
620.12224
620.13016
620.14564
621.06598
621.08272
621.25204
621.33526
621.36106
621.39448
621.46108
621.60202
621.67150
622.17790
622.31128
622.51120
622.63264
622.79464
622.81912
623.02816
623.03860
623.10532
623.15530
623.25256
623.29492
623.29762
623.30242
623.30524
623.41150
623.52832
623.71168
623.95942
623.99950
624.53386
624.56638
625.01464
625.42258
625.81630
626.06506
626.47420
626.49574
627.45250
627.64594
627.66436
627.67654
627.67930
627.72304
628.39000
628.41286
628.83730
632.34736
632.65780
632.94754
633.44506
633.49774
634.28122
634.31884
634.40716
634.59178
634.60558
634.60840
634.73128
634.80574
634.93402
634.95076
635.17258
635.87674
635.90866
636.18928
636.25606
636.60616
637.29862
637.32952
637.73206
637.75642
638.02318
638.18998
638.67340
638.68684
638.70676
638.73994
638.79892
638.81314
638.84428
639.45976
640.42378
641.30218
641.74366
641.76664
641.79358
641.90254
641.95000
641.99992
642.14734
642.22702
642.26392
642.50014
642.50284
642.51832
642.56956
643.10026
643.16692
643.20790
643.23634
643.40782
643.49404
643.57480
643.59406
643.62136
643.66696
643.78360
643.78534
643.79116
644.19148
644.34136
644.38390
644.59426
645.00178
645.15826
645.16732
645.38404
645.65824
645.92776
646.48414
646.86262
646.87516
647.48440
647.77810
647.78428
647.96326
648.00886
648.48712
648.49210
648.89212
649.01158
649.04218
649.07554
649.19500
649.24498
649.29904
649.30894
649.32550
649.32826
649.41166
649.53718
649.55884
649.59220
649.76176
649.76800
649.77844
649.81174
649.89226
649.90120
649.92826
649.97842
650.00896
650.01172
650.04628
650.08720
650.12842
650.24212
650.25874
650.27566
650.35888
650.49640
650.50114
650.87542
650.89516
650.90590
651.07846
651.14230
651.15898
651.17278
651.28462
651.45904
651.52852
651.72556
651.83602
651.90904
651.94240
652.05910
652.24240
652.42846
652.52572
652.68922
652.74520
652.77562
652.80904
652.81192
652.86202
652.88740
652.89244
652.92856
652.94500
652.95916
652.99240
653.00896
653.07868
653.30908
653.41828
653.52232
654.42100
655.44256
655.61860
656.00146
656.06434
656.07574
656.41816
656.50804
657.19912
657.73486
657.75916
658.05166
658.14268
658.48498
658.57582
658.86196
658.87576
658.91566
658.96204
659.12110
659.20930
659.34256
659.47864
659.57866
659.91832
660.00640
660.28006
660.28516
660.52570
660.55918
660.64534
660.85924
661.02094
661.23766
661.30906
661.50880
661.91824
662.45818
662.46190
662.49796
662.57350
663.13738
663.17716
663.21814
663.40912
663.54124
663.54364
664.06186
664.09132
664.15894
664.16926
664.66810
664.74508
664.83892
664.94224
664.97248
665.01802
665.10790
665.29234
665.35900
665.40892
665.55898
665.65408
665.81302
665.98972
666.02062
666.11506
666.11782
666.40396
667.18450
667.52836
667.62838
667.71286
668.21764
668.23450
668.25886
668.26786
668.75404
668.88190
669.26158
670.05772
670.31158
671.26162
671.83468
672.01798
672.28450
673.07848
673.53466
674.04526
674.13472
674.33476
674.38960
674.70586
674.82568
675.02860
675.12868
675.14248
675.31198
675.93478
675.97864
676.12876
676.26202
676.34530
676.56820
676.92574
676.92874
676.93948
676.94536
676.97494
678.17896
678.74932
680.04976
680.16220
680.17138
680.42920
680.83546
681.56644
682.06270
682.54984
682.71286
683.09068
683.10508
683.24626
684.10528
684.36922
684.47386
684.47992
684.65266
684.82690
685.22728
685.25152
685.45144
685.80562
686.04382
686.12716
686.15554
687.44410
687.50308
688.38670
688.39444
688.39930
688.63660
689.17456
689.19436
689.58694
689.67796
689.68408
689.70352
690.29440
690.29746
691.76572
692.28736
693.03754
693.23746
693.28126
693.79810
694.09768
694.11592
694.43770
694.96090
695.01610
695.03770
695.38162
695.46214
695.47876
695.72128
695.72398
695.76520
695.77906
695.78164
696.42136
696.52126
696.56512
696.92146
697.00474
697.33186
698.34466
698.52202
698.76256
698.77912
698.78212
698.95918
699.25924
699.38554
699.84280
700.44586
700.50508
700.98214
701.08834
701.13832
701.51260
701.91268
703.41016
703.41274
703.56280
703.93222
704.01208
704.16970
704.18236
704.28232
704.38240
704.64640
704.65528
704.92954
704.97844
704.98234
705.08236
705.59626
705.98866
706.67956
706.80532
707.47210
707.48248
707.51944
707.77648
707.96584
707.97970
708.05806
708.09310
708.41962
708.46300
708.79360
708.79918
709.33870
709.63882
709.69636
709.95976
710.05324
710.07862
710.31298
710.88244
711.56302
712.02208
712.04158
712.23880
712.39918
712.60534
712.66582
712.72210
713.16304
713.56018
713.58634
713.60530
714.35530
714.49636
715.20532
715.38850
715.52860
716.39902
716.45530
716.48242
716.75512
717.09622
717.12190
717.66574
718.32322
718.37188
718.51564
718.74118
718.74616
718.82950
719.04022
719.06926
719.25010
719.43964
719.44630
719.93848
720.03232
720.11560
720.19132
720.19900
720.29902
720.46576
720.49900
720.55276
720.60778
720.89620
721.03846
721.18636
721.58860
721.60966
721.65532
721.77184
722.56198
722.57206
722.74630
722.76274
723.10534
723.12850
723.38866
723.73858
723.93874
724.39612
724.39930
724.40980
724.44526
724.53586
725.45668
725.87212
726.17206
726.23890
726.45556
727.06612
727.63276
727.65850
728.31628
728.33026
728.87680
729.97282
730.03318
730.58956
730.64998
730.66060
731.20630
731.23060
731.23984
731.61688
731.86114
732.18748
732.38398
733.24690
733.31152
733.78048
733.88422
734.44510
735.52432
735.54874
735.71668
735.71938
735.77452
735.90514
736.35808
736.78240
736.93252
737.14168
737.24926
737.34178
737.53156
737.61316
737.74174
738.22792
738.73714
738.83452
739.01650
739.46542
739.78486
740.14246
740.14720
740.19250
740.60308
740.64250
741.27610
741.31702
741.39010
741.66994
742.14766
742.16740
742.41412
742.63102
742.65970
742.68418
742.76752
743.27656
743.41126
743.75380
743.76802
744.17680
744.21022
744.26278
744.29002
744.55138
745.10134
745.66054
747.39172
747.40840
748.06870
748.46104
748.68070
748.74448
749.18806
749.53846
749.69470
749.75230
749.75524
749.86138
749.93860
750.33592
750.76618
750.78586
751.03600
751.11130
751.59502
752.18128
752.32348
752.76958
752.81638
752.87848
753.07408
753.09958
753.18328
753.65584
753.86494
753.97894
754.10314
754.11988
754.23160
754.35304
754.64812
754.66222
754.80958
755.04562
755.05612
755.08666
755.30476
755.51236
755.64574
756.01252
756.10048
756.67042
757.26028
757.27036
757.29604
757.66552
757.89382
757.89604
758.47336
758.47930
758.48716
758.50792
758.51554
759.03226
759.34354
760.09888
760.32484
760.34014
761.01778
761.03002
761.37352
761.48224
761.90086
762.01792
762.16312
762.18268
762.92734
763.27084
763.32994
763.33750
763.47052
763.48648
763.52992
763.64146
763.86976
764.00704
764.03464
764.47372
764.93866
765.42358
765.62992
765.65410
765.66058
765.69910
765.77458
767.00092
767.01070
768.20668
768.22732
768.44878
768.72046
769.77808
769.82926
770.22046
770.52928
770.77942
770.87914
770.99578
771.37744
771.42004
771.43564
771.46696
771.48958
772.20022
772.62646
772.78006
773.57260
774.70312
774.96202
775.10932
775.29292
775.42612
775.54246
775.68628
775.86214
775.89526
775.97242
776.06446
776.09542
776.17882
776.52220
776.56966
776.75296
776.76958
776.80930
776.81452
777.04522
777.05572
777.32860
777.51940
777.71950
778.12852
778.38292
778.39192
778.42504
778.98886
779.29510
779.31184
779.45284
779.45938
779.55274
781.09504
781.51168
782.22586
782.24500
782.28592
782.53192
784.19506
785.06812
785.27842
785.34520
785.38492
785.41918
785.65660
785.71930
785.87326
786.06172
786.06910
786.41926
786.94264
787.55524
787.82836
788.03080
788.03974
788.07202
788.08096
788.19040
788.21932
788.22358
789.51166
789.54760
794.08528
794.26372
795.44404
795.61228
795.65440
795.92998
796.11544
796.15450
796.18756
796.37710
796.70032
796.75426
796.76494
796.76806
796.77454
796.85134
796.86040
797.28754
797.33350
797.42698
797.50138
797.52988
797.67982
797.69362
797.87068
797.87218
797.88736
798.00118
798.11038
798.20392
798.60022
798.86476
798.95086
799.01008
799.24366
799.24600
799.30990
799.37416
799.51000
799.56010
799.75096
800.39596
800.56768
801.03106
801.06412
801.07906
801.44026
802.02610
802.20952
802.42612
802.92868
803.32600
803.94256
804.18628
804.30298
804.55282
804.58342
804.70888
804.71374
804.73228
804.80902
804.93610
804.99514
805.01944
805.05268
805.07836
805.20010
805.36342
805.38784
805.45006
805.89004
806.55262
807.26608
807.29644
807.44932
807.73570
807.74458
807.80854
807.86116
808.04638
808.05838
808.08256
808.23268
808.24186
808.25836
808.30228
808.32502
808.39936
808.42762
808.56106
808.57264
808.59172
808.59724
808.60216
808.71868
808.74922
808.76614
808.81600
808.83262
808.91098
809.01586
809.05582
809.06590
809.11582
809.26588
809.35198
809.39152
809.44408
809.47762
809.49916
809.61580
809.69914
809.72752
809.72908
809.79142
810.02746
810.04426
810.21568
810.28234
810.33238
810.63514
810.76846
810.80788
810.86830
810.87772
810.88222
810.90178
810.93508
810.97906
811.35166
811.54852
811.80160
811.90768
812.05150
812.06536
812.08858
812.13484
812.47888
812.77426
812.97424
813.16972
813.17578
813.18082
813.26530
813.41524
813.54844
813.57862
813.59074
814.01182
814.01608
814.43446
814.62826
814.67404
815.04058
815.11492
815.27386
815.45230
815.45728
815.91766
816.13120
816.14788
816.19786
816.23122
816.26452
816.28120
816.31450
816.33118
816.49042
817.09450
817.33402
817.69768
817.80952
817.84282
818.27338
819.00658
819.13990
819.21430
819.33994
819.52060
819.53782
819.64030
819.64414
819.88966
820.10644
820.52314
820.56682
820.72288
820.91410
821.09710
821.18440
821.25178
821.85622
822.05890
822.15100
822.19708
822.29710
822.62278
822.64984
822.66826
823.29376
823.34674
823.42528
823.68028
824.24956
824.27248
824.34952
824.36230
824.65582
824.66626
824.74558
824.80726
825.06616
825.15562
825.28282
825.65566
825.75556
826.04548
826.07218
826.46308
826.47214
826.86592
827.72332
827.72728
827.72962
827.80540
828.27184
828.32458
828.37972
828.52198
828.98230
829.13848
829.17946
829.18834
829.52170
829.57942
829.65502
829.67170
829.80496
830.10520
830.19118
830.22808
830.35492
830.40502
830.48200
830.57914
830.62174
830.76520
830.88184
831.14074
831.14854
831.56194
832.11880
832.30708
832.93756
833.01904
833.19526
833.43136
833.77168
833.85670
833.85820
833.89792
833.95402
834.41146
834.63730
834.86122
835.42474
835.50370
835.67452
835.70350
835.75366
835.99726
836.55334
836.61988
837.36964
837.84388
838.07074
838.83094
838.87678
839.78536
840.10924
840.63922
840.66844
840.78496
841.13506
841.14244
841.25422
841.25632
841.32568
841.51180
841.54234
841.65790
841.72834
841.88464
842.10562
842.16784
842.19196
842.27932
842.72212
843.32488
843.43396
843.57760
843.79420
843.97468
844.26670
844.40752
844.41064
844.54996
844.78318
844.79998
845.16922
845.21020
845.34070
845.69338
846.51118
846.52348
847.40344
847.48204
847.48984
847.50904
847.73950
848.00608
848.01514
848.13928
848.58160
848.68918
849.30244
849.62218
849.65530
849.75808
850.33204
850.33720
850.58806
850.89982
851.18038
851.29078
851.46370
851.48020
851.56366
851.77390
851.87116
851.97382
852.04042
852.09160
852.11608
852.60298
852.69916
852.87346
853.72054
853.81264
855.48634
855.54526
855.54814
855.62242
856.08490
856.85536
857.16148
857.22808
857.35672
857.40910
857.77174
858.04462
858.05704
858.06856
858.08062
858.41110
858.41860
858.42766
859.02526
859.17352
859.34410
859.35172
859.50178
859.82734
859.90558
859.91824
859.92742
859.95166
860.46826
860.47096
860.50432
860.97430
860.99350
861.34834
861.38446
861.42070
861.55132
861.69364
861.75574
861.79612
861.97678
861.99382
862.01764
862.06006
862.26748
862.31254
862.42672
862.52926
862.55374
862.63702
862.89082
863.24962
863.28400
863.65720
863.87392
864.16720
864.21724
864.83356
866.11366
866.13022
866.13802
866.53612
866.60890
866.74228
867.09226
867.53590
867.60268
867.71146
867.93730
867.95872
868.44196
868.47544
868.51396
868.59196
869.04190
869.14618
869.49184
869.64448
869.71624
869.84938
869.86888
869.87782
869.92516
870.06592
870.20824
870.27502
870.38266
870.90832
871.57756
871.59604
872.12470
872.38234
872.43220
872.61550
872.65798
872.69398
872.70166
872.72230
872.89378
872.90164
872.91838
873.13492
873.86548
873.92710
873.98176
874.02442
874.03186
874.09858
874.21930
874.28848
874.31806
874.58836
874.59850
874.62886
874.63168
874.71532
874.73464
874.95754
874.96792
875.02714
875.03188
875.25520
875.31508
875.51500
875.61514
875.81506
875.82400
876.04534
876.44830
876.63436
876.86002
877.17184
877.18438
877.20808