0.61012
1.23556
1.34326
1.89316
2.00980
2.12644
2.27644
2.55970
2.94292
3.09292
4.28992
4.38652
4.45924
4.74244
4.79236
5.39230
6.27544
6.71524
6.85858
7.05862
7.24186
7.57510
8.64148
9.25804
9.26458
9.92188
9.95782
10.14106
10.24108
10.35772
10.67104
10.82428
10.97422
11.59072
11.79730
12.08452
12.10726
12.39052
12.60436
14.28736
14.30662
14.36476
14.68990
14.72050
15.03976
15.38716
15.85624
16.20616
16.43944
16.53946
16.63678
16.72270
17.07262
17.75326
18.02236
18.15562
18.73882
18.91432
18.91942
19.03600
20.11918
20.25508
20.87158
21.65470
23.40154
25.11796
26.20354
26.22016
26.72896
26.88670
27.01000
27.41986
27.86974
27.91972
28.11976
28.55296
28.68622
28.96942
29.68594
29.75254
29.81920
30.69100
30.93562
32.31592
32.45194
33.51838
33.83494
34.53478
35.44870
35.98450
36.05122
36.08452
36.47302
37.66492
37.90708
38.08408
38.10076
38.28406
38.35072
39.38770
39.94744
41.08870
41.98324
42.33316
42.46648
42.48052
43.63294
43.99942
44.44936
44.54668
45.24922
45.29920
45.36586
45.84910
46.64890
47.66536
47.69866
48.14854
48.22918
49.64560
49.68154
50.28148
50.67766
50.73136
51.14536
51.23134
51.28132
53.09764
53.98078
54.28078
54.29740
55.39456
56.34718
56.48824
56.73046
57.69322
58.82398
58.84822
58.96342
60.02998
60.49666
60.94654
61.02988
61.71076
61.82986
61.86046
61.92988
62.81308
63.14638
63.59632
63.96286
64.64608
64.69612
64.79608
64.89610
64.92946
65.11276
65.12944
65.19604
65.26276
65.31274
65.34604
65.39602
65.46274
65.54602
65.64604
65.78824
65.79604
65.84026
66.05992
66.19348
66.42928
66.46258
66.47926
66.76258
66.81256
66.92920
66.96250
67.86250
67.91254
68.15716
69.67894
69.84232
69.91228
70.16224
70.50892
70.51222
71.24548
71.27878
71.32876
71.39548
71.67868
71.82874
71.87872
71.97874
72.31198
72.84526
73.77850
73.86184
74.04514
74.07046
74.87848
75.02848
76.84510
77.07838
77.34508
77.37838
77.39506
77.79508
78.64510
79.08046
79.09258
79.64506
80.00566
81.21172
81.39508
81.69226
82.25122
82.39930
82.42840
82.74508
83.19508
83.47840
83.61178
83.64244
83.65912
83.71180
84.12850
84.16174
84.37846
84.42844
84.46180
84.96172
85.66174
85.87060
85.90558
87.14500
87.99214
88.11154
89.37214
89.52814
90.22450
90.59488
90.84484
90.85888
91.14484
91.29478
92.17810
92.77804
92.79202
92.82802
93.06130
93.16138
93.49462
93.94456
94.12786
94.32784
94.54456
95.16112
95.52412
96.69424
96.82486
96.89422
97.12756
97.42756
97.46086
97.52752
97.73440
97.77748
99.04402
99.84118
100.09384
100.42714
100.47718
100.61050
102.27688
102.41686
102.76018
102.85120
103.31008
103.48450
103.67068
103.81012
104.11012
104.49340
104.74336
106.54324
107.07658
107.27656
108.62656
108.90988
110.57386
110.70988
110.79328
111.74326
113.19328
113.74972
113.84326
113.99332
114.05734
114.11002
114.66610
114.68770
114.99346
115.30396
115.32412
115.61008
116.11426
116.26426
116.35234
117.12676
117.29344
117.47758
117.94348
118.69390
119.86450
120.66028
121.01908
121.37686
121.51018
122.12686
122.20768
123.37678
123.66004
124.10728
124.96000
125.42662
125.71798
126.90370
127.20700
127.40974
127.67362
127.72630
127.82356
127.87630
128.32618
128.40622
128.42620
129.44272
130.04254
130.11550
130.30918
130.41694
131.12572
131.94220
132.37546
133.04974
133.87516
134.05840
134.30836
134.32246
135.14158
136.04140
137.29114
137.48746
137.72434
137.82430
137.92432
137.97430
138.45754
138.60754
138.82414
139.14076
139.17406
139.27132
140.00734
140.20732
140.52388
140.94052
141.34048
142.73752
142.95694
144.07342
144.15670
144.20668
144.28726
144.30670
144.50668
144.53998
144.55666
144.83998
144.98998
145.03996
145.12330
145.28992
145.42324
145.77322
145.88986
145.98988
146.07316
146.27320
146.60644
146.62312
146.82310
146.87308
146.93974
146.95642
146.97034
147.07306
147.18970
147.22300
147.30634
147.52300
147.65356
147.75634
148.07296
148.18360
148.32292
148.45630
148.50628
148.63960
149.04628
149.12908
149.13958
149.23960
149.28178
149.28682
149.38954
149.43958
149.80612
149.90614
149.95342
150.20608
150.30610
150.46678
150.55606
150.65326
150.68932
150.73660
150.83932
150.91984
150.95602
151.03654
151.10590
151.11988
151.12264
151.25596
151.33654
151.46980
151.51984
151.58926
151.70584
151.75312
151.77250
151.80310
151.81978
151.87252
151.92250
151.93642
151.97254
152.05582
152.08642
152.12248
152.22250
152.27248
152.30578
152.35576
152.43910
152.46970
152.50576
152.55574
152.56972
152.60584
152.98912
153.12244
153.18904
153.21970
153.30298
153.38902
153.40300
153.42232
153.43906
154.13644
154.80562
156.49942
156.54766
157.15528
157.52194
157.74916
157.78852
158.68840
158.72176
158.82172
158.83840
159.58558
159.70492
160.09882
160.15492
160.27318
160.72156
161.23822
161.53816
161.58814
161.90848
161.95468
162.07138
162.33802
162.62140
162.94858
163.05460
163.18024
163.58788
163.60198
164.18788
164.63788
164.71108
165.55438
166.20430
166.25428
166.73764
167.05426
167.25418
167.68756
168.17080
168.20416
168.52078
168.90406
169.12078
169.28734
169.50400
169.63732
169.65400
169.93732
170.17054
170.17684
170.20390
170.32054
170.57950
170.60122
170.61784
170.63722
170.65390
170.78722
171.13714
171.27052
171.40378
171.60376
171.61768
171.63448
171.65380
171.80374
171.85378
171.87046
171.93706
171.97048
172.20370
172.35370
172.40368
173.43694
173.70358
173.83690
174.08404
174.30076
174.70342
174.96118
175.20340
175.43668
175.73668
175.88668
175.93390
176.18662
176.51992
176.81992
176.88646
177.68638
177.70306
177.86968
177.90310
178.21960
178.50022
178.76968
179.20288
179.30290
179.31952
179.36962
179.41960
179.66950
180.50284
180.80284
181.00270
182.33608
182.45266
182.49994
182.71930
183.60910
184.73578
185.87956
186.15232
186.76894
186.96892
186.99442
188.28544
188.50216
189.39838
190.41598
190.58194
191.76856
192.01846
192.59284
192.88510
193.68502
193.75168
193.80166
194.01838
194.30782
196.41556
196.55158
196.75156
197.23486
197.55292
197.66818
198.28480
198.30148
198.33478
198.48478
198.55144
198.58474
198.73684
198.94870
199.05148
199.18474
199.20142
199.28476
199.43200
199.53478
199.56808
199.68478
199.71808
199.75144
199.80148
199.98478
200.15146
200.18476
200.25148
200.48482
200.63482
200.70148
200.95150
201.11818
201.48484
201.56824
202.26826
202.31554
202.76542
203.85166
204.30166
205.36840
205.76842
205.83238
205.97902
205.98514
206.36842
206.60176
207.19294
207.66832
208.21258
208.61836
209.21830
210.38512
210.52900
210.59908
210.68512
210.81850
211.35184
211.69810
212.51566
213.03508
214.06840
214.80178
214.95178
215.10172
215.15182
215.26846
215.30176
216.38512
216.70180
216.75178
216.90172
217.43512
217.46842
217.54564
217.90174
218.46826
218.60164
218.81830
218.93494
219.19882
219.23218
219.26824
219.50164
219.63490
219.90160
219.91822
219.93490
220.03216
220.13488
220.15162
220.20154
220.61830
220.73500
221.20168
221.25166
222.81838
223.25578
223.27498
223.35166
223.48498
224.76832
226.20160
226.70158
227.45572
227.55568
227.83486
228.05152
228.11818
228.35146
228.43690
228.45148
229.00150
229.23484
229.25146
229.85146
230.28214
230.29162
230.33200
230.74858
231.45934
232.33444
232.46776
233.36770
233.55100
233.71768
233.81002
233.90104
233.91766
234.15100
234.50092
234.94816
234.95866
235.08418
235.13416
237.39448
237.46108
237.48376
237.58372
237.91708
237.95038
238.11706
238.15036
238.16704
238.30036
238.31704
238.40968
238.54030
238.60030
238.70026
238.73080
238.80028
238.88356
238.89748
238.93354
238.96414
239.11684
239.13352
239.36680
239.41684
239.43352
239.49736
239.51680
239.81674
239.85010
239.89732
240.20002
240.33334
240.43330
240.51658
240.58324
240.61654
240.64714
240.71656
240.84982
240.96658
241.04998
241.34980
241.38316
241.58308
242.83282
243.11608
243.21604
243.26602
243.39928
244.27000
244.31308
244.83226
245.40946
245.44264
245.79868
245.96530
246.76516
247.13164
247.66222
249.02338
249.58102
249.64156
249.65656
250.07026
250.17814
250.19746
250.21414
250.86394
251.11390
251.25130
251.28046
251.91358
252.87988
253.55404
253.66288
253.69630
254.82916
254.95984
254.99572
255.02908
255.19564
257.39200
257.51128
257.64454
257.71126
257.74456
257.89456
257.94454
258.25828
258.89398
259.76026
260.57668
261.22642
261.99262
262.45918
263.25880
263.28616
264.13912
264.32518
264.40834
264.85540
264.92488
264.95812
265.63750
266.34082
266.49064
266.55736
267.04036
267.70684
267.84010
268.32310
268.47310
269.55580
269.58910
269.78902
270.18886
270.28876
270.48502
271.47148
271.90456
272.20972
273.40048
273.48442
273.50374
274.00348
274.51720
274.60054
274.88632
275.73592
276.35224
276.95194
281.09992
281.47522
281.58706
282.26608
282.50986
282.54658
282.93238
284.56504
286.32478
286.39750
286.49752
286.53076
286.79734
287.03056
287.13052
287.26378
287.31382
287.36374
287.51374
287.66362
287.69698
287.73028
287.77750
287.78026
287.79694
287.81356
287.94682
287.98018
288.06346
288.11344
288.41326
288.43000
288.44662
288.57994
288.67210
288.84646
288.97978
289.29634
289.31296
289.41292
289.44622
289.46290
289.54618
289.59616
289.69618
289.77670
289.87942
289.92946
291.02896
291.17890
291.62872
292.08508
292.54234
292.56166
293.41132
293.49466
294.14440
294.17506
294.80812
294.92740
295.57102
296.26012
296.85988
296.95984
297.19312
297.40690
297.85942
297.89272
298.20154
298.20934
299.20888
299.85856
301.32454
301.38862
301.58500
302.48788
302.57386
302.69056
303.72346
303.88726
304.63966
305.30608
305.80576
305.85580
305.95570
306.08896
306.40546
306.67978
307.28842
307.33840
307.98796
308.02132
308.03794
308.08792
308.15458
308.22118
308.30446
308.36836
308.42110
308.45440
308.55436
308.60428
308.75422
308.80420
308.82088
308.85418
308.93746
309.05404
309.20398
309.23734
309.49738
309.63712
309.70366
309.82030
309.83698
310.17016
310.22008
310.45330
310.93642
310.95304
311.38612
311.41948
311.85790
311.91658
312.20236
312.53548
312.58552
312.66880
313.11856
313.12750
314.24242
314.43454
315.30076
315.56728
316.16704
316.66678
317.49700
317.63296
317.93278
319.04896
319.14526
319.26550
319.39876
321.48874
322.03120
322.31440
322.34770
322.53094
322.54498
322.62238
322.62718
323.34724
323.49454
323.53060
323.68048
323.71384
323.93044
324.26362
324.76342
325.07998
325.16332
326.09362
326.17960
326.22964
326.39362
327.02932
327.33220
327.37390
327.42568
327.49228
328.11238
328.49554
328.59556
328.77598
328.94530
329.01202
329.12860
329.39518
329.62840
329.69506
329.79502
329.84500
329.89504
329.97832
330.04498
330.09496
330.37828
330.49486
330.56152
330.81142
330.94474
331.06138
332.36098
332.47762
334.16050
334.26052
335.27872
335.37694
335.61016
336.04342
336.31000
336.97648
337.17646
337.52644
337.65976
337.77646
337.80970
338.05966
338.75098
340.04260
340.52584
341.24242
341.25910
341.67316
341.89234
342.26554
342.92554
343.25608
343.35880
343.50880
343.53238
343.59214
343.85878
344.04214
344.05606
344.14210
344.20876
344.32540
344.34208
344.40874
344.44210
344.87536
344.90872
345.34198
345.50602
345.59200
345.87526
346.35856
346.90858
347.05852
347.82520
348.15850
349.52518
349.84174
349.97506
350.42512
350.50060
350.55844
350.57518
350.70844
350.85844
350.95846
351.40840
351.77512
351.84178
351.99844
352.92508
353.47510
353.92516
354.02512
354.09184
354.32512
354.52510
354.62512
356.25070
356.35576
356.37508
357.26536
357.34186
357.74182
357.84178
358.90852
359.17522
359.22520
359.80858
359.88184
360.12532
360.25858
360.52948
360.98926
361.04860
361.65856
362.11276
362.52520
363.20080
363.62536
364.40392
364.57540
364.63948
364.95880
365.09218
365.49220
365.64220
366.03946
366.18958
366.30892
366.55894
367.32556
367.47556
367.52560
367.57558
367.65886
367.89220
367.97554
367.99222
368.13346
368.51920
368.72560
368.87560
368.93956
368.99236
370.04242
370.05910
370.26688
370.37578
370.55908
370.95916
371.29258
371.58646
371.59258
371.64256
371.94262
372.00658
372.04258
372.14260
372.40930
372.75928
373.62604
373.77604
374.14276
374.19274
374.23708
374.85946
375.10054
376.45972
376.90978
377.20720
377.22652
377.32648
378.37666
379.44088
379.72324
380.06038
380.34112
380.89390
381.52744
381.66076
381.84418
382.02184
382.11094
382.14430
382.24432
382.42768
382.71112
382.73836
382.79170
383.24464
383.66140
384.41164
385.01182
385.31194
385.44712
385.74532
385.97872
386.57128
386.84572
387.40726
387.47926
387.57928
387.67930
388.54630
388.74628
389.07982
389.32714
389.78002
390.07750
390.24676
390.28018
390.58030
391.29454
391.56394
392.45170
392.56426
392.94772
393.03880
393.43120
393.48124
394.33144
394.78162
395.37928
395.44588
395.53192
396.19606
397.21588
397.44928
397.69942
398.08288
398.11354
399.83356
400.03366
400.56724
400.71730
401.46760
401.51758
402.50134
402.71806
402.78478
403.19842
403.26832
403.61572
403.93528
404.09938
404.13526
404.28538
404.68552
404.86894
404.91898
405.34276
405.62818
405.80266
405.91606
406.21942
406.34146
406.40284
406.85296
407.41990
407.56996
407.58394
407.80342
407.85346
407.87014
408.12022
408.75388
409.02064
409.30414
409.32076
409.33744
409.47088
409.63756
409.82098
410.13784
410.20450
410.33788
410.45464
410.58802
410.83816
411.28828
411.38560
411.61900
411.73852
411.85528
411.91228
411.92200
411.92860
412.05532
412.18876
412.22212
412.43884
412.45552
412.55560
412.58890
412.72228
412.78906
412.80562
412.92238
412.97242
413.03908
413.10586
413.19808
413.20588
413.27182
413.36980
413.55598
413.70610
414.03958
414.35638
414.37306
414.65380
414.87328
415.54030
415.69036
415.84036
416.85748
416.90752
419.10844
419.30854
419.79202
419.80870
420.00880
421.04248
424.29370
424.76050
425.07724
425.17732
425.20456
425.31070
426.07762
427.24462
427.67806
428.17816
428.27818
428.62834
429.37600
429.41182
429.72856
429.92866
430.06204
430.64554
430.74550
431.32906
431.46238
432.01252
432.06256
432.07918
432.42928
432.52936
432.54604
432.59602
432.69604
433.01014
433.12168
433.22950
433.62958
433.64626
434.06296
434.69644
434.96314
435.06322
435.29656
435.42994
435.83002
435.88000
436.34680
436.82746
437.41360
437.96098
438.22444
438.49714
438.59446
438.68044
439.03054
439.06390
439.26388
439.39726
439.41394
439.46116
439.94734
440.15782
440.17288
440.46394
440.51392
440.59738
440.74738
440.84734
441.06400
441.24940
441.41416
441.56416
441.68086
441.81418
442.49758
442.74760
443.31436
443.76436
443.81440
444.16438
444.84784
445.14784
447.22522
447.69808
447.76474
448.89820
448.99822
449.39566
449.88172
450.43180
452.08198
452.58208
453.03214
453.05884
453.10780
453.14878
453.41548
453.58222
453.89896
454.21648
454.51564
454.99912
455.39920
455.40808
455.55982
456.19930
456.29938
456.68272
459.00406
459.06040
459.56626
459.76648
459.94978
460.31656
460.38046
460.40344
460.68322
460.73326
461.63710
461.99758
462.10030
462.45034
462.53260
463.14766
463.21702
463.65046
463.75048
463.85050
463.95052
464.06914
464.78398
464.91724
465.38398
465.39808
466.02808
466.06492
467.01760
467.05096
467.15098
467.21770
467.30098
467.41768
467.51506
467.58436
468.40798
468.85540
468.90118
469.08454
470.15140
470.30140
471.60538
471.90070
472.01560
472.63486
472.90846
472.91830
474.41830
475.01836
475.54198
475.77502
476.81242
476.91850
477.11482
477.31852
477.55180
477.76852
477.97042
478.06852
478.45180
479.13256
479.40196
479.46856
480.96856
482.05186
482.91244
483.38518
483.40186
483.53518
483.73522
484.25194
484.30192
484.45192
484.76860
484.91860
485.71258
485.71864
486.36496
486.91864
486.98530
487.58272
488.53534
488.70196
489.18532
489.53536
489.98266
490.68262
490.83532
491.02108
491.50198
492.38530
492.66856
492.71854
493.53514
493.96846
494.38510
494.61502
494.64466
496.00168
496.78492
498.11818
498.71812
498.86806
499.24882
499.80136
501.22672
501.98452
503.40112
504.65104
505.23430
505.35106
505.60102
505.90108
506.62822
507.08158
508.26754
508.58416
509.06746
510.06484
510.76744
511.33030
511.35076
511.51492
512.50960
513.33412
513.95074
513.96742
514.51738
514.98082
515.00734
515.66740
515.98138
516.13408
516.26734
516.41734
516.51730
516.66730
516.71734
516.80068
516.81730
517.00066
517.03402
517.08394
517.15060
517.51732
517.66732
517.70062
517.98064
518.01724
518.33392
518.71726
519.66730
519.80050
519.81448
519.96724
520.01728
520.11730
520.15054
520.75054
520.76728
520.95052
520.96720
522.35050
523.27486
523.43380
523.88374
524.25046
524.55586
525.05050
525.05668
526.66720
526.85050
526.95046
527.35414
527.98390
528.18580
528.63394
529.53388
529.60060
529.73392
530.25064
530.35060
531.45058
531.58396
531.66730
532.76728
532.78486
533.46730
534.03394
534.41728
534.46726
536.41720
537.28378
537.33376
537.38374
537.68374
537.76702
537.78100
537.88372
538.05040
538.30036
538.31704
538.33372
538.35034
538.39762
538.41424
538.43368
538.48366
538.58374
538.88368
538.91698
538.96696
539.06422
539.10034
539.11696
539.13088
539.15032
539.36698
539.48362
539.50030
539.56696
539.63362
539.68366
539.71696
539.73364
539.98366
540.21694
540.36694
540.46696
541.01692
541.13278
541.71688
542.01430
542.30026
542.41690
542.48356
542.61418
543.85012
544.25008
544.75012
544.78336
546.04996
546.56662
546.89986
546.99094
547.74982
548.13304
549.03304
550.06624
550.09954
552.39934
552.44926
552.59926
552.88252
553.09918
555.99898
556.16566
556.38226
556.51564
556.54894
557.31298
557.66560
557.68888
558.01558
558.11560
558.41560
558.53218
558.72370
558.79894
559.06288
559.89124
560.19904
560.68234
560.78236
561.54910
561.64912
561.86578
561.94906
562.01578
562.03246
562.18774
562.36576
563.13256
563.36584
563.54926
563.96596
565.03270
568.66660
568.71664
569.42092
569.42740
569.88070
570.28348
571.46692
571.77988
571.78618
571.79950
571.84258
572.06704
572.26708
572.65042
573.00052
573.85060
574.19284
574.96732
576.01744
576.71752
577.41760
577.66390
577.68850
578.30098
578.35096
578.40706
578.70100
578.87056
578.88436
579.03160
579.65104
579.96778
580.63180
581.17474
581.23450
581.48452
582.20116
582.48454
582.49852
582.55120
583.60930
583.65118
583.81792
584.46796
584.75122
586.75132
587.41804
587.61802
588.43198
588.48664
588.56806
588.90136
589.35136
589.46806
589.85134
589.91806
589.95136
590.15140
591.05134
591.45136
591.51802
591.80134
592.14784
592.21804
592.68478
594.21802
595.56796
595.98460
596.59432
596.76796
598.06792
598.35124
599.01184
599.46790
600.90124
601.45126
601.55122
601.65118
601.83190
602.21788
602.48452
602.58190
602.78458
602.93452
603.45124
603.76516
603.78814
603.94132
603.96790
604.51792
604.58458
604.86532
604.88458
605.18464
606.07858
606.10132
608.25142
608.38480
608.63476
608.68480
610.36816
610.95154
612.25168
612.90172
613.16842
613.30174
613.45174
613.55176
613.71844
614.18512
614.21842
614.36878
614.46844
614.88514
615.52420
615.88510
615.95182
616.01848
616.26850
616.60180
616.70920
616.80184
617.05180
617.98510
618.79912
619.06840
619.35172
620.50174
621.91840
621.93508
622.08502
622.93504
622.98502
623.08498
624.00862
625.70926
626.26204
627.25144
627.43474
627.53476
628.66534
628.91800
629.33200
630.26788
630.80116
630.98170
631.85104
631.98436
632.28430
633.29848
633.30088
634.00090
634.67092
634.83406
635.83396
636.51724
637.00054
637.53376
637.61704
637.63378
637.96702
639.57574
640.64998
640.78324
641.21656
642.24970
642.58300
643.18294
643.51618
644.09668
644.28274
644.86594
645.21586
645.34912
646.34614
647.41054
647.41540
647.48218
648.38194
648.59254
648.77410
648.91516
649.74832
650.51482
651.04558
651.58126
651.78118
652.79770
652.88098
652.91428
653.10382
653.59750
654.46390
654.51394
654.59716
655.23040
655.63210
655.69696
655.84696
656.87998
657.39664
657.77986
660.17938
660.30262
660.32938
660.44602
660.86014
662.71228
662.74564
662.79946
662.86228
664.07902
664.10584
664.79512
664.91176
665.34238
665.39500
665.69488
665.72824
667.72780
668.21104
668.46100
668.77756
669.57748
669.75184
670.06072
670.11070
671.26042
671.76040
672.04372
672.59098
673.35238
673.36312
673.44340
673.72672
675.07636
675.65950
675.74284
676.97584
676.98364
677.84230
677.94226
678.02560
678.37552
679.17526
679.59178
680.15830
680.36080
681.42454
681.57454
681.90778
682.78072
683.12404
683.14072
683.22400
683.28730
683.37400
684.05710
684.80692
685.93990
686.17600
686.63974
686.87296
687.12292
687.33952
687.48946
688.13920
689.82514
690.13858
690.22192
690.42184
690.58588
690.70510
690.80512
691.73812
692.19472
692.60452
692.88778
692.98774
693.07108
693.77086
693.87082
694.12072
694.20406
694.80388
695.53336
695.63704
695.70376
696.27028
696.32026
696.60352
696.80350
697.38406
698.25316
698.66974
700.11940
700.53598
700.58596
700.60264
701.31922
701.65246
702.63952
703.31506
703.77526
704.69926
705.06226
705.07900
705.50152
705.90154
706.73452
707.30104
707.30884
707.43160
707.43436
707.76760
707.95090
708.03166
709.76704
710.01700
710.46682
710.71678
711.03082
711.13324
712.03300
712.05640
712.44952
712.78276
713.16598
713.17990
713.53246
713.61574
714.19894
714.46552
714.68212
714.91540
715.58872
715.74844
715.97170
716.33164
716.34826
716.48158
716.79532
717.51454
717.90838
717.91444
718.16434
718.17208
718.31422
718.36426
719.83042
720.38020
720.49366
720.49684
720.51154
720.78010
721.04662
721.09666
721.98856
722.22964
722.56288
723.51256
724.39558
724.46230
724.67614
724.87876
725.20954
726.12850
726.21172
726.27838
726.48724
726.98476
726.99364
727.01152
727.50136
728.27776
728.37778
728.86090
729.37468
729.37744
729.88774
730.61020
731.09338
731.94310
731.99302
732.64288
733.35916
735.42502
735.76030
735.78202
736.47478
736.80802
736.84132
736.94128
736.96186
737.55772
737.72434
738.42406
738.47410
739.59028
740.57320
740.65654
742.07014
743.13898
743.23894
744.25522
744.30520
744.75496
744.93826
745.17886
745.42144
745.73788
748.10362
748.20358
748.57012
748.77004
749.36980
750.11674
751.15234
752.06866
752.70178
753.28486
753.30154
753.39874
753.53482
753.58114
753.66808
754.60102
754.73524
754.75792
755.13424
755.18422
756.10054
756.30046
756.63370
757.18348
757.60000
757.71664
757.79998
758.03740
758.16640
758.38972
758.54704
758.59966
758.66626
759.19942
759.34942
759.39940
759.73258
759.94654
760.44898
760.59004
760.66558
760.67368
760.76548
761.39854
761.44858
762.97870
763.06456
763.59784
764.19754
764.56414
764.65810
765.13060
765.54442
765.78034
765.88030
766.38010
766.66336
767.42974
767.72956
767.77420
767.81698
768.52930
768.57928
769.98262
770.14792
770.16202
770.26204
770.31202
770.36200
770.79520
771.32836
771.35566
771.44494
771.57046
772.46746
772.89448
773.02774
773.32768
773.97748
774.07744
774.80446
776.24344
776.90992
777.37642
778.20946
778.39276
778.42612
778.52608
779.44912
779.52574
780.80860
781.05856
781.06930
781.09186
781.76692
781.78018
782.15806
783.42424
785.90698
786.69004
786.70678
788.80618
788.92282
789.95590
790.08064
790.90570
790.95562
791.02222
791.05564
791.20564
791.32216
792.75532
792.82198
793.02190
793.28860
793.62862
793.75516
794.01922
794.43838
794.72164
794.88568
796.20232
796.24240
796.47154
796.53814
796.73812
796.89700
797.32804
797.78806
798.48802
798.51238
798.57130
799.67128
800.30188
800.30452
800.35450
800.45452
801.34444
801.75442
802.43770
803.07100
803.88754
804.32092
804.40420
805.46722
806.73478
806.80414
807.44728
807.78742
807.88738
808.00402
808.87066
809.10160
809.14402
809.48734
810.26692
810.72058
811.05388
811.41694
811.52050
811.93720
812.02054
812.04610
812.13724
812.18398
812.33716
812.70424
813.15382
813.23710
813.85006
813.87052
813.94366
814.30378
814.40380
814.92700
815.30416
815.57050
816.00382
816.13096
816.62044
817.42048
817.58716
818.80114
819.08716
820.80388
824.32060
824.52952
824.55394
824.57062
825.48736
825.50404
825.63484
825.90406
826.05406
826.67080
827.57074
827.91808
828.00406
828.88750
828.97078
830.88766
831.42256
833.72122
833.91088
834.92110
835.10212
835.22128
835.53514
838.82158
839.78560
840.33832
841.15504
841.67176
841.87186
844.16944
844.67224
844.98892
845.12230
845.43898
845.68900
845.71216
845.80576
846.32248
847.03924
848.11714
848.53954
848.77024
850.28992
850.57072
851.72362
853.02124
853.35736
853.62406
853.92412
854.09086
854.32426
854.67442
856.32910
856.37200
856.50820
857.09170
858.07522
858.24202
858.66490
859.55902
859.76530
859.84246
860.32594
861.00946
861.05950
861.34294
863.72698
864.27718
864.54142
865.27744
865.63648
865.72762
866.32780
866.42782
866.57788
866.81128
867.16342
867.37816
867.67228
868.44508
868.65592
869.15590
869.95222
870.40234
871.96276
872.54632
872.76496
872.97976
873.49654
874.94692
875.08936
875.54722
876.86422
877.16440
877.26442
877.41058
878.38144
878.43142
878.45512
879.14836
879.17896
879.18862
881.14894
882.36604
882.84058
882.89956
883.04962
883.51642
883.56640