1.81066
14.42584
25.49644
37.80022
38.17270
73.33432
79.09222
81.90484
82.03912
82.53106
82.61806
82.89802
91.78126
92.01184
92.24818
92.25286
94.19056
106.83274
115.12186
116.51068
126.41386
127.39216
127.54804
133.44028
138.95800
146.83384
147.83470
147.92194
156.42670
157.57924
161.12086
168.26674
189.77098
202.67932
202.69306
204.78046
212.06710
213.31210
215.65996
226.01662
231.90478
233.86978
236.58874
257.94658
258.89992
258.95914
259.36540
270.90982
273.20722
278.78908
279.08122
280.08952
284.39848
289.95268
290.10046
301.34710
302.03266
302.50744
308.61646
311.02102
320.52994
323.54962
324.97876
325.79878
327.18514
338.07712
346.00516
347.55832
351.27634
358.98490
360.85678
366.50422
366.87640
367.06168
377.45782
377.97268
378.80536
380.20462
387.71920
393.15952
396.02956
399.00034
399.82540
400.40290
401.56186
407.12296
410.63764
419.77654
421.67002
422.73838
424.56952
434.84140
437.10112
445.02844
445.77334
446.03794
446.80198
447.57910
448.34026
452.79286
457.90492
468.46618
472.05808
473.89744
487.57174
489.23518
491.26552
491.66926
493.07200
496.88200
505.93456
509.26738
511.77526
513.92506
513.92872
524.92288
526.40734
527.98318
530.81092
533.45806
535.49704
537.75694
548.89630
556.69342
560.30236
562.25470
564.79108
578.12332
579.19654
581.57584
585.10690
587.40598
588.50626
588.76744
588.87268
589.13878
589.82140
590.69200
599.62432
603.12040
607.78840
612.28162
617.09098
619.36792
619.67602
620.21320
620.29420
620.50138
620.69140
621.45964
624.33730
627.05770
631.12858
632.07898
632.08750
633.39844
633.86074
636.98290
643.20172
644.45260
646.02478
646.03828
664.02778
664.56730
664.66930
665.41756
665.42236
665.73166
666.58798
688.42234
692.87230
700.42240
706.78348
708.61954
721.11928
721.87696
724.08514
730.62646
732.52270
733.50958
738.40420
744.61726
746.28514
748.26028
755.07514
763.77934
776.24086
776.35558
776.80192
777.96724
777.97360
784.23358
787.70194
793.41250
796.15942
797.45524
798.07300
799.61476
802.48594
828.86386
842.19940
843.18640
844.96558
851.31688
854.01400
856.98352
863.66512
863.66824
864.31258
864.61894
865.48024
868.48690
870.28318
878.27596