0.43152
0.81204
0.89706
0.91482
0.96762
1.71510
4.12908
4.13172
4.75746
6.50730
6.54144
8.59218
10.17168
10.21440
12.15750
13.19844
14.67402
16.35762
19.16742
22.81344
22.81686
22.84008
23.29638
25.06404
25.07274
25.65858
26.08452
27.92292
29.93682
31.32318
32.47272
33.02670
33.03630
33.64326
39.60546
39.62190
39.65526
40.37670
40.69902
40.70262
40.71246
41.17638
41.82852
42.15990
42.42624
42.42900
42.46008
42.87210
43.50276
44.57646
44.60520
47.73576
49.26528
49.97268
49.97424
49.97826
51.20226
51.21012
53.40540
54.49848
56.26500
56.85450
57.17838
57.71850
57.72540
58.60164
58.98804
60.68508
60.72102
60.93558
61.26444
61.86456
63.60804
63.95820
63.98070
65.17020
65.18076
66.50370
69.09810
69.86718
70.45044
71.58612
73.07022
74.59956
74.61708
76.11456
77.19300
78.24234
78.69924
78.94212
78.99984
80.87904
80.88996
82.84890
83.48514
83.67852
86.26194
89.05494
89.08176
90.40806
90.41748
90.78360
90.98364
91.69800
91.71462
92.50458
92.51730
92.57358
96.75636
97.08270
97.78866
103.22484
103.24254
104.27328
105.38040
105.59448
105.61362
106.08708
106.75296
108.60660
108.61842
108.77952
110.73576
113.11164
113.14284
114.26130
116.27964
118.20414
118.35054
118.74786
118.90806
120.37764
120.60966
121.83246
122.63352
122.65392
124.07604
124.14882
124.28010
125.58936
126.59808
126.60774
127.59750
127.77654
127.78626
129.03822
130.52748
131.93994
132.84624
132.87318
132.87714
133.43304
134.20578
134.47314
134.47920
134.50290
137.31906
138.92832
139.69230
140.22150
141.38766
141.41856
142.69776
144.71754
146.80110
147.18042
147.70986
149.19678
149.45382
149.68608
149.84070
149.85954
152.15004
153.09996
153.84246
154.99008
154.99308
155.74452
155.74758
155.80170
157.28268
158.20608
159.14514
159.69918
160.35108
160.37064
160.66548
161.10564
161.14896
161.29110
162.04074
162.06798
162.89868
163.45368
163.80798
165.54816
166.49040
167.35674
167.73090
169.10424
169.11348
169.14678
171.09936
172.96602
172.97202
172.97982
174.07872
175.87452
179.12838
179.99484
180.00474
180.05196
181.47114
183.24636
183.84612
184.42698
184.61280
185.72682
187.32846
187.78890
188.53848
188.54526
188.55228
189.99474
190.97754
191.00868
191.95776
194.45970
194.47422
197.07630
197.85654
198.01356
198.02352
198.37344
202.50570
203.59830
204.31014
204.37872
205.08846
205.20252
205.27356
205.65732
206.03148
208.87962
210.54696
210.60390
211.74954
212.33676
212.80566
214.35306
215.07876
215.13606
215.88210
215.92584
217.76904
220.02582
220.05144
220.07154
221.12838
221.14500
221.84400
222.20394
222.39792
222.40182
223.17030
223.99716
224.39688
224.40594
224.41980
225.29298
225.29580
226.25682
226.27644
229.40640
230.24898
230.36826
230.39586
230.88264
231.87102
234.27624
234.27918
234.28386
234.83418
234.87948
235.36296
235.36530
235.78128
236.49516
236.52360
236.66688
237.36708
239.42874
239.46636
241.26108
241.26636
241.27326
242.58540
242.64696
242.68014
242.99298
243.94650
244.87290
245.94252
247.06032
247.13892
247.15494
247.17150
247.24596
247.96920
250.20540
250.92834
251.54118
252.07824
253.98810
255.66360
255.70686
256.55862
257.55372
259.27296
260.46888
261.19572
261.27882
261.30000
262.23528
262.89258
263.85576
263.87076
265.13478
265.16826
265.17150
266.57514
266.77554
266.85882
266.86836
268.80852
268.87734
269.36046
271.29372
271.31478
271.31802
271.71900
273.03690
273.52668
273.79104
274.86678
275.58312
275.95962
275.96268
275.97102
278.95260
279.21942
279.37110
279.39888
280.43202
281.93640
281.94942
281.96484
282.82962
284.66850
285.43122
285.44172
285.45540
285.47220
285.48906
285.76476
286.12452
286.53084
286.76478
286.79586
287.02212
289.32132
290.88798
291.03396
291.39792
292.60404
293.67786
293.69634
293.71314
294.69636
295.03692
295.38324
295.58328
296.19456
297.58032
298.03920
298.50342
299.26614
299.46990
299.58618
301.37874
301.38384
303.13872
303.27840
303.85272
304.02822
304.03296
304.91880
305.49576
306.35940
306.38166
306.39444
306.60612
307.28928
309.63816
310.31472
310.33746
311.12088
312.11832
312.91122
313.31418
313.57734
315.82710
315.88758
315.98466
318.15462
320.69718
321.77040
323.33622
323.91042
323.91978
323.93718
324.03774
325.10700
325.36656
325.64610
325.66674
326.79810
326.82168
327.33606
327.36600
328.97640
328.98300
329.06580
329.53536
330.82458
330.86544
332.18268
333.95154
334.09524
334.17558
334.34910
334.38156
334.38378
336.64680
340.17786
340.18554
341.44146
341.46684
341.47374
342.40458
343.35660
343.37112
344.20008
344.78424
346.08486
346.79766
347.44014
347.44314
347.46570
348.86652
349.06404
349.09338
349.83942
350.27340
350.29410
351.51384
353.73912
355.54032
355.57248
355.60314
356.90202
358.10550
359.29860
359.30358
359.30574
359.33190
360.47940
360.74226
361.16514
361.50516
362.24862
362.49900
362.50878
363.42900
364.31070
367.16508
367.19364
367.29204
367.41270
370.47216
370.79802
370.81500
370.85550
372.86190
373.58886
373.78590
375.59808
375.60822
376.50228
378.41196
379.26192
381.01170
382.26378
384.89454
386.07006
386.65338
387.31338
387.65670
388.81008
388.82952
388.88712
391.28436
391.47696
395.95998
396.72414
398.64552
398.65728
400.24530
401.11866
401.29548
401.39262
402.55926
404.25564
405.64986
405.67908
406.12854
407.52636
409.69314
409.77972
410.62890
410.63928
410.85972
413.42238
413.43924
413.48928
413.51892
415.69566
415.70568
417.14718
417.46620
417.50220
418.56288
419.20236
419.30964
419.65002
421.22274
422.43336
427.17024
427.17312
428.70270
429.50586
430.28652
430.54386
430.60146
432.14700
432.51990
433.93752
434.91810
439.38486
440.08020
442.28748
442.38714
443.25420
443.71134
445.17204
446.09514
447.02820
447.35028
447.40518
449.28126
449.28714
449.31198
449.31474
450.09570
450.35826
453.05478
454.08162
454.79892
454.80234
458.92914
459.20538
459.46530
461.09898
461.98278
462.81702
463.00320
464.39880
464.71584
465.31560
465.68286
466.14288
467.64690
467.64924
467.73294
469.13718
469.14030
469.43310
471.56652
472.75428
473.63034
473.77428
475.47378
475.98426
477.88134
477.88380
477.89064
477.90480
477.90798
478.07754
481.63194
483.08922
484.85160
485.33508
487.25586
488.19942
488.52270
489.95250
490.01838
491.78226
492.91800
494.37588
494.37876
494.38554
495.89934
495.95448
496.39686
497.36598
498.77622
504.90714
506.33988
508.67952
508.69236
509.77974
511.04286
512.79306
512.87016
513.05316
513.94752
516.38436
516.48420
516.73440
516.74418
518.12004
518.65122
520.03434
520.38066
520.58064
521.13066
522.06054
524.48430
525.46836
525.85170
525.98778
526.71090
527.67528
527.81844
528.84516
529.42830
530.55510
530.69808
532.43160
532.78518
533.48562
533.61138
535.65756
536.67174
537.18570
537.22602
540.42570
540.90504
540.96798
541.83576
541.84836
541.85376
541.91268
542.77836
542.83584
547.99608
549.43854
550.74900
550.78644
550.92210
551.80842
553.46604
553.46940
553.47234
554.52948
554.53692
555.68310
557.11284
557.97312
558.56280
558.90414
560.80086
562.22706
562.24230
562.70472
563.00874
563.53170
563.84838
565.52436
566.57850
566.60148
569.34150
569.38170
569.39892
570.32574
570.33948
570.42258
571.00224
571.02252
571.33194
571.60626
572.00988
573.60936
573.61680
573.62550
575.42586
575.51010
577.37394
577.95702
578.75748
579.72432
579.82416
579.92052
582.09390
582.10794
583.00062
583.26054
583.61832
583.65822
583.78464
585.39450
588.32532
590.29206
592.24290
592.81926
592.82856
592.83900
594.60312
596.15994
596.98638
597.91278
598.34340
598.88652
599.42310
599.96244
600.17964
602.70624
602.70996
602.72928
603.81708
605.62998
605.70384
606.49704
606.69636
606.84372
607.49358
609.40086
610.17306
614.54448
615.21072
615.29376
615.66396
615.69408
616.90374
617.65044
618.11352
618.35088
618.51318
619.27992
619.73760
619.74402
620.94408
620.94636
622.94406
623.88630
624.50952
624.51294
627.84390
627.86322
627.86724
627.88098
628.86036
628.86972
628.87638
628.90242
629.51052
631.46940
631.47966
631.48380
631.48656
631.49304
631.49610
633.81912
634.14558
635.33586
636.75972
638.02854
638.16414
640.32162
640.90458
640.92534
641.98164
642.00816
642.23748
644.77860
645.17382
645.45678
646.01394
646.01958
646.09026
647.31564
647.68740
649.71492
651.76158
651.78468
651.89862
652.20522
652.94688
654.49302
654.79776
657.62664
659.44170
661.23186
661.54242
663.14412
664.46832
665.08296
666.33510
666.34434
667.64202
667.64478
667.67046
667.89396
668.77464
671.33094
672.46758
672.76116
672.87786
674.18466
676.32444
676.34400
677.44392
678.88494
678.90564
680.27562
681.76476
681.92088
681.92730
683.29788
683.30112
684.53544
685.67268
687.08574
687.98586
688.63206
690.52218
691.27188
691.40526
691.56030
692.73288
695.23530
695.34378
696.42372
696.89646
699.31434
699.38094
699.66132
700.42818
700.44066
701.55438
703.46382
705.15126
705.16176
708.05880
708.09876
710.68950
711.71976
712.67604
712.77582
716.70768
716.72724
720.59484
721.19190
722.48112
724.08528
725.11566
726.15048
726.18612
726.81318
727.21086
728.12016
729.53754
731.31726
734.22222
735.18012
736.10982
738.09390
738.34758
738.76056
740.24826
745.95726
746.86746
746.86962
747.84096
747.86382
748.60146
748.85154
749.92530
750.21186
750.28794
750.30474
751.16130
752.47614
752.78862
754.23912
754.24584
757.35240
758.21226
758.22870
759.44874
759.47892
761.52762
762.19212
765.59718
765.60378
767.13828
773.32896
773.33580
774.88674
774.88998
776.09754
776.20644
778.08684
780.39210
780.97866
781.75536
781.98798
783.03612
783.04260
783.04830
783.97950
784.97190
784.98222
786.50424
786.73896
787.41876
789.50664
790.20684
790.50672
791.91072
791.91678
791.93148
792.01692
792.51720
792.55782
792.67392
792.87168
793.30062
794.51490
795.18462
795.45066
795.84186
795.84852
796.31766
796.37514
796.69458
797.11254
797.12916
798.20568
798.21312
798.35880
799.06494
799.25880
800.21148
800.65782
800.79474
800.99484
801.11808
801.16950
801.53232
801.69204
801.83202
802.13232
803.06310
803.14242
803.26560
803.97438
804.93222
805.39248
805.69920
805.78458
806.68494
806.72574
807.36840
807.76836
807.92286
808.90602
809.20146
810.78288
811.48284
811.59174
811.60836
812.12616
812.25162
812.25462
812.73264
812.99562
813.88488
813.91566
814.05642
814.18500
814.20846
814.83978
815.26860
815.64276
815.64942
815.72868
815.74908
816.55602
817.60812
818.26812
818.56194
819.56598
821.20818
822.13974
822.36558
822.50526
822.56544
823.25058
823.44162
823.75812
823.79220
824.15544
824.36190
824.61582
824.73570
825.14166
826.30284
826.37490
826.59246
827.07546
827.08248
827.33220
827.36820
827.65194
828.34140
828.37854
828.38478
829.32480
829.39908
829.42254
829.44264
829.92252
830.48244
830.52558
830.93478
831.04656
831.35796
831.64122
832.05918
832.07004
832.10154
832.44858
833.00532
833.01954
833.02518
834.35130
834.35814
834.37848
834.38208
834.63222
835.24692
835.33908
835.71576
836.10120
836.22234
836.26530
836.39394
836.39892
836.40156
837.81168
837.86868
838.07478
838.20132
838.23234
838.84650
840.50796
840.79692
840.80112
841.11156
841.80582
842.06070
842.06358
843.11190
843.43536
844.09170
844.44528
844.46208
844.46574
844.46832
844.62858
845.36598
845.91216
846.55818
847.01214
847.86618
847.99926
848.50836
849.93954
849.94314
851.34294
851.37366
851.79948
851.90868
851.94312
852.05970
852.06882
852.09006
852.76638
853.04316
853.05498
853.26906
853.39230
853.89276
853.91256
853.95000
854.33334
854.57910
855.36276
855.37668
855.71670
856.26288
856.40928
856.76688
856.86912
856.99254
857.12532
857.20020
858.05028
858.53652
859.74042
859.75728
859.88652
860.78664
861.20724
861.28692
861.56718
861.66714
861.96720
862.05030
862.47900
862.76058
862.95060
863.54346
863.55462
863.55714
863.73774
864.76356
865.28670
866.14386
866.16720
866.27718
866.45706
867.10326
867.38010
867.62004
867.63720
867.64302
867.67482
868.53786
869.08416
869.10750
869.59314
869.98170
870.36750
870.39078
870.39420
870.69402
870.85092
871.31754
871.58376
871.67460
871.70322
871.72644
871.84410
871.88034
871.92654
871.96086
872.30082
872.75346
872.94708
873.10740
873.22446
873.55296
873.68190
873.93420
874.23408
874.31982
874.34310
874.46280
875.47470
875.50992
875.70084
875.90334
876.50076
876.57012
876.82734
876.98418
877.30728
877.31094
877.79094
877.88784
877.97646
878.03382
878.16030
878.42640
878.57400
878.57976
878.59356
878.71998
878.76042
878.81976
879.52686
879.72036
880.32696
880.45332
880.47684
880.72188
880.73394
880.73628
881.30748
881.39280
881.40438
881.83650
881.95056
882.39978
882.40308
882.42624
883.00044
883.12404
883.65564
884.19330
884.35008
884.39250
884.40516
884.79648
884.83362