0.21568
0.22336
0.25540
0.29008
0.30838
0.31702
0.38266
0.41572
0.44152
0.44782
0.47350
0.52510
0.69640
0.74638
1.15432
1.44022
1.83274
1.93276
1.97380
1.98424
1.98916
2.02372
2.35456
2.35714
2.87608
3.22474
3.23302
3.24562
3.29086
3.30376
3.33016
3.34414
3.36646
3.39382
3.44854
3.46354
3.47050
3.49852
3.51808
3.53032
3.58282
3.59374
3.71356
3.85726
3.96532
4.17424
4.59100
5.07448
5.12446
6.57196
6.79270
6.82396
6.85870
6.86716
6.89158
6.89818
6.90448
6.92494
6.92746
6.99922
7.01590
7.35088
8.00476
8.17630
8.29672
8.30062
8.33398
8.51170
8.89174
8.96464
9.00574
9.25090
9.51742
10.12540
10.33930
10.38310
10.38520
10.40746
10.42462
10.42768
10.43038
10.44406
10.44844
10.45630
10.46008
10.46650
10.53850
10.58932
10.59208
10.63192
10.89220
11.19220
11.85124
11.89930
12.43990
12.44242
12.44854
12.45454
12.45646
12.48226
12.48652
12.48982
12.53968
12.59866
12.61804
12.65122
12.68182
12.74242
12.76822
13.65832
13.72210
13.72588
14.27896
14.29480
14.29876
14.30458
14.35330
14.38498
14.40184
14.41834
14.60938
14.67610
14.84278
14.89894
15.01846
15.09580
15.10174
15.13828
15.16210
15.16852
15.19636
15.19882
15.20590
15.22786
15.25342
15.28282
15.29002
15.40948
15.62614
15.65950
15.82618
15.84286
15.88510
15.95944
16.44292
16.48918
16.60960
16.64302
16.90960
16.97638
17.27638
17.56336
17.57368
17.59030
17.75974
17.95978
17.98522
17.99032
17.99926
18.30988
18.31594
18.47650
18.49324
18.64324
18.89044
18.98548
19.12660
19.13980
19.15960
19.20682
19.21888
19.24996
19.26868
19.27048
19.28590
19.29238
19.41652
19.44946
19.47058
19.51012
19.62052
19.83556
19.85728
19.87666
19.99348
20.02666
20.05852
20.08348
21.21652
21.22876
21.23674
21.24142
21.26002
21.28744
21.29086
21.29716
21.33352
21.36028
21.50236
21.80752
21.96646
22.10758
22.19374
22.19650
22.20256
22.24258
22.29364
22.37692
22.44250
23.37352
23.57728
23.65780
23.70274
23.89120
23.94394
24.04402
24.15784
24.17734
24.24124
24.25012
24.31726
24.31948
24.32734
24.40024
24.40792
24.41488
24.41932
24.43798
24.44128
24.45448
24.46066
24.50800
24.56080
24.62740
24.69412
24.70312
24.72742
24.77746
24.79414
24.82138
24.82744
24.84418
24.85048
24.86080
24.87742
24.92746
24.94414
25.49290
25.54162
25.62484
25.97770
26.03134
26.04442
26.33800
26.34748
26.74054
26.95852
27.11446
27.16450
27.27436
27.29374
27.31060
27.32800
27.33460
27.38440
27.38722
27.44068
27.46756
27.50242
27.63688
27.84376
28.33720
29.04778
29.06458
29.26456
29.28472
29.31856
29.33482
29.34652
29.35270
29.36182
29.37340
29.45404
30.74536
30.75958
30.76588
31.36510
31.94194
31.99312
31.99492
32.02408
32.03536
32.04100
32.05882
32.06494
32.07634
32.77144
33.20698
34.61278
34.62952
35.54644
35.71612
35.72212
35.72980
35.76022
35.76616
35.77702
35.78944
35.81194
35.82868
35.83582
36.05560
36.21616
37.25116
37.25578
37.28218
37.28512
37.32298
37.50586
37.80592
37.88524
37.97374
37.98292
37.99522
37.99696
38.00272
38.00884
38.01928
38.02246
38.02552
38.03926
38.05426
38.08750
38.10328
38.13670
38.18920
38.57050
39.23380
39.23692
39.92680
39.95686
40.00000
40.02796
40.04176
40.05358
40.05814
40.09252
40.10380
41.03098
41.39008
41.55394
41.56162
41.83786
41.87338
42.97132
42.97372
43.09816
43.14568
43.16206
43.22872
43.24630
43.27006
43.27792
43.30192
43.33780
43.36978
43.46494
44.03182
44.52424
45.24886
45.31840
45.32842
45.43846
45.44362
45.44794
45.46108
45.46294
45.47176
45.48844
45.52882
45.54628
45.56278
45.64606
45.67156
45.88528
46.84924
46.96318
47.88220
47.89876
47.91904
48.08446
48.13978
48.15646
48.21898
48.22828
48.24328
48.32536
48.33820
48.36226
48.46288
48.51934
48.55888
48.64228
49.09996
49.11382
49.46260
49.53268
49.76686
51.19288
51.34984
51.35584
51.36988
51.37246
51.38704
51.41752
51.43138
51.44176
51.46606
51.49954
51.59308
52.63348
52.64212
53.80540
54.14374
54.17890
54.20596
54.22612
54.23716
54.23926
54.24778
55.55068
56.01280
56.04322
56.06158
56.07526
56.07964
56.08150
56.12188
56.18308
56.24470
56.64562
56.65534
57.97618
58.23274
58.24528
58.25314
58.27594
58.38646
58.39546
58.57906
58.78768
58.80544
58.87636
58.88278
58.89232
58.97932
59.18686
59.36758
59.70658
60.06262
62.44756
62.46280
62.48458
62.48674
62.50750
62.51008
62.51506
62.52382
62.57170
62.57464
62.60848
62.63566
62.70520
63.02494
63.95974
64.00564
64.95616
65.06830
65.08402
65.10250
65.12116
65.12374
65.13286
65.14492
65.24590
65.26906
65.29858
66.82756
66.87334
66.89302
66.89620
67.96606
67.97398
68.00716
68.01358
68.04352
68.05000
68.34868
68.67160
68.74276
69.03070
69.28372
69.94036
70.01602
70.03840
70.05676
70.06456
70.06696
70.07836
70.16716
70.17496
70.20232
70.32244
70.55872
71.37154
72.26794
72.61804
72.70816
72.71224
72.71542
72.73810
72.76252
72.76492
72.76684
72.77212
72.79324
72.79528
72.79744
72.80176
73.42612
74.59192
74.59918
74.60728
74.61976
74.65090
74.66482
74.67640
74.68696
75.07108
75.56014
75.79348
76.14964
76.35142
76.36918
76.38310
76.39438
76.42978
76.44364
76.45858
76.51648
76.56028
76.74100
76.88602
77.42728
77.46058
77.59402
78.11080
78.29416
78.35596
78.36868
78.37504
78.41464
78.42550
78.46348
78.53998
78.59422
78.89434
79.31116
80.22832
80.23786
80.24530
80.26762
80.27866
80.30098
80.62822
80.69224
81.08014
81.10288
81.12562
81.47086
82.01818
82.05922
82.44262
82.45468
82.47112
82.51210
82.52272
82.53376
82.53556
82.55980
82.66510
83.66242
84.10666
84.11134
84.61132
84.64366
84.66850
84.67132
84.68488
84.68884
84.72202
84.73720
84.78094
84.79006
85.11016
85.31290
86.61994
86.62642
86.67370
86.67736
86.69194
86.69410
86.69674
86.70154
86.73010
86.76334
86.80546
87.08014
87.34408
87.34696
88.94734
89.10514
89.12344
89.13334
89.13970
89.15290
89.16922
89.20900
89.22772
89.35366
89.65660
90.03988
90.18274
90.20266
90.27070
90.62836
90.78766
91.24714
91.51948
91.52170
91.58170
91.58752
91.64428
91.70134
91.72432
92.56222
92.72392
93.08176
93.37906
93.49102
93.73816
93.76090
93.76396
93.80476
93.81436
93.82696
93.84496
93.88822
94.08508
94.13200
94.28206
94.57156
95.23996
95.56294
96.13246
97.19164
97.20238
97.49668
97.91620
98.06632
98.07148
98.86642
99.34978
99.36982
99.42268
99.78682
99.95632
99.96298
99.97162
99.99226
100.02550
100.02868
100.05526
100.05772
100.06270
100.12600
100.14718
100.23928
100.54228
100.73956
101.10910
101.14264
101.44750
101.68096
101.68666
102.00322
102.09484
102.10726
102.13372
102.14548
102.19150
102.21718
102.30334
102.30928
102.33994
103.05664
103.17628
104.04478
104.17318
104.19574
104.24548
104.33422
105.59350
107.02432
107.40730
107.41138
107.42170
107.43172
107.44828
107.45644
107.45938
107.53942
107.62462
107.65168
108.83170
109.39444
109.48546
109.57534
110.38210
110.39200
110.41780
110.43232
110.44480
110.46652
110.51170
110.91916
111.00250
111.13912
111.23338
111.25276
111.55882
111.65902
112.09504
112.82884
113.92690
113.94454
113.99014
114.01240
114.02020
114.04966
114.10990
114.21766
114.27916
114.36124
115.57978
115.62688
116.10688
116.13358
116.15368
116.17978
116.19166
116.19508
116.22952
116.28484
117.44656
117.69664
117.70096
118.31074
118.36540
118.37812
118.40068
118.41586
118.43026
118.48432
118.51090
118.51366
119.20486
119.58466
119.61166
119.64712
119.76826
120.57184
120.58852
120.87190
121.43482
121.46506
121.53262
121.53874
121.55272
121.77214
122.23408
122.68906
122.71630
122.73700
122.75572
122.76172
122.76790
122.81968
122.98648
123.26476
123.32248
123.46486
123.53854
123.55792
123.58180
123.59812
123.60316
123.73324
123.73936
125.14756
125.22634
126.19000
126.49900
126.50686
126.56344
126.57058
126.57664
126.57994
126.61528
126.65146
126.65428
126.66748
126.67666
126.68608
127.65700
128.55352
129.08806
129.10882
129.11962
129.12226
129.14752
129.15910
129.17050
129.17986
129.19792
129.23308
129.35374
130.59874
131.66692
131.90026
132.15808
132.19306
132.19528
132.19810
132.21364
132.22972
132.24466
132.27208
132.28906
132.29296
132.34132
132.68878
132.76822
132.78892
132.79804
132.85816
132.87802
133.12498
133.19326
133.35838
133.43578
133.49872
133.52704
133.63420
134.20582
134.21632
134.94556
135.02530
135.11182
135.33832
135.60604
135.65626
135.67666
135.70882
135.71212
135.72202
136.24228
137.42992
137.62210
137.63518
137.66542
137.66938
137.68486
137.69956
137.71582
137.74264
137.75152
138.28540
138.40180
138.65866
138.68236
138.70204
140.25262
141.05854
141.06316
141.07552
141.08986
141.13900
141.14308
141.15022
141.29086
141.33340
141.38590
141.47692
142.78342
143.68966
143.99812
144.00958
144.06076
144.07732
144.16690
144.26716
144.32578
144.36352
144.56698
144.60202
144.68110
144.87754
145.29418
145.31716
145.42756
145.46086
145.71088
145.72762
146.11114
146.13544
146.18278
146.20738
146.22256
146.23156
146.23540
146.23888
146.79712
146.91460
148.03942
149.37208
149.37718
149.37934
149.42428
149.42620
149.43922
149.45758
149.60524
149.70244
151.10788
151.26766
151.28014
152.06782
152.15380
152.16460
152.18320
152.19040
152.19220
152.20156
152.24842
152.27026
152.27860
152.39236
153.29122
153.42574
154.41376
154.45810
154.46356
154.47694
154.53496
154.54528
154.59256
154.79524
155.01814
155.19526
155.53846
155.78764
156.12160
156.59542
157.80652
157.81600
157.82110
157.83268
157.87258
157.87642
157.88704
157.88902
157.91140
157.91866
158.07904
158.25874
158.27128
158.71240
159.52150
159.52558
160.02646
160.04332
160.05178
160.06108
160.06570
160.07656
160.08406
160.11592
160.13818
160.20502
161.71384
162.13582
162.15478
162.15664
162.18928
162.20872
162.23338
162.24598
162.34930
162.35500
162.73846
164.09056
164.56018
164.56612
164.63170
165.51532
165.53242
165.56428
165.60940
165.64216
165.69544
165.70282
166.28584
166.35268
166.36900
167.79340
168.55660
168.57970
168.59440
168.62542
168.63550
168.67486
168.67666
168.68548
168.69232
168.70252
168.71926
168.75916
168.76264
168.89608
168.95512
169.58212
169.60516
170.32918
170.72134
170.72464
170.75290
170.76238
170.77522
170.79214
170.85880
171.52804
173.13778
173.51818
173.56132
173.56324
173.62708
173.67868
173.82106
173.87860
174.95296
175.63480
175.63762
176.15422
176.17834
176.42938
176.46556
176.48722
176.65270
176.66458
176.67520
176.90878
177.11530
177.13420
177.14170
177.14344
177.17218
177.17404
177.19042
177.20836
177.21064
177.31768
177.34480
177.37810
177.49780
178.01512
178.06798
179.40376
179.44768
179.46004
179.47696
179.47960
179.48404
179.51110
179.74456
180.31738
180.32026
180.97006
181.00978
181.66408
181.67956
181.68670
181.69096
181.70500
181.72378
181.73086
181.76092
181.76698
181.77238
181.77508
181.78660
181.79422
181.82752
182.22586
182.75806
182.83972
182.86204
183.33220
184.13488
184.14994
184.15282
185.11804
185.15404
185.15662
185.20288
185.22976
185.24512
185.25772
185.26948
187.38214
187.38454
187.43092
187.45168
187.47226
187.47658
187.48576
187.49362
187.51894
187.56646
187.79476
188.04874
188.16016
188.27680
188.62654
188.62810
189.05632
189.07252
189.14338
190.21894
190.67392
190.69084
190.75492
190.76608
190.77088
190.80880
190.84636
192.79954
192.80206
192.80722
192.82240
192.84634
192.85576
192.85834
192.87328
192.87526
192.87880
192.88954
192.89320
192.97966
193.00624
193.02766
194.25694
195.09934
195.13066
195.23662
195.24406
195.29182
195.29890
195.31270
195.32032
195.54310
195.66238
196.49920
198.43414
198.44116
198.44602
198.45028
198.47146
198.47362
198.49642
198.50590
198.51874
198.62524
198.68536
198.74038
198.76870
198.87388
198.87808
199.15702
200.08936
200.21596
200.30374
200.31130
200.45320
200.56324
201.25714
202.12288
202.12522
202.14670
202.16152
202.16824
202.21762
202.64512
204.00388
204.00994
204.02404
204.03292
204.11770
204.12544
204.13048
204.16132
204.20590
204.45226
206.14060
206.14336
206.17312
206.18116
206.18374
206.21620
206.24686
206.31784
206.59342
206.77402
206.91004
207.85246
209.23360
209.29636
209.30236
209.30806
209.41630
209.42986
209.46298
210.05254
210.34978
210.41680
210.55240
211.20466
211.52680
211.53604
211.54648
211.56262
211.59976
211.60150
211.61398
211.61638
211.61800
211.62406
211.63036
211.65250
211.73740
211.79524
211.98046
211.98304
213.02410
213.97084
214.44322
214.46806
214.47838
214.48444
214.50940
214.53106
214.54624
214.56640
214.61020
214.71802
214.81018
215.42662
215.46364
215.71018
216.24346
216.28564
217.33738
217.44736
217.46650
217.47694
217.65742
218.31652
220.30276
220.35196
220.37356
220.40344
220.40746
220.41412
220.41802
220.42246
220.42996
221.41180
221.44810
221.77078
221.80054
221.84992
221.85244
221.85634
221.94286
222.23308
222.52420
222.52696
222.65758
222.71014
223.05328
223.05568
223.07956
223.09336
223.11544
223.23010
223.32682
223.52404
223.57402
224.47684
224.96380
225.04972
225.56026
225.77422
225.88558
225.88930
225.91792
225.92254
225.92602
225.95434
225.95650
225.97306
225.98476
226.02334
226.10248
226.12696
226.17274
226.19974
227.79370
227.94376
227.98030
228.01192
228.05764
228.07996
228.09298
228.11032
228.11722
228.16042
228.18052
228.21040
228.64216
229.76938
229.94122
230.38510
231.32464
231.34996
231.35800
231.38068
231.44056
231.45070
231.45826
231.46276
231.50308
233.50726
233.59444
233.59852
233.65060
233.69968
233.70220
233.74090
233.74588
233.76886
233.83570
233.85064
233.85514
233.86120
233.87392
233.91964
234.01114
234.07030
234.24466
234.33796
234.82030
234.82792
235.08184
236.86792
236.90566
236.96770
236.97028
236.98006
236.98714
237.00004
237.01162
237.24802
237.25114
237.32098
239.04262
239.05150
239.07448
239.08918
239.12506
239.15878
239.16496
239.17444
239.42860
239.63764
240.25174
240.34546
240.77122
241.35832
241.39906
241.83958
241.86562
241.87546
241.89646
241.89880
241.91116
241.91482
242.02906
242.04202
242.07628
242.09290
242.11252
242.16820
242.26240
244.40380
244.83214
244.87198
244.87438
244.90012
244.93270
244.93546
244.94344
244.95868
245.02660
245.08726
245.09326
245.81296
246.21298
246.36022
246.36292
246.37966
246.39880
247.02724
247.04302
247.04548
247.04842
247.06684
247.07116
247.10890
247.11064
247.11418
247.11910
247.12162
247.25944
247.32970
247.37974
248.06446
248.06638
248.17714
248.35546
248.93896
248.99650
249.71326
250.01542
250.03912
250.09294
250.10446
250.11334
250.13686
250.13992
250.14292
250.14976
250.17034
250.18858
250.19350
250.20802
250.21948
250.23640
250.24672
250.46344
250.58008
252.59314
253.31380
253.33846
253.34104
253.38898
253.42312
254.52286
255.16042
255.17254
255.69484
255.71032
255.72616
255.73708
255.74350
255.76918
255.77188
255.80644
255.85528
256.11946
256.12306
256.12690
256.20370
256.21132
256.49008
256.52320
256.56184
256.62208
256.86622
257.13298
257.13880
257.30404
257.36824
257.76364
257.82346
257.97058
258.24796
258.25126
258.51460
258.59800
258.63760
258.85702
258.93010
259.15708
259.54414
259.88164
259.89820
259.92262
259.92790
259.95736
259.96492
259.97272
259.97434
260.02780
260.03002
260.04496
260.16064
261.08170
261.09070
261.12916
261.13828
261.82948
261.86206
261.86518
261.93094
261.95758
261.98182
262.07134
262.99492
263.00650
263.01268
263.39878
263.99890
264.00166
264.02488
264.02734
264.05170
264.05584
264.06682
264.07624
264.09814
264.15514
264.19162
265.14160
265.15450
265.17172
265.17472
265.34920
266.39038
266.41384
266.42380
266.43472
266.49190
266.52904
266.67988
266.69164
266.85556
267.15838
267.23278
267.46612
267.48910
268.22518
268.38298
269.09974
269.16922
269.17576
269.18314
269.19976
269.21596
269.23180
269.44894
269.46394
269.47942
269.53012
269.53930
269.54320
269.54512
269.58310
269.58982
269.59984
269.80240
269.80642
270.26656
270.76654
271.09894
271.94716
272.11816
272.16214
272.18596
272.18962
272.20312
272.21656
272.22766
272.23942
272.25424
272.25886
272.32000
272.34112
272.62564
273.11668
273.14584
273.28060
273.29284
273.58336
274.23964
274.29226
274.50016
274.68658
274.70008
274.71394
274.93570
274.94566
274.97290
274.97602
274.99000
275.00272
275.36674
275.37106
276.61414
276.76696
277.06696
277.60036
277.68364
277.70032
277.84756
277.85038
277.86106
277.90030
278.24722
278.29918
278.32318
278.36716
278.36962
278.37292
278.41432
278.43988
278.46706
278.66704
278.78374
278.78722
278.80714
279.10948
279.15970
279.55048
279.69922
280.58290
280.58698
280.59970
280.64686
280.65940
280.66228
280.94008
281.86732
282.06952
282.58672
283.17040
283.17640
283.18582
283.27408
283.31878
283.37650
284.31154
284.32072
285.44632
285.51274
285.52618
285.53530
285.53692
285.55426
285.56104
285.56344
285.64330
285.65512
285.67156
285.71500
285.79348
287.92846
288.18052
288.19588
288.21934
288.23308
288.26380
288.27982
288.28186
288.30778
288.31192
289.15408
289.96024
290.06992
290.17540
290.28496
290.28760
291.18496
291.34600
291.35248
291.35500
291.41458
293.04418
293.45362
293.46544
293.46874
293.48266
293.51596
293.52196
293.52802
293.54026
293.56786
293.57518
293.57770
293.67520
293.71468
293.73862
293.77048
296.77576
296.77882
296.78902
296.80012
296.85916
296.87326
296.88016
296.89312
296.94670
297.09514
297.30304
298.00048
298.01710
298.05328
298.20328
298.43662
298.47004
298.77658
298.80346
299.03686
299.44474
299.45788
299.46424
299.51752
299.51938
299.53870
299.55076
299.59624
299.89336
300.38722
300.41764
300.78358
300.80404
301.19368
301.19680
301.64668
301.70440
301.71700
301.74748
301.75762
301.76008
301.76200
301.76872
301.78126
301.79404
301.80856
301.81138
301.81750
301.82884
301.84396
301.98778
302.13664
302.15818
302.24674
302.29678
302.47126
302.51392
302.91382
303.08050
303.93586
304.96438
304.99108
305.04814
305.06062
305.06614
305.07526
305.09494
305.19808
305.23888
305.43892
305.45860
305.48284
305.49256
305.50300
305.80744
306.82306
307.80646
307.82422
307.83298
307.84288
307.86532
307.87312
307.88242
307.91554
307.91770
307.93222
307.93402
307.94698
307.95556
307.98412
307.99894
308.05108
308.05810
308.12344
308.85922
309.68302
310.22614
310.24726
310.27708
310.33972
310.88866
311.15950
311.16574
311.19910
311.23234
311.35972
311.38366
311.46724
311.47132
311.89168
312.25024
313.12834
313.13338
313.18342
313.22170
313.22572
313.24240
313.24942
313.26022
313.28470
313.36810
313.36966
313.60942
314.22346
314.44024
315.56896
315.61918
315.70906
315.75556
315.76960
315.86326
316.41844
316.43014
317.19442
319.17544
319.17994
319.18750
319.25506
319.31230
319.31998
319.34842
319.35862
319.38676
319.45228
319.49566
321.64690
321.65182
321.70132
321.71896
321.73228
321.74668
321.75568
321.78928
321.85618
321.89710
322.07284
322.76728
323.24506
323.27338
323.50498
323.64814
324.76828
324.79996
324.81706
324.82558
324.85330
324.86188
324.88354
324.90280
324.91276
324.91558
324.95080
325.03228
325.13860
325.44526
325.79176
325.80850
325.90306
325.95262
326.96326
327.01024
327.04342
327.05044
327.08536
327.09262
327.10312
327.11446
327.60850
327.99328
328.23160
329.54842
329.55496
329.55748
329.61100
329.63704
329.63902
329.64838
329.65048
329.65204
329.66068
329.66584
329.66866
329.67934
329.74156
330.26614
330.27250
332.49610
332.54608
332.58934
332.60194
332.61292
332.62360
332.65114
332.65282
332.65774
332.66026
332.67022
334.56820
334.64170
334.79782
334.81294
334.92496
335.74828
335.90590
336.14218
336.14920
336.18124
336.18556
336.23170
336.24268
336.26026
336.28798
336.60634
337.23268
338.20726
338.58820
338.64358
338.64862
338.65384
338.67778
338.70754
338.72434
339.59464
341.63212
341.73292
341.75932
341.76178
341.76706
341.79268
341.79556
341.83498
341.84902
341.90164
342.68302
342.97654
343.85944
343.88212
343.88584
343.90156
343.91050
343.93990
343.94572
343.96732
343.97044
344.01052
345.32428
345.32950
345.36754
345.41038
345.49192
346.02568
346.06798
346.08502
346.11958
346.12216
347.36230
347.36584
348.21622
348.25408
348.82384
348.82672
348.91174
348.91768
348.93130
348.93634
350.76556
350.89762
352.20730
352.21192
352.23454
352.24354
352.29094
352.32610
352.33162
352.34284
352.36648
352.47178
352.48348
352.50556
353.12440
353.15170
353.16814
354.70228
354.70750
354.72028
356.83378
357.09694
357.45766
357.48406
357.52138
357.52774
357.58756
357.61036
357.63412
357.68146
357.68722
357.69286
358.25878
358.26532
358.49068
358.96804
359.02120
360.03490
360.04906
360.05956
360.09916
360.10180
360.16600
360.17284
360.17968
360.18952
360.20470
360.21094
360.22138
360.32368
360.33820
362.21692
362.21938
362.24896
362.25394
362.25592
362.26168
362.29210
362.32420
362.34508
362.46196
362.47486
362.49172
363.03406
363.06232
364.00636
364.02316
364.05754
364.67572
364.70128
364.71178
364.73866
364.75258
364.75450
364.76068
364.77010
364.77826
364.93132
364.97590
364.98724
364.99510
366.32410
366.61360
367.85650
367.86568
367.88716
367.89484
367.90816
367.91416
368.37190
368.40226
368.42974
368.70526
368.71438
368.74102
368.74300
368.76166
368.76832
368.77282
368.78332
368.78584
368.81152
368.81362
368.82214
368.84038
368.88880
368.90536
368.97988
369.05278
369.13888
369.63124
369.66472
369.90304
370.33930
370.92706
370.94110
370.96282
370.98406
370.99546
370.99816
371.00026
371.07778
371.10358
371.40112
371.89156
372.69880
373.19032
373.28272
373.45702
373.89676
374.30800
374.33476
374.35882
374.37688
374.39416
374.63332
375.09436
375.12082
375.19714
375.75796
376.02478
376.75126
376.77628
376.81714
376.82830
376.83418
376.83730
376.87492
378.18544
379.11556
379.12936
379.13260
379.15804
379.18378
379.19662
379.22236
379.22896
379.23982
379.32514
379.34752
379.36420
379.38214
379.38670
379.49890
379.50172
379.53226
379.58212
379.96924
380.75980
381.17392
381.99238
382.01026
382.02682
382.03234
382.06078
382.11532
382.12648
382.14088
382.22686
382.81354
383.86084
385.41502
385.46734
385.47184
385.47340
385.49410
385.53424
385.59280
385.62016
385.63690
385.67794
386.87818
387.41266
387.47578
387.47986
387.63130
387.67228
387.69010
387.71782
387.72688
387.78184
387.82564
387.91186
388.72870
389.73508
389.79952
390.24910
390.25192
390.39574
390.54742
390.74776
390.90820
390.93052
391.19914
391.31416
391.37944
391.38310
391.39222
391.40386
391.42222
391.45090
391.47940
391.48282
391.54282
391.77952
391.97950
392.64634
393.78646
393.84856
393.87928
393.88870
393.89668
393.89866
394.04680
394.73014
394.76782
394.77238
396.14698
396.18592
396.18910
397.10962
398.44816
399.15484
399.88198
399.89530
399.89704
399.92446
399.94870
399.96922
399.97156
400.18804
401.11558
401.17906
401.19136
401.29552
401.63242
401.67580
401.89030
402.11590
402.15310
402.15592
402.16810
402.17212
402.19270
402.20476
402.20860
402.21328
402.22492
402.23878
402.33490
402.58270
403.12600
403.22254
404.28928
404.33044
404.33752
404.34994
404.35630
404.37526
404.37952
404.38324
404.39212
404.39632
404.46646
404.49226
404.64100
404.70904
404.73064
404.74240
404.76388
406.46716
406.61716
406.66546
406.75984
406.77652
406.80832
406.81102
406.83652
406.84690
406.85296
406.86346
406.87456
408.34378
409.08598
409.08952
409.66966
409.69834
409.70236
409.70404
409.74214
409.81402
410.58184
411.24880
411.25768
411.26470
412.11796
412.13476
412.13818
412.14244
412.15300
412.18654
412.21666
412.21858
412.22134
412.24720
412.26064
412.30918
412.31812
412.33114
412.34746
412.36402
412.42678
412.48690
412.49524
412.53658
412.61542
412.64386
412.76476
412.79440
412.87588
412.93240
413.39122
413.47600
413.59120
413.61748
413.65066
413.85928
413.87470
414.71140
414.71404
414.72070
414.72892
414.76306
414.76558
414.83122
414.97126
414.97468
416.65048
416.66050
416.67466
416.70790
417.31630
417.32134
417.36376
417.38212
417.38500
417.40048
417.41428
419.55820
419.61064
419.62606
419.63596
419.63752
419.64880
419.65162
419.65774
419.68228
419.69806
419.83486
420.50428
421.08358
421.10752
421.15144
421.49374
422.49250
422.51530
422.56060
422.57434
422.59822
422.62426
422.65762
422.67994
422.68762
422.72578
422.74372
423.18724
423.70780
423.83782
423.93352
424.27576
424.32682
424.35742
424.49350
424.79344
424.98754
425.24530
425.26984
425.34076
425.50120
425.65120
425.76796
425.90128
427.16506
427.24102
428.11078
428.11252
428.13772
428.15836
428.16442
428.21812
428.42440
428.47870
428.48470
428.75140
429.66814
429.77446
429.82600
430.43218
430.53496
430.53820
430.55584
430.58158
430.62454
430.63756
430.65340
430.68412
430.73098
432.43930
432.46684
432.47938
432.48262
432.49168
433.14598
433.19488
433.27762
434.44414
434.45848
434.75518
434.77078
434.78560
434.78920
434.85592
435.67840
436.08256
436.08988
436.10782
436.13302
436.15258
436.17796
436.37824
436.42720
436.99486
437.41174
437.65198
437.96068
438.52756
438.55666
438.57250
438.58366
438.58624
438.59164
438.60082
438.60316
438.66874
438.67768
439.74646
439.76668
440.15374
440.25100
441.44644
441.55702
441.57736
441.61192
441.64852
441.67102
441.71332
442.53796
443.76418
443.77378
443.77882
443.78122
443.80888
443.82496
443.83480
443.84710
443.84878
443.86732
443.87722
443.88292
443.98108
444.10540
444.11326
444.11926
444.55534
444.56452
445.33186
445.35160
445.41502
445.43170
445.45888
445.48114
445.55278
446.05630
446.19844
446.22430
446.22598
446.23864
446.24230
446.25988
446.28964
446.34154
446.35372
446.50654
447.05674
447.12286
448.14676
448.82740
449.15776
449.21098
449.22226
449.23516
449.24806
449.26312
449.27092
449.27446
449.29270
449.37448
449.54746
449.55022
449.84152
450.10822
451.91968
452.28220
452.31754
452.33488
452.34448
452.36578
452.36836
452.37898
452.38618
452.39818
452.40820
452.50936
453.27088
453.28888
454.07680
454.09348
454.39360
454.43044
454.44364
454.60768
454.64692
454.67086
454.67860
454.68316
454.77706
454.78330
454.79098
454.87720
456.19192
457.18462
457.21252
457.21510
457.22104
457.22344
457.30654
457.33006
457.41934
457.46968
457.47844
457.50904
457.51540
458.18506
458.43532
458.67904
458.87908
459.14596
459.17164
459.17632
459.19186
459.99274
460.00276
460.04374
460.05730
460.06030
460.06378
460.09744
460.11952
460.20292
460.20862
460.21756
462.92044
462.97972
463.22338
463.26346
463.26796
463.28272
463.36072
463.99822
465.04990
465.09202
465.65878
465.66052
465.66898
465.67156
465.68158
465.70354
465.71122
465.71842
465.72460
465.72754
465.74758
465.78778
465.79900
465.90808
467.15854
468.13342
468.14728
468.15004
468.17722
468.73984
468.75220
468.75442
468.77002
468.79306
468.82762
468.83656
468.84430
468.87814
468.93646
469.45054
469.55074
469.55956
469.68670
469.87636
469.92076
469.95976
470.02672
470.03164
470.98900
471.27490
471.30778
471.32884
471.33064
471.33484
471.33886
471.34108
471.36040
471.36208
471.82798
473.33554
473.59876
473.63920
473.68180
473.79970
473.99986
475.17652
475.19158
476.38408
476.41996
476.45098
476.47894
476.49592
476.50648
476.53546
476.53936
476.61910
476.62912
478.73752
478.96324
479.14660
479.15848
479.18500
479.19646
479.23216
479.25766
480.17824
480.19162
480.21358
480.37942
480.43534
480.44734
480.50482
480.82024
481.78864
481.86826
482.30266
482.36956
482.39110
482.40154
482.42866
482.44174
482.44786
482.46796
482.50822
482.51950
482.53774
482.63002
483.54256
484.15618
484.36126
484.37050
484.38634
484.43962
484.44316
484.45060
484.55272
484.71616
484.75636
484.77292
487.61722
487.63276
487.65046
487.65802
487.66102
487.66624
487.67308
487.67644
487.67902
487.68712
487.69384
487.69594
487.71520
487.78306
487.78462
487.97038
488.50756
489.00778
490.14274
490.15696
490.18552
490.19050
490.20562
490.35988
490.37236
490.45810
490.64788
491.30452
491.33410
491.44786
491.62228
491.72788
491.91628
492.43414
492.90868
493.25470
493.40608
493.47292
493.59208
493.75114
494.59246
494.87584
496.57804
496.63504
496.67362
496.69906
496.72342
496.84594
496.84912
496.95670
497.14294
498.57364
498.58138
498.61840
498.64666
498.67312
498.70174
498.74206
498.75718
498.77902
498.91606
498.93838
498.95668
498.96124
498.98554
500.09332
500.98918
500.99638
501.00922
501.02008
501.02608
501.06910
501.08794
501.10408
501.10696
501.13576
501.21916
501.29350
501.73330
501.89212
501.92632
502.15228
502.24372
502.76950
503.09392
503.10442
503.69386
504.18610
504.21952
504.66676
504.67726
504.68506
504.70012
504.70666
504.71044
504.76594
504.79180
504.82744
504.93634
505.08610
505.11448
505.12636
505.14556
506.71072
506.73052
506.75908
506.80474
506.81950
506.82130
506.89120
506.99854
507.90190
507.95476
508.82032
508.83214
508.85740
508.85986
508.86982
508.88044
508.91716
508.93414
508.95442
511.50814
512.32348
512.34412
512.35312
512.37748
512.42746
512.46688
512.49412
512.51080
512.53804
512.54008
512.58022
512.58640
512.64136
512.65318
512.66074
512.68036
512.81074
512.91352
512.94610
512.95672
512.96056
512.96794
512.98474
513.01846
513.03364
513.03928
513.08938
513.19270
513.21076
513.44116
513.46090
513.46984
513.71962
513.83338
514.13632
514.39390
514.51066
515.03344
515.05732
515.08312
515.09260
515.12008
515.14390
515.15020
515.16346
516.91030
517.08088
517.08598
517.08964
517.09966
517.13296
517.15888
517.19368
517.37686
517.38328
517.49350
517.53574
517.54360
517.55254
517.57690
517.58932
517.61638
517.68748
517.70236
517.79344
517.91008
518.00242
518.06008
518.14960
518.15638
518.79328
518.94322
519.54928
519.60238
520.09300
520.09504
520.10680
520.11988
520.13530
520.14484
520.15816
520.17244
520.19050
520.20196
520.30972
520.35196
520.39480
520.62628
520.69300
520.93714
521.03668
521.08924
521.09716
521.70946
523.40032
523.44232
523.47442
523.49494
523.58344
523.84222
523.91512
524.16934
524.85604
525.68614
525.82096
525.87862
525.89482
525.93568
525.94168
525.94438
525.98560
526.18894
526.58374
527.26702
527.32390
527.34058
528.55012
528.83824
528.92542
528.93622
528.94414
528.94984
528.99982
529.01656
529.16638
529.50616
529.65736
530.29060
530.53276
531.11716
531.55018
531.56872
531.63262
532.06366
532.06822
532.10614
532.13662
532.14910
532.15936
532.20682
532.22710
532.24636
534.04876
534.06244
534.07714
534.25522
534.34606
534.42904
534.44848
534.45598
534.49684
534.50704
534.52540
534.53824
534.54928
534.55162
534.56314
534.60616
534.64852
534.68182
534.68956
534.82306
534.91990
535.19554
535.45510
535.51510
535.57258
535.66408
535.68514
535.69222
536.07856
536.08138
537.06442
537.13870
537.15466
537.16816
537.17308
537.18520
537.20194
537.21778
537.22492
537.24484
537.24886
537.25090
537.49936
537.51142
537.51514
537.52120
537.56512
537.64648
537.76516
537.85510
537.86608
537.87316
537.87808
538.05916
538.06270
538.08814
538.10404
538.14112
538.15522
538.18852
538.19716
538.20514
538.29730
538.33312
538.36210
538.41514
538.47412
538.49014
538.61110
538.61710
538.67512
538.68712
538.69510
538.73218
538.78708
538.79716
538.80208
538.84714
538.85506
538.89514
538.92514
538.94512
539.01874
539.06908
539.09494
539.10130
539.52130
539.55472
539.77894
539.82760
539.82988
539.83192
539.83708
539.84152
539.86078
539.87710
539.90614
540.42790
540.43756
540.49858
541.46326
541.50610
541.57216
541.57408
541.58608
541.60510
541.66612
541.96282
542.09500
542.10262
542.15032
542.15308
542.15710
542.18926
542.19604
542.22664
542.25394
542.31244
542.32042
542.36038
542.78614
543.42616
543.43606
543.50614
543.58990
543.60208
543.62020
543.66610
544.70614
544.76872
544.84546
545.02612
545.43970
545.46820
545.50432
545.53918
545.54626
545.55340
545.66614
545.66854
545.74318
545.79952
546.12982
546.18604
546.37816
546.39484
546.42904
546.61312
546.71176
546.77812
546.79234
546.87526
546.88894
546.96526
547.11898
547.56088
548.12614
548.14936
548.18080
548.18764
548.19952
548.20216
548.21140
548.21356
548.22034
548.23702
548.30188
548.37208
548.44282
548.44444
548.79400
548.87728
549.18616
549.19366
550.14610
550.36954
550.43026
550.43752
550.47070
550.48744
550.77526
550.78606
551.42608
551.75308
551.79688
551.80036
552.38608
553.18606
553.34608
553.36654
553.38322
553.42930
553.46938
553.50628
553.61644
553.66210
554.24950
555.40582
555.43402
555.82348
555.86572
556.13218
556.19752
556.41424
556.76728
556.79860
556.85146
556.86832
556.87300
556.88836
556.89760
556.90756
556.91518
556.92526
557.03800
557.04640
557.42404
558.15592
558.31324
559.37032
559.39654
559.41448
559.42600
559.44088
559.46746
559.50220
559.72822
559.81150
560.02822
560.11150
560.11414
560.15590
560.15764
561.20614
561.22012
561.28666
561.44704
561.62266
561.64414
561.67318
561.69268
561.69598
561.72130
561.73534
562.10314
562.14808
564.05800
564.06808
564.07948
564.10900
564.15766
564.20506
564.24286
564.25672
564.37942
564.43714
564.76258
564.87556
566.24536
566.85412
566.86600
566.89654
566.91424
566.94028
566.97616
566.99644
567.15142
567.65398
567.72058
567.75898
567.81448
568.13446
570.03082
570.03370
570.07426
570.08812
570.11614
570.16078
570.29050
570.41074
570.43522
571.09396
571.52848
571.97704
573.13732
573.54310
573.61144
573.61858
573.62284
573.62536
573.62758
573.64432
573.65206
573.66274
573.67030
573.67894
575.15944
575.19634
575.21146
575.25172
575.52598
575.55478
575.57230
575.57854
575.59000
575.59474
575.65162
575.65846
575.70148
575.81224
576.67288
576.67564
576.68338
576.75142
576.85894
577.66270
577.68160
577.69324
577.69492
577.74046
577.78804
577.80496
578.22526
579.75802
579.83464
579.84130
579.85018
579.98722
580.01722
580.02454
580.26166
580.27168
580.30696
580.61308
580.64104
580.81684
580.82068
580.85272
580.86970
580.88314
580.89088
580.89484
580.89952
580.90156
580.91320
580.95310
581.09080
581.29972
582.07390
582.96292
582.98500
583.06570
583.07194
583.07992
583.08892
583.11454
583.16278
583.16578
583.23226
583.26556
583.29892
583.70650
583.90648
584.16256
584.21524
584.47282
584.97274
585.08938
585.36202
585.60568
585.62200
585.64000
585.64504
585.72502
585.80494
586.17358
586.24528
586.25284
586.25800
586.26046
586.29790
586.30546
586.31164
586.32220
586.34806
586.46326
587.92330
587.92486
587.93230
587.94616
588.04114
588.43564
588.77914
588.78424
588.78646
588.79048
588.79582
588.80188
588.80596
588.81544
588.82336
588.83314
588.85912
588.96100
589.12750
589.15468
589.56220
590.16838
591.00130
591.00304
591.08920
591.12682
591.15754
591.17560
591.18934
591.19930
591.20392
591.20590
591.32674
591.34906
591.46450
591.57058
592.00534
592.00990
592.03342
592.03588
592.52770
592.77634
592.82920
594.43024
594.46204
594.48016
594.48754
594.70948
594.72358
594.74266
594.74956
594.78814
594.79810
594.84694
594.86182
595.15456
595.16512
595.24102
595.86922
595.87840
595.89196
595.89490
597.42808
597.47608
597.50542
597.51490
597.59470
597.61150
597.75394
597.78304
598.81114
598.81786
600.04870
600.05548
600.09598
600.10630
600.11272
600.14428
600.17368
600.17788
600.21610
600.22774
600.26512
601.24834
601.26082
601.27060
601.28818
601.31092
601.85860
601.92928
602.22376
602.23522
602.27164
602.32486
602.35810
602.37484
602.38234
602.42374
602.43976
602.44414
602.52724
602.53678
602.61844
602.66854
602.74402
602.89144
603.12736
604.20490
604.24114
604.25476
604.80832
604.97230
605.01496
605.23420
605.25700
605.27470
605.28844
605.29738
605.30152
605.31964
605.32702
605.49496
605.53492
605.81500
606.30160
606.60154
606.76732
607.61062
607.63870
607.64782
607.65286
607.66732
607.67458
607.67974
607.68160
607.74844
607.76290
607.95142
609.33796
609.45004
609.70144
609.72286
609.72688
610.38472
610.42714
611.34370
611.35252
611.38840
611.39770
611.45908
612.21496
612.76276
613.40386
613.47130
613.47964
613.49758
613.51516
613.51702
613.54642
613.54858
613.55038
613.55272
613.55758
613.60432
613.71526
613.89358
614.13490
614.49076
614.90134
615.11890
615.42484
615.42868
615.43870
615.46888
615.47686
615.48304
615.50458
615.52810
615.55366
615.56200
615.62680
615.64840
615.65116
615.67408
617.03440
617.89324
619.17994
619.19500
619.23178
619.23616
619.24816
619.25872
619.26250
619.27972
619.37818
619.78378
620.21740
621.60946
621.86446
621.87328
621.88222
621.98380
622.05406
622.08436
622.09270
622.09642
622.09900
622.10902
622.12636
622.12978
622.15738
622.16710
622.26442
623.00038
623.34274
623.37376
623.40922
623.89246
623.98384
623.99290
624.01588
624.04288
624.07990
624.08482
624.09124
624.14134
624.14758
624.20410
624.29242
624.29752
624.97762
625.00330
625.26394
625.57570
626.39986
626.43706
626.54488
626.84596
626.85568
626.91982
626.92558
626.98312
626.99398
627.00754
627.02566
627.08308
627.11638
627.12190
627.22540
627.23308
627.48310
627.61366
627.63946
627.64204
627.66358
627.69196
627.78298
628.94950
629.42386
629.77480
629.79160
629.80132
629.80822
629.81140
629.83018
629.83876
629.84188
629.84398
629.87212
629.87878
629.88484
630.05992
630.07588
630.07792
630.50194
630.54034
630.56836
630.57286
630.59296
630.65812
630.66586
630.71290
631.00810
631.02286
631.11292
631.12198
631.33486
631.34284
631.63234
631.67284
631.68124
631.68484
631.82380
631.98388
632.21296
632.22976
632.23888
632.24818
632.28412
632.28850
632.29138
632.29612
632.30668
632.66272
633.17428
633.26386
633.74188
633.82390
633.90382
634.33054
634.54384
634.55380
634.56184
634.74568
634.78288
635.18290
635.20288
635.24290
635.25184
635.26384
635.82382
635.98924
636.00874
636.05152
636.05698
636.06784
636.07030
636.07828
636.09172
636.09874
636.10084
636.16480
636.22378
636.23584
636.36388
636.37282
636.38386
636.46384
636.54388
636.76462
636.77866
636.80416
636.93904
637.08478
637.10392
637.10680
637.33510
637.34392
637.37356
637.44634
637.53388
637.58392
638.06602
638.11612
638.38384
638.45086
638.52310
638.95162
638.95576
638.96254
638.96986
638.97988
638.99080
639.03724
639.05650
639.12310
639.34378
639.45508
639.74386
639.98386
640.31284
640.35622
640.54384
641.14420
641.15614
641.16670
641.19340
641.19580
641.21938
641.23438
641.24668
641.25352
641.27758
641.30362
641.43916
641.46820
641.93002
642.22390
642.28888
643.73146
644.09614
644.12278
644.15986
644.16298
644.17168
644.18860
644.22334
644.23402
644.32948
644.57932
645.76180
646.27756
646.68526
646.70230
646.70962
646.74460
646.75942
646.76512
646.77898
646.79422
646.83532
646.85830
646.86856
647.02102
647.02570
647.10922
647.30164
647.34382
647.39914
647.57284
647.58514
647.60422
647.64256
647.65858
647.67280
647.83558
647.88106
648.63622
648.85576
649.06300
649.15396
649.48162
649.48606
649.55782
649.56304
649.59172
649.63510
650.48716
650.49202
650.50102
651.11140
651.83704
652.12510
652.13842
652.14436
652.14736
652.18060
652.21900
652.23442
652.24180
652.24588
652.62502
652.63066
653.01010
653.40328
654.53410
654.56416
654.56824
654.62944
654.63262
654.65584
654.66988
654.78646
654.94414
655.04848
657.88876
657.91834
657.98308
657.99010
658.01716
658.06678
658.14280
658.37326
658.42654
658.43584
658.73590
658.76428
658.81912
658.95130
659.08750
659.31016
659.90080
659.91784
659.93542
659.95036
659.99632
660.00766
660.01894
660.63262
661.40302
661.42312
661.42780
662.23528
662.40406
662.40712
662.40970
662.41852
662.50078
662.59294
663.01846
663.23500
663.24568
663.26326
663.26752
663.31708
663.32986
663.33274
663.34486
663.35698
663.36250
663.47938
663.48874
663.50662
663.83530
664.54270
664.69894
664.91176
664.91980
665.02582
665.22586
665.37310
665.87254
665.87572
665.90656
665.93134
665.93770
665.95144
665.96968
667.56778
667.72534
667.98316
668.00050
668.68780
668.70700
668.71480
668.73820
668.74636
668.75692
668.76100
668.79184
668.79790
668.83288
668.84950
669.10066
669.39562
670.23370
670.25362
670.31398
670.50190
670.53118
670.79002
670.85644
670.90186
670.93876
670.94434
670.95550
670.97938
670.99444
671.01100
671.10532
671.26708
671.53720
672.10168
673.43290
673.78030
673.81858
673.82800
673.83304
673.84342
673.84708
673.87018
673.87588
673.89676
673.91500
673.95454
674.31532
674.31700
674.34394
674.34964
674.94928
675.31876
675.35686
675.48370
675.94792
675.96286
675.97318
675.98122
676.00948
676.01860
676.03234
676.04614
676.04974
676.05232
676.05670
676.07758
676.14898
676.16566
676.29880
676.64884
676.91530
678.07594
678.51388
678.51736
678.78172
679.05778
679.12264
679.30102
679.31944
679.36474
679.37878
679.39816
679.40218
679.40584
679.90576
680.08150
680.08906
680.18770
680.66662
680.67562
680.76154
680.76442
680.85550
681.04168
681.07354
681.10444
681.12736
681.12988
681.41446
681.42550
681.45778
681.48100
681.68872
681.82690
681.83854
681.85282
681.93580
682.14016
682.14754
682.67824
683.41396
683.43832
683.59720
684.24580
684.28198
684.29206
684.31870
684.36898
684.88798
685.00456
685.19830
685.67116
686.11246
686.11954
686.58304
686.58520
686.60008
686.61286
686.62294
686.63494
686.64490
686.68672
686.70166
687.16312
687.50410
687.52966
687.82072
689.13874
689.56264
689.96260
690.02212
690.02926
690.03694
690.03892
690.10360
690.11002
690.11788
690.12616
690.41128
691.95298
692.25022
692.28322
692.31508
692.48806
692.52586
692.52928
692.53246
692.54284
692.54446
692.54764
693.72736
694.67146
694.68574
694.70272
694.73320
694.81936
694.83598
694.89376
695.04964
696.10258
696.11158
696.14248
696.72394
696.73036
697.39576
697.40650
697.42150
697.43548
697.44844
697.46320
697.54468
699.25210
699.33544
700.01872
700.49830
700.51006
700.56094
700.71094
701.80552
702.07744
703.27612
703.31476
703.31716
703.39486
703.41142
703.43392
703.45534
703.47442
703.47724
703.52152
703.52494
703.72864
703.77736
703.83190
703.83610
703.85038
703.91578
704.18668
704.22706
704.71822
704.87434
704.96050
705.56050
705.81412
705.91534
706.22062
706.23196
706.24384
706.25152
706.25404
706.28062
706.30138
706.30504
706.30780
706.32118
706.32706
706.35430
706.36552
706.73464
707.03098
708.52564
708.55576
708.55756
708.57076
708.57736
708.58708
708.66784
708.72688
709.74064
709.75768
709.77562
709.80112
709.84066
710.52676
710.70112
711.72382
711.74326
711.78454
711.79732
711.81100
711.90742
711.91000
711.98428
712.21444
712.24210
712.25872
712.26100
712.47082
712.55992
713.83762
713.84668
713.84950
713.85142
713.85682
713.88424
713.89798
713.96398
714.06742
714.12646
714.17566
715.37038
715.38040
715.96738
715.98784
716.01016
716.04340
716.67640
717.13132
717.41746
717.45160
717.50956
717.51742
717.55462
717.56152
717.72640
717.82054
718.02040
718.68718
718.75960
718.97632
719.73670
719.76046
719.81656
719.83408
719.83768
719.85682
719.92504
721.25842
722.10670
722.17600
722.74804
722.75668
723.35602
723.35962
723.40294
723.42604
723.43018
723.45358
723.48298
724.43392
724.43716
724.64284
725.62654
725.65648
725.66116
725.68576
725.71882
725.73268
725.74366
725.77078
725.81716
725.83258
725.92186
726.02620
726.05050
726.38386
726.52486
727.31452
727.31704
727.45696
728.23540
728.24302
728.24686
728.27986
728.29192
728.29396
728.29816
728.31574
728.32336
728.33260
728.36320
728.38372
728.40052
728.43112
730.20676
730.85944
731.11720
731.12800
731.13706
731.15332
731.16220
731.18056
731.20846
731.21926
731.22616
731.24020
731.32006
731.42614
731.50048
731.55052
731.80048
732.97030
733.02628
733.54276
733.60186
733.60948
733.62610
733.62982
733.64278
733.66102
733.66720
733.77622
733.93384
733.97602
733.97788
734.24278
734.95042
735.01714
735.93706
735.98548
736.07602
736.18660
736.19674
736.56868
736.69012
736.78708
736.83118
736.85818
736.86676
736.89454
737.03536
737.71414
738.92044
739.47478
739.49428
739.51294
739.51954
739.57600
739.59052
739.59430
739.60048
739.60654
740.68978
741.72604
741.73060
741.74338
741.77596
741.78076
741.78544
741.83350
742.04692
742.05016
742.12456
743.33368
743.36812
744.83608
744.84634
744.85522
744.86050
744.88048
744.88960
744.89956
744.91768
744.92986
744.95014
745.05400
745.05622
745.22560
745.22770
745.22986
745.24234
746.61088
746.94016
746.95924
747.35224
747.35656
747.38500
747.40318
747.41812
747.45004
747.52270
747.85852
747.87562
747.87772
747.90106
747.90736
747.91786
747.92818
747.95488
747.98338
748.39234
748.40782
749.96656
750.01672
750.02308
750.03052
750.15778
750.21352
750.22918
750.24598
750.26176
750.27694
750.81970
750.83332
750.85906
750.89116
750.90928
751.25014
751.38346
751.42576
752.45026
752.63092
752.64208
752.68612
752.69938
752.70112
752.71312
752.72068
752.73022
752.94238
753.75016
753.76300
753.79924
754.37458
755.30140
755.57302
755.79004
755.79598
756.22990
756.23254
756.26680
756.27676
756.30328
756.32980
756.36682
756.42310
758.16682
758.20192
758.22586
758.26084
758.44648
758.48068
758.50918
758.51086
758.53264
758.59528
758.60284
759.51382
759.52264
759.84130
760.41664
761.00896
761.07556
761.56558
761.83846
761.90662
761.91454
762.77566
762.79726
763.92532
763.95688
763.98478
764.03992
764.88298
765.41632
766.03960
766.04218
766.05250
766.06822
766.07362
766.10098
766.11334
766.75858
766.98286
766.99066
766.99678
768.67678
768.86902
769.03480
769.10596
769.10782
769.13248
769.14172
769.16944
769.17514
769.18012
769.86208
769.94056
770.94676
771.18286
771.18892
771.19162
771.50470
771.53872
771.56170
771.56932
771.60124
771.65986
771.71902
772.33438
772.45822
773.00302
773.33884
773.35528
773.35804
773.65804
773.91574
774.00310
774.02260
774.04132
774.05584
774.13246
774.21310
774.32464
774.34132
774.34906
774.39904
774.58996
775.41574
775.45966
775.80238
776.86570
777.04870
777.09208
777.10600
777.11812
777.12778
777.13582
777.13768
777.15268
777.15796
777.25966
777.31834
777.32650
778.84318
778.89142
778.89646
780.18568
780.26002
780.30916
780.37954
780.38230
780.58096
780.72484
780.82750
780.85684
780.86620
780.87478
780.88576
780.92020
780.94426
780.97972
781.96906
782.03614
782.05858
782.14102
782.98492
782.99362
782.99608
783.02224
783.02650
783.03844
783.09124
783.10792
784.20844
784.21198
784.21810
785.13892
785.14996
785.16862
785.19136
785.22178
785.23240
785.24296
786.97960
787.09726
787.81468
787.83934
787.84456
787.86172
787.88872
788.15806
788.46568
788.46904
788.47456
788.92462
789.27886
789.87334
789.94888
789.97654
789.99136
790.00792
790.11562
790.55956
790.56886
790.58092
790.59358
790.61110
790.61566
790.62130
790.65814
790.66396
791.04538
791.06566
791.84896
791.92198
792.22588
792.32476
792.62962
792.74410
793.09006
793.17178
793.17460
793.18144
793.18426
793.21672
793.22452
793.25200
793.28812
793.40710
793.41748
793.45792
793.46704
793.90780
794.42452
794.48410
795.60382
795.63136
795.63340
795.65332
795.65596
795.65776
795.66556
795.69892
795.72322
795.78214
796.24876
796.25812
796.51852
796.52182
796.52440
797.51860
797.53330
797.53510
797.54128
797.59102
799.44076
799.45618
799.51780
799.54726
799.55656
799.59568
799.62166
801.07390
801.68812
801.69394
801.72790
801.75700
801.76234
801.78082
801.80146
801.82498
801.83044
801.84802
801.86734
801.89470
801.92548
802.26832
802.32382
802.91194
802.92778
803.16460
803.18764
803.32762
803.34028
803.47354
803.51458
803.55148
803.64958
803.82106
803.86966
803.96452
804.00706
804.17842
804.19942
804.21100
804.21652
804.26596
804.27334
804.28762
804.32068
804.32830
804.46186
804.46714
804.47362
804.59008
804.64420
804.85660
804.88228
804.88996
804.92722
806.34886
806.36164
806.36710
806.37784
806.38000
806.38534
806.38714
806.38966
806.41408
806.42104
806.45650
806.47186
806.47804
806.62300
806.63380
806.66398
806.76040
808.08940
808.44454
808.47424
808.49710
808.49914
809.71348
809.73904
809.77192
809.81116
809.81986
809.86528
809.88310
809.94088
809.96374
811.92208
812.00410
812.29036
812.30686
812.31574
812.31838
812.32246
812.32576
812.34262
812.34472
812.35696
812.37196
812.39632
814.19236
814.20496
814.29592
814.59592
814.65286
814.66090
814.71250
814.71706
814.88836
814.97224
814.98562
815.07910
815.29240
815.40214
815.62642
815.69302
815.74840
816.71992
816.74890
816.76216
816.76816
816.77128
816.78646
816.78880
817.63756
817.92100
818.01502
818.67604
819.72244
819.77374
819.78166
819.80164
819.81970
819.82282
819.82456
819.82852
819.83158
819.85528
819.87064
819.88744
821.32066
821.37064
821.60848
822.66634
822.71788
822.74818
822.86164
823.53358
824.19664
824.71150
825.09220
825.11674
825.15550
825.16270
825.28066
825.29806
825.31468
825.32806
825.34624
826.58878
826.88710
827.21428
827.28472
827.28718
827.50906
827.51344
827.92810
827.93542
827.96260
827.96734
827.97736
828.48892
828.60376
828.63208
828.64222
828.65884
828.73714
828.76156
828.78712
828.88594
829.57048
830.04814
830.22700
830.28340
830.28682
830.29480
830.29636
830.32324
830.35588
830.35780
830.46934
831.52828
832.03726
832.63732
833.04232
833.05150
833.34514
833.35504
833.38414
833.39416
833.41204
833.41534
833.42056
833.45122
833.47828
834.62398
834.64408
835.52458
835.54690
835.61860
835.63600
835.67704
835.72828
835.90384
837.52984
837.54070
837.79126
837.81448
837.83446
837.86764
838.60762
838.64428
838.65028
838.68094
838.70500
838.71292
838.71838
838.73092
840.67546
840.73156
840.73522
840.76354
840.78160
840.78682
842.26108
842.30836
842.32024
843.32020
843.82306
843.88852
843.89062
843.90646
843.91450
843.92782
843.98554
844.04044
844.17784
844.68676
844.77778
845.35360
846.93286
846.95344
846.96004
846.97378
847.07788
847.10230
848.42098
848.45356
848.62024
848.75860
848.76124
848.86750
848.99404
849.18412
849.25114
849.25420
849.25780
849.26122
849.27418
849.28684
849.29764
849.30658
849.31984
849.33286
849.34780
849.36136
849.38206
849.49792
849.52522
849.92806
850.78570
850.82038
852.28312
852.28690
852.29512
852.30100
852.31138
852.32416
852.46918
852.47542
852.47812
852.48880
852.50368
852.52456
854.84860
855.02062
855.02566
855.07402
855.08890
855.09400
855.09748
855.11590
855.13480
855.15166
855.16942
855.21160
855.31456
855.35770
856.51432
856.58728
857.04502
857.10904
857.12050
857.18170
857.21128
857.30800
857.35120
858.47548
859.17472
859.19500
859.20400
859.45798
859.53034
859.53502
859.54504
859.55272
859.73224
860.05570
860.26816
860.30446
860.30752
860.31088
860.31784
860.37052
860.38726
860.43892
860.49496
860.54494
860.54746
860.56162
860.59396
860.68924
860.69818
860.79118
860.94496
861.12460
861.24496
862.67470
862.70122
862.90378
863.11162
863.12710
863.15254
863.18254
863.21836
863.23186
863.23696
863.28730
863.60398
865.07668
865.15384
865.23718
865.35394
865.60792
865.66936
865.70308
865.71370
865.72210
865.73104
865.76542
865.79506
865.83454
865.90384
866.06044
867.37576
868.44082
868.45342
868.49902
869.78728
869.82472
870.12562
870.14398
870.15394
870.53734
870.62050
870.68734
870.72850
871.72576
871.77676
871.78750
871.78978
871.83214
871.85536
871.86178
872.47000
873.12856
874.16488
874.17880
874.19266
874.19776
874.21720
874.23208
874.24972
874.28938
874.32880
874.98688
875.04424
875.05150
876.23770
877.15438
877.23772
877.25890
877.32418
877.33912
877.34068
877.38508
877.38766
877.38946
877.39174
877.45444
877.45762
878.01586
878.01820
878.03410
878.08648
878.12116
879.65158
879.66088
879.67198
879.68770
879.69220
879.71830
879.72010
879.73000
879.90880
879.92110
879.93436
880.04794
880.06456
880.10158
880.35424
880.43764
880.97164
881.19532
881.40340
882.44266
882.46048
882.51214
882.99712
883.01062
883.16176
884.69410
884.71774
884.73106
884.74786
884.76358
884.77522