0.61176
0.62088
0.79026
0.98112
1.37466
1.49514
1.51668
1.54032
1.84344
1.85808
1.89540
1.91448
1.93362
1.94766
1.95642
2.73630
2.74356
2.75178
2.76300
2.76468
2.92134
2.92674
2.97798
3.10866
3.11394
3.17022
3.45414
3.55398
3.57348
3.91416
3.93750
4.30374
4.32180
4.35246
4.36422
4.54134
4.88388
4.90524
4.91208
4.97196
5.05560
5.58108
5.73096
5.77320
5.89614
6.13752
6.29448
6.45180
7.13526
7.14282
7.16112
7.19274
7.50210
7.70928
7.74726
7.80792
7.96158
8.37960
8.49138
8.56680
8.63160
8.95530
8.98338
9.04950
9.15822
9.56652
9.58764
9.62760
9.66588
9.73104
9.91446
9.91938
9.92676
9.93360
9.96174
10.04262
10.07844
10.18350
10.22106
10.23108
10.44000
10.51452
10.58856
11.05014
11.06700
11.07090
11.63796
11.93262
11.94774
12.19014
12.20334
12.22818
12.24150
12.24636
12.25968
12.26664
12.26886
12.31434
12.35706
12.39252
12.85104
12.85836
12.86364
12.87090
13.26756
13.47144
13.49448
13.63338
13.77066
13.90980
13.92600
13.93704
13.95030
13.95228
13.97358
13.98324
13.99218
14.01342
14.54130
14.60670
14.62494
15.13878
15.15192
15.17418
15.20124
15.20286
15.24468
15.25074
15.29652
15.35130
15.48690
15.49932
15.67362
15.68886
15.71700
15.72660
15.90654
15.99672
16.14762
16.40526
16.73874
17.17104
17.28360
17.38362
17.40264
17.40828
17.43378
18.20028
18.27822
18.28962
18.29790
18.32358
18.34128
18.80688
18.82782
18.98838
19.09932
19.28994
19.29924
19.32342
19.63092
19.65420
19.67490
19.67796
19.70796
19.72848
20.26308
20.29626
20.31714
20.87958
21.45834
21.46584
21.47982
21.48720
21.49134
21.76866
21.77982
21.78426
21.79050
21.79662
22.32006
23.23776
23.32866
23.35026
23.35308
23.38098
23.38266
23.39754
23.40222
23.40396
23.43258
23.44512
23.50680
24.03636
24.04140
24.48288
24.49902
24.57492
24.59160
24.62022
24.65670
24.70398
25.05834
25.06398
25.20564
25.53378
25.58106
25.69794
25.92876
26.06142
26.07090
27.01746
27.05814
27.29946
27.87330
27.88566
27.89652
27.92772
27.97800
28.08498
28.29120
28.29768
28.30578
28.35852
28.50210
28.64370
28.91364
28.93542
29.03100
29.04186
29.18148
29.29290
29.44068
29.57382
29.58132
29.58612
29.58810
29.59866
29.61324
29.98230
29.99790
30.04818
30.06168
30.08424
30.09786
30.54300
30.59352
30.61440
30.75156
30.76248
30.76746
31.34406
31.35840
31.36356
31.37334
31.39074
31.40886
31.42266
31.43112
31.44366
31.48146
31.48836
31.52412
31.55106
31.55364
31.56102
31.98168
31.99194
32.01468
32.13330
32.13852
32.14188
32.55594
32.57682
33.00108
33.13188
33.14232
33.18528
33.24846
33.27468
33.59562
33.88182
34.31112
34.51242
34.58196
34.59384
34.76946
34.81290
34.93062
35.05110
35.05974
35.56776
35.60184
35.62608
35.83980
36.22332
36.24156
36.26028
36.27462
36.29646
36.63024
36.63492
36.68490
36.82542
36.84492
36.84906
36.86070
36.87498
36.90564
37.15542
37.17606
37.33242
37.43688
37.48476
37.87596
37.88994
37.90212
37.91334
38.13282
38.15148
38.18082
38.27352
38.31630
38.38848
38.41014
38.41248
38.43276
38.49072
39.03534
39.14190
39.17928
39.19662
39.45822
39.94842
39.96576
40.00182
40.00794
40.40676
40.43268
40.51596
40.52136
40.52682
40.55010
40.55622
40.63278
40.67304
40.70208
41.10990
41.54226
41.55114
41.56704
41.96664
42.13920
42.29226
42.72642
42.73134
42.73926
42.77982
42.98268
43.00278
43.00998
43.20894
43.42506
43.46916
43.55640
43.65228
43.66830
43.80348
44.07294
44.16612
44.16804
44.17368
44.19300
44.19480
44.19984
44.21760
44.55246
44.58156
44.62680
44.92698
45.43146
45.44394
45.46308
45.46812
45.47868
45.48318
45.71466
45.73914
45.75264
45.79782
46.03632
46.05234
46.29666
46.34982
46.43850
46.63590
46.64238
46.64694
46.66812
47.05944
47.95902
48.35568
48.37320
48.97512
49.04226
49.04628
49.09692
49.10784
49.13784
49.25160
49.27416
49.33092
49.49742
49.53624
49.65060
51.21444
51.31974
51.32388
51.63678
51.74604
51.78246
51.78678
51.80100
51.80796
52.12932
52.13880
52.16562
52.18758
52.19436
52.44150
52.90716
53.12346
53.58396
53.60598
53.91138
53.97408
54.94086
54.94464
54.96012
54.97512
54.98634
55.52052
55.56528
55.80798
55.89486
56.04864
56.37546
56.44122
56.44362
56.45622
56.46378
56.48772
56.72850
56.73780
56.77488
56.80440
57.17466
57.26070
57.73476
57.75024
58.22514
58.25268
58.25790
58.27194
58.93038
58.95180
59.47182
59.57724
59.59050
59.82858
60.06360
60.09264
60.09690
60.38322
60.38760
60.66114
60.78516
61.04250
61.04670
61.05210
61.06008
61.08060
61.08480
61.33530
61.35132
61.35702
61.51944
61.56840
61.78008
62.16846
62.31840
62.33742
62.36352
62.37600
62.42292
62.47488
62.49960
62.88522
63.08502
63.51414
63.51894
63.54450
63.55944
63.57348
63.70974
63.72540
63.77634
64.32570
64.33590
64.40196
64.58454
64.61850
64.62990
64.64604
64.64832
64.65852
64.94994
65.10984
65.96166
65.98026
65.99634
66.05304
66.06150
66.06918
66.07782
66.09300
66.12042
67.05816
67.28550
67.30350
67.31880
67.77984
67.81212
67.88742
68.11188
68.12688
68.18568
68.21178
68.22186
68.26230
68.26650
68.27208
68.28864
68.30700
68.31714
68.32968
68.39658
68.40180
68.41500
68.43372
68.44482
68.63886
68.74164
68.75208
68.80872
68.82270
69.10038
69.10896
69.12126
69.15912
69.27138
69.29490
69.31080
69.37140
70.01466
70.45266
70.45458
70.46730
70.49658
70.50756
70.60746
70.63746
70.65318
70.95534
71.04402
71.17518
71.51454
71.54040
71.56356
71.56704
71.61234
71.82726
72.14268
72.14658
72.20220
72.20886
72.21978
72.22566
72.37590
72.46248
72.48738
72.49788
72.50166
72.50586
72.52158
72.54102
72.55290
72.58008
72.83076
72.86874
72.89076
73.11822
73.15056
73.15596
73.19424
73.72614
73.73634
73.89318
73.90794
73.97484
74.11248
74.22678
74.37000
74.61696
75.00336
75.32262
75.33330
75.35082
75.35670
75.37806
75.40638
76.56132
76.71768
76.84458
76.87704
77.00256
77.01132
77.02308
77.03370
77.06262
77.06754
77.09364
77.75250
77.90676
77.91420
77.95374
77.95872
77.98728
78.08100
78.21546
78.26292
78.44838
78.45906
78.48252
78.56622
78.60366
78.65058
79.65396
79.67526
79.68900
79.70436
79.70844
80.88744
80.88918
80.93274
80.97294
80.97882
81.45720
81.46368
81.49656
81.51222
81.51810
81.65442
81.69048
81.69378
81.69714
81.70326
81.72366
81.77124
81.79302
82.40694
82.86258
82.87878
82.89102
83.69604
83.78826
83.81136
83.81676
83.83626
83.92278
84.17442
84.18174
84.35910
84.49194
84.60186
84.92166
84.93570
85.05366
85.68348
85.71222
85.72158
85.73616
86.41440
86.69112
86.70318
87.06834
87.07704
88.09086
88.09530
88.19478
88.20426
88.26264
89.02554
89.06346
89.14722
89.15262
89.15970
89.18172
89.65878
89.66262
89.67636
89.90082
90.53184
90.54504
90.55578
90.57552
90.57810
90.61284
90.93120
91.40910
91.42566
91.43628
91.43862
91.44936
91.64430
91.89228
91.93626
92.24118
92.26686
93.02250
93.06966
93.08742
93.09204
93.12954
93.24480
93.30858
93.49278
93.59970
93.60234
93.60924
93.88728
94.02180
94.04958
94.11936
94.14276
94.33392
94.75992
94.76766
94.82424
94.88310
94.89972
95.08398
95.10552
95.36520
95.44800
95.47038
95.51502
95.57778
95.83104
96.13752
96.22128
96.34950
96.48960
96.72732
96.73614
96.74328
97.55502
97.57380
97.82064
97.85490
97.88196
98.05320
98.20734
98.21724
98.22030
98.24244
98.25366
98.25954
98.27310
98.28810
98.34096
98.75046
98.75496
98.75646
98.76726
98.77968
98.78916
98.80056
98.82894
98.84472
99.03204
99.06444
99.63258
99.90120
99.90480
99.90876
99.92052
99.99156
100.15212
100.17450
100.58496
100.60080
100.63326
100.63830
100.65660
101.14176
101.71818
101.72244
101.75316
101.79096
102.24960
102.51924
102.54834
102.55476
103.01040
103.05384
103.08222
103.14924
103.18128
103.24992
103.27782
103.84458
104.53584
104.54526
104.58870
104.61576
104.62008
104.62536
104.64420
104.66322
104.77404
104.93898
104.99658
105.31344
105.53586
106.08498
106.17108
106.17546
106.33440
106.34238
106.35624
106.36152
106.40496
106.51158
106.87092
106.88886
106.89234
106.90890
106.91370
106.92438
107.17554
107.39082
107.42838
107.43498
107.50584
107.59488
107.66154
107.80812
107.83650
107.84118
107.89722
108.06666
108.07068
108.27450
108.59232
108.70224
109.50798
109.52106
109.54134
109.55490
109.57524
109.58286
109.59276
109.62270
109.62606
109.80024
110.05938
110.13018
110.14512
110.15952
110.18820
110.20926
110.21964
110.23122
110.28828
110.77878
110.99292
111.00240
111.30588
111.33906
111.36084
111.60924
111.95172
111.98490
112.00956
112.01850
112.66794
112.67616
112.69950
112.70946
112.71906
112.75638
112.79442
112.81884
113.03352
113.26386
113.27232
113.27910
113.37234
113.37912
113.39454
113.46696
113.82510
113.83218
113.83668
113.84796
114.12894
114.17694
114.18684
114.19158
114.21846
114.32610
114.73542
114.98214
114.98634
115.00104
115.03050
115.12896
115.46904
115.93962
115.98912
115.99596
116.07882
116.30922
116.48388
116.64942
117.09588
117.12390
117.16230
117.16446
117.49878
117.53124
117.66198
117.69000
117.75174
117.87660
117.88008
118.11738
118.14552
118.15260
118.15614
118.17660
118.18860
118.21944
118.23450
118.78056
119.02296
119.07312
119.45022
119.46948
119.50632
119.51028
119.52000
119.64678
119.72028
119.80548
119.83362
119.85054
119.86416
119.86902
119.88588
119.89236
119.89914
119.91972
120.17664
120.21912
120.38292
120.39426
121.72974
121.74900
121.78488
121.82802
121.83234
121.87032
122.11380
122.15790
122.16918
122.31108
122.32614
122.36082
122.37282
122.37966
122.38620
122.39244
123.06756
123.69810
123.71502
123.71748
123.72420
123.72918
123.82626
124.61112
124.89054
124.89966
124.92252
125.00730
125.02614
125.04312
125.38578
125.42208
125.77092
125.93574
126.12654
126.30936
126.39558
126.46704
126.51282
126.61260
126.61596
126.62514
126.64320
126.88692
126.89148
126.93876
127.28856
127.31628
127.42500
127.42902
127.48812
127.58568
128.10426
128.13546
128.54304
128.65680
128.65884
128.68410
128.71206
128.71806
128.72994
128.73804
128.76840
128.78808
129.29088
129.30402
129.40980
129.58356
129.70284
129.74544
130.66350
130.70058
130.81740
130.91016
130.92144
130.96428
130.96914
131.05944
131.08578
131.09274
131.10486
131.12526
131.13336
131.46936
131.47632
131.47884
131.48526
131.49324
131.49750
131.51880
131.85720
132.49278
132.73104
133.24350
133.29690
133.32300
133.34988
133.37652
133.39482
133.54968
133.55706
133.59078
133.61730
134.03358
134.03682
134.06640
134.08398
134.18598
134.28246
134.30478
134.31858
134.40066
134.65962
134.69280
134.72556
134.95500
134.96820
134.98194
134.99832
135.02916
135.11136
135.37374
135.38928
135.48522
135.93636
135.94194
135.97938
136.31916
136.34622
136.37076
136.40010
136.46298
136.72638
136.88304
137.15112
137.35692
137.62032
137.64306
137.66754
137.82126
138.42966
138.44796
138.47682
138.49206
138.49632
138.50022
138.51636
138.52602
138.53106
138.53724
138.61962
138.68736
138.89328
139.06326
139.12026
139.12956
139.55322
139.60986
139.61754
140.38350
140.41704
140.50710
140.51046
141.27696
141.29850
141.30030
141.54270
141.54450
141.57300
141.64242
141.93390
142.13490
142.14354
142.15596
142.19418
142.27506
142.71072
142.94292
142.99644
143.43420
143.47758
143.48796
143.49024
143.49444
143.51634
144.32940
144.85752
144.87804
144.92760
144.94428
144.94674
145.55046
145.56774
145.57536
145.58364
145.58664
145.60464
145.65372
145.77504
146.01606
146.12058
146.56608
146.64888
146.65818
146.66148
146.66640
146.70198
147.29442
147.44232
147.49158
147.49782
147.61104
148.16286
148.18788
148.58886
148.61904
148.84650
149.28720
149.30250
149.40582
149.49192
149.51394
149.57058
149.63910
149.66178
149.68596
149.68782
149.68986
149.69466
150.32910
150.87984
150.88644
151.00734
151.01976
151.02738
151.26648
151.27890
151.29252
151.30818
151.35108
151.40442
151.43526
151.63926
151.71546
151.72008
152.43528
152.50794
152.72742
153.12810
153.73236
153.76518
153.78378
153.79296
153.80262
154.03176
154.16808
154.24824
154.25118
154.43298
154.96134
154.97118
154.97628
154.98858
154.99560
155.02224
155.62314
155.86068
155.90064
155.91936
155.92542
156.08190
156.10266
156.24102
156.26430
157.07202
157.28226
157.30380
157.32726
157.33596
157.52256
157.52526
157.87428
157.87698
157.88628
158.14776
158.37342
158.40000
158.41056
158.41326
158.42190
158.44002
158.86500
158.89152
158.90994
159.07452
159.09222
159.09534
159.55710
159.57180
159.58380
159.78606
159.79782
160.53018
160.66080
160.68114
160.69662
161.08710
161.27286
161.34924
161.71338
162.28800
162.29190
162.30168
162.30978
162.32748
162.33816
162.34380
162.37578
162.51156
162.52842
162.79692
162.83058
162.84252
162.86640
162.96018
163.09074
163.10334
163.12884
163.32906
163.35276
163.57428
163.57614
163.58598
163.68012
163.89762
163.90134
163.90776
163.90986
163.91904
163.92702
163.93422
163.95594
163.96794
163.97790
163.98234
164.02038
164.03652
164.63958
164.65392
164.65740
164.71560
164.85000
164.88684
165.20484
165.25872
165.26532
165.27612
165.30384
165.95118
165.95556
165.95754
165.96456
166.23996
166.25124
166.25970
166.27458
166.63068
166.66896
167.09640
167.09820
167.37330
167.39616
167.48988
167.65650
167.75298
168.05220
168.46920
168.48558
168.56016
168.85380
168.85650
169.26198
169.27500
169.28850
169.33128
169.75074
169.80024
169.83132
169.83576
169.85832
170.00070
170.11728
170.14392
170.18262
170.32074
170.35392
170.36418
170.36928
170.41476
170.57064
170.58906
170.82936
171.01482
171.32808
171.45468
171.50586
171.52002
171.78042
171.87090
172.36674
172.68312
173.07948
173.08476
173.11992
173.12724
173.34834
174.01776
174.17718
174.19110
174.32304
174.36300
174.37752
174.71418
174.90900
175.00152
175.00470
175.01748
175.03746
175.24236
175.32924
175.83612
175.84506
175.84962
175.87002
175.90002
176.35116
176.88462
176.90004
176.92812
176.93370
177.10056
177.21264
177.23406
177.24744
177.25050
177.27714
178.15260
178.33242
178.85352
179.02992
179.24346
179.25438
179.25786
179.39916
179.47860
179.54928
179.59914
179.69316
179.78262
179.81394
180.19026
180.39414
180.76620
180.99942
181.01892
181.22904
181.27332
181.34598
181.36302
181.57074
181.58292
181.79676
181.80858
181.81254
181.82208
182.08812
182.17200
182.51898
182.53956
182.55294
182.58294
182.63820
182.99706
183.02976
183.03210
183.06126
183.06528
183.08208
183.15618
183.21384
183.22542
183.25902
183.84990
184.29108
184.30938
184.31694
184.40688
184.45332
184.65978
184.66242
184.85022
184.85784
184.87176
184.94154
185.47476
185.48664
185.49570
185.49858
185.63514
185.66310
185.87616
185.89512
185.90016
185.92470
185.93652
185.97690
185.98896
185.99352
186.00720
186.80814
186.83412
186.84378
187.06176
187.07148
187.11354
187.70772
187.75692
188.58642
188.76900
189.24654
189.45180
189.91608
189.92118
189.94434
189.99714
190.10214
190.12944
190.14210
190.18422
190.50342
190.92162
190.95276
191.22174
191.26704
191.46900
192.31788
192.33096
192.38604
192.62304
192.62586
192.63744
193.00158
193.32936
193.33194
193.34688
193.38252
194.38068
194.53596
194.77968
194.81502
194.83104
194.85366
195.33510
195.35364
195.36714
195.39582
195.41190
195.43380
195.52818
196.29408
196.50402
196.51206
196.53816
196.56198
196.61388
196.68474
197.76528
197.85486
197.86176
197.86662
197.92050
197.92920
197.93172
197.94420
197.95182
197.96232
198.33198
198.65532
198.68046
198.71550
198.72804
198.97860
199.13148
199.41414
199.45416
199.74948
199.77834
199.79586
200.31924
200.33028
200.33874
200.90736
200.91774
201.22074
201.33210
201.39582
201.40194
201.52158
201.55914
201.74634
201.75372
201.77802
201.79104
202.07316
202.19904
202.23990
202.25316
202.66608
202.74378
202.97124
203.02290
203.03586
203.04030
203.54166
203.62542
203.75088
204.85740
204.93060
204.94086
204.95622
204.99396
205.02978
205.83066
205.90362
205.92372
206.06448
206.32038
206.32626
206.32968
206.34600
206.35266
206.39928
206.42346
206.60034
206.97762
207.49596
207.51618
207.52920
207.53850
207.55236
207.64914
207.68388
207.79470
207.80088
207.82074
208.48278
208.52022
208.86804
208.87794
208.88166
209.08752
209.11962
209.34540
209.65932
209.69256
209.78250
210.14418
210.14922
210.17130
210.29958
210.30870
210.86256
210.92262
210.96726
211.12518
211.13832
211.43400
211.45098
211.45536
211.46670
211.47126
211.47510
211.49382
211.50420
211.65990
211.98336
212.18568
212.24370
212.26020
212.28108
212.67960
212.73648
212.92878
212.93640
212.95308
212.96304
212.97822
212.98890
213.91836
213.92124
213.93348
213.93720
213.99600
214.21074
214.57026
214.57470
214.58814
214.59684
214.60344
214.64016
214.73568
214.86354
215.36148
215.44014
215.49480
215.87016
215.88864
215.89290
215.91390
215.93448
215.93736
215.96166
216.77832
216.79506
216.80178
216.82710
216.86856
217.51866
217.98750
218.62296
218.62590
218.63100
218.85210
218.91264
218.94624
219.56400
219.58200
219.59598
219.61248
219.62040
219.62448
219.65802
219.96582
219.98190
220.00686
220.64220
220.68972
220.98786
221.05494
221.05938
221.08260
221.12688
221.33070
221.61372
221.63280
221.65482
221.66604
221.80464
221.89080
221.90760
222.00594
222.02358
222.42324
222.43554
222.45906
222.47328
222.84768
222.87456
222.88842
222.90294
222.90978
222.97128
223.10022
223.10694
223.25766
223.30110
223.31460
223.57212
223.64040
223.69776
224.24472
224.78418
225.53550
225.60588
225.61662
225.62202
225.86220
225.87036
225.96282
226.17474
226.18362
226.19058
226.49784
226.52316
227.03502
227.04000
227.05860
227.07138
227.13240
227.17770
227.31540
227.70684
228.04920
228.05976
228.06312
228.06714
228.08904
228.16458
228.20796
228.21000
228.71658
228.73164
228.74220
228.77652
229.10934
229.13178
229.23954
229.48284
229.90656
229.97520
229.98462
230.65680
230.71932
230.88072
231.25692
231.59262
231.67104
231.67578
231.67848
231.69120
232.35396
232.35990
232.40178
232.40946
232.43640
232.87938
232.91106
232.92474
233.13900
233.58768
233.59440
234.20988
234.21768
234.22200
234.96054
235.03902
235.05300
235.10700
235.12446
235.25550
235.85466
235.95168
236.33880
236.37072
236.43108
236.65140
236.68266
236.70804
236.71260
237.13734
237.19590
237.23508
237.24234
237.81222
237.89082
237.91062
237.93792
237.94062
238.02798
238.72500
238.81902
238.83492
238.94226
238.94856
238.95438
239.76150
239.76564
239.93520
239.96868
240.68556
240.70584
240.76074
240.77346
240.83994
240.84276
240.87426
241.09152
241.20834
241.22556
241.83144
241.96908
242.35782
242.64714
242.65260
242.67228
242.68734
242.76924
243.13392
243.14058
243.26076
243.31938
243.37866
243.38124
243.39300
243.39852
243.44196
243.51990
243.52878
243.82860
244.01694
244.09020
244.27194
244.28634
244.50468
244.51926
244.54566
244.82916
244.84404
244.87434
244.94406
246.14514
246.14928
246.42822
246.49662
247.33986
247.36884
247.38552
247.41504
247.47924
247.53648
247.55202
247.56534
247.57038
247.76382
248.36952
248.50008
248.51154
248.54154
248.54724
248.55258
248.56398
248.62740
248.63784
248.81136
249.26076
249.77286
250.12872
250.15344
250.19292
250.20582
250.51128
251.06250
251.09124
251.23782
251.30052
252.51180
252.56064
252.64284
252.65406
252.66960
252.90024
253.08744
253.13886
253.18506
253.62888
253.63236
253.72662
254.03646
254.05854
254.42166
255.14448
255.15978
255.16428
255.30174
255.42606
255.61128
256.03080
256.04850
256.05252
256.07574
256.09494
256.11504
256.33344
256.36428
256.43814
256.45764
256.46646
256.55172
256.55490
256.73358
257.30610
258.06774
258.32040
258.43548
258.44082
258.44868
258.46242
258.48312
258.48720
258.49722
258.50628
259.17924
259.18854
259.23084
259.24260
259.49280
259.51932
259.68090
259.68708
259.69812
259.90764
259.91844
259.92828
259.93218
260.13366
260.13738
260.14584
260.14854
260.17794
260.22180
260.84442
260.94150
260.98542
261.89904
261.90168
261.92352
261.94110
261.97872
262.33092
262.49112
262.61874
263.10336
263.14014
263.31336
263.35422
263.62566
263.74188
263.74770
263.75178
263.82006
264.56016
264.57912
264.61092
265.17780
265.18794
265.19190
265.19814
265.43856
265.44438
265.83474
266.00706
266.01288
266.30244
266.31228
266.33898
266.34564
266.37960
266.65290
266.73264
266.74908
266.83434
266.84040
266.91582
267.03252
267.70068
267.71232
268.12362
268.29804
268.55994
268.57044
268.58256
268.58778
268.59816
268.60368
268.66518
268.80990
268.90566
269.06742
269.09160
269.14638
269.15574
269.16228
269.17716
269.18376
269.19630
269.74944
270.16356
270.27102
270.28926
270.31614
270.93834
271.54458
271.58268
271.59012
271.60602
271.61628
271.94610
272.05062
272.17866
272.19390
272.20074
272.21640
272.25024
272.30790
272.38278
272.62656
272.92242
272.94666
272.95584
272.97240
272.98638
273.00858
273.83106
273.84888
273.85440
273.88002
274.34916
274.38198
274.43592
274.43928
274.51944
274.57518
274.66770
274.70304
275.19468
275.20674
275.21346
275.22126
275.27904
275.30136
275.86476
275.86896
275.89326
275.97276
276.43632
276.44958
276.47592
276.54846
276.66624
277.20210
277.26174
277.56522
277.71210
277.72116
277.72842
277.90254
278.07498
278.11494
278.14050
278.32470
278.40312
278.40654
278.40876
278.56314
278.68602
278.88612
279.07092
279.13296
279.14658
279.19170
279.31542
279.85572
279.97254
280.09806
280.27590
280.28280
280.29048
280.83162
281.03166
281.06142
281.07390
281.08314
281.09808
281.16222
281.47248
281.61468
281.91066
282.52176
282.53682
282.56694
282.58014
282.58500
282.61806
282.64476
283.76832
283.84548
284.07132
284.51040
284.53902
284.58276
284.85822
284.90742
284.94972
285.17892
285.81690
286.09446
286.10574
286.11564
286.12740
286.13154
286.23510
286.36518
287.21760
287.22810
287.26188
287.29578
287.37792
287.62002
287.66658
287.95584
288.12534
288.13812
288.37188
288.49404
288.74958
288.94446
288.96438
288.98196
288.99330
289.17750
289.44018
289.48320
289.48530
289.87434
289.89324
289.92294
289.93326
289.94532
289.96140
289.97508
289.98096
289.98624
290.48280
290.49156
290.49348
290.50974
291.07254
291.13968
291.15588
291.17124
291.20652
291.21864
291.22518
291.23262
291.24516
291.25434
291.25590
291.26544
291.31500
291.93942
292.12284
292.12524
292.39866
292.41012
292.43688
292.48722
292.77798
292.81974
293.38854
293.39226
293.40150
293.81160
294.40494
294.43692
294.45810
294.47322
294.90162
294.90666
294.91416
295.21608
295.23870
295.27314
295.29246
295.30632
295.31586
295.32828
295.33980
296.33988
296.45946
296.51412
296.88372
296.92086
296.95542
297.32964
297.72828
298.48680
298.50204
299.24292
299.71458
299.73138
299.95686
300.16902
301.02072
301.03926
301.72554
301.72884
301.74504
301.74900
302.01648
302.02686
302.03346
302.03946
302.07558
302.08440
302.10588
302.13744
302.15496
302.16984
302.57370
302.76450
303.00696
303.38430
303.38808
303.39798
303.43212
303.58344
303.62838
303.64884
303.65988
303.89412
304.18008
304.73190
304.74762
305.00892
305.18568
305.18796
305.78796
305.79024
305.80926
305.82324
305.83194
305.84070
305.85012
305.91486
306.00342
306.05994
306.31962
306.43440
306.78054
306.78354
306.78720
306.80388
306.84852
307.18608
307.43052
307.44126
307.45818
307.77498
308.08740
308.09640
308.12088
308.12904
308.13108
308.14374
308.15280
308.39784
308.71170
309.44172
309.46494
309.47196
309.47460
309.48468
309.49152
309.50466
309.52038
309.53550
309.90486
309.91524
309.99342
310.29372
310.40166
310.47990
310.67328
310.67940
310.74474
310.75140
310.77540
310.82718
310.88508
311.06490
311.30748
311.32326
311.47194
311.55162
311.63790
311.81856
311.87730
311.88522
311.94114
311.95476
312.23694
312.35976
312.36678
312.38100
312.38484
312.40152
312.41064
312.42366
312.47160
312.54726
312.56544
312.57612
312.58152
312.60162
312.76848
312.95688
312.96774
312.98316
313.25202
314.09466
314.11566
314.13972
314.18226
314.39628
314.43552
314.43978
314.44212
314.46396
314.47230
315.17934
315.18138
315.19098
315.20106
315.20526
315.21978
315.56088
315.66918
315.68928
315.70716
315.96030
316.60110
316.61616
316.64220
317.12220
317.12802
317.85750
317.89386
317.89986
317.94222
318.01038
318.03312
318.24210
318.25428
318.25674
318.26394
318.49398
318.54876
319.47258
319.50606
319.54926
319.55502
320.18472
320.18832
320.23422
320.24334
320.25900
320.26308
320.28204
320.32518
320.33712
321.19242
321.23550
321.31572
321.34554
321.51606
321.73278
322.00950
322.04268
322.05072
322.44168
322.44918
322.45956
322.62342
322.68246
323.10948
323.76348
323.80404
323.83242
323.84070
324.38430
324.40992
324.41322
324.41826
324.43170
324.72948
324.89964
324.90402
324.90996
324.95520
325.34754
325.36056
325.59354
325.67304
326.91096
327.09240
327.14076
327.19122
327.37530
327.39582
327.40152
327.41232
327.41676
327.42306
327.44046
327.49194
327.65262
327.65796
327.67932
327.88512
328.12458
328.15062
328.48014
328.54116
328.56252
329.41554
329.42298
329.45448
329.51652
329.52846
329.55360
329.63088
329.81400
329.84472
330.43230
330.48120
330.50274
330.51546
330.54276
330.58716
330.59370
330.60438
330.61692
330.65220
330.94524
331.01382
331.49160
331.50606
331.55754
331.96020
331.98672
332.55630
332.81208
332.86878
333.17256
333.26058
333.26574
333.63972
333.77940
333.78858
334.03230
334.05318
334.11276
334.88226
335.25798
335.26050
335.26518
335.28432
335.35572
335.83152
336.19524
336.20784
336.39678
336.59160
336.61332
337.02132
337.02672
337.06158
337.08006
337.08234
337.85226
337.85706
337.86030
337.86780
337.87704
337.88310
337.88940
338.23662
338.37420
339.11160
339.55356
339.56286
339.59004
339.62076
339.67458
339.69048
340.36674
340.37298
340.37970
340.46502
340.47336
340.47954
340.49292
340.51548
340.51884
340.55382
340.56438
340.67454
340.82370
340.83438
341.47008
341.58282
341.58924
341.59944
342.04986
342.05988
342.08388
342.12222
342.15180
342.15612
342.17526
342.48504
342.50208
342.52656
342.53130
342.54810
342.60576
343.42224
343.48194
343.64856
343.68156
343.76010
344.14884
344.84850
345.06060
345.07608
345.12000
345.36330
345.40050
345.50316
345.52476
345.54840
345.59652
345.70146
345.73458
346.09110
346.42566
346.44000
346.64568
346.65342
346.74624
347.05572
347.11686
347.13396
347.17242
347.21568
347.34144
347.71320
347.72070
347.76348
347.92680
347.93244
347.95308
348.91266
348.92112
349.06506
349.09032
349.49058
350.13762
350.18544
350.29998
350.41026
350.44212
350.45412
350.45772
350.47572
350.48292
350.48490
350.52312
350.58588
350.58978
350.90226
351.69096
351.71370
351.73182
351.78600
351.83076
351.84048
351.85914
351.86526
351.95880
352.05876
352.09122
352.38708
352.40280
353.04672
353.05410
353.06838
353.07162
353.08650
353.14278
353.20458
353.60802
353.64264
354.00414
354.39906
354.43116
354.70764
354.74274
354.74886
354.76650
354.78000
354.80970
354.84396
354.84750
354.85302
355.15968
355.20198
355.21788
355.22160
355.22328
355.40250
355.42944
355.55310
355.56690
355.59744
355.65936
355.66716
355.69158
355.79568
355.90014
355.92000
355.92192
355.93044
355.93236
355.95318
355.96230
356.03364
356.12076
356.18256
356.58264
356.67222
357.23670
357.62028
357.62688
357.64950
357.97002
358.17300
358.18476
358.19730
358.21044
358.63410
358.66122
358.70736
360.04764
360.05328
360.05718
360.08100
360.08574
360.10704
360.24072
360.49326
360.49482
360.50220
360.50970
360.51336
360.54450
360.55206
360.87918
361.17906
361.38000
361.45728
361.46766
361.89468
361.89798
362.28906
362.69370
362.71506
362.72502
362.73888
362.91444
362.93682
362.94954
362.95878
363.02376
363.44076
363.50190
363.66330
363.92706
363.94602
364.11138
364.32840
364.49208
365.23890
365.26164
365.59344
365.85378
365.89380
365.89836
366.08478
366.09306
366.16776
366.33102
366.49980
366.86790
366.95562
367.07142
367.38000
367.39776
367.39944
367.91778
368.00706
368.46216
369.68496
369.73074
369.77052
369.78948
369.81594
370.30458
370.31148
370.60224
370.94166
371.00730
371.01066
371.03610
371.04090
371.10264
371.37132
371.56770
372.21090
372.22026
372.23700
372.24390
372.25116
372.27432
372.27696
372.28434
372.43404
372.44790
373.09836
373.12140
373.12812
373.13508
373.15236
373.18014
373.20114
373.88244
373.99098
374.19060
374.19960
374.25084
374.70024
374.74038
374.75994
374.88552
374.88762
374.89170
374.90298
374.91846
374.94474
374.94810
374.96748
374.98602
375.05358
375.13458
375.56286
375.56754
375.57390
375.58644
375.62538
376.10868
376.39134
376.40604
376.42638
376.43430
376.43694
376.44330
376.44798
376.45854
376.50732
377.08506
377.35356
377.65098
377.66958
377.67414
378.25212
378.27696
378.52728
378.53346
378.64764
379.18692
379.23222
379.24128
379.59204
379.95498
380.28378
380.40222
380.59986
380.60844
380.61516
381.15924
381.33774
381.45546
381.67656
381.68844
381.71994
382.05534
382.08846
382.10076
382.29330
382.86366
382.90770
383.10672
383.15910
383.17278
383.19522
383.55420
383.58384
383.60730
383.61378
383.62218
383.63148
383.67366
383.75484
383.76390
383.81736
384.58344
384.59304
384.89112
385.14138
385.43976
385.53210
385.53498
385.57212
385.70922
385.99752
386.01672
386.01948
386.02332
386.11404
386.43342
386.56692
386.71074
386.71260
386.73054
386.73564
386.76360
386.78136
387.22266
387.91296
388.05876
388.06410
388.45428
388.52046
388.53576
388.76832
388.78446
388.81920
389.22618
389.58858
389.61924
389.70606
389.75982
389.98296
389.98698
390.00348
390.26364
390.42372
390.43764
390.46518
390.56322
390.81714
390.87150
390.88590
391.04640
391.06602
391.27530
391.29204
391.37514
391.81872
392.45286
392.48262
392.49132
392.49660
392.54244
392.73018
393.22824
393.24696
393.26010
393.27372
393.27816
393.29646
393.90072
394.11252
394.12056
394.14000
394.53468
394.53978
394.55280
394.56570
394.59048
394.62522
394.73490
394.79892
395.08938
395.12910
395.25630
395.49636
395.52432
395.53464
395.56740
396.42186
396.43080
396.44814
396.45306
396.45870
396.48120
396.54492
396.59268
397.17972
397.19556
397.22208
397.22610
397.25118
397.30770
397.34010
397.40628
397.94754
398.10882
398.13474
398.18430
398.21814
398.22870
398.31900
398.35746
398.69196
398.73642
398.98632
398.99112
399.36786
399.48168
399.50484
399.59988
399.65352
399.66222
399.68616
399.68970
399.88416
399.91992
399.96486
399.98046
400.00554
400.01490
400.16754
400.24350
400.25562
400.26744
400.27596
400.31088
400.52544
400.61958
400.73172
400.92864
401.25402
402.35088
402.35850
402.36048
402.36318
402.37152
402.39114
402.40974
402.41226
402.49296
402.61656
403.03146
403.17210
403.19508
403.20054
403.20804
403.23906
403.44096
403.47018
403.53000
403.53708
403.71636
404.20440
404.63406
404.63928
404.72292
404.72976
404.73228
404.74074
404.82870
404.84286
404.84790
405.34062
405.40302
405.45462
406.37598
406.56042
407.24802
407.25288
407.26284
407.30058
407.30544
407.31726
407.34672
407.36628
407.40732
407.59788
407.63394
408.11676
408.13902
408.16194
408.16782
408.37374
408.45078
408.46368
408.48384
408.67488
408.91020
408.93396
408.93882
408.95184
408.95958
408.97962
409.01730
409.03578
409.71738
410.08182
410.16492
410.46582
410.49882
410.51862
410.52816
410.65410
411.28794
411.33114
411.37098
411.39690
411.43026
411.46740
411.55110
411.56886
411.61176
411.76152
412.21248
412.47222
412.73856
412.84044
413.04948
413.66082
413.69526
413.73582
413.76210
414.12084
414.13698
414.65952
414.72690
414.95994
415.11264
415.14048
415.15260
415.37364
415.68516
415.69482
415.71444
416.24490
417.16278
417.16992
417.17508
417.21792
417.74370
417.74580
417.74910
417.81078
417.83130
417.90078
418.49088
418.49586
418.49826
418.90098
419.07258
419.15832
419.29212
419.30634
419.32944
419.74848
419.85414
420.00606
420.27138
420.29496
420.31086
420.35148
420.36522
420.36780
420.37788
420.68940
420.82050
421.38768
422.22162
422.26050
422.26554
422.28546
423.01218
423.05808
423.99912
424.02930
424.03980
424.21266
424.24710
424.25952
424.27068
424.28250
424.28892
424.43490
424.43988
424.45914
424.46472
424.47252
424.49604
424.50570
424.52910
424.73664
424.73904
424.88058
425.03526
425.14020
425.16816
425.68248
425.91960
425.93262
425.94324
425.97084
425.99184
426.39972
426.61728
426.62928
426.64536
426.66186
427.24656
427.52196
427.59690
427.67472
428.41446
428.41854
428.42208
428.44026
428.44338
428.48754
428.55786
428.88444
429.00168
429.03612
429.22602
429.23190
429.24024
429.24276
429.25428
429.26682
429.28902
429.32124
429.59532
429.95028
429.98646
430.59684
430.63392
430.64268
430.94418
431.22414
431.22876
431.25918
431.61738
431.62320
432.14952
432.15246
432.16230
432.77634
432.78414
432.82446
432.89706
432.90966
432.93444
433.00974
433.01466
433.49634
433.51062
433.56834
433.82346
433.83156
433.83624
433.84218
433.85760
433.86162
433.87020
433.87578
433.87812
433.89408
433.89894
433.91742
433.98216
434.13198
434.96034
435.36960
435.37368
436.16514
436.17000
436.18350
436.52544
436.57062
436.58172
436.60404
436.61496
436.70316
436.70742
437.71098
437.76552
438.18756
438.23028
438.51582
438.70482
439.02936
439.08318
439.10172
439.13874
439.24602
439.25484
439.26882
439.36938
439.65876
439.66452
439.67472
440.00544
440.02764
440.07366
440.08326
440.11020
440.56428
440.57664
440.59296
441.14256
441.16536
441.19782
441.71490
441.72630
441.75978
441.77274
441.83406
441.84810
441.86568
442.17606
442.19118
442.21938
442.46028
443.30286
443.61042
443.78184
443.87442
443.93514
444.48174
444.50736
444.51402
444.52002
444.71964
444.75588
444.79050
445.03200
445.04394
445.05594
445.07022
445.21872
445.22136
445.51902
445.69860
445.73856
446.03166
446.10366
446.13654
446.13852
446.15928
446.16318
446.50620
446.72604
446.72982
446.81070
447.00996
447.28710
447.29346
447.34662
447.41730
447.42786
447.55632
447.61302
447.73722
447.87636
447.98982
447.99468
448.26192
448.28292
448.29162
448.37094
448.76946
448.88640
448.92570
448.92834
448.93224
448.99722
449.05776
449.33130
450.40950
450.42126
450.44100
450.46302
450.70398
450.71466
450.84072
450.84684
450.85212
450.86874
450.89244
450.89814
451.23942
451.25778
451.26942
451.29024
451.33062
451.41354
451.47066
451.51092
451.52100
452.09808
452.14062
452.15454
452.15856
452.16804
452.17614
452.18532
452.29068
452.77818
452.83782
452.84826
452.86392
452.87556
453.24882
453.25314
453.29460
453.31494
453.33462
453.50490
453.50712
454.06116
454.10352
454.40844
454.41906
454.48830
454.50516
454.50822
454.51842
454.54362
454.58148
454.98492
455.02440
455.02620
455.44314
455.67294
455.68842
456.39168
456.41316
456.41778
456.42942
456.52650
456.57642
456.62562
456.72474
457.04484
457.30932
457.33602
457.68186
457.69824
457.72080
457.93470
458.38884
458.39868
458.42670
458.43894
458.67498
458.81316
459.02010
459.29898
459.83946
459.90576
460.42698
462.13974
462.14232
462.17172
462.52596
462.53478
462.54894
462.55152
462.60072
463.47324
464.25600
464.27370
464.29632
464.42808
464.45424
464.57340
464.77722
464.79300
464.80350
465.34692
465.41526
465.54906
465.55098
465.83922
466.33554
466.37244
466.46766
466.81644
466.83318
467.00484
467.21652
467.70216
467.71014
467.73036
467.73318
467.74476
467.75616
467.79936
467.81196
467.93448
468.13170
468.28848
468.30054
468.32898
468.92454
469.25916
469.30638
469.63980
469.65972
469.71204
469.95876
469.97226
470.16288
470.64930
470.66142
470.69556
470.88360
471.13512
471.18492
471.18762
471.20772
471.98712
472.19412
472.24884
472.36566
472.73670
472.97736
472.99428
472.99902
473.06130
473.70978
473.76210
473.80860
473.88546
473.93382
474.54450
474.62076
474.62784
474.72504
475.08702
475.10274
475.82046
475.82568
475.97202
476.25666
476.30166
476.31528
476.32386
476.34702
476.35968
476.38662
476.55882
476.57850
476.61102
476.61636
476.64750
476.67078
476.76840
476.77326
476.78580
476.80242
476.80746
476.85042
477.48780
477.49500
477.54090
477.55212
477.55572
477.93768
477.96678
478.01922
478.02510
478.03002
478.04706
478.06374
478.09614
478.57764
478.61370
478.78218
478.78872
478.80894
479.13510
479.68968
479.71176
480.17832
480.19050
480.53058
480.71586
480.92610
481.17120
481.18788
481.81074
481.84710
482.18184
482.19054
482.21520
482.21808
482.23368
482.63058
482.64528
482.71656
483.02094
483.10650
483.37602
483.41178
483.61206
483.62010
484.50042
484.54284
484.79604
484.80162
484.95822
484.99164
484.99740
485.63028
485.65170
485.65596
486.02850
486.43338
486.75642
486.77754
486.81984
486.82188
486.83502
486.90600
487.31376
487.76814
487.77384
487.78716
488.20608
488.46018
488.55846
488.86932
488.89542
488.91816
488.92098
488.92350
488.93520
488.96634
489.06282
489.71076
489.72828
489.73716
490.24086
490.35186
490.57854
490.65216
490.66092
490.72806
490.74678
490.99374
491.06562
491.06844
491.08212
491.10918
491.28222
491.29650
491.32122
491.33754
491.41164
491.75694
491.77542
491.80002
491.81934
491.82306
491.94138
492.33336
492.76698
492.77814
493.23438
493.24488
493.25922
494.16552
494.36304
494.40330
494.40918
494.59872
494.85564
494.85912
494.98488
494.99226
495.02016
495.02322
495.03786
495.04542
495.08244
495.21444
496.04106
496.06026
496.12122
496.49916
496.57026
496.57512
496.77048
496.80162
496.81128
496.82658
497.02536
497.22546
497.29482
497.79960
497.83980
498.07098
498.23082
498.24660
498.40686
498.41928
498.43314
498.56970
498.59568
498.65754
499.38306
499.38696
499.40358
499.40808
499.43070
500.37540
500.38326
500.39076
501.19638
501.22296
501.23016
501.59346
501.61146
501.65796
501.68952
501.79440
501.94602
502.28406
502.88430
503.03454
503.03862
503.26194
503.28060
503.28792
503.29206
503.29434
503.29860
503.30736
503.33736
503.34996
503.38464
503.39076
503.51448
503.62782
503.65242
503.80128
503.82426
503.84322
503.86134
503.90214
504.03918
504.17988
504.47508
504.50628
504.53844
504.56802
504.58692
504.60246
505.15374
505.16904
505.19592
505.28034
505.29624
505.46196
505.93344
505.98174
505.98882
506.70240
506.74818
506.79174
506.80386
506.83110
506.83566
506.99184
507.11232
507.14472
507.15846
507.19788
507.20976
507.21978
507.23268
507.42204
507.45870
507.53574
507.66498
508.34532
508.43838
508.55094
508.57872
508.58916
508.61124
508.69140
508.69842
509.16180
509.18268
509.20848
509.24790
509.70414
509.71476
509.72340
509.78982
509.80860
509.82468
509.83698
510.02262
510.02526
510.09648
510.28788
510.31914
510.56466
510.96636
511.27758
511.31532
511.32048
511.32972
511.33416
511.34220
511.35552
512.04468
512.04648
512.05758
512.07558
512.11038
512.11860
512.14086
512.15388
512.15868
512.16144
512.24190
512.25462
512.25966
512.26734
512.27802
512.31540
512.54376
512.55420
512.85888
512.86536
512.89212
512.90616
513.53526
513.59088
513.81132
513.85884
514.29882
514.32570
514.34214
514.34502
514.78224
515.03976
515.07306
515.08110
515.25606
515.52828
515.54850
515.55876
516.25476
516.25890
516.27624
516.28896
516.43368
516.52140
516.79230
516.79998
516.94020
516.95274
516.99906
517.11864
517.25850
517.27266
517.44498
517.54014
517.85856
517.88628
518.71212
518.73732
518.83932
519.07626
519.11274
520.14276
520.29006
520.31112
520.31958
520.36224
520.63314
520.68528
520.69212
520.71288
521.48154
521.49324
521.54064
521.80266
521.98986
522.32352
522.32862
522.33924
522.36018
522.37062
522.39996
522.43098
523.08588
523.09800
523.57272
523.60428
524.32974
524.34624
524.35662
524.36820
524.40228
524.40678
524.42070
524.47416
525.35328
525.36816
525.37014
525.60468
525.73494
525.79782
526.16364
526.40076
526.45092
526.52694
526.63740
526.65192
526.77408
526.90932
527.13924
527.14194
527.15214
527.46456
527.48874
527.52168
527.54070
527.54580
527.75208
527.89728
528.31902
528.46902
528.99192
529.05672
529.17204
529.21410
529.29798
529.30260
529.60680
530.00760
530.15550
530.17596
530.23776
530.92632
530.93376
530.94858
531.09762
531.15942
531.17370
531.44880
531.47778
531.49020
531.49248
531.49524
531.52266
532.00956
532.02078
532.04256
532.07622
532.26978
532.28664
532.32300
532.49994
532.50570
532.52178
532.54098
532.58388
532.76304
532.82142
532.83828
532.87020
532.87902
532.89864
532.94262
532.95570
532.96524
532.97652
532.99524
532.99692
533.01294
533.04756
533.05002
533.14764
533.67960
533.87046
533.88108
533.88312
533.89872
533.90994
534.50430
534.56970
535.41072
535.41432
535.79670
535.81722
535.84398
536.04660
536.23008
536.24466
536.28216
536.29182
536.30604
536.30754
536.31690
536.32140
536.95302
536.97564
537.08670
537.12006
537.13032
537.14256
537.29724
538.04238
538.15416
538.47180
538.48704
538.52136
538.56444
538.57596
538.63752
538.78860
538.89822
538.95996
539.36238
539.78916
540.19092
540.19410
540.20754
540.76044
540.77574
541.02162
541.02624
541.04124
541.11246
541.11420
541.12464
541.14930
541.17576
541.35336
541.83198
541.89570
542.16132
542.19906
542.20422
542.21046
542.21286
542.22840
542.23842
542.33262
542.56632
542.64966
542.67660
543.78312
543.78690
543.79506
543.81930
543.87882
544.20786
544.23084
544.26300
544.59276
544.73052
545.11278
545.14146
545.19066
545.26002
545.27904
545.60688
545.62704
545.65464
545.69184
545.81754
545.83368
545.83638
546.26784
546.29346
546.34818
546.57858
546.59376
546.61332
546.67092
547.18980
547.41978
547.42596
547.46640
547.48824
547.96716
547.99440
548.09304
548.25186
548.45502
548.49228
548.50890
548.52948
548.54916
548.56644
548.60454
548.79612
548.86890
548.95236
548.96778
549.10986
549.37692
549.54360
550.01664
550.01844
550.04700
550.15602
550.23924
550.88202
550.96686
550.97010
550.97166
551.00238
551.01120
551.01324
551.06004
551.06580
551.07000
551.07420
551.58990
551.79654
551.99232
552.20136
552.25992
552.33444
552.33624
552.34788
552.52086
552.52776
552.53022
552.53412
552.55062
552.99534
553.89096
553.93056
553.97898
553.98594
554.00406
554.00976
554.39154
554.39640
554.41440
554.54010
555.05274
555.05586
555.08322
555.09150
555.10278
555.10692
555.11808
555.12402
555.14646
555.15294
555.15840
555.38286
555.39846
555.66078
555.70650
555.73878
555.74700
556.06788
556.43256
556.45422
556.46244
556.46838
556.47030
556.49718
556.50228
556.51158
557.00382
557.01924
557.38698
557.42364
557.49966
557.57580
558.27420
558.27978
558.30768
558.32562
558.33084
558.35100
558.37044
558.40320
558.41352
558.44346
558.45786
558.46548
558.47286
558.51228
558.53154
558.66222
559.03110
559.09788
559.13244
559.15188
559.68048
559.72296
559.73070
560.41896
560.48556
560.50248
560.66124
560.92794
560.93208
560.94234
560.95356
560.96118
560.98206
561.01374
561.03942
561.40206
561.40728
561.41796
561.58602
561.62556
561.64434
561.90624
561.91032
561.95670
563.10852
563.13504
563.14596
563.14968
563.21622
563.34948
563.92824
564.20388
564.26040
564.36276
564.44814
565.03656
565.77306
565.78188
565.81404
565.90380
565.96998
566.08356
566.63832
566.76882
566.87178
566.89038
566.90004
566.90286
566.90850
567.27210
567.32208
567.56538
567.56838
567.72852
567.82860
567.87390
568.25220
568.66056
568.69512
568.73952
568.80462
568.83222
568.91364
569.23332
569.48592
569.79234
569.81562
569.82102
569.85108
569.85822
569.86158
569.89110
569.94336
569.97732
570.10500
570.54126
570.75552
570.76950
570.79116
570.80784
570.80982
570.81954
570.84420
570.90810
570.92274
570.93108
570.96006
570.98322
570.99624
571.34208
571.55394
571.55862
571.98024
572.08770
572.27094
572.49510
572.63304
572.63970
572.65980
572.72616
572.74452
573.00954
573.14358
573.17082
574.03320
574.05492
574.06860
574.08858
574.44924
574.47162
574.68444
574.69806
574.71714
575.60484
576.16506
576.36648
576.51690
576.52974
576.53868
576.54618
576.62022
576.62838
576.64236
576.69540
576.70674
576.76560
577.78746
577.84326
577.90218
578.45562
578.46618
578.47398
578.49246
578.57580
578.64366
578.72298
578.86650
578.95254
578.96256
579.03336
579.04110
579.05640
579.06936
579.07302
579.08172
579.11976
579.13320
579.41922
579.44700
579.51066
579.71052
580.26678
580.28856
580.30476
580.31112
580.31718
580.37658
580.41996
580.42146
580.46094
580.50522
580.56714
580.65828
580.82010
580.94454
581.03430
581.11134
581.34972
581.58438
581.59500
581.61528
581.63454
581.71056
581.77842
582.22086
582.39498
582.43734
582.54510
582.56190
582.74148
582.76440
582.77856
582.81312
582.93294
583.58508
583.59588
583.60206
583.61430
583.64472
583.67280
583.69938
583.73250
583.96560
584.01402
584.45646
584.60892
584.66670
584.70438
585.26328
585.28728
585.29112
585.42090
585.42900
586.00290
586.06722
586.08276
586.11366
586.12902
586.82034
586.95360
587.03046
587.20080
587.54364
587.62800
587.64354
587.68098
587.69154
587.70378
587.70636
587.70840
587.96802
587.97696
587.98080
588.00636
588.46146
588.47232
588.48030
588.48396
588.48726
588.49122
588.49932
588.50400
588.51840
588.53898
588.59010
589.03794
589.04034
589.05132
589.07214
589.07454
589.10304
589.11186
589.12110
589.12536
589.14420
589.14780
589.15908
589.17552
589.18152
589.18620
589.19826
589.20798
589.25412
589.26462
589.27050
589.27602
589.28952
589.31586
589.37256
589.60452
589.96254
590.02134
590.05938
590.07504
590.60796
590.67564
590.70780
590.74464
590.80026
590.82456
590.83080
590.92470
591.03342
591.19134
591.29226
591.42204
591.47484
592.15602
592.22280
592.24566
592.48482
592.53582
592.80618
592.88916
592.91544
592.92930
592.97274
593.12562
593.57310
593.60016
593.61816
593.63964
593.65542
593.67324
593.78064
594.08364
594.18870
594.19506
594.54678
594.55074
594.55878
594.56670
594.57702
594.61902
594.62346
594.64020
594.66198
594.68490
594.69000
595.02390
595.19700
595.48422
595.48836
595.49358
595.53546
595.55100
595.79058
595.92396
595.99836
596.05452
596.25144
596.56038
596.59374
596.59848
596.60316
596.61552
597.26088
597.53520
597.56448
597.69138
597.69870
597.71472
597.73572
597.99030
598.09404
598.15818
598.25022
598.26762
598.28262
598.28562
598.28844
598.29342
598.29822
598.38156
598.83276
598.84236
598.86420
598.93170
598.95858
599.71548
599.74512
599.90802
599.96370
599.96652
599.96820
600.11382
600.11670
600.12528
600.18084
600.18318
600.21864
600.23070
600.49272
600.49704
600.95178
600.96966
600.99132
600.99888
601.00344
601.01694
601.07640
601.12902
601.14006
601.40940
601.45212
601.45974
601.47606
601.62156
601.76748
601.77030
601.84572
602.20452
602.21904
602.22204
602.31258
602.40360
602.62926
602.63406
602.84604
602.93118
603.25104
603.26778
603.36294
604.03728
604.27986
604.89378
605.09568
605.57142
605.59128
605.69460
606.01926
606.03336
606.04914
606.06876
606.08046
606.12060
606.40218
606.45318
606.48090
606.49806
606.89736
607.40526
607.46046
607.47762
607.49748
607.50726
607.53090
607.53558
607.54158
607.92666
607.97844
608.51742
608.55564
608.56482
608.57058
608.57406
609.14790
609.17550
609.18774
609.18996
609.21780
609.24390
609.24714
609.25374
609.27246
609.28302
609.30084
609.31464
609.91056
609.94782
609.96222
609.97932
609.98142
610.15920
610.17726
610.19112
610.20396
610.21494
610.24428
610.25742
610.28820
610.64556
611.37240
611.37870
611.39382
611.39778
611.45154
611.45796
611.49846
611.80620
612.02286
612.06702
612.08580
612.10638
612.17946
612.23286
612.26544
612.29034
612.62694
612.63156
612.66522
612.69654
612.72930
612.73590
612.82272
612.82824
612.97248
612.98730
612.98880
613.35954
613.39434
613.73688
613.89018
614.07216
614.13222
614.56284
614.61732
614.67504
614.69916
614.83860
615.77472
616.16484
616.17060
616.17612
616.20246
616.67070
616.67538
616.69188
616.73904
616.74636
616.75764
616.94052
616.96422
616.97202
617.65554
617.66316
617.66964
617.92692
618.06312
618.92394
619.36614
619.42356
619.45242
619.46292
619.47870
619.83030
619.83456
619.84644
619.85220
619.91460
619.91928
619.92126
620.49108
620.50296
620.52408
620.57262
621.01116
621.03918
621.08448
621.62028
621.62874
621.63714
621.64734
621.96642
622.04538
622.04946
622.11840
622.38342
622.62606
622.66542
622.69722
622.69998
622.72308
622.77150
622.78704
622.92396
623.63280
623.63706
624.68772
624.75408
624.88734
624.93078
624.94896
624.95352
624.96414
624.99006
625.32216
625.36284
625.40046
625.40226
625.41918
625.42734
625.46412
625.75326
625.92084
626.03562
626.26404
626.28258
626.30826
626.31120
626.33676
626.34414
626.35032
626.81004
627.20142
627.21300
627.23430
627.23970
627.25944
627.27432
627.79062
628.08792
628.18560
628.76148
628.84782
628.90752
628.94784
628.95432
629.23890
629.38392
629.48400
629.50452
629.51250
629.54178
629.56494
629.56920
629.58150
629.74686
629.89188
629.96760
630.24690
630.63594
630.90474
630.92772
630.94008
630.96978
631.13580
631.17150
631.18026
631.18782
631.21506
631.22718
631.28148
631.29714
631.31448
631.39254
632.17158
632.25486
632.29212
632.41764
632.71254
633.07764
633.09372
633.17334
633.17910
633.19566
633.24636
633.29718
633.30108
633.31284
633.33156
633.70434
633.93762
634.26546
634.31526
634.34814
634.53498
634.96812
635.58642
636.16296
636.16734
636.40140
636.40908
636.41340
636.54450
636.55428
636.61548
636.76818
636.84906
637.12332
637.13268
637.17714
637.32012
637.95450
637.95786
638.39808
638.43834
638.48148
638.50158
638.50974
638.51844
638.78220
639.02646
639.05058
639.34182
640.19532
640.76562
640.77858
640.79286
641.11914
641.39130
641.39514
641.40816
641.44158
641.45202
642.24552
642.26472
642.26874
642.28728
642.30804
642.43704
642.83718
642.84324
642.86946
643.21620
643.30632
643.32792
643.42914
644.09736
644.10276
644.11590
644.11752
644.12520
644.13084
644.14086
644.26128
644.67492
644.88534
644.89314
644.94600
644.96244
645.00288
645.03528
645.06888
645.15822
645.37482
646.12518
646.13712
646.18260
646.21548
646.24236
646.49592
646.50378
646.78704
646.79430
647.19432
647.20368
647.24928
647.57352
648.08610
648.09426
648.10044
648.13770
648.92472
648.94476
649.19466
649.22484
649.27314
649.30776
649.46598
649.47642
649.49898
649.51008
649.93008
650.82462
650.85390
650.88714
650.91780
650.92008
650.93526
650.94312
650.95938
650.98788
651.04464
651.35364
651.37002
651.60582
651.69900
651.94170
652.31274
652.34232
652.35612
652.56084
652.56582
652.90704
652.95234
652.99290
653.00196
653.04090
653.04600
653.62524
653.63550
653.65296
653.66124
653.68008
653.71584
653.79276
653.79954
654.05544
654.06588
654.12954
654.23124
654.26130
654.53250
654.60552
654.64824
654.84930
654.89148
655.12500
655.20852
655.23234
655.25358
655.31058
655.31544
655.33566
655.64958
655.73130
655.73436
655.98732
655.99812
656.00178
656.01084
656.02146
656.06088
656.18982
656.23110
656.24904
656.34906
656.40678
656.51088
656.55186
657.36270
657.38220
657.46746
657.55434
657.73494
657.74820
657.77442
657.99912
658.04940
658.44162
658.64274
658.90176
659.02578
659.05572
659.07864
659.09154
660.19074
660.20796
660.21696
660.21954
660.25194
660.46890
660.65586
660.68754
660.69090
660.73872
660.74904
660.75480
660.76284
660.77964
661.07436
661.55142
661.65252
661.66806
661.68468
661.70616
661.96026
661.97124
662.00670
662.01066
662.02182
662.04222
662.05140
662.16792
663.08196
663.12582
663.13662
663.17916
663.35556
663.36018
663.37920
663.38358
663.48810
663.50772
663.67920
663.76884
663.85356
663.93678
664.41540
664.52352
664.53612
664.54866
665.17548
665.20410
665.25912
665.27328
665.27718
665.42268
665.44080
665.62074
665.96742
666.16650
666.62166
666.63300
666.65598
666.71766
666.74100
666.98442
667.07262
667.30800
667.50084
667.54704
667.94076
668.56458
668.62224
668.67810
668.68266
668.89560
669.38322
669.60948
669.63156
669.64056
669.66750
670.18002
670.26288
670.66590
670.69788
670.73262
670.74144
670.77018
671.51142
671.53218
671.64642
671.89722
671.90208
672.53352
672.60012
672.60300
673.26576
673.93062
673.93812
673.94124
674.42028
674.42922
674.43708
674.50422
674.51604
674.52312
674.53038
674.60172
674.88942
675.04962
675.05760
675.06354
675.08778
675.09870
675.22446
675.25116
675.30618
675.32874
675.33150
675.33396
675.70734
675.73650
675.77682
676.17528
676.18320
676.34664
676.41294
676.47270
676.49370
676.67520
676.70274
676.73478
676.74210
676.76970
676.89192
676.90122
677.46606
677.48898
678.35334
679.04502
679.07616
679.09518
679.16286
679.52262
679.54854
679.56270
679.67238
679.85760
680.55636
680.83560
680.88696
680.90346
680.93964
680.97930
680.99124
680.99634
681.06396
681.09618
681.26388
681.95298
681.96360
682.33614
682.41648
682.52262
682.60734
682.77876
682.78674
682.79586
682.80576
682.81932
682.88532
682.91568
682.94388
683.27226
683.70942
683.73204
683.74194
683.75394
683.76240
683.77854
683.78292
683.79012
684.42312
684.85692
684.95244
685.39674
685.41144
685.48914
685.50192
685.51332
685.52178
685.74582
685.84278
685.85064
685.85796
685.88718
686.15616
686.16120
686.17488
686.43036
686.60790
686.64708
686.95872
686.96874
687.28722
687.57144
687.59592
688.18650
688.19118
688.21230
688.23084
688.66308
688.66704
688.68474
689.14458
689.15544
689.18640
689.19624
689.55288
689.91768
689.98536
690.56628
690.75474
690.75888
690.76920
690.78060
690.80982
690.94350
690.94716
690.95340
691.01628
691.29564
691.32882
691.58082
691.64688
691.75104
691.77246
691.98528
692.06736
692.09382
692.89236
692.96700
693.13896
693.15600
693.33012
693.34920
694.36950
694.39500
694.40298
694.47744
694.49562
694.91880
694.93632
694.96812
695.43960
695.69712
695.72844
695.76054
695.84214
695.85576
695.88462
696.31110
696.32118
696.35136
696.36618
696.39474
696.46122
697.19478
697.19832
697.20366
697.27404
697.35066
697.45302
697.45494
697.46310
697.46760
697.47492
697.48698
697.54332
697.81062
697.86216
698.00832
698.07492
698.08086
698.30826
698.32464
698.33508
698.35104
698.35338
698.37918
698.56092
698.57052
698.57364
698.69904
698.76000
698.76768
698.77326
698.77746
699.58638
699.62172
699.68790
700.45002
700.45500
700.50042
700.51914
700.53288
700.55436
700.57392
700.71786
700.84338
700.96506
701.23338
701.25138
701.37414
701.37678
701.98428
702.03030
702.03432
702.05514
702.06618
702.16590
702.16872
702.26382
702.39066
702.60210
702.67656
702.70092
702.96642
702.99192
703.01814
703.05834
703.07154
703.08090
703.11900
703.18026
703.32864
704.25660
704.27460
704.30988
704.34252
704.44074
704.61324
704.86290
704.88450
705.01584
705.03954
705.06780
705.09246
705.21834
705.32574
705.35652
705.48078
705.51534
705.52590
705.53352
705.54444
705.73068
706.33920
706.35894
706.51404
706.52310
706.57986
707.04186
707.06736
707.09544
707.51232
707.51970
707.77002
707.87508
708.11034
708.13470
708.14466
708.19914
708.29922
708.38910
708.39540
708.43272
708.45330
708.45606
708.47538
708.67350
708.74148
708.80628
708.83442
709.30812
709.31580
709.33590
709.34670
709.61490
709.81920
709.83366
709.85244
709.87608
710.01948
710.11416
710.22180
710.24532
710.50998
710.83482
710.84736
710.85000
710.85786
711.04116
711.07518
711.09150
711.11154
711.12036
711.12540
711.13404
711.13836
711.14364
711.14604
711.17058
711.18624
711.20724
711.22596
711.43524
711.46716
711.47820
711.48294
711.48696
711.49710
712.33824
712.55484
712.78380
712.78800
712.79592
712.80066
712.82124
713.04498
713.18184
713.57886
713.84130
713.84730
713.85696
713.88282
713.89350
714.18024
714.43956
714.46092
714.50448
714.52374
714.55146
715.02930
715.03764
715.44108
715.49460
715.50882
715.52232
716.44044
716.44392
716.85384
716.88744
716.89128
716.90106
716.91006
716.94306
717.01920
717.18252
717.80664
717.82020
717.85356
717.93078
718.12260
718.14168
718.17624
718.18032
718.19358
718.20522
718.25124
718.35318
718.37826
718.81764
718.83090
718.83276
718.85172
718.85928
718.87290
718.87692
719.44440
719.48370
719.51268
719.51682
719.52504
719.53158
719.55810
719.56674
719.59014
719.98362
720.03432
720.07272
720.32616
720.37926
720.50328
720.71310
720.84378
720.88110
720.93906
721.05570
721.11828
721.15170
721.67052
721.67460
721.68282
721.69818
721.70166
721.70628
721.70916
721.88118
721.92360
721.99620
722.01480
722.35314
722.36700
722.37192
722.51250
722.58306
722.69100
722.69550
722.73408
722.91306
723.09030
723.17580
723.20526
723.48120
723.49890
723.50820
723.72072
723.89826
724.08714
724.21044
724.21488
724.23204
724.23516
724.36902
724.51044
724.52694
724.53534
724.54464
724.60236
724.61586
725.18844
725.19216
725.23560
725.56374
725.58552
725.63412
725.65830
725.78040
725.78406
725.90226
726.10962
726.22140
726.23232
726.23730
726.24864
726.66624
726.66966
726.76788
727.09440
727.09740
727.11774
727.12476
727.14546
727.16220
727.18092
727.18470
727.20204
727.20816
727.58808
728.27976
728.54172
728.98488
729.83466
730.03014
730.05774
730.06590
730.07298
730.08222
730.37304
730.38924
730.39482
730.73328
730.73892
730.75338
730.78416
730.79604
730.80954
731.04090
731.07432
731.17218
731.17572
731.19870
731.21328
731.22270
731.47524
731.51526
731.55942
731.81652
731.87412
731.87778
732.00090
732.00708
732.09474
732.42798
732.70842
732.90336
732.97224
733.29288
733.30908
733.36098
733.76112
733.76610
733.78266
733.79298
734.53362
734.53842
734.56728
734.61978
734.62386
735.55038
735.56820
735.57390
736.10178
736.12266
736.12968
736.13214
736.13778
736.14402
736.15290
736.19406
736.22622
736.27704
736.59654
736.63350
736.78338
736.82832
736.85670
736.87638
736.95162
736.95462
736.97334
737.23332
737.41254
737.41410
737.41752
737.48358
737.51214
737.56692
737.63088
737.68326
737.68608
737.86062
737.87880
738.17898
738.19854
738.67554
738.69744
738.71544
738.72702
738.74082
739.19388
739.21128
739.22730
739.30644
739.55634
739.56834
739.57290
739.61388
740.17878
740.21802
740.46372
740.62410
741.07566
741.08076
741.09918
741.15252
741.51024
741.52590
741.52866
741.83880
741.84930
741.85596
741.87912
741.88272
741.97278
742.06662
742.07658
742.45596
742.46910
743.05740
743.08740
743.10732
743.11560
743.24754
743.28282
743.32116
743.89944
743.92566
744.05706
744.06612
744.07566
744.07944
744.09810
744.10194
744.14052
744.28554
744.70818
744.70986
745.21878
745.22658
745.24062
745.25574
745.27512
745.35846
745.78740
745.79220
745.81290
745.82364
745.96476
746.39952
746.52114
746.55684
746.58552
747.04482
747.04944
747.07848
747.39636
748.18704
748.19928
748.29594
748.68264
749.29434
749.75424
749.82108
750.37956
750.41094
750.44268
750.47046
750.85158
750.87492
750.91464
750.93696
750.94374
750.99270
751.09386
751.13490
751.15572
751.23756
751.27674
751.30332
751.32318
751.32948
751.33200
751.35864
751.36536
751.89936
751.92102
752.00862
752.07168
752.42298
752.44038
752.44566
752.54298
752.55876
752.83554
752.87442
752.89062
753.00924
753.15108
753.19008
753.43170
753.44820
753.45336
753.53430
753.97266
754.25574
754.32078
754.32720
754.51758
754.56144
754.71444
755.09478
755.12118
755.28066
755.28564
755.30862
755.42112
755.53206
755.55048
755.58420
755.68884
755.88852
755.98248
757.61676
757.63038
757.63512
757.66218
757.67856
757.68846
757.69308
757.71360
757.71876
758.09634
758.20386
758.63052
758.63784
758.64852
758.67066
758.68128
758.91372
759.23844
759.26310
759.27318
759.29376
759.34590
759.37392
759.52338
759.53400
759.53778
759.54078
759.55236
759.55488
759.90534
759.93378
759.97554
759.98418
760.13808
760.44840
761.04972
761.07774
761.13456
761.39826
761.80602
761.89176
762.48246
762.54798
762.55578
762.60312
762.64632
763.00866
763.02384
763.04016
763.04406
763.12998
763.13910
763.15806
763.79334
763.80882
763.82064
763.82682
763.83660
763.92690
764.12070
764.17470
764.18238
764.23230
764.60268
764.73894
764.86008
764.96946
764.97546
765.10284
765.13614
765.42336
765.43098
765.48114
765.49488
765.54630
765.65046
765.79020
765.92634
766.04874
766.25052
767.44620
767.45490
767.46246
767.47038
767.52144
767.65626
767.67912
767.95218
767.98338
768.37752
768.40734
768.88818
769.04130
769.08120
769.09548
769.10376
769.12452
769.16484
769.65192
769.68480
769.73610
769.74552
769.88742
770.01204
770.08488
770.09520
770.10114
770.78796
770.85096
770.87730
771.03306
771.49632
771.51552
771.52008
771.69768
771.92316
771.97680
772.00554
772.03878
772.18236
772.65846
772.95516
773.03436
773.24730
773.87670
773.90148
773.91996
773.92746
773.94486
773.94690
773.95956
773.96760
773.97438
773.98206
774.26370
774.35490
774.35706
774.39180
774.42756
774.43782
774.46368
774.79446
775.05654
775.09704
775.11972
775.79538
775.80270
775.80582
775.92714
775.96806
776.28474
776.36316
776.37696
776.49918
776.82804
776.86056
776.89416
776.90226
777.55290
777.70524
777.73608
777.76176
777.82350
778.05378
778.13130
778.45740
778.47204
778.47390
779.14788
779.17362
779.19246
779.77284
779.78628
780.25896
780.27606
780.98676
780.99198
781.00806
781.24524
781.25190
781.25940
781.27812
781.40136
781.43214
782.13582
782.40126
782.41392
782.42676
782.85510
782.88708
782.89200
782.90610
783.49866
783.53340
783.53544
783.54642
783.55572
783.58092
783.59070
783.60582
783.69936
783.75396
783.79182
784.12782
784.13964
784.15728
784.30218
784.31640
784.76298
784.77192
784.81434
784.87962
785.37756
785.39412
785.39988
785.41224
785.46246
785.81958
785.85798
786.68580
787.14648
787.16502
787.18950
787.21224
787.22094
787.23954
787.26786
787.52880
787.54356
787.74846
787.86486
787.92138
787.93614
788.08182
788.21946
788.29344
788.50386
788.85402
789.03330
789.07404
789.08436
789.21372
789.21540
789.22404
789.22986
789.23724
789.58554
789.60444
789.68436
789.70218
789.70932
789.71370
789.72336
789.75432
789.75996
789.77634
789.88824
789.90708
789.91380
790.26372
790.33392
790.37592
790.87194
790.87476
790.90962
790.91322
790.91814
790.97664
791.14284
791.55660
791.78412
792.07368
792.12306
792.12744
792.22092
792.80892
792.86478
792.89742
792.93198
793.23930
793.29948
793.34970
793.94232
793.94898
793.96104
794.36520
794.37276
794.38206
794.44848
794.60112
794.67360
794.68452
794.69214
794.93928
795.20148
795.27510
795.28446
795.33342
795.36198
795.36708
795.67902
795.68154
795.68460
795.71346
795.71616
796.34184
796.36500
796.38474
796.39830
796.40196
796.40688
796.42518
797.09820
797.11428
797.37912
797.53572
797.55126
798.27276
798.32190
798.35790
798.89286
798.89778
798.91104
798.93066
798.93876
798.94590
798.96438
798.97026
798.98556
798.99708
799.00212
799.01418
799.23180
799.31892
799.34130
799.47162
799.60200
799.61172
799.61388
799.61664
799.75506
800.05926
800.15916
800.16192
800.19510
800.35746
800.46822
800.56248
800.81766
801.08334
801.11508
801.12114
801.40740
801.42306
801.42906
802.13934
802.17132
802.18014
802.21188
802.24044
802.39530
802.67202
802.68648
802.72350
802.74204
803.10438
803.33712
803.34036
803.39340
803.81478
803.86464
804.18732
804.27690
804.28902
804.30462
804.47976
804.98394
804.98562
804.99354
804.99768
805.00794
805.02996
805.07946
805.12068
805.48998
805.50876
805.69626
805.97316
807.07668
807.13056
807.13974
807.34464
807.34908
807.39456
808.09938
808.10622
808.14600
808.16628
808.56894
808.58052
808.61880
809.07636
809.28042
809.29092
809.45316
809.73534
809.75304
809.75598
809.85294
809.89122
810.21504
810.22602
810.25362
810.26082
810.28806
810.51366
810.57708
810.58146
810.66054
810.71358
810.74592
811.17240
811.28340
811.29876
811.31958
811.62588
811.64976
811.98000
812.25006
812.33100
812.33652
812.34660
812.90310
812.93376
812.95554
813.34662
813.81912
813.84204
813.86226
814.43460
814.44672
814.45932
814.46412
814.46958
814.47192
814.47534
814.48146
814.50438
814.51158
814.64238
814.72500
814.86486
814.88250
815.26410
815.27394
815.28504
815.66640
815.67318
816.46986
816.49488
816.77532
816.78588
816.80904
816.81780
817.26606
817.29228
817.29960
817.31388
817.31736
817.33068
817.33518
817.34010
817.36470
817.42836
817.85232
818.13468
818.16954
818.20974
818.22828
818.25378
818.26824
818.27142
818.75670
818.80074
818.82642
818.91720
819.00606
819.34788
819.35286
819.35604
819.35988
819.37518
819.38922
819.43632
819.44580
819.50196
819.59172
819.99180
820.00242
820.01856
820.02132
820.03806
820.07298
820.07526
820.08114
820.18968
820.54248
820.56234
820.57416
820.74276
820.80162
820.91808
820.92252
821.15826
821.17122
821.72868
821.78766
821.83380
821.85150
822.13872
822.17694
822.17982
822.22962
822.51054
822.52464
822.55038
822.56772
822.57852
822.76884
822.80136
822.80748
822.81810
822.82422
822.83928
822.93060
822.93612
823.71954
823.72896
823.74408
823.75524
823.77732
824.31078
824.33028
824.33412
824.34522
824.35110
824.68458
824.95452
824.99874
825.01032
825.40740
825.50364
826.22796
826.47012
826.48212
826.49178
826.50342
826.69596
826.71516
826.85208
827.15496
827.81976
827.82660
827.86686
827.87220
827.88384
828.29496
828.35040
828.35292
828.37668
828.58710
828.64392
828.69006
828.69174
828.71958
828.72372
828.72612
828.76326
829.22058
829.22706
829.23762
829.42566
829.65288
829.66998
829.69482
829.71318
829.91664
830.20284
830.24238
830.31210
830.43108
830.59080
830.91132
830.92164
830.94978
830.96304
831.07794
831.08262
831.12216
831.31026
831.32298
831.38304
831.69342
831.82386
831.89454
831.90396
832.53288
832.57566
832.57788
833.09442
833.50566
833.52378
833.55192
833.55558
833.61852
833.71470
833.73192
833.90964
833.98500
833.99580
834.01470
834.11328
834.16446
834.33900
834.34776
834.35196
834.51312
834.55554
834.66066
834.74898
834.77220
834.77892
834.98940
835.01088
835.18092
835.21512
835.21992
835.30128
835.44000
835.45194
835.47204
835.47840
835.49658
835.50906
835.85370
835.88190
835.90920
836.28222
836.29536
836.31708
836.32080
836.33856
836.34408
836.36508
836.37588
836.49858
837.14226
837.43608
837.58770
837.68538
837.69798
837.89826
837.95010
838.10826
838.28442
838.37436
838.38618
838.38942
838.60380
839.02704
839.03244
839.39988
839.40858
839.41758
839.42214
839.42682
839.57142
839.71470
840.03084
840.03612
840.04104
840.04674
840.05670
840.06048
840.06960
840.10272
840.13152
840.16452
840.17088
840.53388
840.68898
840.73398
840.77220
840.87666
841.13118
841.13880
841.22514
841.29174
841.30698
841.30878
841.31646
841.41342
841.47072
841.58016
841.82082
842.11038
842.24442
842.26710
842.29038
842.29776
842.30448
842.33610
842.90184
842.94162
843.07494
843.27468
843.29160
843.39336
843.55038
843.96552
844.84752
844.95786
845.29728
845.41410
845.55504
845.58570
845.59746
845.74746
845.75772
845.77182
845.87022
846.18336
846.20388
846.22434
846.76656
846.83328
846.89106
846.90510
846.92838
847.14702
847.31862
847.33026
847.34112
847.35096
847.35474
847.37682
847.39620
847.40154
847.92432
848.38050
848.88798
848.95080
848.96148
849.07698
849.24096
849.25248
849.27804
849.28284
849.30750
849.32688
849.72000
849.74076
850.42518
850.46010
850.48794
850.49664
850.50126
850.52010
851.02140
851.04678
851.16630
851.16996
851.43654
851.44950
851.46780
851.50464
851.58030
851.61222
852.22356
852.22884
852.23328
852.48642
852.57102
852.71460
852.72894
852.75828
852.79830
852.81312
852.96600
853.03842
853.07406
853.29654
853.31298
853.32984
853.87386
853.87806
853.92492
854.04672
854.55864
854.61438
855.24522
855.26460
855.39990
855.44310
855.51648
856.02474
856.09050
856.09308
856.50756
856.59912
857.03040
857.04162
857.08614
857.20680
857.20920
857.22066
857.22960
857.44638
857.81892
857.82972
857.83998
858.17520
858.30666
858.35436
858.39786
858.46464
858.55104
858.56454
858.56934
858.57822
858.58404
858.65988
858.85698
859.04856
859.06434
859.08150
859.09506
859.11858
859.14120
859.14618
859.19184
859.21080
859.22136
859.22910
859.23408
859.24344
859.63902
859.68234
859.99152
860.00382
860.01294
860.02458
860.02656
860.26308
860.52978
861.09018
861.11562
861.19362
861.31590
861.50682
861.72246
862.16616
862.16994
862.17858
862.18434
862.22640
862.26306
862.38882
862.64628
862.75098
863.16006
863.16552
863.17986
863.24634
863.32968
863.36304
863.38476
863.39646
863.41806
863.42232
863.43114
863.46552
863.50842
863.53242
863.58264
863.62488
863.68644
863.70270
863.99100
864.00624
864.04278
864.11298
864.12966
864.48882
864.69912
864.76302
864.91326
864.93546
865.19316
865.21902
865.64904
865.72920
865.77270
865.81944
867.13356
867.15822
867.18006
867.24924
867.28752
867.85548
867.90054
867.93798
868.32594
868.33146
868.36314
868.43646
868.46016
868.74882
868.75326
868.76118
868.76340
868.77750
868.78020
868.85964
868.87266
869.32722
869.69166
869.70390
870.23754
870.47658
870.71604
871.01598
871.33566
871.80624
871.86042
872.01366
872.02140
872.03736
872.05278
872.13588
872.21334
872.22384
872.53014
872.58204
872.58780
872.59680
872.62002
872.62620
872.66316
872.88678
873.21120
873.21534
873.23310
873.25182
873.26760
873.27774
873.96414
873.96588
873.96960
874.49322
874.58274
874.77762
874.97880
875.01798
875.13036
875.18664
875.44932
876.27018
876.37620
876.62730
876.63912
876.67416
876.88956
876.89388
876.90738
877.01370
877.09872
877.25724
877.28778
877.29090
877.40418
877.43766
877.48950
877.51644
877.52898
877.54218
877.55076
877.57128
877.99704
878.07138
878.59482
878.60070
878.80656
878.97378
879.07326
879.84390
879.85962
879.86412
879.88062
879.88740
879.94974
879.97032
879.97296
880.03230
880.26264
880.27344
880.28472
880.30194
880.37370
880.37562
880.43208
880.47750
880.53042
880.54290
880.72326
880.74906
881.11404
881.11668
881.20524
881.28942
881.40792
881.62146
881.63496
882.39750