0.16498
0.64108
0.64930
0.67708
1.21966
1.23214
1.24858
1.30882
2.02090
2.05318
2.07658
2.09866
2.13088
2.18140
2.19022
2.19652
2.26216
2.26978
3.18910
3.24406
3.24682
3.98740
4.38352
4.44568
4.47586
4.47814
4.51942
4.53082
4.54552
4.67476
4.78330
4.78750
5.10826
5.14324
5.15344
5.15854
5.60872
5.70694
5.72872
5.73130
5.97490
6.00490
6.02884
6.47740
6.48184
6.48568
6.48994
6.65068
6.67516
6.69790
6.70888
6.71602
6.72268
6.72430
6.85738
6.87400
6.90442
7.18054
7.19932
7.35136
7.36276
7.37092
7.37326
7.37494
7.38628
7.38796
7.39414
7.40008
7.40686
7.85932
7.86238
7.86772
7.87348
7.88314
7.88806
7.89508
7.90246
10.71934
11.29342
12.70618
12.71032
12.72628
12.79444
13.15972
13.18300
13.20286
13.34878
13.92676
14.41024
14.42422
14.49262
15.16000
15.93412
15.93928
15.94672
15.95794
16.01746
16.85200
17.07136
17.27158
17.27338
17.91916
18.33580
18.73090
18.74254
18.77968
18.78262
18.78862
19.05526
19.59958
19.65478
19.67788
20.19106
20.37778
20.38186
21.83698
21.85414
21.87940
22.12564
22.14946
22.16152
22.33138
22.57348
22.60408
22.62526
23.13460
23.14036
23.16304
23.28814
23.34064
24.05194
24.08830
24.10186
24.62452
24.65512
24.83836
24.84250
25.21996
26.00536
26.00710
26.13124
26.13886
26.73574
26.99848
27.02662
27.05488
27.19816
27.26248
27.63472
27.78076
27.79546
27.81154
28.04974
28.38190
28.42258
28.56298
28.56580
28.58452
28.58644
28.62772
28.65442
28.91566
29.05978
29.42350
30.02572
30.04216
30.34738
30.35446
30.45502
30.45718
30.80362
30.81046
30.83686
30.83866
30.84070
31.36792
31.37302
31.38202
31.44544
32.17876
32.64418
32.65054
33.69088
33.93232
33.93562
34.25698
34.26580
34.26766
34.50406
34.51174
34.94014
34.96462
34.97482
34.97938
34.98700
34.99702
35.72086
35.74348
35.76088
36.22978
36.25318
36.31486
36.86740
36.97060
37.01878
37.19608
37.20970
37.21246
37.21924
37.26376
37.36912
37.38928
37.39378
37.39744
37.40134
37.40602
37.41136
37.41778
37.42450
37.43440
37.56274
37.76890
37.81012
37.90204
38.21080
38.21860
38.24158
38.39230
38.39896
38.40436
38.40916
39.25648
40.34980
40.42042
41.18728
41.40142
41.40604
41.40796
41.42062
41.89378
41.92666
42.79786
42.91000
43.14436
43.22650
44.24086
44.24380
44.24566
44.28184
44.29990
44.89120
45.20032
45.92824
46.64926
46.74616
47.39230
47.41762
47.44168
47.45032
47.54050
47.88928
47.91364
47.93428
47.95984
48.50398
48.52732
48.77194
48.82474
48.83572
48.84016
48.84664
48.85246
48.85408
49.24426
49.25872
49.43974
49.47934
49.48762
49.76458
49.77574
49.85020
49.86796
49.87516
50.21770
50.54014
50.55040
50.56798
50.57812
50.58334
50.58904
51.21250
51.21412
51.97684
52.02418
52.05478
53.29510
53.92252
53.96290
54.22246
54.53698
54.54148
55.68946
55.94176
55.94416
56.67508
56.69764
56.72794
56.75248
56.76502
57.32884
57.33568
57.74674
57.74848
57.75262
57.76492
57.79588
57.85072
58.18594
58.38592
58.51954
58.52992
58.55230
58.56538
58.56922
59.85550
60.33130
60.34018
60.58864
60.59434
61.01926
61.02766
61.03666
61.03840
61.05346
61.51480
61.75060
61.75456
62.90746
63.16300
63.20050
64.16284
65.16190
65.16424
65.17696
65.52682
65.56456
66.00406
66.04774
66.06508
66.07666
66.74368
66.91198
67.16236
67.77100
68.20432
68.52670
68.56216
68.66512
69.22888
70.32934
70.38952
70.39294
70.40266
70.40452
70.52086
70.55578
70.65100
70.93882
70.96426
71.01250
71.03530
71.08774
71.09152
71.43790
71.53792
71.57416
71.61094
71.62804
71.75542
71.78164
71.79280
72.16306
72.19426
72.23938
72.47308
73.22782
73.67920
73.71742
74.70676
74.77408
74.93830
75.16786
75.21154
75.22780
75.27154
75.98194
76.30516
77.08090
77.17060
77.22130
77.22610
77.54122
78.56116
78.57820
79.71496
79.97020
79.99792
80.34190
80.34988
80.35444
80.39416
81.40570
81.42982
81.48100
81.62242
81.74104
82.29010
82.31044
82.73524
82.74040
82.74280
82.79830
83.05006
83.05474
83.07244
83.40196
83.64532
83.85646
83.86996
83.89330
83.95078
84.20584
84.60196
84.62446
84.63304
85.27336
85.28902
85.30216
85.30462
85.86202
86.82004
86.86492
87.18322
87.18490
87.20458
87.21694
87.22894
87.24724
87.36976
87.38914
87.41260
88.34698
88.35820
88.58032
88.59544
88.60306
88.70950
88.71136
89.24152
89.27518
89.27740
89.28874
89.90464
89.98198
90.26788
90.27928
90.36718
90.94462
90.97174
91.78642
91.79920
91.85218
91.85506
92.41186
92.42236
92.42800
92.43010
92.43646
92.82844
92.91190
93.19516
93.20464
94.06510
94.06690
94.07374
94.18558
94.21954
95.24110
95.24404
95.24806
96.06772
96.07984
96.11176
97.07218
97.09168
97.10548
97.12204
97.13494
97.14496
97.15840
97.16896
97.19134
97.46152
97.82224
97.86760
97.88854
98.31274
99.96016
99.97144
100.00528
100.14712
100.58062
100.59106
101.85076
101.93506
102.38170
103.70848
103.72030
103.78276
104.00638
104.09524
104.14084
104.18482
104.76052
104.79370
104.80522
104.86078
104.87704
105.17848
105.23908
105.57040
105.91930
106.11166
106.13776
106.74322
106.74514
106.76266
106.78432
106.93078
107.17288
107.18818
107.20372
107.22580
107.24212
107.25028
107.63542
108.17788
108.19354
108.23398
108.24100
108.50872
110.46682
110.49304
110.66494
110.88280
110.89006
110.90422
111.10270
111.11758
111.63436
111.98836
112.96642
113.44834
113.47138
115.11796
115.11970
115.33918
115.37632
115.38376
115.49782
115.62466
115.82638
116.00188
116.01514
116.02378
116.65594
116.78290
117.55150
117.60298
117.60766
117.66802
118.52074
118.62112
119.09938
119.77258
119.78626
120.77668
121.14082
121.15462
121.72384
121.73974
121.75702
121.75894
121.77682
122.52292
122.52484
122.53228
122.55262
123.14368
123.17152
123.17644
124.02046
124.02358
124.03402
124.04368
124.06384
124.96252
124.99564
125.32480
125.39338
125.39962
126.30190
126.95290
126.99886
127.38622
127.45276
127.45666
127.64140
127.64536
127.65136
127.65610
128.04754
128.12068
128.44198
128.45458
128.46004
128.46520
128.47156
128.48008
128.62504
128.62900
128.64184
128.65654
128.67628
131.11120
131.12158
131.22760
131.59396
131.61430
131.61628
131.61796
131.62042
132.06748
132.14746
132.67030
132.68692
134.08030
134.53480
134.76568
134.77222
135.65452
135.74788
136.24660
136.25194
136.33894
137.09674
137.12962
138.06274
138.44920
138.46906
138.53860
139.53316
139.54468
139.55122
139.56508
139.90138
140.02564
140.98348
140.98534
141.01000
141.03352
141.55108
141.58672
141.58978
141.59452
141.60688
142.31332
142.34512
142.36210
143.08804
143.12254
143.83036
144.27760
144.29026
144.95902
145.02514
145.03480
146.33896
146.38006
147.22786
147.29908
147.30442
147.30838
148.84768
148.87210
148.88986
148.90390
148.94998
149.48644
149.52046
149.54134
149.78584
149.80018
149.82946
149.84194
150.42730
150.43768
150.44116
150.48100
150.51082
151.19566
151.20160
151.21474
151.23604
151.83610
151.84270
151.84606
151.85152
151.85932
151.96720
153.09730
153.11620
153.13276
153.57850
153.58168
153.61606
153.68428
154.31764
155.07364
155.08672
155.10562
155.14066
155.16286
156.17110
156.17884
156.19606
156.20872
158.64808
158.65282
158.71708
158.72152
158.76142
159.11326
159.13198
159.14458
159.15538
159.15742
159.17332
159.18298
159.18820
159.19606
159.77464
159.80122
160.52212
160.53010
160.55134
161.01292
161.03206
161.06878
161.07214
161.46238
161.55280
161.83108
162.25282
162.25456
162.30256
162.33010
162.95344
162.95770
162.96556
162.97300
162.99118
163.01404
163.01848
163.02454
163.19716
163.86838
164.12140
164.76178
164.77060
164.78812
165.30736
165.54490
165.54748
165.54928
165.55474
165.55636
165.58882
165.60454
165.61492
166.40722
166.50292
166.51678
166.52104
166.53190
166.54054
166.54342
166.56022
166.56376
166.57912
167.00716
168.12688
168.14038
168.16504
168.17368
168.42364
168.58036
169.55398
169.95988
170.00392
170.00944
170.02498
170.20666
170.24140
170.34694
170.35666
171.64768
171.65272
171.66136
171.68020
171.78982
171.79294
171.82102
171.89320
171.90652
171.93700
171.93970
171.95506
171.95938
172.01704
172.14112
172.14322
172.14946
172.16092
172.18000
172.18564
172.18948
172.35784
172.37026
172.38148
172.42540
172.61176
173.12980
173.41378
173.42908
173.44168
174.14626
174.14842
174.19228
175.51984
175.56958
175.58332
175.59268
176.25322
176.28166
176.29672
177.36856
177.38368
177.38920
177.98134
177.98722
178.81762
178.82746
178.97938
179.60710
179.62216
179.62378
180.21178
180.24502
180.32548
180.37222
180.40006
181.06156
181.07398
181.07842
182.41288
182.42470
182.44912
182.47984
182.92540
182.94478
183.11872
183.29620
183.77548
183.79354
183.79648
183.81562
184.22170
184.28734
184.85146
184.85818
184.92442
185.00038
185.05792
187.68502
187.71448
188.23054
188.23486
188.25868
188.34316
188.34532
188.35414
188.37964
189.53722
189.54484
189.62794
190.11004
191.48446
191.53978
191.55856
191.81410
192.36010
192.36628
192.37246
192.48370
192.99322
193.80058
193.80862
193.81606
193.82482
193.85416
193.89466
194.04946
194.29072
194.35180
194.37604
194.37790
194.38480
194.39872
194.40922
194.48002
194.48818
194.49634
194.59708
195.57562
195.57850
195.65290
196.59238
196.61926
196.67656
197.69704
197.77258
197.78914
197.82868
197.83984
197.86054
199.68268
199.72300
199.74964
199.75360
199.83316
200.15722
200.90164
200.93092
202.96012
202.98082
202.98556
203.04880
203.05888
203.97190
203.99974
204.42688
204.49156
204.61426
204.68554
204.69958
204.71896
204.74608
204.75334
204.76156
204.79942
205.31860
205.32976
206.28268
206.34964
206.35216
206.81410
206.83240
206.92894
207.78196
207.79048
207.79594
207.80032
207.80290
208.58140
208.59910
208.61896
208.62160
209.04628
210.13348
210.14254
210.17230
210.63526
210.79150
210.79648
210.82858
211.39732
211.42534
212.88922
214.02634
214.62640
214.77394
215.83774
215.84746
215.86618
215.87098
216.57610
216.61660
217.73344
218.66698
218.67190
218.70256
219.42244
219.42886
220.19020
220.92514
221.68204
222.62782
222.62992
223.39702
223.41604
223.46824
223.46986
223.49200
225.06964
225.07432
225.07834
225.10762
225.15340
225.15508
225.19492
225.20584
225.22438
225.23236
225.34762
226.33156
226.37824
226.38520
226.41274
226.47148
226.47424
226.58200
226.61098
226.61254
226.62262
226.66534
226.66972
226.69120
226.92412
227.64724
227.64982
227.65132
227.67046
228.44542
228.46156
228.48130
228.51514
228.53170
228.81382
228.81634
229.83190
229.84570
230.47018
230.86480
232.05226
232.29520
232.31140
232.31464
232.32856
232.36462
232.36636
232.47850
232.50040
233.33902
233.34340
233.35564
235.29388
235.32508
235.33114
235.34758
235.37128
235.40404
235.67950
235.75942
236.55046
236.55466
237.88096
237.88858
237.89626
237.89854
237.91516
237.93700
237.94768
238.30834
238.31470
238.33726
238.34338
238.36156
238.37458
238.65058
238.66384
239.38858
239.39194
239.42704
239.46940
239.66542
239.73730
240.22294
241.05526
241.06852
241.09378
241.47310
242.40394
242.99764
244.45672
244.96444
244.96762
244.96954
245.75422
245.83024
245.84500
245.84824
246.29002
246.32848
246.34582
246.34792
248.06386
248.16784
248.33932
249.34858
250.17466
250.18336
250.59598
250.60072
250.60702
250.65118
250.66228
251.32888
251.37034
251.99422
252.54832
252.72406
253.70572
254.02804
254.03188
254.03494
254.03722
254.83552
254.84752
254.86816
254.88844
256.35502
256.35988
256.37422
256.42438
256.44400
257.12062
257.15494
257.43802
258.03604
258.04780
258.66286
258.67330
258.67504
258.68194
258.68500
258.68746
258.69004
258.72298
258.73114
258.74566
259.33696
259.37980
259.39864
259.40104
260.86696
261.46888
261.49906
261.52444
263.07076
263.45728
264.15886
264.19954
264.20170
265.45960
265.46644
265.49614
266.54548
266.57500
267.20038
267.21712
267.23902
267.25264
268.59556
269.51422
269.51692
270.13840
270.14638
270.92392
270.93538
270.99292
271.13086
271.20604
271.24498
271.53364
271.53982
271.81990
272.22496
272.23300
272.24368
272.79676
272.80690
273.35692
273.35980
273.70864
274.53136
274.56868
274.57582
275.21764
275.23744
276.21106
276.24196
276.24622
277.09642
277.11652
277.13638
277.58344
277.62544
278.68174
279.42400
279.47506
279.97300
279.98164
279.99562
280.36534
282.10954
282.11470
282.14680
282.17470
282.19552
282.23782
282.23932
282.27784
282.32044
282.84442
282.86848
282.87646
282.89668
283.07434
283.09990
283.24924
283.69252
283.69792
283.70092
283.72126
283.74820
283.76152
283.77616
285.64660
286.79968
287.37682
287.40238
288.19786
288.22576
288.84994
288.91132
288.93244
290.53540
290.57656
290.83642
290.88268
290.88820
290.91658
291.34246
292.89304
292.89832
293.29444
293.31106
293.38216
293.65870
293.97274
294.36220
294.89890
294.92458
295.28290
295.41826
295.85788
295.86268
295.88314
295.89886
295.90084
296.04640
296.05012
296.05600
296.22664
296.28484
297.14086
297.70870
297.77362
298.96576
299.40064
300.24226
300.24892
300.28750
300.30466
300.31264
301.07908
301.09270
301.10206
301.10482
301.12150
301.29370
301.31818
301.35676
301.53832
301.72168
301.86382
301.87168
301.89910
301.91908
301.92154
303.02374
303.40042
303.65566
304.01542
304.02760
304.02964
304.03174
304.10296
304.16968
305.59630
305.60002
305.61820
305.79256
305.79472
306.25468
306.97318
307.00378
307.03210
307.05988
307.62880
307.64662
307.68274
308.21212
308.25682
308.26120
309.27268
309.27880
309.32266
309.98920
310.02874
311.70508
311.79970
311.99722
312.00382
312.06880
312.36790
312.41734
312.43576
312.44884
312.96460
312.97498
312.99040
313.04902
313.66462
313.66750
313.68190
313.73908
315.15928
315.30886
315.61510
316.04260
316.06444
316.06966
316.07854
316.08502
316.47502
316.52794
316.55044
316.80550
316.81030
316.81546
316.82602
316.99186
317.12602
317.30554
317.57638
317.82358
318.25984
318.27244
318.49678
318.96592
318.97390
318.99934
319.01134
319.01824
319.03744
319.04782
319.05676
319.82680
320.35120
320.78050
320.78794
320.79964
321.20782
321.29380
322.27972
322.29088
322.30018
322.91002
323.48212
323.48380
325.17700
325.18684
325.21726
325.26064
325.37812
325.84186
325.98016
325.98568
326.52976
327.02092
327.40270
327.42802
327.46696
327.72166
327.84658
328.11802
328.35760
328.37590
328.38574
328.41100
328.41334
328.41832
328.60468
328.83904
329.03884
331.64440
332.12158
332.68690
332.74522
333.52708
333.53872
334.11562
334.12036
334.14454
336.46492
336.51184
336.66970
336.70396
337.60246
337.61548
337.66318
337.86766
337.88782
337.89382
337.90390
337.90696
337.91404
337.93798
339.32206
339.33616
339.33970
339.38380
340.06036
341.27116
341.63878
341.64556
341.65546
341.69182
343.16764
343.46506
343.47022
343.47610
343.47898
344.66560
344.68012
344.71786
344.88796
344.89690
345.03016
346.43794
346.49332
346.52440
346.72498
348.41614
348.42472
348.42742
348.58738
348.60676
348.60868
348.62206
348.81544
349.01470
349.01698
349.06240
349.07032
349.96732
350.01580
350.18716
350.37106
351.32572
351.33142
351.37630
351.38020
351.41962
351.93418
351.97900
352.71508
353.33602
353.35162
353.83300
355.54864
355.57480
356.39512
356.44636
356.71804
356.95204
356.97940
356.98660
356.99596
359.55844
359.57878
360.06130
360.07912
360.08800
360.09928
360.19996
360.26602
360.28156
360.29176
360.51850
360.60712
360.67882
360.73582
360.75340
360.93502
361.38652
361.59472
361.74718
361.74886
361.75294
361.76446
361.77034
361.80490
361.81570
363.47470
363.65662
363.66706
363.67474
363.67732
365.34490
365.79094
365.82562
365.83618
365.85130
366.45622
366.49408
366.50380
366.69916
366.71266
367.56676
367.59592
367.59874
368.67796
368.86030
368.86462
370.03402
370.22290
370.54300
370.55842
370.58254
370.73554
370.84180
371.15824
371.20222
371.20990
371.21896
371.92192
371.94124
371.96248
371.96758
372.44440
372.70870
374.44372
374.85346
374.88040
374.88376
375.58012
375.58372
375.60040
375.60574
375.61090
375.62122
375.63694
375.64186
375.67858
376.54708
376.55062
377.55952
377.57470
377.58208
377.59006
378.13216
378.13420
378.19534
378.87724
379.00330
379.00696
379.01698
379.74766
379.76710
379.82716
379.93534
380.60254
381.52432
381.56812
381.58186
382.17532
382.21480
382.21642
383.17654
383.18068
383.20900
383.76136
384.33430
384.35722
384.36040
385.77112
385.77382
385.80604
385.82926
385.83304
385.84162
385.88272
386.10970
386.11468
386.24926
386.30986
386.31940
386.68018
386.88022
387.30298
387.32956
387.35086
388.35676
388.35964
388.42480
389.04280
390.63046
390.63412
390.65542
390.66628
390.75940
390.76576
391.01824
391.02892
391.03894
391.76410
391.77304
391.78030
391.80328
391.80532
391.81252
392.04256
392.04904
392.46856
392.47966
392.61148
392.62582
392.65636
392.66662
393.02458
393.03214
393.14230
393.14428
393.14638
393.44032
393.45634
393.47578
393.48862
393.83182
393.91798
394.09828
394.14046
394.19986
394.32430
394.58968
394.60090
394.77664
396.16264
396.83674
396.84586
396.87520
396.90466
396.90850
396.92230
399.27382
399.27790
399.50956
399.90934
399.91204
399.93130
399.96370
400.98652
401.00698
402.16996
402.83812
403.52704
404.03032
404.05834
404.08462
404.13034
404.46454
404.84842
404.85124
405.33406
405.34438
405.35080
405.35398
405.36118
405.41260
405.42898
405.60628
405.85858
406.04140
408.00088
408.00424
408.01126
408.02986
408.05428
408.06652
408.22354
408.60322
408.61054
409.49758
409.52518
409.54024
410.37844
411.21094
412.20268
412.20538
412.56694
412.61590
413.00104
413.04016
413.08324
415.03210
415.03432
415.06042
415.07164
415.08946
415.10014
415.10524
415.11496
415.11694
415.14412
415.44736
415.46020
415.48948
415.65460
415.98040
416.02900
416.03326
416.52262
416.67898
417.01246
417.09430
417.27154
417.91240
417.93916
418.23136
418.24534
419.14024
419.14528
419.17222
420.55930
420.60580
420.63586
421.43182
421.50466
422.76310
422.76880
425.06716
425.07316
425.07832
425.10064
425.18698
425.21596
425.23696
425.24938
425.56792
425.57548
426.42094
426.86908
426.90232
426.92842
427.19914
427.20664
428.00620
429.15532
429.18388
429.67198
430.42600
430.47304
431.07418
431.15686
431.78950
431.86066
432.44212
433.00000
433.04488
433.74346
433.74640
433.75630
433.76902
435.25192
435.28918
435.41158
436.03888
436.04218
436.29358
436.30162
436.40422
436.98694
436.99402
437.01220
437.02486
437.03158
437.03884
437.19250
437.19496
437.60896
437.62492
437.98738
438.38122
439.20910
439.26940
439.95232
439.95550
439.95868
439.96438
439.96882
439.97134
439.98916
441.75688
441.90928
441.91438
442.63912
442.64440
442.64692
442.83508
443.93260
443.98516
444.00322
444.45076
445.10266
446.32870
447.03538
447.06652
447.32230
447.32524
447.32878
447.34108
447.37666
447.50614
447.50884
447.51292
447.51994
447.52444
447.53044
447.53668
447.60826
447.61840
447.62788
447.67702
447.80602
448.33930
448.35010
448.36426
448.37614
448.39666
448.78282
448.78576
448.78792
448.79482
448.95262
449.90944
451.00258
451.01014
451.02478
451.44604
452.94910
452.95582
452.98816
452.99056
454.78246
454.82272
454.85848
455.10400
455.14360
456.53980
456.58324
456.58840
456.59128
456.59338
456.60880
457.20430
457.21090
457.21264
457.24462
458.20306
458.20546
458.22292
458.51884
458.52118
458.77912
459.78268
459.82030
459.91354
460.54558
460.57558
460.59922
460.60978
460.93912
461.74516
461.76934
461.78314
462.60610
462.64048
462.66088
463.39108
463.39354
463.85788
463.88338
464.47324
464.53126
464.54260
464.59690
466.13272
466.15864
466.16098
466.17712
466.20430
466.21852
466.53418
466.56574
467.05648
467.58976
467.60074
467.61850
467.65024
467.66704
468.59176
468.63052
469.28104
469.29250
469.31260
469.33762
469.33942
469.35550
470.04988
470.05852
470.25388
470.74048
470.75254
470.90764
471.52360
471.52546
471.53284
471.53458
471.54526
471.55390
471.56452
471.80818
471.82708
472.18594
472.19248
473.24350
473.70136
475.70398
475.87324
476.14822
477.54088
477.54382
477.56674
477.62962
477.64390
478.17724
479.05384
479.70004
479.70460
479.71678
479.71936
479.74402
479.76850
479.87044
481.37968
481.39228
481.40488
481.40692
481.46536
481.47898
481.49344
481.77814
481.79230
481.85452
482.09992
482.19886
482.39536
482.99758
483.40474
483.45646
483.60184
483.62884
483.63316
484.19086
484.48126
484.60168
485.19112
486.58288
487.51798
487.53934
487.60594
489.00976
489.03286
489.09748
489.27994
490.00744
490.04224
490.26946
490.93000
490.93174
491.01328
491.02060
492.18142
492.19966
492.62134
492.66688
494.20498
494.26528
494.30314
494.31100
494.96818
496.18420
496.20928
497.42434
497.42668
497.49670
498.22846
498.74236
498.74680
499.37710
499.39102
499.41412
499.44082
499.44622
499.45876
500.00248
500.69794
500.70238
500.85622
500.88724
500.90164
501.58264
501.60490
501.64072
503.56726
503.58532
503.88946
504.25720
504.32638
504.34672
504.55732
504.56320
504.64390
504.71476
504.72892
504.91978
504.96604
505.19416
505.21732
505.81144
505.88806
506.69854
507.04354
507.06088
507.06496
507.09214
507.11590
507.24034
508.24960
508.26160
508.26328
508.26736
508.26934
508.30750
508.31146
508.89274
509.11888
509.15026
510.76894
510.77482
511.15120
511.26868
512.49904
512.52010
512.60056
512.61814
512.98870
512.99050
513.03628
513.04480
514.04962
514.07386
514.35382
514.41604
514.44460
514.83154
515.18224
515.18698
515.19160
515.19898
515.28424
515.28658
515.29366
515.29816
515.30422
515.31052
515.35444
515.59372
515.61016
515.64148
515.64544
515.65018
515.68192
515.70178
516.08176
516.33640
516.33928
516.34216
516.57382
516.61480
516.62446
516.73414
516.81736
518.06980
518.07292
518.81626
519.40654
519.62944
519.72904
520.28404
520.29874
520.86922
522.16510
522.21370
522.30382
522.51406
522.85504
523.28800
523.81972
523.82992
524.75908
524.80900
524.83090
524.91604
525.04594
525.31774
525.69874
525.70330
525.70510
526.34230
526.36984
526.96594
527.01364
529.24360
529.29028
529.50010
529.60906
530.24278
530.26870
530.28784
531.30040
531.43048
531.43558
531.48406
532.22404
532.74340
532.77106
532.78738
535.16272
535.41190
535.45246
535.45972
535.49632
536.17900
536.22010
536.53576
536.55616
537.20302
537.20782
538.04452
538.05220
538.07410
538.59718
538.62550
538.62730
538.63222
539.20294
539.21944
539.66806
539.69830
539.71588
542.05954
542.10820
542.49418
542.65102
542.65504
543.06970
543.09358
543.12514
543.92458
543.95500
543.97054
544.45012
544.50916
545.19628
545.89732
545.97418
545.97622
545.99992
546.01276
546.08620
547.11454
547.11622
547.12258
547.12480
547.14628
547.22212
547.56094
547.64308
548.08744
548.09362
548.14480
548.44846
548.69086
549.31852
549.36850
549.81418
549.82054
549.83110
549.83704
549.84148
550.14964
550.23454
550.34356
550.35400
550.35784
550.36024
550.89178
551.85700
551.85928
551.87086
551.88100
552.19972
552.21754
552.33376
552.94258
552.94930
553.46284
553.48456
553.51072
554.31820
555.09856
555.10066
556.13308
556.21012
556.95178
557.48230
557.57200
557.58106
557.60458
557.62360
557.72338
557.73490
557.74648
557.84254
557.89270
558.01792
558.03292
558.20626
558.21028
558.80704
558.82330
558.82942
558.86512
558.87532
559.01272
559.02232
559.30834
560.39404
562.65640
562.66420
562.68976
562.69288
563.17252
563.18404
563.27902
563.31508
564.02530
565.78762
565.84534
565.87396
567.65920
567.68614
567.70306
567.70792
567.71002
567.83056
567.84592
567.91954
567.95308
567.96262
567.97564
568.08190
568.09762
568.50850
569.21152
569.35324
570.15166
571.17514
571.18180
571.68526
571.81078
571.81876
571.82764
572.71234
572.80570
573.21538
574.70332
574.73812
574.98268
577.35286
577.37242
577.65124
577.65562
577.66342
577.71886
577.99408
578.91664
579.08212
579.76990
579.92698
579.93904
580.16374
580.18156
580.28152
580.32778
580.57276
580.95286
580.96186
580.97878
581.01208
581.28406
581.32342
581.33176
581.33488
581.36440
581.36746
581.37052
582.36280
582.37942
582.94822
583.13542
583.19698
584.15728
584.18866
584.61406
584.64034
584.66938
584.69626
585.79612
585.80086
586.04920
586.54540
587.42608
587.43922
587.46268
587.49964
587.51476
588.35578
588.38332
588.38518
588.38908
588.88612
588.89704
589.89112
589.95874
590.03704
590.20078
590.21350
590.22010
590.82532
590.82796
590.83054
591.04486
591.05200
591.06304
591.63958
591.65728
593.91946
593.92708
593.93482
593.95066
594.01558
597.36718
597.40654
597.44272
597.51700
597.56806
598.60336
598.61014
599.90896
599.91514
599.94034
599.94424
600.76234
600.76474
600.77272
600.77494
600.79366
601.38124
601.40740
601.43662
601.46380
601.47268
601.78018
601.82176
601.84822
601.85596
602.24134
602.30458
602.30854
602.39782
602.97616
603.00532
603.08140
603.17866
603.76876
604.25404
604.46086
604.58068
604.63558
604.65676
604.95172
604.96858
606.04696
606.09094
606.78424
606.80746
608.23252
608.30410
608.33272
608.33680
608.34688
608.83828
608.87014
608.88022
609.05188
609.83662
609.86350
610.39108
610.40422
610.41376
612.08992
612.09652
612.12736
612.40306
612.47032
612.49594
612.89398
612.89944
612.91042
612.91642
612.92224
612.94102
613.83772
613.87972
613.90072
613.96558
615.77698
615.80920
615.82198
615.86542
616.22332
616.23436
617.98096
618.23872
618.43864
618.44614
618.44842
619.25536
619.28392
619.33468
619.34488
619.35292
620.28694
620.86006
620.88640
620.90032
621.68620
621.84376
621.84994
622.45228
622.48906
623.14318
623.63812
623.72332
624.14554
624.54610
624.55018
624.55612
624.82816
625.05316
625.10482
625.12000
625.13380
625.30066
625.65682
627.36364
627.37516
627.37708
627.40018
627.89092
627.90946
627.91498
627.93148
629.21026
629.62504
629.63548
631.96234
632.08912
632.41594
632.42620
632.45890
633.47236
633.59542
634.20172
634.21906
634.22320
634.60300
634.63960
634.69702
634.70296
634.87504
634.89304
634.90036
634.90954
634.93870
635.11444
635.16856
635.17342
635.26216
635.94802
635.96044
636.19036
636.87178
637.05172
637.05436
637.08610
638.06176
638.17306
638.17720
638.77828
638.79670
638.81428
639.47176
639.57820
639.57994
640.26598
640.28884
640.29862
641.35546
641.73622
641.73790
642.25420
642.26086
642.27130
642.31720
643.19176
643.19404
643.20766
643.21936
643.28380
644.03602
644.05510
644.70850
644.72920
644.73118
644.74786
645.39658
645.49822
645.50566
645.92386
645.92608
645.96544
645.96970
646.34266
646.42324
646.73902
646.85278
646.86076
646.86814
646.93324
647.08522
647.48650
647.52838
648.31960
648.32242
648.44512
648.61330
648.68104
649.51732
652.00030
652.02268
652.03132
652.04398
652.15012
652.33534
652.41490
653.43526
653.45884
654.27634
654.27922
655.09300
655.09564
655.11208
655.76380
655.76902
655.87954
655.89418
656.48950
656.77324
656.87044
656.87452
656.92276
657.19486
657.20212
657.21040
657.21250
657.87484
657.87784
657.88864
657.90316
657.94450
658.53718
658.60324
659.97316
659.98582
660.27952
661.30306
661.31950
661.32136
661.32310
661.32826
661.33720
662.74786
663.66448
663.67282
663.67600
663.69340
663.69958
663.70240
665.68018
665.68690
665.71630
665.73262
665.82370
665.83708
665.86798
666.20188
666.22102
666.22786
666.25348
667.42744
667.51438
668.13298
668.53942
668.62144
668.62414
668.63692
668.66500
668.67022
669.01630
669.05998
669.16162
669.17020
669.17668
669.22306
669.23560
669.26128
669.26638
669.27508
669.29362
669.95998
669.96934
670.00306
670.00762
670.05760
670.21984
670.44286
670.70086
671.26462
672.70024
672.70408
672.73354
672.87058
672.92068
673.96564
674.31016
674.81836
674.83732
674.85286
675.15466
675.64738
676.10404
676.36210
676.92970
676.93858
676.99294
677.01412
677.87818
677.90704
678.27112
678.29146
678.99112
678.99292
679.00426
679.00708
679.02028
679.56598
679.62112
679.82710
679.93126
680.44252
680.49370
680.49790
680.51632
681.27154
681.27358
681.27652
681.30436
681.32122
681.34804
681.65104
681.65746
681.75430
681.75856
681.76246
681.77938
682.05238
683.17552
683.22892
683.41960
683.44594
684.23188
684.43858
685.54846
685.55116
686.17996
686.31142
686.31592
686.33452
687.05044
687.07624
687.08692
687.10930
687.13756
689.40382
689.40706
689.90962
690.87652
690.88918
690.94312
690.97420
691.31398
691.35370
691.35616
691.74208
691.77814
691.79836
691.84078
692.03920
692.12470
692.16304
692.16760
692.24956
692.34514
692.43838
692.46010
692.49238
692.49994
692.80606
693.01900
693.02272
693.02674
693.05428
693.06034
693.07996
693.47986
693.48760
693.49480
693.51676
693.70264
694.14982
694.60738
694.60906
694.62562
694.63714
694.65622
695.68438
696.74344
697.01674
697.69816
697.77082
697.79206
699.03952
699.05770
700.06042
700.06546
700.07290
700.09078
700.09966
700.10932
700.12648
700.27672
701.23588
701.25250
701.25532
702.94276
702.98218
703.01032
703.28326
704.05606
704.58490
704.58754
704.60062
704.61712
704.62192
705.18706
705.22426
705.26056
706.61974
706.64860
706.71166
707.16664
707.17084
707.21650
707.23060
707.82442
708.69832
709.30012
709.56334
710.47576
710.49124
710.49412
710.50318
710.51236
710.52886
711.14410
711.16492
711.16996
711.18352
711.19216
711.21316
711.93550
711.94030
711.94708
711.95830
711.96094
711.98680
712.53370
713.10730
713.13688
713.13898
713.63308
713.66656
713.67016
713.80408
713.85202
713.85754
713.91124
713.95870
714.16306
714.16654
714.20446
714.57322
714.93472
714.95098
715.11742
715.13044
715.19602
715.77406
715.80094
715.80712
715.86766
717.66274
717.67582
717.68470
717.70138
717.73114
717.94414
718.52992
718.54150
718.54384
720.43918
720.47884
720.76300
720.76846
720.84556
721.05166
721.24966
721.26712
721.99138
722.00698
722.01400
722.01622
722.65726
722.70766
723.46258
723.46864
723.50434
724.88650
724.92556
724.94626
724.94854
724.95220
725.01262
725.13664
725.13856
725.32810
725.44492
725.81668
725.81962
725.82556
726.27052
726.30874
728.50288
728.98006
729.77200
730.21954
730.25416
730.26634
730.29004
730.84486
730.85872
730.87006
731.24686
732.07480
732.37654
732.51370
732.55732
734.29882
734.63476
734.63878
734.64562
734.84632
734.86696
734.88058
734.90830
735.51370
735.93748
735.94984
736.03498
736.25428
736.26460
736.27324
736.31614
737.77444
738.33682
738.33838
738.34324
738.35104
738.35464
738.35896
740.07946
740.41276
740.41744
740.42914
740.44540
740.45194
740.46574
740.62606
743.09812
743.65696
744.31504
744.33046
744.34612
744.36484
744.37126
744.38506
744.67108
744.67426
744.68932
744.88306
745.08328
746.91466
746.94016
746.98522
747.00286
747.28282
747.30046
747.31012
747.31222
747.69664
747.84280
747.92170
748.04776
748.06324
748.27240
748.32418
748.87030
749.06146
749.07088
749.07358
749.15410
749.29030
749.62594
749.98060
750.00718
750.25126
750.29794
751.60324
751.61434
751.64254
751.88638
754.18276
754.19656
755.10538
755.12932
755.13790
755.82028
756.12820
756.14938
757.51960
757.88542
757.89994
758.29252
758.32186
758.57608
759.00952
759.45394
759.45916
759.46288
759.46516
759.46732
759.48706
759.51238
759.51736
760.19332
760.20358
761.46076
761.46352
761.47078
761.48386
761.49280
761.53294
761.58010
762.64066
762.64954
762.67312
762.70072
763.06054
763.11460
763.16782
764.29252
764.86792
765.08998
765.83656
766.16020
766.16224
766.30888
766.59550
766.61896
767.09644
767.09842
767.33860
767.72752
767.72938
767.86012
768.14896
768.15916
768.22630
768.24034
768.29980
768.30304
768.32452
768.32848
768.33634
768.34036
768.34678
768.35692
768.36748
768.40174
768.40888
768.53302
768.54142
769.18048
769.22116
769.32682
769.32874
770.19226
770.79808
770.85088
772.29106
772.32874
772.88758
772.97224
772.98694
773.07376
773.57872
773.73214
773.75230
774.71866
775.42504
775.42852
775.70620
775.97404
775.98202
775.99600
776.00914
776.01214
776.58280
777.19192
777.21382
777.21580
777.22864
777.32008
777.32302
777.32944
777.34768
777.88414
777.97366
777.98698
778.34356
778.45996
778.46344
778.66228
778.76344
778.80100
778.82302
778.90750
779.07166
779.64832
779.95876
780.56176
780.56452
780.92842
781.33750
781.34116
781.35472
781.35706
782.61970
783.34390
783.34864
783.44056
783.47410
783.53410
783.54238
784.38016
784.38226
785.80186
785.81302
785.82670
786.52888
787.09720
787.11514
787.53814
787.57144
788.04874
788.87584
788.90242
788.91790
788.93518
788.95516
789.21550
789.24262
789.90712
789.91990
790.67848
790.81594
791.34166
791.37652
792.62986
792.67420
793.49188
793.49344
793.95934
793.97074
794.63932
794.65198
795.26800
795.83020
795.83230
795.83668
795.85600
795.88522
795.88738
797.10934
797.12950
797.18080
797.35336
798.64120
799.94398
800.00674
800.00860
800.03866
800.04946
800.41852
800.43430
800.45056
800.56600
800.57146
800.58340
800.58520
800.74042
800.86468
801.06190
803.59228
806.49754
807.64924
808.08670
808.09006
808.14094
808.80970
809.19154
809.77096
810.17584
810.17986
810.18520
810.23530
811.31506
811.71022
811.75372
811.75564
812.67442
812.68402
813.17668
813.95386
813.96502
814.09618
814.28296
814.28722
814.33438
814.93630
814.95088
814.97530
815.62762
816.03814
816.04054
816.73930
816.74140
816.74380
816.75232
816.75736
817.86076
817.87030
817.90312
818.46784
818.47438
819.12688
819.14374
819.16252
819.16432
819.16684
819.18256
819.19036
819.19228
819.44860
819.46324
819.52510
820.87462
821.05180
821.05816
821.08642
821.30752
821.34136
822.60436
822.60778
822.66358
822.70240
822.71566
823.06156
823.09204
823.09792
823.42246
823.54564
823.54942
823.90720
823.91056
823.95844
823.96570
824.30854
824.31304
824.41216
824.44594
824.58562
825.01396
825.02494
825.09358
825.10108
825.11020
825.87568
825.87796
825.88468
826.30492
827.28676
827.30536
827.77714
827.78344
828.78358
828.95170
829.43362
832.57918
832.64002
832.68862
832.82710
832.86778
833.15938
833.16220
833.40988
833.41366
833.41624
833.76016
833.76838
834.09850
834.10114
834.11290
834.12664
834.13456
834.15814
836.23000
836.23258
836.89114
836.91754
837.83404
837.93268
838.67278
838.67542
838.68040
838.69360
838.70398
839.59504
839.98576
840.27622
840.28048
840.76444
840.76756
842.58106
842.63464
842.65534
842.68906
844.76218
844.81588
844.82026
844.82734
844.83304
844.84660
844.86364
844.86850
844.87024
845.17858
845.19118
845.20234
845.22262
845.22556
845.22730
845.23408
845.24932
845.49334
845.49562
845.69494
845.78944
845.79280
845.80936
846.06082
846.82648
847.00312
847.20322
847.24942
847.64824
847.66894
848.14162
849.10402
850.40062
851.15896
851.19892
851.60866
851.62024
851.66056
851.68324
851.68492
852.38164
852.93568
853.99312
854.05540
854.80288
854.81002
854.86870
854.87050
855.92500
855.93370
855.94660
856.15492
856.16908
856.17640
856.17868
856.20778
856.25980
856.41364
856.59052
856.62268
857.60998
857.62312
857.62852
857.64238
857.64778
857.65126
858.37138
858.37894
858.39112
858.41590
858.42286
858.43156
859.57144
859.60372
860.36788
860.37616
860.40802
861.00178
861.00400
862.23118
862.27384
862.85212
862.86412
864.59374
864.63382
865.94026
866.41600
866.43802
866.46328
866.47234
866.48002
866.48890
867.44560
867.49156
867.49972
867.51208
868.07392
868.08892
869.21608
869.35126
869.37238
869.37886
869.38108
869.79700
869.81014
869.81740
871.16020
871.16728
871.69858
871.70068
871.72888
872.06362
872.99824
873.00454
873.02242
873.02506
873.96316
873.96736
873.98122
873.98692
873.99640
874.01098
875.44546
875.46742
875.47132
875.50018
875.71240
875.75968
875.83408
875.88388
875.89252
876.07612
876.11092
876.12778
876.12994
876.13426
876.13774
876.14428
876.15058
876.15448
877.32682
877.36414
877.39588
877.41022
877.42672
877.80712
877.83112
877.94350
878.03740
878.12092
878.39662
878.40766
878.42206
878.42488
878.43526
878.44156
878.51434
878.51722
878.74174
878.74750
878.74930
878.75500
878.99488
879.42394
879.44038
880.10704
880.12678
881.23732
881.24092
881.24440
881.35930
883.21876
883.27588
883.27768
883.29262
883.29682