0.37096
1.24414
1.26838
1.93744
2.47048
3.03700
3.10096
3.33454
3.47680
3.72040
3.87022
3.99448
4.12000
4.18402
4.26736
4.37002
5.26984
5.27380
5.83108
6.79012
6.97354
7.30000
8.77948
9.25636
10.13530
10.18246
10.48930
10.55794
10.90768
11.71810
12.26254
12.32206
12.88426
14.09530
14.42764
14.91424
14.95390
15.59992
15.66820
17.03296
17.34658
18.93196
19.77280
21.26458
21.45898
21.96436
23.07682
23.52424
23.84674
24.01336
24.17116
24.22468
24.75766
25.37962
26.07934
26.23336
26.35480
26.45002
26.62930
27.55450
28.15666
28.17874
30.04456
32.04370
33.16684
33.17674
34.30378
35.31286
35.58232
35.77540
36.24220
36.25318
36.49162
38.29084
38.85460
40.13458
40.71052
42.35554
42.72208
42.80548
43.00522
43.45498
43.51114
44.87740
44.89438
44.91070
44.96092
44.97508
45.47500
45.77068
45.83740
47.03134
47.38384
47.75320
49.30264
50.13568
50.35216
50.45986
51.54574
51.67456
54.36220
54.63406
55.76722
55.91446
56.65828
56.95432
58.20760
58.49974
59.74948
59.99938
60.35968
60.54652
60.93424
61.31974
61.88224
63.31516
63.59848
65.29948
68.40628
68.67820
68.68774
68.78836
70.13476
71.31268
71.69704
71.90476
71.91094
72.10456
72.49414
72.63022
72.65728
72.81340
73.35784
73.51342
74.06320
74.84650
76.94590
77.02918
77.42368
77.69308
79.36840
79.52872
79.63294
79.94536
83.05126
83.26114
83.27170
83.69860
83.77810
84.71614
89.32672
92.57404
92.92336
93.49270
94.22590
96.33586
97.45576
98.40832
98.55838
98.86882
99.09232
99.39154
99.65830
100.01950
101.52190
101.80792
102.24124
103.54096
104.30206
104.36152
105.07810
105.46510
106.66852
106.87396
107.56330
109.06084
109.49704
113.71696
115.00264
116.03950
117.49978
119.04562
121.13536
121.31686
121.74310
122.37208
122.42338
122.50030
122.56954
122.89666
125.28724
126.01204
126.61924
126.74494
127.60528
127.87618
127.89250
130.15930
130.40650
131.60938
133.73824
134.04502
137.65498
138.15214
138.28294
138.77524
138.90472
139.03534
139.18270
139.99840
140.80438
140.93782
141.31096
142.59430
142.60030
142.95820
142.96198
143.76814
144.92056
146.46388
148.01752
149.41996
149.71708
149.80306
149.90314
150.13648
150.78358
150.94258
152.06938
153.57466
153.59206
154.83928
155.54170
155.91856
156.14290
157.48480
158.41198
158.83876
158.95888
159.98452
160.10794
160.75096
160.87522
161.12860
161.15080
161.46724
161.61724
161.89540
162.73780
163.56694
165.36658
165.83314
166.34968
166.52302
167.86612
168.81592
169.02022
169.31326
169.58248
170.33236
170.59900
171.01558
171.74902
171.98872
172.07944
172.08202
172.16554
172.51270
172.63204
176.20264
177.70462
178.01494
178.17634
178.65478
180.24838
181.78594
181.93168
182.46130
182.92432
182.99842
183.44596
184.32916
184.57924
186.36268
186.63604
186.94882
187.66270
188.21296
189.64900
191.18266
192.06082
193.99990
194.56378
194.94988
194.96116
196.38364
197.87074
198.64756
199.35034
202.59820
202.77442
202.82524
203.48704
203.51512
205.61536
205.86946
205.87204
206.06542
206.39260
206.68498
207.51820
207.66562
210.18514
210.55210
210.60208
210.66586
210.78538
211.44928
211.69432
211.98538
212.11888
213.13564
213.18562
213.29956
213.73558
215.33608
215.57326
218.47000
220.22440
220.43698
224.53798
227.58892
227.68318
227.95720
228.58624
230.75374
231.99028
234.50770
234.77422
234.97444
235.29118
237.40864
237.81532
238.46986
238.64272
241.39390
241.62712
241.66804
242.23162
243.26908
244.05250
245.03908
246.24106
247.19080
247.81300
250.30174
250.54048
250.76770
251.03122
251.85598
253.13236
253.64404
255.53974
255.69142
256.40062
257.26786
259.18936
260.08078
260.70280
261.16390
261.39088
262.28734
262.63852
263.36512
264.38998
264.83866
265.77238
265.82248
265.93918
267.46444
270.05836
270.11500
270.38578
271.13944
271.31302
271.38688
272.19280
272.32612
272.37610
274.42726
274.87618
274.88530
276.80494
277.77646
278.20018
279.39664
279.74158
281.48122
282.70276
283.26592
283.61758
284.37784
287.34460
287.35954
287.92918
288.00850
290.12152
290.25100
290.75398
291.64912
292.43290
293.30944
294.42652
296.28502
298.50838
300.14254
301.17634
301.93090
301.99762
303.22486
303.89458
304.43218
305.07856
306.58594
307.12972
307.99678
308.36368
308.51104
309.08068
309.31828
309.38710
309.49768
309.57814
309.96052
310.44268
310.59814
311.53966
312.64018
313.19944
314.05918
314.10760
314.34988
315.53146
316.97830
317.29528
318.40180
319.55230
320.13586
320.36926
320.75968
321.90322
325.32220
326.40520
326.91976
327.35986
327.73918
332.86210
334.92550
335.67550
336.51688
338.03404
339.82696
340.31434
343.28584
343.69486
343.72834
344.04514
344.09896
344.48974
344.99530
348.75010
348.80086
350.19442
350.74462
351.34774
354.60562
355.86616
355.96612
357.84772
359.80870
360.58486
361.53556
363.71692
364.82020
365.88436
367.97896
368.55502
368.94514
371.07664
371.77282
372.07030
373.59184
375.99916
376.95604
377.44234
378.05908
379.09036
385.86268
386.12422
387.36730
388.05484
389.71456
390.12100
393.42022
394.81414
395.36380
395.72140
401.02132
401.65900
401.88616
402.11968
402.59056
403.88704
404.02036
406.12084
409.97224
412.93990
413.94664
414.24040
415.82434
415.97410
416.40784
416.59114
416.64112
416.97466
417.42460
417.44134
418.37500
419.45866
419.96254
421.37608
422.46388
422.47624
423.39322
423.65716
425.98522
426.14422
427.57276
427.82548
427.96918
428.02294
429.30922
429.61192
429.79540
429.85936
431.87644
432.02938
432.06262
432.89626
438.28576
439.43614
439.44874
440.71570
441.08014
441.33664
442.09954
443.67376
446.40082
447.93826
449.76814
450.51856
450.76594
451.00582
451.73242
452.63536
452.80198
452.86258
453.43552
454.52242
455.73598
456.86962
458.62660
458.91994
459.47686
462.19642
463.64116
463.84858
464.70124
465.81034
465.92074
466.26526
466.33738
466.82074
466.82596
468.63220
468.67096
469.92124
470.00806
470.72122
471.29578
473.10880
473.23558
473.32582
473.36854
473.45230
473.83858
473.85502
474.06310
474.79504
479.63926
479.92276
483.76060
484.57372
484.80706
484.95466
485.63788
485.64064
485.75746
486.07420
486.24490
487.91458
488.77228
489.22486
489.50842
490.02586
490.17538
491.11288
493.67680
495.62770
495.84442
496.23922
496.46842
496.89496
497.99554
498.36220
498.56896
498.57904
498.87640
505.11502
505.29856
505.34860
506.56564
506.70310
507.20620
509.16136
509.33068
512.76802
512.96518
514.14934
514.63312
515.01610
515.48206
516.99730
517.90318
518.71996
519.67036
524.83468
524.92180
525.28876
526.06966
526.49284
526.74994
526.81318
527.77630
528.31996
529.47034
530.20642
531.03754
533.96692
535.55734
536.13118
536.44546
536.50522
538.22206
538.77574
538.88644
539.34802
544.25032
545.52616
545.55946
546.58024
546.95248
546.97036
547.72042
547.85266
548.16004
548.36362
548.44408
549.13450
549.70468
550.18324
550.22758
550.24366
550.81054
552.17752
553.64830
555.13924
555.37828
555.43570
555.93760
559.19566
559.39312
560.09458
561.11266
565.21780
566.61406
568.38100
569.22844
569.94802
570.34984
570.81202
572.02882
572.64796
572.69824
572.73766
573.00952
574.15468
575.53168
576.45880
576.63166
576.98194
578.04826
580.16914
580.32922
581.55988
581.81248
581.83876
581.88202
581.88952
582.48196
582.93892
583.69174
584.26954
584.76964
585.86572
587.55334
590.58268
590.98288
591.63292
591.94372
592.14004
592.99984
594.65008
595.31656
595.53334
596.36110
597.83992
600.05050
600.53014
601.97410
602.50072
603.86752
604.70074
606.56866
606.58426
609.13180
610.96750
612.09184
613.58134
613.71772
614.06752
614.11894
614.74744
614.91754
615.16750
615.19174
616.36744
616.58806
617.30092
617.96746
619.30090
619.97374
620.05090
620.10088
620.21770
620.33806
621.85090
622.84360
623.27158
624.25066
625.08406
625.13398
625.20856
625.26730
625.68400
625.73788
625.91728
627.33424
627.76750
627.90868
628.63426
628.66774
628.78426
629.30746
630.05122
630.31774
630.33184
630.90124
632.30146
634.46110
635.08276
635.17816
635.22286
636.06892
636.66910
637.01374
637.10914
640.02598
642.04120
644.40424
644.95852
644.98228
645.29824
646.76602
646.78822
646.92904
648.51880
649.59946
649.82164
651.08830
652.37158
652.87564
652.92166
653.27170
654.12592
655.17184
655.28854
655.49224
656.50522
657.23848
659.67196
660.22198
661.06936
661.40542
661.63870
663.60952
663.92242
664.16230
664.69558
664.95058
665.65588
667.61692
667.62292
668.20636
671.54074
672.40750
675.67552
675.93856
676.02568
676.27564
676.30912
676.31308
676.90030
677.02684
677.12596
677.37616
677.70964
679.41034
681.74608
683.77618
684.36664
686.37442
687.04678
687.73462
688.05598
688.66420
689.10166
692.03212
695.54980
696.19984
696.54742
697.25800
697.70032
697.71442
697.73764
697.75414
698.15056
698.69020
699.25696
700.29490
701.05126
701.51278
703.38544
705.08236
706.88644
708.23410
708.81076
709.43866
709.56694
709.85410
710.40400
710.50810
711.56116
711.90460
713.63830
714.63862
715.23874
715.85560
717.73948
718.05616
719.20366
720.18466
720.62074
720.73114
721.04020
721.74796
724.28158
725.77456
725.92450
726.84154
728.02504
728.07934
728.29180
728.77948
728.82550
729.30880
729.82030
730.02550
732.94276
735.22642
736.49986
737.01016
738.06034
739.61458
740.71696
741.71854
742.34428
743.17780
743.22166
744.95866
745.13938
748.20472
748.61200
749.96194
751.44538
752.92888
753.03310
753.34012
754.57906
760.01326
763.39714
763.47298
764.16142
764.34454
766.00186
767.38216
768.81916
770.52916
770.96530
771.28204
772.61554
772.73230
774.52744
774.74950
776.13322
778.60042
779.00680
779.78392
781.01746
781.54186
782.86240
784.59100
784.61806
785.48506
785.67244
785.70934
785.72452
785.86834
787.23532
788.72254
788.83936
789.70252
791.13592
793.00270
793.40698
793.58014
793.99042
793.99744
795.09052
795.18622
796.86988
797.05840
800.80114
802.14154
803.23750
808.35496
809.50258
809.99266
809.99926
812.05564
819.36082
819.79714
821.49508
822.30814
823.87006
823.88644
826.11352
826.15450
827.50186
828.78268
830.16034
833.46154
837.72682
837.92950
838.27672
838.89790
840.13816
840.99766
841.01800
841.27822
842.89810
843.16906
847.39972
847.77058
847.85386
848.63722
849.29140
850.25050
851.04040
851.58424
854.10118
854.96476
855.26482
855.66550
857.01856
857.88532
858.11884
858.78562
860.16928
860.19988
861.56668
861.85276
861.90280
862.45300
862.50676
863.09776
864.56122
865.05322
866.38696
866.81752
867.17038
867.22222
867.48712
867.83704
868.50376
870.27058
870.78748
871.55842
872.28784
873.91072
874.65454
874.75450
874.76590
874.85452
875.01850
875.72530
876.63802
877.08802
877.60888
877.61608
878.03818
879.14218
879.52150
880.91500
881.46112
881.54458
882.03844
882.68302
884.23582
884.23840
884.55514
885.22186
885.70906
886.12162
886.92178
886.98856
887.30512
888.40522
888.67924