1.81115
1.87899
3.73241
3.73687
3.73808
3.75609
3.75848
3.76213
3.78598
7.33933
7.35167
7.35506
7.36661
7.41285
9.43521
9.48759
12.03457
14.07937
14.08125
14.13266
14.13482
14.14430
14.14617
14.15604
14.15737
14.15957
14.42631
15.15466
15.40841
15.40953
16.50154
16.50304
18.57980
18.62430
19.58507
19.62752
22.37630
22.42645
25.49689
25.55425
25.55602
25.56573
25.56843
25.57576
25.58952
25.60784
25.61070
25.62640
25.64506
26.33330
26.65576
26.66960
26.67356
26.85472
26.87521
27.69259
27.70634
29.17538
29.18475
29.21051
32.57575
32.58923
32.63269
32.64264
32.82976
35.15895
35.26287
35.27071
35.31500
35.31694
37.40387
37.40523
37.40989
37.41213
37.41501
37.41779
37.72360
37.80070
37.80498
38.17320
38.95277
38.96467
38.97773
39.26574
39.26675
39.35400
41.74034
41.75480
41.81297
41.81427
41.85630
43.76337
43.77402
43.78171
43.78274
43.79526
43.79731
45.85097
45.86631
45.87934
45.88249
45.91950
48.63065
48.70414
48.70712
48.71269
48.71772
48.72281
48.72380
48.74094
48.74769
48.74934
48.75680
48.79264
49.78323
49.80569
49.99983
50.24097
50.30323
50.66689
51.58723
54.58034
54.59589
54.63189
54.67814
56.42930
56.43439
57.97246
57.98490
57.99698
58.00005
58.01997
60.07281
60.07875
60.10974
63.76900
63.78123
65.06451
65.06813
68.31481
68.32447
68.32606
68.40016
68.40613
70.44668
70.48937
70.51090
70.84387
71.48288
71.86451
72.23478
72.23809
72.26045
72.54779
72.56207
72.63140
73.33478
73.33776
75.38433
75.38919
76.88841
76.90150
79.09269
79.10791
79.11343
79.13983
79.14266
81.27681
81.27989
81.28443
81.31694
81.34644
81.36236
81.54233
81.54363
81.61986
81.90538
82.03961
82.53155
82.53275
82.61855
82.89855
82.90032
84.58203
84.59533
84.61050
86.27991
88.26134
88.26681
88.26847
88.27173
88.32994
90.15620
91.78179
91.83600
92.01234
92.01550
92.01815
92.24868
92.25334
92.27239
92.27733
92.57674
92.58057
92.65347
92.65445
93.36108
93.39406
93.81250
94.11892
94.19105
94.19208
94.19394
94.19739
96.84789
96.88994
96.89405
98.40970
98.42955
98.43136
99.60164
99.60622
99.61619
101.18618
101.20405
102.07831
104.88692
104.92630
104.93074
106.83329
106.88072
106.88199
108.17766
110.53825
110.57300
110.58847
110.64519
113.05367
113.05571
113.06274
113.09768
113.13347
114.73170
114.74642
114.76553
114.93011
115.12236
115.12420
116.51119
116.83777
116.85421
116.88971
119.98090
120.00157
122.16000
122.16265
124.44737
124.49763
126.06615
126.14351
126.23943
126.41433
127.05468
127.14022
127.39265
127.54854
130.96455
130.96963
131.01465
131.02019
131.02133
131.06063
133.43748
133.43851
133.44070
135.24439
135.26588
135.27454
136.92684
136.93257
136.95290
136.97428
138.95848
138.97500
138.99679
140.36638
142.53239
142.53686
142.54958
142.55143
144.47521
144.48690
145.82324
145.85321
146.83438
146.83568
146.84692
146.84788
146.92482
147.08591
147.83521
147.83632
147.92247
150.28684
150.29300
150.29406
150.34929
150.39925
150.45110
152.12698
152.14284
152.14381
152.16776
152.21608
153.28600
153.30461
153.33736
154.79713
154.83816
156.33976
156.37384
156.42715
157.51926
157.57533
157.57973
157.59776
157.60352
157.69410
159.17668
159.21411
159.23463
159.23643
159.25299
161.12135
163.66004
163.66756
163.66894
163.68483
163.72895
165.38390
165.39222
165.79475
166.52265
166.54513
166.57826
166.87424
167.13469
167.44226
167.50818
167.51312
168.26181
168.26724
168.26973
168.65895
168.98099
169.00173
170.01210
170.01332
170.02438
170.03500
170.04879
170.06782
171.44271
171.46042
173.83866
176.93328
176.93851
176.96882
176.99533
177.05406
178.76558
178.78048
178.79827
178.80606
179.63982
179.64084
179.65332
179.68666
179.84336
179.84628
181.21314
181.91580
184.80291
184.83110
184.88744
187.66202
187.66778
189.25891
189.26034
189.26151
189.26486
189.27780
189.35356
189.35489
189.39121
189.62337
189.77147
190.26574
190.26880
190.27215
192.53049
192.53299
194.96479
194.97150
194.98536
194.98929
195.00659
195.02355
196.76274
196.78534
196.79917
198.23409
198.24879
198.25197
198.27019
198.27498
200.79314
200.81387
200.86962
200.87602
200.90214
202.67979
202.68077
202.69359
204.77768
204.78094
204.79065
204.79357
204.80896
204.82672
204.84322
206.61734
206.62300
206.63121
206.63313
206.63792
206.64165
206.64727
206.65877
206.66017
207.75014
207.77405
208.96236
208.97002
210.51091
210.51635
210.52742
210.53238
210.57675
211.68422
212.06759
212.07164
212.08833
212.18807
212.22382
212.32591
212.32961
212.34824
212.36580
212.63199
212.70716
212.70837
213.07380
213.07488
213.08947
213.11446
213.31260
213.38927
214.17588
214.24932
215.66049
215.66174
215.70060
215.70894
215.76715
217.86617
217.86845
218.86387
218.86727
218.86938
220.42638
220.43650
220.46276
222.60157
222.60662
223.14909
223.22688
223.49511
223.63857
223.64356
223.64706
224.13519
224.23009
226.01705
226.03551
226.04602
226.09575
226.20147
228.69521
228.71182
228.73195
231.89650
231.90528
231.92356
231.99985
232.02235
232.03179
233.87028
234.06601
236.26723
236.28458
236.58925
236.59516
236.59737
236.60012
238.09433
238.12918
240.09238
240.10265
240.12691
240.13172
241.42843
241.44578
243.06776
243.09461
243.10988
244.20380
244.20582
244.22709
246.68163
246.68847
246.72613
246.73895
247.03620
248.61291
248.61960
248.62764
248.63057
248.63635
248.63865
248.66122
250.11249
250.11769
251.77634
252.77268
255.84416
255.86855
255.87624
255.87932
255.93139
255.93270
256.00479
256.00720
256.01562
257.57787
257.82723
257.82878
257.94627
258.13827
258.20964
258.21173
258.21271
258.58130
258.59981
258.60237
258.60985
258.61132
258.90044
258.95964
259.36589
259.67983
259.76354
262.13756
262.15628
262.16292
262.17810
262.19157
262.20165
262.28331
262.30079
262.33409
264.75406
264.77272
264.78984
264.79234
264.82263
266.74029
266.75126
266.75280
266.76673
266.77192
268.32825
268.34173
270.91033
270.93669
270.97387
271.01052
273.20770
273.23320
273.23593
273.26419
276.26217
276.27372
276.28300
276.29984
276.32545
278.06260
278.06369
278.09890
278.12434
278.73486
278.73583
278.78959
278.81386
279.08159
279.08354
279.22615
279.22725
279.72155
280.06245
280.06863
280.09004
280.10635
280.11288
280.21539
280.21697
280.23693
281.96574
281.97754
281.98884
284.38480
284.39897
284.42446
286.62712
286.63498
286.69900
286.70046
289.95317
290.10096
290.10835
290.13705
290.20651
292.02926
292.03547
294.24391
294.24562
294.26167
294.27625
294.27812
297.10723
297.12574
297.17621
299.06245
299.08539
299.08656
299.10700
299.12993
300.96576
301.04502
301.07328
301.08159
301.27037
301.27141
301.34761
302.03314
302.50793
302.81445
302.81583
302.83779
305.66357
305.67026
305.69425
305.71714
305.78878
305.81734
308.61694
308.63918
308.68417
308.69636
310.99745
311.00077
311.00187
311.01293
311.02153
311.03586
311.05495
313.51124
313.51461
313.53098
313.53733
313.61775
316.58671
316.61707
316.61835
318.74869
318.75906
318.76030
318.77098
318.77691
318.81413
318.84128
318.85734
320.53046
323.48461
323.49870
323.55009
323.57523
323.62674
323.67295
323.86987
323.99043
323.99158
324.48778
324.84953
324.85557
324.97929
325.79926
325.80450
325.80912
325.81617
325.81748
325.82528
327.18566
327.20562
327.23442
331.89016
331.91702
331.97815
331.99273
334.80301
334.90435
334.91232
334.93153
334.94301
334.94528
334.95789
334.98709
336.16106
338.07760
338.09126
338.11353
338.12606
338.23135
340.86791
340.90670
340.94373
340.98644
341.01403
344.17643
344.17890
344.18294
344.18800
345.52213
345.62507
345.62987
345.66196
345.73670
345.74076
345.76443
345.93029
346.00563
346.38402
346.69117
346.69221
346.76907
346.77512
347.55879
348.17693
348.21233
351.27247
351.27681
351.29362
351.29801
351.30135
351.31699
353.18369
353.20177
353.23976
354.28602
354.31563
356.50779
356.53172
356.53537
356.53880
356.99553
357.03592
358.98546
359.00320
359.01662
360.85728
360.87024
360.91994
362.39964
362.40550
362.41582
363.84799
363.86795
363.87356
365.38323
365.39572
365.39773
365.40279
365.42001
365.42744
365.45967
366.11554
366.50472
366.65367
366.65658
366.75576
366.75840
366.87693
367.06218
367.13660
367.14712
367.50778
367.50920
367.51113
367.53080
367.82123
368.68943
370.22443
370.24516
370.27090
370.28249
372.30792
372.32525
372.32661
372.37194
372.38271
373.49832
373.53421
373.55469
377.45820
377.46007
377.47480
377.55153
377.55797
377.61197
377.61652
377.61797
377.61942
377.62755
377.64103
377.64353
377.96984
377.97321
378.46108
378.46309
378.46420
378.46778
378.80585
378.83107
380.20513
380.22563
381.97557
384.06679
384.07713
384.08013
384.08212
384.08467
384.11291
384.11791
386.64477
386.66221
386.71298
387.71969
388.94785
388.96214
388.96663
388.97720
388.98144
388.99156
390.96117
390.96966
390.99446
391.00984
391.14305
393.15145
393.16005
393.17865
396.02272
396.02682
396.03006
396.07963
398.23524
398.25706
398.27362
399.00080
399.38106
399.53469
399.54941
399.59978
399.62297
399.63748
399.63981
399.82594
399.82815
399.83070
399.94237
400.01927
400.40341
400.78294
400.78509
401.17779
401.56238
401.86315
401.86457
401.88440
403.54188
403.56398
403.66543
405.24863
405.25185
407.10248
407.12088
407.12348
407.15445
407.15613
409.37347
409.42931
409.45311
410.63813
410.68550
412.41379
412.42736
412.48510
414.24488
414.26372
414.28555
414.28735
414.32190
414.32833
416.40017
416.40376
416.41894
416.44041
418.25546
418.26199
418.29015
418.29601
418.33721
419.77703
419.81684
421.67048
421.68738
421.71449
421.71605
422.73368
422.73892
422.74947
422.82675
423.06378
423.09464
423.24171
423.24277
423.73641
423.73743
424.23074
424.57000
424.58405
427.77982
427.79217
427.80520
427.80684
427.81592
427.82448
427.91395
427.93264
429.72017
429.72681
429.73307
429.73547
429.74254
429.75490
431.30951
431.34425
431.34645
433.69217
433.69385
433.71648
433.72348
433.78059
433.78690
433.80020
433.81363
433.81568
434.19121
434.84191
434.85942
436.17865
436.19837
437.10160
437.11036
437.11427
439.40748
439.41699
439.42053
439.42578
439.43133
439.43317
439.43720
439.44794
439.45129
439.46079
442.02116
442.26543
442.28945
442.29217
442.31171
442.33460
442.34759
444.77011
444.79344
444.79456
445.02893
445.40929
445.41145
445.55221
445.57154
445.65706
445.67582
445.67879
445.77384
446.03537
446.03844
446.04072
446.72442
446.80247
447.19444
447.51305
447.57961
447.58929
447.59066
448.34080
448.38305
450.48954
450.49217
450.51750
450.51921
450.52889
452.79335
452.80636
452.81042
452.81418
452.81627
452.91226
454.76565
454.78190
454.78484
454.78790
454.81083
456.11108
457.18240
457.39327
457.41099
457.48806
457.48941
457.90544
458.37495
458.37727
458.39826
458.89085
460.91092
460.92361
460.94115
464.85605
464.87755
464.88792
464.89271
464.92982
464.94961
466.89794
466.89945
466.92722
466.95393
468.10982
468.14246
468.46308
468.46659
468.46855
469.65013
469.74701
469.77803
469.78656
469.82649
469.82880
469.82996
471.88827
472.05513
472.05690
472.05857
472.08904
473.89701
473.94456
473.95275
476.52644
476.52814
476.53997
476.55093
476.58410
479.12442
479.15465
479.16729
479.19093
479.20733
479.24675
481.02867
481.04566
481.05981
482.61925
482.62828
482.63527
482.64318
484.12509
484.14127
487.56653
487.57225
487.58690
487.63549
487.65633
487.65759
487.70069
487.71042
489.23568
489.29416
490.17028
490.18729
490.26617
490.28103
490.49408
491.17518
491.26603
491.51956
491.53933
491.66979
493.06104
493.06232
493.06662
493.06774
493.07033
493.07251
493.11836
494.60202
496.87871
496.88250
496.92092
496.96748
499.79497
499.80575
499.82660
499.85753
499.86993
499.90512
501.51323
501.54769
501.55857
501.57333
501.58063
501.58553
502.61395
505.93507
505.96559
505.97670
506.00974
506.02089
506.03198
506.04621
506.06480
506.21798
506.23485
507.91943
507.92097
507.93000
508.68776
509.26790
509.31489
509.33117
511.77577
511.79575
511.80652
512.00319
512.03504
512.05266
512.64872
513.16880
513.17014
513.68698
513.68886
513.72013
513.72442
513.72680
513.80396
513.81126
513.81312
513.92558
513.92923
513.97653
514.00078
514.03224
514.11701
514.18782
514.87715
514.96037
515.35354
515.36319
515.36721
515.65894
515.69026
515.69211
515.71084
515.71621
515.73127
515.73276
515.73563
515.73907
515.74595
516.74403
516.76773
517.88935
517.90155
517.92620
517.92820
519.87510
522.27163
522.29658
522.30273
523.41658
523.65310
523.67745
524.77964
524.85509
524.85786
524.86027
524.86149
524.87929
524.92168
524.92341
526.30209
526.40783
526.41820
526.43248
526.45678
526.62796
526.63040
526.66621
526.68302
527.95133
527.98364
527.99265
528.01240
530.81144
530.82756
530.84685
530.85175
533.45860
533.48253
533.50160
533.54058
533.99651
533.99918
534.01515
534.09218
534.35907
534.36031
534.50688
535.00236
535.00343
535.49758
537.75749
537.82895
537.84402
539.36011
539.39567
542.15101
542.16970
542.17161
542.19953
542.27539
542.30712
544.00164
544.01865
544.05553
546.55350
546.56189
546.57304
546.57997
548.89487
548.89681
548.90774
548.96556
550.65688
550.68369
550.68795
551.73374
551.74276
555.44321
555.45677
555.50733
555.51971
555.52096
555.52592
555.52990
555.53204
555.54517
555.54702
555.65912
555.66400
555.84809
555.91889
555.92163
555.92260
556.69391
557.30686
557.35971
557.39626
557.40841
557.46634
560.30282
560.31194
560.31555
560.33404
562.25520
562.27447
564.79159
564.81212
564.86714
564.87548
564.89705
567.35912
567.36211
567.39477
567.40215
567.40929
567.41701
567.41945
568.30410
569.14789
569.51563
569.53315
570.73005
570.74011
572.15636
572.17062
574.20476
574.21315
574.23668
574.31571
574.35799
576.61410
576.64853
576.66517
576.67732
578.10158
578.10313
578.10898
578.12379
578.17560
578.17838
578.19504
578.19681
578.19809
578.20112
578.46530
578.61177
579.10719
579.19708
581.57632
581.58553
581.59649
581.62742
581.68600
585.10742
585.12431
585.19651
587.40651
587.53458
588.50240
588.50675
588.65535
588.75956
588.76795
588.87321
588.91008
588.91214
588.94346
589.06235
589.13928
589.14102
589.14366
589.82194
589.82460
589.82849
589.88077
589.90200
589.90312
590.69255
592.12141
592.15362
594.37383
594.38291
594.39130
596.14948
596.17146
596.17714
596.19491
596.20491
598.25058
598.25317
598.25892
598.25997
598.26548
598.57271
598.59003
599.62480
599.65078
599.68883
599.69036
603.11546
603.12087
603.13123
603.14267
603.22093
605.32326
605.35316
607.78441
607.78893
607.83303
607.86543
607.93287
609.83373
609.84401
609.85070
609.85871
612.28213
612.32121
612.36267
614.31489
614.32139
614.32375
614.35010
617.09145
617.11288
617.31213
619.36840
619.39451
619.47709
619.49889
619.67654
620.21367
620.29472
620.29994
620.31565
620.42832
620.43980
620.45583
620.47341
620.49028
620.50187
620.61756
620.69191
620.69293
620.69423
621.46018
622.16169
622.16425
622.17166
622.24562
624.33782
624.34455
624.36137
624.38991
624.41734
624.42728
624.43676
627.05238
627.05818
627.06700
627.10483
627.12752
627.13670
627.14495
629.10822
629.13973
629.14367
629.14776
630.74340
630.74993
630.75168
630.78694
630.79100
631.12905
632.07947
632.08305
632.08803
632.13057
633.39647
633.39897
633.42497
633.85684
633.86115
634.32808
636.98340
636.99739
637.02392
637.04517
637.05082
637.23447
639.00474
639.01510
641.92849
641.94093
641.96135
641.97385
643.10480
643.10599
643.12634
643.20218
643.26708
643.31164
643.34822
644.11133
644.11236
644.11375
644.12573
644.45313
644.45438
644.46682
644.47309
644.49334
644.60314
644.60565
646.02530
646.03879
646.05380
647.02916
647.03398
647.06324
648.80520
648.80833
648.81990
648.83044
648.83206
649.45140
649.45238
650.95376
650.96466
651.01586
651.02842
651.08980
651.09157
654.35775
654.38424
654.38749
654.39188
656.18041
656.20514
656.23696
660.23511
660.24747
660.25120
661.95567
661.98586
661.99503
664.02826
664.17068
664.17549
664.56777
664.66357
664.66464
664.66978
664.78318
664.97080
665.04658
665.04761
665.41805
665.42287
665.73220
666.58851
667.68092
667.68884
667.70528
670.22127
670.23074
670.23691
670.29969
672.38746
672.38948
675.14845
675.15356
675.15805
675.17148
675.17867
675.18278
675.21683
675.22630
675.41682
677.23002
677.24636
677.26341
679.18413
679.18723
679.19550
679.19830
679.21017
679.23412
682.65230
682.65367
682.66276
682.69589
682.71024
682.71297
682.74495
684.80882
684.81474
684.82036
684.83350
684.85947
686.63884
686.65321
686.65649
686.65744
686.65865
687.07415
687.09478
687.17048
687.58566
688.08003
688.41935
688.42289
688.42466
688.44561
688.45770
688.57198
690.15937
690.19768
691.23412
691.27085
692.87281
692.89555
692.89850
692.90534
692.90961
692.91332
692.91524
694.12398
694.13291
694.15081
695.75245
695.77022
695.78212
695.78326
695.81443
696.68798
696.72441
698.38225
698.63953
698.66095
698.67258
698.72060
700.42066
700.42291
700.52628
700.53131
700.56187
700.56421
700.57233
700.59882
703.75787
703.76575
703.76756
703.77673
703.77889
703.83731
703.84806
703.86260
703.87634
703.89243
706.77156
706.78398
706.80929
706.81457
706.82084
706.87317
706.91374
708.62002
708.67345
711.26329
711.26749
711.27468
711.33750
711.34993
711.41863
713.77836
713.79449
716.87289
716.88323
716.88875
716.90814
716.90948
716.91430
716.92346
716.94970
716.97242
718.73241
718.76043
718.78414
720.17341
720.71064
720.81344
720.84308
720.84706
720.92731
721.11978
721.12120
721.19081
721.19223
721.20063
721.87744
721.95953
722.66556
722.73291
722.75398
722.79556
722.84937
724.08568
725.16242
725.16514
726.71763
726.74066
726.74464
726.75050
726.75821
728.54156
728.54944
728.55235
728.55396
728.55707
728.56158
730.61548
730.62700
730.63330
730.64080
730.66837
730.67978
730.72515
732.01203
732.01359
732.01642
732.03170
732.10733
732.10865
732.11200
732.22737
732.52322
733.01874
733.10596
733.15672
733.51009
733.51197
734.87618
734.87897
734.89043
734.90072
734.91994
738.40473
738.41256
738.41668
738.43452
738.52442
738.57144
740.26360
740.27325
740.29272
743.22766
743.23027
743.23772
743.24917
743.25217
743.43230
743.46260
743.47027
743.47439
744.34568
744.61776
744.62331
744.64637
744.68077
744.68667
744.69701
744.71094
746.28563
746.30816
746.32105
746.34713
746.68441
748.26080
748.26390
748.28362
748.31457
750.22254
750.23115
750.24436
751.99949
752.00413
752.02275
752.12296
753.56442
753.57900
753.58848
753.62902
753.63950
754.84886
755.07564
755.09930
755.12208
755.12968
757.38742
757.39401
757.40284
757.42834
757.45611
757.47297
758.90987
758.93010
761.89940
761.92152
761.92867
761.93866
761.94099
761.94448
762.09159
762.11077
763.77983
763.78210
763.78361
764.01931
764.02334
764.04853
766.15839
766.17828
766.18413
766.20008
768.41083
768.42375
768.42660
768.44440
768.47408
768.50207
770.54114
770.54328
772.51831
772.54040
772.55248
772.55649
772.57136
775.94482
775.94586
775.95025
776.00396
776.00566
776.00941
776.01128
776.01279
776.02384
776.02931
776.03057
776.03284
776.04032
776.05052
776.16646
776.16843
776.23508
776.24135
776.28546
776.34122
776.34567
776.35606
776.42514
776.43204
776.80240
777.11755
777.59051
777.89891
777.91533
777.92424
777.93521
777.94992
777.95870
777.96504
777.96777
777.97003
777.97121
777.97232
777.97339
779.32744
779.33721
779.36083
779.37664
781.57086
781.57206
781.58139
781.58670
781.59614
784.23405
784.27309
784.29087
784.29836
786.20267
786.20373
786.22248
786.22473
786.29871
786.36048
786.37327
786.39406
786.40301
786.58525
786.60822
786.61810
786.71401
787.20898
787.70247
789.60261
789.61076
789.61483
789.62871
789.65503
789.68054
791.71801
791.75531
791.79340
791.81122
793.38899
793.41301
793.43700
793.45313
796.15990
796.16733
796.16855
796.18017
796.21247
796.25941
796.38051
796.38211
796.39235
797.45573
797.59094
797.69397
797.69666
797.69832
797.80697
797.81175
797.87979
798.00042
798.06838
798.07356
798.76050
798.76822
798.78959
799.54431
799.61529
799.61704
799.71470
799.71961
799.72309
799.74476
799.75603
802.48065
802.48643
802.50143
802.50701
802.52741
804.86812
804.87413
804.88010
804.88126
804.89843
804.89991
804.91347
804.91978
804.93722
804.96711
807.05580
807.05715
807.06875
808.06608
808.06741
808.08503
808.16119
808.16230
808.43152
808.57621
808.57814
809.04856
809.05079
809.07294
809.16390
810.85012
810.85837
810.86027
810.86899
812.94122
812.94427
812.94586
814.85457
815.05488
815.05857
815.06722
815.07856
815.08082
815.08300
816.36746
816.39278
816.39928
816.41103
816.42243
816.42639
819.10735
819.11153
819.12368
819.12806
819.14972
819.17684
819.23432
819.31299
820.66909
820.69004
820.77392
820.79952
820.80160
820.81577
820.81881
821.35138
822.19294
822.19391
822.30890
822.31187
822.32387
822.33938
822.35728
825.04435
825.05048
825.05574
825.05938
825.12111
828.86438
828.88244
828.90044
828.92235
828.93293
828.94162
828.95802
828.96524
828.96948
828.97703
829.02056
829.08391
829.08774
830.93483
830.95521
830.96530
833.45266
833.46066
833.48331
833.54567
833.56066
836.01229
836.01447
836.01713
836.03251
836.10615
838.52866
838.53832
838.54844
838.55147
838.58324
838.58518
838.60935
840.63038
840.63765
840.69837
841.83190
841.83329
841.85118
841.85436
841.92854
842.11132
842.19995
842.22534
842.83689
843.18691
843.18806
843.32960
843.34562
843.38060
844.96607
844.97137
845.01199
848.41723
848.42647
848.43517
848.44683
848.47874
848.49411
848.67589
848.68352
851.31361
851.31740
851.33605
851.34439
851.37378
851.37871
851.39620
851.43605
852.50553
852.50767
852.68360
853.87570
853.88191
853.88781
854.01453
856.97887
856.98401
857.00918
857.02880
859.15842
859.17068
859.17429
861.16789
861.17353
861.17568
861.18534
861.21999
861.23336
863.34549
863.35607
863.36097
863.38484
863.38619
863.41318
863.45115
863.66558
863.66874
863.86002
863.93417
864.31307
864.61942
864.71757
865.11578
865.47670
865.48071
865.48544
868.48740
868.55782
868.58913
868.60918
868.64104
868.71998
870.28367
870.31502
870.32048
871.98073
871.98602
871.98970
872.02414
873.84120
873.92235
873.92953
873.93593
873.93716
873.93925
873.97505
873.98549
875.97949
875.98628
875.99124
875.99443
875.99662
876.02590
876.03303
876.03483
876.04445
876.07042
878.27122
878.27648
878.28317
878.33874
880.66346