0.12899
0.24512
0.24888
0.25275
0.25959
0.37174
0.57255
0.80930
0.98630
0.98844
0.99159
0.99559
0.99770
1.40313
1.65960
2.43376
2.62210
2.62490
2.90397
2.95614
2.98645
3.01820
3.04119
3.07641
3.08255
3.38239
3.71301
3.72730
4.02964
4.07636
4.09150
4.13240
4.16291
4.32002
4.35554
4.36515
4.36703
4.37879
4.38956
4.39784
4.41300
4.42996
4.43652
4.48850
4.50262
4.51064
4.61005
4.61630
4.61991
4.63953
4.64648
4.64915
4.70419
4.83276
4.85264
4.94050
5.03676
5.04309
5.04604
5.09660
5.23670
5.25309
5.27174
5.28798
5.36333
5.48627
5.61323
5.79650
5.79973
5.82711
5.88013
6.03071
6.03314
6.50623
6.58343
6.63759
6.64982
7.20236
7.37808
7.40372
7.44730
7.94218
7.96749
8.60734
8.82669
8.84036
9.22368
9.29466
9.35492
9.38701
10.08513
10.29742
10.38129
10.63083
11.10226
11.11104
11.99869
12.37550
12.38174
12.39171
12.40999
12.47872
13.10250
13.43869
13.61057
13.63892
13.97345
14.09317
14.14025
14.15509
14.18029
14.76589
15.26070
15.55706
15.71247
15.72336
15.89205
15.92954
15.98955
16.03944
16.09647
16.12777
16.25384
16.28532
16.28693
16.35629
16.38309
16.45905
16.46570
16.46936
16.48929
16.59221
16.59490
16.94923
16.95626
16.98956
17.02990
17.27331
17.27659
17.27995
17.28297
17.38565
17.39392
17.40212
17.44928
17.67569
17.77304
17.78300
17.79912
18.17167
18.43601
19.07088
19.83944
19.99663
20.06340
20.09320
20.12382
20.13828
20.15065
20.17289
20.21054
20.26593
20.34741
20.79598
20.79816
20.80054
21.43817
21.93397
22.67720
23.04331
23.12406
23.15059
23.35510
23.36773
24.32022
24.51479
24.68089
24.95893
24.97095
24.99417
25.92782
26.22413
26.83182
27.32085
27.50581
27.56420
27.60218
27.61119
27.63320
27.63577
27.65495
27.90507
27.94498
27.99064
28.01170
28.02106
28.03871
28.06280
28.31629
28.33458
28.52963
28.53259
28.54244
28.54662
28.56969
28.57570
28.57882
28.80904
28.81324
28.86215
28.87521
28.98548
28.99530
29.00218
29.22365
29.24988
29.30262
29.40247
29.47949
29.48622
29.50704
29.54877
29.66675
29.66986
29.67870
29.79995
29.80324
29.89997
29.90923
29.92606
29.98427
29.98921
30.17234
30.18354
30.19586
30.20996
30.21526
30.22893
30.36676
30.38382
30.50002
30.55333
30.59313
30.59713
30.61263
30.86705
30.87034
31.24300
31.44559
31.50723
31.88424
32.05738
32.27789
32.32517
32.33806
32.37053
32.38755
32.40050
32.41802
32.44816
32.46278
32.47666
32.50829
32.61219
32.61927
34.00659
34.59897
34.71561
34.72155
34.76430
35.09886
35.37148
35.46081
35.46257
35.48540
35.86224
36.06428
36.06693
36.29756
36.85809
36.89959
37.07202
37.62854
37.95088
38.78937
38.79213
38.80352
38.83218
38.83755
39.05198
39.08323
39.08971
39.10937
39.11956
39.31836
39.45007
40.38361
40.42614
41.13023
41.16789
41.18238
41.18905
41.19687
41.20424
41.24334
41.26094
41.27666
41.30699
41.35057
41.37288
41.38659
41.42849
41.44612
41.60492
43.82845
45.22178
45.63150
45.67736
45.71130
45.72495
45.73540
45.75534
45.76757
45.79917
46.51148
47.12517
47.18599
47.51347
48.03996
48.04214
48.49970
49.02247
49.37682
49.58532
49.65935
49.67184
49.67894
49.68515
49.69202
49.82266
49.83250
49.86967
50.30245
50.31371
50.45508
50.45973
50.47568
50.48072
50.58965
50.59903
50.63528
50.67613
51.01947
51.04753
51.07003
51.24291
51.47642
51.68321
51.72964
51.80741
51.82929
51.83255
52.26369
52.44148
52.46459
52.47054
52.47566
52.48406
52.53606
52.54998
52.56895
52.61044
53.15278
53.16037
54.37831
55.25836
55.44660
55.68334
56.01532
56.44280
56.53963
56.65124
56.92468
57.21039
57.42040
57.43854
57.84067
58.19780
58.36890
58.57029
58.83783
59.14556
59.18786
59.36510
59.44209
59.44520
59.74383
59.94391
60.14535
60.56452
60.65167
60.65455
60.66212
60.68163
60.94844
60.95736
60.96183
60.96854
60.97572
60.98653
60.98925
61.00652
61.01738
61.29535
61.34543
61.35936
61.37007
61.38015
61.58924
61.66608
61.81552
61.88882
61.93279
61.95400
61.97960
62.16286
62.16558
62.34622
62.36974
62.60276
62.61297
62.65279
62.69009
62.83245
62.86315
63.01928
63.02938
63.04591
63.24588
63.27656
63.28876
63.35305
63.36014
63.55998
63.92690
63.94349
64.03645
64.25625
64.26322
64.93828
65.36351
65.41982
65.61609
65.62540
65.69057
65.69379
66.18691
66.31655
66.73597
66.83191
67.03074
67.40170
67.41078
67.76306
67.96825
68.11532
68.17231
68.19167
68.20020
68.20792
68.22351
68.24112
68.28372
68.32505
68.45367
68.49446
69.01883
69.05827
69.29425
69.32294
69.40830
70.23789
70.80223
70.89816
71.23546
71.47167
71.51793
71.53376
72.25577
72.47016
72.98235
72.99549
73.09767
73.11260
73.11523
73.44595
73.44748
73.59840
73.61548
74.09922
74.10554
74.15200
74.15831
74.54199
74.59155
74.59933
74.81542
75.19912
75.46793
76.20962
76.27115
76.29427
76.30887
76.31899
76.33041
76.34640
76.38221
76.40417
76.42012
76.44153
76.79928
77.62055
77.84684
77.85611
78.14843
78.32319
78.37616
79.01906
79.28818
79.79294
79.80358
79.80698
79.98396
80.20030
80.38938
81.02527
81.05290
81.06434
81.07591
81.08769
81.09885
81.13053
81.19317
81.20830
81.23429
81.24563
82.15138
82.43440
82.46678
82.78006
82.81022
83.23892
83.43823
83.82073
84.14121
84.35758
84.37699
84.38448
84.38858
84.39421
84.63470
86.08485
86.09512
86.11974
86.14316
86.41066
86.52363
86.55875
86.58847
86.60492
86.64178
86.99162
87.00129
87.01536
87.01761
87.01860
87.07136
87.28187
87.35771
87.51100
87.53200
87.55169
88.07517
88.20420
88.93814
89.67483
89.68239
89.71167
89.98548
90.21677
90.22157
90.22674
90.23224
90.26119
90.27590
90.31206
90.32222
90.34713
90.74208
91.40439
91.63647
91.77038
91.78597
91.79821
92.65189
92.88302
92.90534
92.93337
92.94325
92.95129
93.89817
94.11862
95.02986
95.03215
95.03462
95.04285
95.96971
96.03651
96.09250
96.15043
96.38350
96.41436
96.42359
96.44106
96.45313
96.48645
96.49118
96.49903
96.62696
96.63342
96.67021
96.78644
96.79290
96.81288
96.81993
96.94299
97.05390
97.25768
97.37270
97.38675
97.38948
97.41025
97.49339
97.81570
97.82350
97.83381
97.83645
97.84156
97.85765
98.04593
98.06338
98.31010
98.31775
98.60108
98.60672
98.67479
98.70356
98.76130
98.83450
98.83695
98.83982
99.09973
99.22384
99.55010
99.74776
99.80727
99.81025
99.82386
100.00705
100.22757
100.52673
100.56788
100.89207
100.90957
100.91766
101.49248
101.51474
101.52288
101.52877
101.53481
101.55188
101.91662
102.42685
103.13940
103.23792
103.45173
103.46532
103.74738
104.08867
104.49491
104.87800
105.12229
105.16608
105.54814
105.88883
105.94177
106.83863
107.11724
107.54094
107.73399
107.76120
107.80989
107.85207
107.91356
107.92600
107.96522
108.02731
108.18049
108.24859
108.32713
108.33244
108.35258
108.38467
108.38940
108.39359
108.40618
108.51090
108.51684
108.68301
108.81104
109.00645
109.06253
109.36586
109.48673
109.49900
109.50357
109.84892
109.87599
109.90658
109.98336
110.19351
110.59448
110.76921
110.89584
111.35397
111.69908
111.92668
112.08683
112.28300
112.41122
112.67108
112.75425
113.30640
113.65461
113.69092
114.31492
114.37165
114.37465
114.59040
115.51103
115.56122
115.57076
115.59329
115.61614
115.62453
115.63305
115.64452
116.21103
116.25850
116.49193
116.57808
117.21063
117.58195
117.79559
117.86986
117.93030
118.78858
119.06270
119.08379
119.35233
120.76877
121.59820
121.61282
121.61772
121.62575
121.65557
121.66542
121.67053
121.68519
121.69852
121.70793
121.75343
122.02420
122.34388
122.34743
122.35350
122.41102
122.41509
122.42348
122.45376
122.59433
123.41060
123.60103
123.60842
123.80637
123.80967
123.81124
123.81581
123.83116
123.84582
123.85903
124.50736
124.97822
125.19222
125.19495
125.43614
125.79544
125.84313
126.18183
126.56517
126.76054
126.94570
127.23959
127.89129
127.98082
128.30420
128.47843
128.83183
128.86007
128.86588
129.14988
129.36443
129.47743
129.98610
130.24326
130.32162
130.33268
130.62016
130.68490
130.69299
130.70086
130.75747
131.00646
131.22949
131.25526
131.26435
131.28330
131.32028
131.33092
131.81115
131.94020
132.17780
132.22478
132.23353
132.24021
132.24403
132.36329
132.41445
132.42326
132.43608
132.59506
132.59787
132.62077
132.69478
132.89130
132.89495
132.89774
132.90059
132.94482
133.06446
133.07132
133.33412
133.39068
133.47405
133.56386
133.84897
134.22930
134.34383
135.06848
135.26323
135.32485
135.35309
135.61956
136.13601
136.46863
137.27924
137.62764
137.70098
137.71844
138.43583
138.60638
138.94683
139.29992
139.57324
139.79469
140.00123
140.83781
141.19085
141.51829
141.59720
141.62372
141.65949
141.75662
141.79414
141.80810
142.03389
142.05465
142.07311
142.07984
142.15524
142.33060
142.35714
142.43656
142.72688
142.94508
142.95513
142.96093
142.96409
142.96967
142.97727
143.08266
143.21696
143.28686
143.32827
143.33523
143.34415
143.39572
143.61417
143.70985
143.72023
144.04338
144.28221
144.32613
144.34026
144.35050
144.36197
144.38971
144.52381
144.55011
145.12042
145.35758
146.02359
146.18399
146.18778
146.19749
146.92696
147.43782
147.90299
147.92418
148.17521
148.18444
148.60683
148.65742
149.23846
149.50542
149.51431
149.68833
149.70122
149.70579
150.30738
150.87957
150.98959
151.01482
151.37530
151.63528
151.63807
151.65772
151.69390
151.80634
151.81126
151.83195
151.84190
151.84763
151.87099
153.65056
153.74817
153.87182
153.90906
153.92153
153.92942
153.94256
153.95787
153.96878
153.97901
154.15823
154.18607
154.22858
154.32156
154.34955
154.77368
155.42763
156.82715
157.39261
158.10630
158.90736
159.03568
159.03692
159.03937
159.05103
159.05531
160.30781
160.84675
161.01763
161.02439
161.36969
161.42607
161.75164
162.01720
162.86369
163.27245
163.27719
163.28056
163.55126
163.64118
163.68824
163.69874
163.71547
163.72409
163.73985
164.04263
164.05916
164.07414
164.41156
164.60534
164.64297
164.65471
164.65779
164.66424
164.67469
164.71865
164.89444
164.92832
165.07820
165.08110
165.31246
165.40467
165.41159
165.42486
165.45435
165.59509
165.82454
165.98399
166.00135
166.00824
166.01168
166.01476
166.46438
166.77072
166.78410
166.78862
166.78999
166.79773
166.80589
166.98266
167.02252
167.02940
167.47285
168.07947
168.71759
169.54190
169.77710
170.19178
170.74846
171.16094
171.17262
171.72295
172.05682
172.08311
172.20989
172.21772
172.22335
172.22959
172.24703
172.54892
172.72344
173.01699
174.10912
174.45058
174.64710
174.88687
175.01635
175.27867
175.38787
175.64746
175.66724
175.69423
175.71584
175.72346
175.73144
175.88211
176.11846
176.14916
176.31421
176.51533
176.63264
177.06771
177.07292
177.28422
177.28817
177.29156
177.29769
177.40534
177.41101
177.85104
177.85356
177.85579
177.85844
177.90098
177.91756
178.19035
178.38455
178.44981
178.47125
179.06416
179.19465
179.20104
179.20609
179.20823
179.36929
179.66836
179.68435
180.06448
180.22958
180.90407
181.02358
181.76187
181.96937
182.42588
182.73203
182.96707
183.17564
183.18244
183.18831
183.66400
183.69748
183.96386
184.26056
184.61896
184.87974
184.90887
185.01575
185.04609
185.05636
185.61108
185.95697
185.96629
186.46147
186.57351
186.83680
186.84050
186.87056
186.88742
186.91007
188.09720
188.10714
188.85249
189.16225
189.27105
189.31873
189.35218
189.88098
190.03279
190.07032
190.07546
190.78778
191.10066
191.79908
192.00553
192.31217
192.41675
193.03822
193.37094
193.51302
194.08964
194.50385
194.51078
194.97699
195.39114
195.82140
196.11182
196.15738
196.16041
196.44677
196.72573
196.80835
197.25451
197.29125
197.32696
197.35665
197.39097
197.65966
197.73025
197.73700
197.73919
197.76021
197.77316
197.77608
197.97016
197.98776
198.10348
198.23745
198.28002
198.31490
198.31991
198.55059
198.58019
198.61066
198.75114
198.75338
198.80776
198.95358
198.95777
198.96348
198.98751
199.22731
199.42762
199.44098
199.64740
199.71067
199.72436
199.73213
199.73919
199.74847
199.83025
199.91835
199.93213
199.94423
200.12439
200.18873
200.43425
200.61346
201.11009
201.70228
202.02618
202.27156
202.27471
202.27731
202.36060
203.29848
204.26979
204.46104
204.53441
204.77500
204.81489
204.82160
204.82475
205.74380
206.02989
206.70500
206.71315
206.71547
206.71855
206.94828
207.18262
207.18750
207.19024
207.21260
207.23844
207.67557
208.28247
208.69610
209.13860
209.17622
209.19736
209.19915
209.21356
209.22052
209.25506
209.47119
209.47787
209.69116
209.70872
209.72596
209.73097
209.73457
209.73712
209.74013
209.90388
209.91788
209.93459
209.93854
209.96435
210.01199
210.02083
210.14258
210.48794
210.50423
210.82360
210.90412
210.91118
210.94159
211.36119
211.37948
211.71681
212.03300
213.21817
213.51670
213.89206
213.98211
214.12266
214.15174
214.16088
214.17999
214.18783
214.74167
215.11276
215.38144
216.08231
216.63651
217.14515
217.16180
217.47516
217.63884
217.78307
217.87830
217.87924
217.88059
217.88282
217.88567
217.91347
218.35487
218.67162
219.07416
219.39238
219.76493
219.98185
220.28534
220.34242
220.35004
220.37323
220.57969
220.58182
220.58477
220.58774
220.59122
220.59573
220.62644
220.62907
220.63820
221.03874
221.08916
221.10957
221.19846
221.24274
221.82920
221.95505
221.99857
222.00525
222.01267
222.29606
222.73618
223.49501
224.07942
224.58235
225.01891
225.39279
225.39581
225.41278
225.44519
225.47238
225.51278
226.21205
226.32939
226.49046
227.09038
227.33282
227.34626
227.36749
227.53622
228.26012
228.52087
228.81902
229.65317
229.65530
229.66921
229.76329
230.09591
230.09730
230.10667
230.79945
230.83030
230.93031
231.24652
231.25103
231.26806
231.27179
231.27631
231.29211
231.30393
231.52430
231.87916
231.91355
231.92710
231.95191
232.13471
232.28935
232.51412
232.53294
232.61182
232.83584
232.85142
232.86059
232.86375
232.98043
232.98302
233.10373
233.38507
233.48670
233.49017
233.72754
233.73854
233.74138
233.74424
233.74981
233.75379
233.92029
234.17031
234.94528
235.37394
235.46221
235.57639
235.71293
236.48509
236.85178
236.97015
237.67304
237.96380
238.00105
238.01369
238.01725
238.02344
238.02784
238.03025
238.04625
238.69249
239.15653
239.19708
239.22435
239.50836
239.88618
240.52347
241.12804
241.47404
241.57017
241.61135
241.61717
241.64419
241.72456
241.83086
241.93064
243.29894
243.34455
243.98865
244.70000
244.84029
244.94706
244.97832
245.20033
246.48020
247.17736
247.18011
247.21370
247.22329
247.34673
247.92225
248.31822
248.78213
248.91442
249.50304
250.17007
250.52265
250.67528
250.68242
250.72208
250.72414
250.96444
251.61314
251.98323
251.99615
252.40568
252.42214
252.44715
252.45924
252.46657
252.47197
252.47580
252.56688
252.58861
252.65977
252.66286
252.90500
252.97912
253.07631
253.64281
253.85893
253.88848
254.12614
254.15617
254.80841
255.11425
255.15461
255.68157
255.86905
256.13166
256.38410
256.99177
257.14920
257.85320
258.37410
258.71617
260.28083
260.64171
261.35826
261.93197
262.02156
262.34144
262.34714
262.63723
262.96365
263.02789
263.16697
263.29128
263.51541
263.88682
263.91912
263.94110
264.17764
264.51801
264.52641
264.54113
264.57018
264.57767
264.59427
264.82075
265.49772
265.64005
265.98780
265.99277
266.38482
266.39766
267.00822
267.30689
267.61805
267.62072
267.63224
267.64654
268.21926
268.86014
268.86908
268.87816
269.70702
269.86950
269.87528
269.91054
270.52186
270.64748
270.90756
270.96493
271.10982
271.45230
271.65775
271.71574
272.17097
272.49934
272.58592
272.98222
273.51628
273.68594
273.92013
274.20978
274.39705
274.42372
274.52288
274.58556
274.62020
274.62596
274.62855
274.63514
274.69556
274.82295
274.83315
274.86229
274.91317
275.00631
275.13118
275.50221
275.66259
275.70651
275.70954
275.72739
275.87327
275.88260
275.99269
276.00936
276.39668
276.91371
277.15819
278.04289
278.63884
279.10941
279.21600
279.68692
279.99957
280.18533
280.25306
280.26030
280.26598
280.85831
281.28219
281.94601
282.32185
282.88043
283.07604
283.77235
284.05825
284.06564
284.07015
284.32592
284.40927
284.41584
284.42498
284.44940
284.45199
285.63966
285.65172
286.32978
286.58692
287.06234
287.06659
287.06953
287.32603
287.96094
288.04789
288.05458
288.08113
288.53362
289.50933
290.88595
291.64905
292.04828
292.12819
292.15760
292.21868
292.47471
292.76163
293.48943
293.64563
293.64937
293.66916
293.70942
294.04188
294.88954
294.89280
294.89488
294.89936
294.90498
295.44928
295.47615
295.56844
295.62296
295.69557
295.73285
295.74168
295.75233
295.75465
295.75779
295.77849
295.81202
295.94949
295.96543
296.05940
296.09613
296.11600
296.39255
296.40645
296.71600
297.14582
297.14925
297.37407
297.93255
297.93553
297.99906
298.32806
298.38834
298.81149
299.17485
299.42901
299.45187
299.48184
300.17300
300.82636
301.17290
301.29896
301.31575
302.21391
302.41431
302.81688
303.58584
303.66339
304.00654
304.35091
305.18761
305.41272
305.61949
305.66497
305.67520
305.68955
305.69854
305.70987
306.00149
306.00590
306.00889
306.01952
306.02511
306.02988
306.04908
306.05600
306.51746
306.52503
306.59877
306.62198
306.63765
306.64806
306.65966
306.66288
306.66462
306.67303
306.67768
306.69581
306.78877
306.88191
306.88505
307.00820
307.02563
307.04185
307.07505
307.09189
307.11519
307.13167
307.27513
307.27791
307.30581
307.36750
307.60532
307.62021
307.73519
307.96492
308.05533
308.25240
308.44208
308.45554
308.53970
308.66274
308.66866
308.69168
309.21127
309.55794
309.97343
310.15515
310.21696
310.23121
310.53278
311.01573
311.29008
311.53368
312.19162
312.68359
313.13408
313.40960
313.76421
313.77403
313.81333
313.83769
313.84297
314.46373
315.67412
315.83819
316.11704
316.26525
316.27050
316.27352
316.59475
316.61743
316.96892
316.97087
316.97371
317.43987
317.45077
317.45363
317.60988
317.93301
318.03753
318.04048
318.24023
318.25432
318.27339
318.38044
318.39715
318.46629
318.75712
318.79040
319.03391
319.10816
319.11662
319.12041
319.12404
319.13370
319.25651
319.27218
319.28669
319.57620
319.58398
319.65688
319.73837
319.74033
320.45861
320.69547
320.81651
321.24091
321.90552
322.32333
323.20601
323.85916
323.93980
324.34314
324.54737
325.31670
325.51629
326.04264
326.28140
326.53998
326.58035
326.86961
326.90986
326.98733
327.55614
327.85850
328.08735
328.14004
328.17671
328.18605
328.19009
328.20327
329.29601
329.31435
329.88017
329.88724
329.88998
329.89376
330.42956
331.01497
331.27758
331.33422
331.41169
332.72717
333.23986
333.53857
333.71965
333.86121
333.90332
333.90882
333.94896
334.19005
334.42325
334.81226
334.96293
335.14886
335.16666
335.41263
335.54147
335.82918
336.03846
336.59246
337.52990
337.63915
338.06278
338.09334
338.10078
338.67946
338.93648
338.94890
339.01989
339.06248
339.08053
339.09374
339.18878
339.23965
339.25029
339.25671
339.28661
339.58638
340.00291
340.02321
340.06182
340.07290
340.07954
340.08313
340.09484
340.27000
340.35265
340.36627
340.67222
340.67917
341.12138
341.62018
342.04814
342.45809
343.26026
343.83012
344.04006
344.24509
344.25456
344.78587
345.30931
345.54908
345.99134
345.99843
346.28043
346.36492
346.39452
346.40629
346.41570
346.43994
346.49712
346.51399
347.41177
347.86923
347.87176
348.23644
349.08031
349.45254
350.14388
350.30546
350.61739
350.62120
350.66028
350.66726
350.91817
350.93161
350.98905
351.01122
351.22431
351.27088
351.27378
351.28741
351.33482
351.49490
351.74444
351.94244
352.36301
352.49135
352.61780
352.64673
352.68020
353.06407
353.28754
353.31816
353.32741
353.37850
353.38451
354.09670
354.35508
354.49999
354.54588
354.99242
355.24746
355.51753
355.53422
355.80377
356.25533
356.41548
356.68688
357.14879
357.63788
357.83312
357.83946
357.84212
357.85266
358.57122
358.57774
358.59323
358.60605
358.61366
358.92593
359.45639
360.03748
360.32379
360.32883
360.35019
360.37653
360.38509
360.69213
360.91660
361.38388
361.76019
361.94966
362.01632
362.01925
362.02161
362.02706
362.03113
362.03601
362.04238
362.05885
362.06219
362.07431
363.64863
363.65419
363.65914
364.27247
364.45645
364.54488
364.58033
364.58628
364.59845
364.61126
364.62668
364.65025
364.76877
365.16518
365.19609
365.19907
365.20490
365.64890
365.65231
365.65491
366.24987
366.48158
366.49415
366.49691
366.85524
367.30770
367.37716
367.39539
367.40158
367.41329
368.07588
369.26262
369.33441
369.92798
369.93401
369.93795
369.94832
369.95555
369.95740
369.96757
369.97712
370.59755
370.90730
370.92035
371.43515
371.66605
372.10048
372.28414
372.59576
372.65988
372.68056
372.74053
372.74416
372.74836
372.75691
372.84803
372.85021
372.85329
372.85692
372.86001
372.96343
373.02702
373.16068
373.34403
373.57333
373.59785
373.64274
373.70319
373.83169
373.84401
374.14363
374.14736
374.34046
374.62229
374.98365
375.06349
375.81922
376.22025
376.72378
377.11373
377.13427
377.13605
377.71041
378.57055
378.69974
379.20352
379.53296
379.72805
379.77875
379.83015
379.83864
379.84947
379.86858
379.91163
379.98285
380.00904
380.03455
380.12010
380.20852
380.35624
380.40213
380.41461
380.91596
380.92563
380.97326
380.97982
380.98451
381.06608
381.07964
382.43384
382.56567
382.57029
382.76508
382.77499
382.79476
382.79920
382.80251
382.80814
382.81321
382.83248
383.02250
383.45185
383.50378
383.66835
383.69163
383.69967
383.70221
383.72487
383.72612
384.17999
384.18587
384.20859
384.24859
384.43209
384.56241
384.65613
384.68652
384.98859
384.99160
385.92448
386.84580
387.22481
387.39845
387.41472
388.13274
388.25135
388.88031
388.88387
388.88861
389.22394
389.34783
389.54795
389.71449
390.06843
390.56459
390.96380
391.21571
391.59057
391.69036
391.71105
391.71405
391.72670
391.74359
392.30331
392.59776
392.60646
392.66392
392.67439
392.68245
392.68731
393.03792
393.04392
393.05119
393.06352
393.37314
393.39116
393.42958
393.46427
393.60106
393.68977
394.04676
394.07296
394.36086
394.56561
394.59914
394.61082
394.62638
394.63602
394.73005
394.74042
394.78970
394.95737
395.04379
395.38538
395.42693
395.65731
395.97267
396.01983
396.37662
396.63508
397.42829
397.52646
397.67616
397.69397
397.71344
397.73424
397.84993
397.91974
397.96530
398.04615
398.05671
398.06557
398.07257
398.23258
398.80429
399.04725
399.36659
400.18051
400.41506
400.42206
401.13622
401.36843
401.49544
402.05261
402.45194
402.46006
403.18175
403.46635
403.47511
403.48282
403.48448
403.48944
403.49471
403.50076
404.06039
404.07776
404.09291
404.24742
404.36104
404.49771
404.50820
404.55097
404.97651
404.98158
405.13203
405.53239
405.54321
405.86995
405.87229
405.88124
405.91042
406.38369
406.47273
406.92954
407.84024
407.84753
407.85175
407.85999
408.12218
408.33164
408.71892
408.78663
408.95243
409.37712
409.50147
409.53579
410.53963
410.95307
411.44309
411.63020
412.13646
412.27571
412.53087
412.53450
412.56842
412.88566
413.15967
413.24447
413.33669
413.38224
413.94148
414.21701
414.27943
414.40685
414.41230
414.41966
414.77790
415.14125
415.17097
415.18797
415.27399
415.49095
415.54615
415.55116
415.55425
415.62094
415.63702
415.64358
415.64962
415.66676
415.71662
415.72377
415.73384
415.73775
415.74980
415.75288
415.77161
415.85715
416.39958
416.89499
416.91702
416.92320
416.92749
416.93316
416.94831
416.94996
417.03757
417.23727
417.58617
418.33272
418.54634
418.56257
418.56530
418.57291
419.55844
419.73676
420.09148
420.42478
420.45610
420.66816
420.99196
421.02160
421.02892
421.03679
421.04416
421.05185
421.13991
422.09231
422.29680
422.31877
423.23804
423.37562
423.95755
424.05043
425.26668
425.62418
425.63361
425.63727
425.92303
425.93212
426.01510
426.23990
426.25997
426.36988
426.38752
426.38962
426.53284
426.53710
426.54662
426.57204
426.57938
426.65039
426.66276
427.13661
427.21979
427.64361
427.65337
427.65599
427.66879
427.69309
427.69551
428.01617
428.02242
428.02633
428.03918
428.04403
428.05960
428.18314
428.61214
428.70558
429.35247
429.46311
430.08953
430.17183
430.62984
430.70616
430.76536
430.78448
431.08566
431.98467
432.23036
432.35177
433.06806
433.18450
433.19879
434.30803
434.86360
435.03762
435.20023
435.20710
435.59377
435.69348
435.69477
435.69954
435.75037
435.75883
436.23325
436.90756
437.33603
437.34623
437.35719
438.78195
439.28122
439.47246
439.67618
439.86178
439.86520
439.86816
439.87941
439.94877
440.46843
440.72491
440.98169
441.48349
441.82995
442.15348
442.20808
442.32099
442.66441
443.07258
443.23208
443.28769
443.41555
444.06910
444.48007
444.74506
445.11000
445.12338
445.12599
446.15852
446.26271
446.28868
446.75145
447.15537
447.30191
447.32586
447.33567
447.34581
447.64104
447.87229
448.14584
448.20504
448.22814
448.23922
448.24684
448.25733
448.31576
448.69129
448.91691
448.93162
449.15228
449.17491
449.19537
449.19804
449.22129
449.25099
449.25914
449.39849
449.41619
450.01645
450.03477
450.17137
450.25850
450.26163
450.47859
450.61919
450.62228
450.63485
451.37067
451.39440
451.44456
451.75134
451.95383
452.21656
452.35989
452.42068
452.73445
452.76378
452.96526
452.97003
453.30705
453.38347
453.41457
453.50874
453.63349
453.76848
453.79660
454.28453
454.55845
454.79769
455.31760
455.38846
456.45950
456.53964
457.15848
457.38197
457.58985
457.59575
457.60766
457.65774
457.65909
457.89350
458.47021
458.90248
459.54148
459.60828
460.28470
460.29166
460.31723
460.35932
462.54924
462.65846
462.67123
462.67568
462.68009
462.69390
462.70036
462.71096
462.74635
463.09722
463.81618
464.02864
464.22994
465.67724
465.79823
466.70838
467.13300
467.56527
467.64520
467.73272
468.70105
469.02731
469.05382
469.06107
469.07182
469.71378
470.80255
471.03849
471.33959
471.64324
471.94040
471.99396
472.01546
472.02061
472.03152
472.05147
472.31372
472.38710
472.69224
472.70052
472.70323
472.71521
472.72500
472.73730
472.77010
472.87074
472.96539
472.97059
473.20249
473.21349
473.25817
473.45137
473.46967
473.70405
473.73465
473.74199
473.89382
474.08979
474.30086
474.31691
474.31999
474.34596
474.41519
474.42020
474.43084
474.44312
474.52046
474.60676
474.63055
474.64183
474.77001
474.81319
475.02675
475.26713
475.77413
476.15757
476.16314
476.48324
476.72229
476.84728
477.00039
477.00283
477.69113
478.39938
478.70409
478.97853
479.19284
479.26729
479.30359
479.33343
479.33829
479.34224
479.36613
479.95221
480.01581
480.35972
480.80694
481.12010
481.65008
481.65615
481.66083
481.91230
481.95408
481.96958
481.97945
481.99715
482.04968
483.26123
483.26654
483.28543
483.28712
483.34674
483.44514
483.57812
483.74831
484.13024
484.16078
484.28487
484.28714
484.43479
485.04670
485.22546
485.40978
485.48112
485.51732
485.53234
485.57818
486.54966
486.87670
486.88787
487.20496
487.48385
487.52725
487.71898
487.74319
487.74758
487.75318
488.16074
488.43356
488.52724
489.47471
490.44864
490.81834
491.11388
491.55317
491.66647
492.16698
492.47274
493.36235
493.52031
493.57996
493.59424
493.60889
493.89908
493.91844
493.96366
493.98491
493.99197
494.29145
494.47039
494.50539
494.59848
494.79566
494.96584
494.98834
495.28204
495.45911
495.52865
495.55073
495.66224
495.98094
495.99148
496.00363
496.01135
496.02914
496.03459
496.04234
496.04847
496.18154
496.56763
496.61194
496.99699
497.01492
497.02061
497.52647
497.63274
497.69142
497.72837
497.78384
498.37757
498.38749
498.42371
499.23383
500.07373
500.42268
501.35787
501.60266
501.89420
501.91709
501.94051
502.26444
502.26704
502.71539
503.06219
503.11049
503.12059
503.12665
503.14220
503.23315
503.31339
504.08103
504.29679
504.77093
505.05235
505.16025
505.28631
505.37983
505.38912
505.42271
505.43735
505.46043
505.51350
505.53655
505.58015
505.70723
505.90996
506.07260
506.07661
506.08572
506.49235
506.51004
506.51358
506.53016
506.69341
506.82251
507.70988
508.63635
509.10290
509.15978
509.34594
509.41096
509.42319
509.43068
509.43588
509.44302
509.47815
509.49489
509.50602
509.52151
509.55153
510.06450
510.74744
510.77931
511.07989
511.39068
511.74683
511.96538
511.96686
512.78815
513.81207
513.92297
514.12796
514.32050
514.35055
514.35885
514.36118
514.37253
514.86850
515.30019
515.31165
515.89298
515.97068
516.07628
516.20959
516.22137
516.22843
516.23112
516.24184
516.29402
516.53115
516.86178
516.88100
516.89228
516.89900
516.90729
517.05883
517.06245
517.07807
517.56754
517.66154
518.09203
518.10087
518.10535
518.40134
518.45400
518.71316
519.07927
519.36105
519.87458
519.87745
520.10760
520.17888
520.20191
520.24249
520.50111
520.95251
520.97019
520.97272
520.98583
521.68535
521.92997
522.03200
522.48083
522.54085
522.57385
522.58375
522.59379
522.83831
522.87069
523.22571
523.59362
523.66344
524.38796
524.75988
524.83066
524.88328
524.93284
524.96168
524.97525
525.01083
525.87387
526.26006
526.56945
527.01275
527.02027
527.03128
527.24622
527.57642
527.93006
527.93116
527.99314
529.19928
529.38481
529.41555
529.45489
529.49012
529.59317
530.04719
530.60679
530.62754
530.89308
530.90231
530.96615
530.97132
531.25514
531.87004
531.87223
531.87615
532.68277
532.69586
533.07615
533.50802
533.59239
533.60694
533.63014
533.63917
533.64762
533.66011
533.67827
533.72956
533.74894
533.79790
533.81121
534.05983
534.82627
534.84014
534.84529
536.01527
537.07019
537.10320
537.11380
537.66822
537.93307
538.27002
538.37618
538.48220
538.49268
538.52623
538.59313
538.79239
539.05284
539.07125
539.20344
539.20579
539.24262
539.29261
539.32616
539.65200
539.88970
540.15267
540.21243
540.24556
540.25329
540.25639
540.27948
540.28283
540.29754
540.30993
540.31862
540.32586
541.28769
541.71301
542.09500
542.13903
542.74814
542.92565
543.20001
543.75091
543.93998
543.97047
544.09256
544.57950
544.73083
544.95288
545.74224
546.97846
547.40110
547.75471
548.31174
548.46548
548.48311
548.48582
548.50205
548.52561
548.53195
549.15503
549.25875
549.26734
549.27316
549.28004
549.58512
549.59948
549.68121
549.68710
549.68935
550.19204
550.19868
550.21532
550.27531
550.65873
550.80152
551.14231
551.16140
551.16499
551.17545
551.22548
551.31910
551.57835
551.64191
551.82514
551.84848
551.90292
551.91999
551.93463
552.07530
552.67121
553.26213
554.70499
555.08565
555.28495
556.10827
556.28656
556.54187
556.87580
556.97485
557.02180
557.02755
557.05051
557.12497
557.96969
558.42460
558.69076
559.47905
559.64397
559.68703
559.69781
559.70001
559.70200
559.94626
560.04029
560.23814
560.26082
560.31735
560.47882
560.50713
560.51740
560.52074
560.53053
560.57435
560.84111
561.14115
561.15479
561.18508
561.19138
561.33428
561.39096
561.39764
561.40685
561.47758
561.95734
562.13104
562.13371
562.14063
562.30297
562.37709
562.69059
562.69779
563.01502
563.06745
563.13658
563.67366
563.75732
563.85991
564.10037
564.37296
564.39724
564.77717
564.97089
565.20889
565.21813
565.22120
565.22564
565.64807
565.72185
566.18926
567.60892
567.75690
568.48378
568.48805
568.49265
568.97954
569.23790
569.72486
570.20053
570.59287
570.59661
570.61021
570.62347
570.64016
570.66356
570.72959
571.46290
571.51627
571.64973
572.50315
572.69603
572.79160
572.80174
572.81098
572.82994
572.84304
572.86408
572.90205
572.93197
572.99233
573.18754
573.80161
573.80335
573.84911
574.33954
574.63967
575.30296
576.07101
576.65425
576.65593
576.67331
576.69207
577.33253
577.77605
577.90029
578.03831
578.41657
578.65362
579.57675
579.79416
580.10767
580.82354
580.83076
580.83645
581.26449
581.27445
581.29086
581.29511
581.29798
581.36294
581.39872
581.40353
581.46191
581.56408
581.76204
581.96180
582.21752
582.72818
582.90495
582.93506
582.94112
582.94888
583.28181
583.28822
583.29091
583.51882
583.64931
583.76530
583.77379
584.64101
584.90217
585.40385
585.52364
585.52589
585.55203
585.55833
585.56570
585.57327
586.82063
587.19108
587.50432
587.89067
587.90398
587.94559
587.95093
587.98690
589.59460
589.75305
590.64558
590.80007
590.98347
590.98621
591.29576
591.35316
591.50607
591.53305
591.54405
591.54574
591.55120
591.56260
591.56727
591.58791
591.59203
591.62438
591.62930
591.76929
592.36504
592.40941
592.41185
592.54980
592.76935
592.98301
593.18578
593.27359
594.26992
594.49598
594.59242
594.99142
595.33831
595.42824
595.44531
595.45501
595.47154
595.65193
595.66156
596.57212
596.59522
596.61105
596.66098
596.68403
597.73776
598.35121
598.53440
598.63301
599.29148
599.51128
599.66575
599.66735
599.66976
599.67143
599.67305
599.69936
600.01327
600.59720
600.76204
601.17433
601.75154
601.83753
601.85438
601.87714
601.96331
602.01643
603.38868
603.42545
604.07299
604.56259
604.56546
604.57217
604.87885
605.01540
605.30559
605.59935
605.72871
605.73190
605.74640
606.74843
607.19308
607.28137
608.09787
608.13113
608.13894
608.14359
608.16704
608.55203
608.83219
609.15660
609.76722
609.89562
610.38524
610.81359
610.89723
611.21722
611.77783
612.38531
612.69940
612.80595
612.81276
612.82392
612.88229
613.16638
613.17994
613.22678
613.25410
613.25586
613.27204
613.29343
613.57234
613.63852
613.76840
613.86656
614.07646
614.24613
614.26731
614.46296
614.49157
614.65648
614.73595
614.76291
614.78230
614.81381
614.92698
614.96248
615.07917
615.14568
615.16518
615.46245
615.62919
615.63860
615.64293
615.64544
615.68272
615.68836
615.70644
615.84518
615.88236
615.89427
615.90004
615.93342
615.98041
616.19187
616.76785
616.85585
616.88788
616.92362
617.83833
617.89987
618.65954
618.97193
619.46748
619.46883
619.50053
619.73111
620.10297
620.54678
620.88221
621.01093
621.08208
621.56124
621.98323
622.24882
622.26098
622.95305
623.19263
623.46103
623.97419
624.16672
624.16976
624.18038
624.18637
624.18753
624.19375
624.20063
624.21695
624.23658
624.23847
624.24638
624.42722
624.84784
625.05331
625.09194
625.18328
625.44467
625.59640
625.64965
625.65507
625.93293
625.94935
626.07352
626.08628
626.09269
626.40225
626.93650
627.21182
627.92952
628.97429
629.15638
629.36760
629.46822
629.48901
630.03265
630.26869
630.54335
630.72678
630.76243
630.94901
630.99810
631.01719
631.18214
631.71165
631.74632
632.36796
632.77509
632.80490
633.45161
633.53682
633.89349
633.91837
633.92595
633.94079
633.95100
633.96204
633.97816
634.15761
634.18402
634.31109
634.36775
634.56825
634.58366
635.54084
635.69339
636.94100
637.03374
637.04300
637.05618
637.06788
637.08083
637.11428
637.12653
637.13963
637.16340
637.35109
637.47847
637.47997
637.48374
637.48759
637.49209
637.49787
637.50404
637.97778
638.72779
639.06504
639.37206
639.66347
640.52651
640.87991
640.88996
641.52523
641.57972
641.60926
641.74966
642.61276
642.96633
643.05016
643.20538
643.82657
644.09316
644.40406
644.58646
644.59556
644.59868
644.60301
644.61491
644.62716
644.68519
644.92864
644.93955
645.21177
645.29162
645.29683
645.31124
645.52154
645.55467
645.58477
645.81539
645.86925
645.89353
646.03700
646.12229
646.38892
646.53871
646.54627
646.57034
646.68142
646.69564
647.15574
647.16943
647.41940
647.45492
647.59849
647.87239
647.91220
647.91596
647.91732
647.92098
647.92239
647.93568
647.93951
647.94118
647.94818
648.53763
648.87078
649.79266
650.09086
650.16145
650.17181
650.23794
650.24678
650.25684
650.76960
651.14762
651.61479
651.90156
652.08837
652.20245
652.82035
653.07049
653.12769
653.20255
653.28446
653.98057
654.66428
654.73095
655.07787
655.09237
655.18701
655.20433
655.23624
655.24318
655.24887
655.29852
655.30269
655.36115
655.38199
655.68489
655.69532
655.70165
655.70466
655.76108
656.17413
656.34842
656.57901
656.72690
656.98067
656.99936
657.00512
657.01097
657.01958
657.02867
657.03543
657.04291
657.05753
657.07100
658.73306
659.01392
659.03544
659.16369
659.88534
660.27984
660.76363
660.76867
661.30923
661.39835
661.53794
661.69457
661.79878
662.13806
662.66886
663.00505
663.03601
663.04200
663.04947
663.07771
663.59873
664.09616
664.19431
665.03064
665.27187
665.29497
665.30291
665.31430
665.32819
665.36838
665.95225
665.95516
666.41160
666.60076
666.71567
666.94515
667.00820
667.16490
667.51425
667.53108
667.53558
667.54128
667.56189
667.87527
667.90988
667.91590
667.92067
667.92912
667.94507
667.96088
667.98740
668.06230
668.07609
668.08650
668.09882
668.14218
668.17812
668.22978
668.24578
668.38125
668.43881
669.93898
670.55453
670.56620
671.37338
672.51695
672.58916
672.61956
672.62204
672.92557
673.22196
673.26244
673.28936
673.36370
673.77760
674.64134
674.69733
674.70312
674.70488
674.70655
674.71396
674.72354
674.74111
674.88648
675.04249
675.22320
675.51827
675.75426
675.96156
676.04949
676.42243
676.67000
677.10703
677.12029
677.12656
677.13265
677.14471
677.14674
677.17693
677.40673
677.85750
677.86302
677.87831
678.06358
678.07383
678.08740
678.14639
678.15393
678.39346
678.63732
679.51103
679.51648
679.52415
679.52943
679.79010
679.80117
679.80609
679.87107
679.88683
679.90093
680.14052
680.38419
680.45046
681.12719
681.16463
681.17368
681.18013
681.18681
681.20127
681.20978
681.22772
681.28808
681.30057
681.37086
681.40432
682.36436
682.36848
682.37117
682.37435
682.55072
683.52458
683.52793
683.57796
684.05469
684.05788
684.15671
684.25183
685.36645
685.45534
686.07657
686.27009
686.28714
686.31126
686.32671
686.34589
686.37022
686.40749
686.42265
686.43210
686.46133
686.54574
686.54782
688.33735
688.70896
688.72254
688.75414
689.77245
689.77912
689.78720
689.80893
690.55592
690.86920
690.95803
690.99491
691.02988
691.06082
691.15602
691.16959
691.21973
691.32239
691.80133
692.18193
692.52164
693.24641
693.48966
693.80935
693.90644
694.32900
694.79288
695.07609
695.31446
695.35982
695.39366
695.41919
695.46310
695.49857
695.57791
696.15472
696.20124
696.21718
696.74971
697.40517
697.90252
698.68895
698.91014
699.58737
699.59091
699.59338
699.59598
699.59785
699.66868
699.70657
699.71776
699.76486
699.79674
699.80036
699.80398
699.86049
700.36048
700.56306
700.65967
700.66835
700.69649
700.99397
701.07278
701.07425
701.12707
701.13291
701.73742
702.46750
703.82733
703.93744
703.95212
703.95798
703.96621
704.00862
704.92124
704.94440
705.30243
705.30412
705.92325
706.06627
706.13665
706.17833
706.71673
706.82542
706.86745
706.88024
706.89149
706.90229
706.91169
706.92129
706.96560
707.06167
707.06609
707.07810
707.35455
707.70845
708.76226
709.27181
709.27523
709.27791
709.28018
709.28752
709.32161
710.25513
711.32751
711.47316
711.66315
711.66959
712.28288
712.30322
712.32336
712.33984
712.36289
712.45754
712.48134
712.52268
713.26022
713.40532
714.09693
714.18936
714.55515
714.70678
715.38055
716.42358
716.66501
716.86609
716.91346
716.93962
717.46510
717.64062
717.64723
717.95115
718.21897
718.82498
718.98459
719.79267
719.81052
719.82165
720.38146
720.40346
720.47933
720.50852
720.54567
720.57880
720.68841
720.73258
720.77472
721.00494
721.19115
721.28326
721.50361
721.51257
721.51869
721.52603
721.52771
721.52927
721.53674
721.54806
721.87248
721.87544
721.89886
722.12229
722.57277
722.64687
722.79949
722.83141
722.87261
722.98266
723.87472
724.23404
724.38974
724.48471
724.85273
724.86234
725.52273
726.21664
726.48336
726.66086
726.97739
727.10887
727.45021
728.61794
728.68149
729.15917
729.50790
729.52542
729.53170
729.92262
729.96969
730.24520
730.30484
730.31559
730.34163
730.47700
730.76873
730.77545
730.78169
731.20575
731.21552
731.40199
731.40856
731.52779
732.05577
732.27480
732.58655
733.25255
733.55319
733.65085
734.26216
734.35666
734.99070
735.00857
735.01334
735.01875
735.03057
735.11785
736.10016
736.83263
737.02057
737.04439
737.09556
737.12055
737.90410
738.10736
738.54165
738.61433
738.73889
738.76746
738.78282
738.80301
739.65742
739.67116
739.93803
740.29784
740.61829
740.86435
740.98207
741.44704
741.45582
741.62135
741.84789
741.93859
742.14272
742.17187
742.17501
742.17821
742.19554
742.19724
742.20226
742.20826
742.52191
742.68259
742.83251
742.84753
742.85903
742.89971
742.91146
742.98890
742.99531
743.59405
743.80716
744.04344
744.79159
745.05784
745.44001
745.56528
746.02032
746.42303
746.43324
746.73691
747.03559
747.66114
748.43927
748.99025
749.22286
749.30148
749.64145
749.95761
750.07391
750.65075
751.16670
751.27404
751.71036
751.73028
751.79368
751.89397
752.10134
752.11389
752.15756
752.16666
752.18472
752.19121
752.19355
752.54749
752.61417
752.65955
752.66543
752.66969
752.69769
752.76698
752.76801
753.77766
754.53985
754.83853
755.16092
755.51158
755.76114
755.76368
756.04293
756.27474
756.34725
756.38854
757.12136
757.26090
757.40547
757.43307
757.87497
757.99169
758.34343
758.48465
758.97524
759.31898
759.33026
759.71801
760.06355
760.49255
760.65572
760.70698
760.79554
760.79834
761.35952
761.77523
761.99008
762.48559
762.71168
762.74026
762.75239
762.75519
762.78880
762.83981
763.14319
763.15628
763.15904
763.16330
763.48527
763.48802
763.72598
763.73396
763.74514
763.79578
763.80923
763.99892
764.47137
764.47579
764.70329
764.72373
764.85914
765.15796
765.39239
765.39537
765.40612
765.41702
765.54567
766.05484
766.61117
766.63590
766.64685
766.65339
766.67874
766.78038
766.80517
766.83972
766.87512
766.92885
766.94865
766.97466
767.02181
767.05488
767.21886
767.25215
767.30916
767.35940
768.11227
769.24156
769.66291
769.77605
770.45270
771.28996
771.72892
771.91443
772.23981
772.25222
772.28529
772.30650
772.54024
773.01199
773.01749
773.30932
774.00946
774.20948
774.71212
774.71691
774.74595
775.11279
775.27840
775.42425
775.76301
777.01196
777.47810
777.50644
777.52144
777.94525
778.13799
778.17973
778.18936
778.19998
778.20786
778.21709
778.51385
778.51935
778.53312
778.54795
778.56222
779.17544
779.84059
780.31226
780.31848
780.32732
780.34244
780.84539
781.53461
781.90439
782.04694
782.05070
782.05864
782.06190
782.24282
782.34418
782.92260
783.07302
783.73233
784.08368
784.10745
784.13727
784.13905
784.49637
784.60791
784.63639
784.81550
784.82570
784.88244
785.25418
785.26211
785.30729
785.41139
785.41869
785.80550
786.01206
786.04889
786.05428
786.32298
786.33188
786.46959
786.78225
786.82259
787.39241
788.07373
788.16915
788.20802
788.25079
788.25589
789.17171
789.23586
789.34679
789.41929
789.98256
789.99447
790.63458
791.00330
791.20923
791.28514
791.44226
791.51563
792.38953
792.75241
793.19314
793.40169
793.44179
793.60166
794.11588
794.77267
794.78258
795.06670
795.29407
795.73862
795.76161
795.80221
795.80444
795.81169
796.20925
796.23504
796.39272
796.52274
796.57038
796.57675
796.57934
797.06631
797.51949
797.78179
798.09639
798.37092
798.61222
798.61952
798.62912
798.63285
799.23881
799.57644
799.58617
799.66703
799.71671
799.72640
799.76628
799.77543
799.81232
800.09303
800.89317
802.29321
802.31890
802.32391
802.32904
802.60833
802.72660
803.30783
803.68761
804.32734
804.57283
804.81996
804.91952
805.38453
805.76109
805.77058
806.00967
806.05062
806.68058
807.08979
807.47096
807.48077
807.50170
807.78056
807.78428
807.84272
807.85215
807.85364
807.85633
807.87627
808.18188
808.19447
808.22763
808.33194
808.38757
808.47837
808.67792
808.70029
808.71280
808.71806
808.72368
808.72774
808.74451
808.75105
808.85838
808.97192
809.08262
809.52515
809.60113
810.04784
810.06465
810.55678
810.56367
810.57056
810.58059
810.58570
810.60235
810.70890
811.78660
812.00313
812.24787
813.49562
813.77909
813.87624
814.84328
814.86617
815.19762
815.40642
815.82876
815.89321
816.58851
817.17611
817.53311
817.88478
817.98948
818.39369
819.26327
819.26797
819.27403
819.29362
819.29722
819.31958
819.32498
819.35018
819.36403
819.52053
819.59416
819.59722
819.91304
819.91671
820.11401
820.39551
820.73159
820.73375
820.74251
820.75054
820.76126
820.76438
820.77062
820.88727
821.12354
821.46452
821.47479
821.49442
821.97390
822.80215
823.04582
823.36204
823.40763
823.64589
823.77875
824.26248
824.86033
825.38001
826.30542
826.45529
826.70540
827.41479
827.73366
827.91263
828.40345
828.65096
828.88027
829.07867
829.94023
830.71745
830.87022
830.87145
830.91048
830.91214
830.92028
830.94601
832.12705
832.26771
832.75575
833.42415
833.63037
833.63480
833.91683
834.24561
834.97861
835.02234
835.03937
835.05775
835.10115
835.12530
835.14133
835.15635
835.18053
835.19211
835.20161
835.24268
835.39479
835.56142
835.57090
835.57686
836.45978
836.47812
837.09907
837.34571
837.34879
837.35667
838.11992
838.47450
839.20146
839.59105
840.22322
840.77280
841.04933
841.06541
841.07074
841.07567
841.07730
841.08750
841.10679
841.11818
841.39531
841.40439
841.40860
841.42267
841.42864
841.45102
841.46377
841.47093
841.69444
842.40466
842.56789
842.59975
842.62123
842.67548
842.71404
842.72396
842.95427
842.97134
843.01815
843.02622
843.02781
843.03169
843.08265
843.17149
843.38146
843.42130
843.45467
843.46755
843.47471
843.47905
843.49109
843.50710
843.91618
843.92435
843.92758
843.93733
844.36448
844.40136
844.41170
845.29858
845.49154
846.52516
846.80904
847.53609
847.58938
847.75855
847.76351
848.22433
848.48302
849.14247
849.75215
850.72305
851.00802
851.18663
851.83026
852.00853
852.02500
852.03344
852.03991
852.05230
852.09037
852.11314
852.16928
852.26742
852.94199
853.10379
853.13054
853.19732
853.23391
853.34650
853.80641
853.85385
853.99611
854.21762
855.32119
855.38331
855.97295
856.03371
856.04024
856.05714
856.07143
856.29023
856.46720
856.50987
856.75010
857.17884
857.33998
857.86071
857.86766
857.87313
858.30170
858.30458
858.30719
858.84037
859.04526
859.16667
859.18407
859.19927
859.20786
859.22917
859.24570
859.26578
859.34852
859.90699
861.07498
861.11895
861.12215
861.17214
861.20317
861.21130
861.74347
862.14465
862.68261
863.79507
864.04877
864.06352
864.56606
864.59942
864.60538
864.69576
864.77895
864.98656
865.02609
865.03279
865.04475
865.14937
865.16637
866.11075
866.24285
866.51630
866.97798
867.18090
867.48026
868.11202
868.45705
868.48881
868.50302
868.50735
868.51026
868.80871
869.05646
870.06719
870.14846
870.86410
871.27003
871.27757
871.28229
871.58002
872.59465
873.00603
873.22073
873.41161
873.70530
873.74127
874.31308
874.75296
874.76150
874.76862
874.79208
875.04593
875.81209
875.84868
875.85450
876.19852
877.54360
877.54548
877.55638
877.56893
877.64879
877.86149
877.86723
877.87158
878.42069
878.67452
879.02934
879.49120
879.88579
880.33034
880.65415
881.21427
881.44623
881.48930