0.73555
0.74215
0.74883
0.84455
0.86076
0.86356
0.86507
0.88503
1.37385
1.37975
1.38651
1.38832
1.40469
1.79996
1.83034
1.84512
1.84799
1.85555
1.87161
1.87831
1.89467
1.89906
1.91288
1.91562
1.93520
1.96745
2.04594
2.32824
2.32955
2.33693
2.33834
2.34756
2.36602
2.36767
2.37193
2.40245
2.41154
2.42196
2.44911
2.49129
3.17638
3.18263
3.20818
3.22038
3.36374
3.47054
3.55130
3.90885
3.91277
3.91570
3.92090
3.92596
3.92705
3.93931
3.95860
4.41011
4.41224
4.41802
4.42485
4.43526
4.46673
5.16431
5.17393
5.17559
5.20751
5.21693
5.60902
5.61668
5.65059
5.66965
5.68298
5.76690
5.77712
6.03345
6.05506
6.05890
6.09131
6.11360
6.19121
6.19679
6.20365
6.29379
6.29931
6.30474
6.31251
6.32347
6.34233
6.45972
6.47423
6.49013
6.51435
6.51703
6.52065
6.57705
6.84785
6.85188
6.88447
6.91071
6.95674
7.01024
7.13011
7.28566
7.30458
7.30684
7.33088
7.45773
7.50678
9.22274
9.23182
9.24230
9.24649
9.28652
9.47236
9.77389
10.20303
10.58615
10.58973
10.64311
11.11322
11.11565
11.12611
11.80849
11.81185
11.81549
11.82239
11.82366
11.82581
11.82720
11.83599
11.83727
11.92680
11.95255
11.98604
11.99770
12.14976
12.79010
12.79243
12.93859
12.94247
12.94876
12.95066
12.96320
13.17564
13.45239
13.46981
14.07770
14.23542
14.24583
14.59142
15.18904
15.19891
15.48790
15.49129
15.61271
15.72511
15.74132
15.75447
15.83498
16.07415
16.12906
16.16138
16.92048
16.96124
17.36216
17.37912
17.38371
17.38475
17.40731
19.53431
19.60754
19.60876
20.31389
20.31605
20.32104
20.34336
20.34482
21.08399
21.11987
22.33817
22.35706
22.36380
22.76881
22.77099
22.81473
23.16765
23.17354
23.18019
23.19060
23.19887
23.20211
23.22279
23.26373
23.27727
23.67046
23.68576
23.68795
23.71962
23.78067
23.79118
23.81962
23.84788
23.85585
24.18154
24.18581
24.23985
24.80025
24.82680
24.83320
24.84982
24.85718
24.85939
24.94238
25.05142
25.05883
25.06963
25.07651
25.08029
25.11249
25.23524
25.41431
25.76584
25.77287
25.82671
26.62917
26.72945
26.76254
26.99045
27.24626
27.25407
27.27340
27.76775
28.65630
28.66213
28.67324
28.70799
28.71825
28.72469
28.73827
28.74889
28.81227
29.01220
29.02134
29.03968
29.07906
29.38438
29.69362
29.70023
29.72521
29.73055
29.76499
29.76795
29.85538
29.89586
29.89833
29.93193
29.97883
29.99875
30.09545
30.37285
30.76598
31.09518
31.12158
31.13445
31.46317
31.47032
32.29466
32.30231
32.30817
32.31912
33.05796
33.06103
33.06221
33.07069
33.28937
33.30997
33.80060
33.80708
34.45706
34.47057
34.47400
34.47690
34.51412
34.51717
34.53074
35.20502
35.22585
35.24101
35.49000
35.49476
35.50556
35.52054
35.98484
35.99669
36.68046
36.69048
36.69246
36.70038
36.70308
36.71335
36.72742
36.78982
36.97552
36.98520
36.99863
37.00595
37.00752
37.03034
37.03549
37.03728
37.10354
37.15707
37.16517
37.18799
37.21655
37.22533
37.22695
37.24381
37.25078
37.86708
37.87718
37.87887
37.88023
37.88320
37.88589
37.88951
37.91324
37.92999
38.24407
38.25068
38.26050
38.27543
38.41332
38.52956
38.53309
38.54030
38.54161
38.54780
38.55323
38.55978
38.56633
38.57089
38.57393
38.57726
38.70005
39.00740
39.01240
39.02285
39.30623
39.31649
39.32661
39.34746
39.57119
39.76295
39.77617
39.84010
40.07063
40.08777
40.09327
40.09930
40.21732
40.34025
40.41305
40.84206
40.84910
40.85712
40.86759
40.88015
40.95679
41.26279
42.68541
42.68875
42.69572
42.69718
42.69999
42.71007
42.71673
42.72011
42.77318
42.77495
42.77890
42.78186
42.78366
42.78546
42.80629
42.88963
42.93590
43.29267
43.30818
43.31366
43.42918
43.67579
43.71224
44.53828
44.54947
44.65555
45.13932
45.34152
45.63824
45.64180
45.64498
45.64846
45.65189
45.65757
45.66316
45.82738
45.83134
46.42765
46.43764
47.46894
47.77533
48.18502
48.40143
48.40562
48.40882
48.41209
48.41582
48.42222
48.42497
48.44499
48.45109
48.48470
48.49438
48.50822
48.51413
48.51751
48.52223
48.52490
48.52734
48.53066
48.54181
48.96764
48.96945
48.97077
48.97305
48.97608
48.97723
48.97874
48.98860
48.99232
48.99460
49.01024
49.01600
49.02844
49.32982
49.33093
49.33748
49.34109
49.34427
49.36176
49.85419
49.85888
49.87472
50.11845
50.19727
50.19875
50.21801
50.34470
50.47053
50.48225
50.49581
50.50428
50.51168
50.51921
50.52789
50.54131
50.63059
50.72401
50.72781
50.73685
50.74749
50.75070
50.76525
50.77037
50.88177
50.88860
50.88974
50.94176
50.94717
51.27468
51.28191
51.29880
51.31255
51.33723
51.35479
51.37810
51.40739
51.44252
51.59448
51.71110
51.71430
51.72436
51.76797
51.77800
51.78058
51.78520
51.90806
52.08303
52.14695
52.90065
52.90459
52.91006
52.91691
52.92466
52.93883
52.95022
52.96787
52.98724
54.06397
54.07098
54.08022
54.68365
54.68702
54.69091
54.69382
54.69637
54.70372
54.70733
54.71319
54.71784
54.72204
54.72366
54.72618
54.73150
54.74994
54.79613
54.81946
54.83705
55.16267
55.16991
55.17748
55.18563
55.47200
55.47691
55.48698
55.49047
56.14389
56.62672
56.63718
56.64659
56.81697
56.82126
56.82390
56.83726
56.85350
57.47231
57.47709
58.24361
58.24618
58.25361
58.27289
58.28352
58.30030
58.30415
58.32124
58.33250
58.67966
58.68835
58.70356
58.74734
59.01666
59.02631
59.03858
59.03988
59.14946
59.15094
59.67777
59.68547
59.74138
59.75035
60.53254
60.53898
60.54016
60.54564
60.54728
60.55403
60.55779
60.56347
60.56694
60.58386
60.64539
60.67309
60.68971
60.69287
60.69863
60.95945
60.97591
60.98208
61.00281
61.00940
61.01489
61.50209
61.52543
61.68049
61.68152
61.68669
61.69499
61.69809
61.69922
61.70177
61.70356
61.70462
61.71423
61.72328
61.72448
61.85897
61.88283
62.11665
62.18091
62.19604
62.45006
62.46871
62.48966
62.50151
62.54140
62.54273
62.95755
63.22345
63.23699
63.24565
63.24880
63.69965
63.70682
63.99989
64.01595
64.01696
64.02967
64.03898
64.04774
64.10285
64.97810
65.21853
65.22384
65.23235
65.23593
66.20177
66.27829
66.78384
66.79503
66.79666
66.80845
66.81278
66.82646
66.82788
66.85119
67.81231
68.26871
69.09597
69.09767
69.10086
69.10282
69.11404
69.11574
69.12644
69.12891
69.16577
69.17214
69.18071
69.25765
69.67742
69.68412
69.69137
69.69263
69.69555
69.70844
69.72373
69.72491
70.11482
70.36843
70.41576
70.64119
71.28823
71.30517
71.36059
71.39093
71.48827
71.56456
71.86723
71.87683
71.87793
71.90508
71.90644
71.92550
73.61949
73.66736
73.92105
73.95760
74.51387
74.51720
74.62395
74.62632
74.62821
74.63572
74.64365
74.64994
74.65196
74.67653
74.75300
75.58259
75.58587
75.58713
75.59355
75.59457
75.60246
75.64712
75.77391
76.35391
76.37635
76.39500
76.40087
76.40389
76.43369
76.64969
78.14697
78.15677
78.50616
78.52370
78.54690
78.58608
78.74310
78.77307
78.81613
78.87357
79.31010
79.35349
79.51985
79.54031
79.54647
79.62374
80.75387
80.76487
80.77559
80.97899
80.98068
80.98967
80.99285
80.99603
80.99955
81.00399
81.00616
81.00965
81.01681
81.01992
81.04003
81.04907
81.05621
81.06703
81.08049
81.11571
81.19528
81.19960
81.21532
81.21819
81.21938
81.22039
81.38953
82.33606
82.61268
82.61522
82.61727
82.62217
82.62654
82.63399
82.63615
82.64878
82.66555
82.69306
82.69710
82.74233
82.83324
82.99770
83.00991
83.02536
83.51504
83.53024
83.53266
83.53613
83.53805
83.56965
83.57184
83.59240
83.65276
83.93116
83.93939
83.94878
83.95366
83.97148
84.07232
84.09604
84.26571
84.27141
84.29926
84.32123
84.34438
84.62436
84.63210
84.65560
84.71583
85.30288
85.68121
85.69554
85.70551
85.71449
86.25213
86.33740
86.35572
86.40103
86.40550
86.45291
87.08749
87.08893
87.10103
87.36305
87.36469
87.42105
87.42484
87.43400
87.87700
87.88030
87.88149
87.88319
88.12815
88.13108
88.13507
88.24164
88.33230
88.45245
88.49497
88.82168
89.25542
89.27483
89.29144
89.29792
89.30961
89.32529
89.50545
90.01258
90.02384
90.04920
90.07163
90.08589
90.10288
90.10737
90.10870
90.11313
90.11545
90.13191
90.48735
90.48901
90.51552
90.80489
91.00772
91.04104
91.47208
91.47621
91.48071
91.48701
91.55491
91.83100
91.84389
91.85822
91.86368
91.86498
91.87829
91.88778
91.88901
91.93095
92.55808
92.56143
92.56287
92.56835
92.57267
92.58314
92.58436
92.59058
92.63489
92.71067
93.37123
93.38035
93.38188
93.38358
93.38931
93.39827
93.39953
93.40131
93.40434
93.41975
93.42395
93.43077
93.43762
94.27399
94.55719
94.56640
94.57253
94.57405
94.60103
94.60547
94.61329
94.67202
94.68380
94.71570
94.71755
94.82384
94.84346
94.85697
94.87156
94.87963
94.89079
94.89475
94.90570
95.09421
95.09609
95.13091
95.25124
95.27942
95.28396
95.30328
95.30578
95.62649
95.64682
95.66289
95.68893
95.69890
95.70894
95.71760
95.83145
95.88171
95.90296
96.06652
96.07041
96.07341
96.07713
96.08038
96.08183
96.08882
96.09458
96.09921
96.10559
96.10802
96.11493
96.12491
96.13556
96.13743
96.23744
96.25750
97.30337
97.44369
97.45616
97.88691
97.89409
97.90381
98.04793
98.05109
98.35652
98.40051
98.40329
98.40434
98.48288
99.31455
99.42770
99.42936
99.43076
99.43731
99.43942
99.46366
99.48580
99.76418
99.76820
99.77255
99.77399
99.78211
99.78340
99.78442
99.79311
99.80240
99.80358
99.83369
99.87017
100.40435
100.73360
101.10658
101.11058
101.11679
101.59035
101.59398
101.59540
101.59774
101.59949
101.60249
101.60348
101.61485
101.61619
101.62316
101.63099
101.66189
101.67305
101.68603
101.74656
102.69672
102.69927
102.72850
102.73853
103.04318
103.13817
103.14100
103.14978
103.15882
103.16065
103.46185
103.47018
103.47340
103.47561
104.15479
104.16094
104.16876
104.17002
104.17184
104.17580
104.17826
104.20218
104.98594
104.99108
104.99258
104.99566
105.00254
105.01148
105.01771
105.02307
105.26626
105.31920
105.43927
105.58954
105.60169
106.19359
106.20503
106.21185
106.21871
106.24872
106.59962
106.60897
106.62282
107.32116
107.33954
107.93402
108.24556
108.46550
108.48534
108.49475
108.82870
109.05751
109.07876
109.08906
109.37923
109.38145
109.38555
109.39254
109.47778
109.53333
109.66461
110.17207
110.18126
110.18287
110.20647
110.21734
110.22590
110.22726
110.28180
110.28453
110.31799
110.83101
110.84511
110.85072
111.31097
111.32066
111.32758
111.33344
111.33475
111.33737
111.33892
111.34133
111.34295
111.34482
111.34636
111.35015
111.35898
111.36180
111.36419
111.44844
111.46765
111.86809
111.87925
111.88744
111.89357
111.91440
111.93157
111.94108
111.96356
111.96633
111.96828
111.97351
111.97508
111.97666
111.98150
111.98552
111.98759
111.99429
112.00519
112.26340
112.64647
113.16254
113.24773
113.25722
113.79435
114.26705
114.27466
114.27786
114.28120
114.28525
114.29578
114.30643
114.30770
114.31033
114.31401
114.31523
114.32189
114.33090
114.34180
114.45069
114.50648
114.91591
114.91964
115.38048
115.39994
115.41597
115.43056
115.67675
115.68347
116.48312
116.48487
116.49111
116.49361
116.49493
116.49903
116.50002
116.50416
116.50947
116.51685
116.56662
116.56940
116.57047
116.61890
116.70299
116.83040
117.12459
117.26875
117.27674
117.28032
117.38979
117.41446
117.84917
117.85268
117.85467
117.85569
117.85692
117.85860
117.86312
117.86446
117.86609
117.87533
117.91312
118.10964
118.32248
118.35470
118.62208
118.62323
118.63586
118.66327
118.89335
118.99414
119.00740
119.01366
119.16883
119.37550
119.39478
119.67202
119.67771
119.69678
119.78557
119.89406
119.91406
120.01478
120.06608
120.37958
120.39046
120.68236
120.68447
120.68761
120.69258
120.69735
120.69994
120.71268
120.73838
120.74268
120.75561
121.08512
121.11656
121.14816
121.15566
121.16270
121.16822
121.39555
121.43975
121.48464
121.52869
121.56416
122.12872
122.13243
122.14844
122.16069
122.16172
122.16563
122.17855
123.36466
123.39825
123.40203
123.40752
123.40947
123.41485
123.42461
123.43783
123.47177
123.54829
124.51289
124.72941
125.10998
125.11149
125.12504
125.76895
125.77787
125.78321
125.78958
125.81060
125.84250
125.85418
126.78471
126.79711
126.80065
126.80477
126.80901
126.81151
126.82019
126.82137
127.57816
127.57935
127.58082
127.58489
127.59093
127.59336
127.59653
127.61049
127.61968
127.62191
127.62742
127.63759
127.65390
127.65699
127.69719
127.72045
127.85141
127.98706
128.00909
128.06066
128.09339
128.36471
128.72386
128.73004
128.78459
128.85943
128.86054
128.86394
128.86805
128.86974
128.87364
128.87700
128.88222
128.88682
128.89759
128.91241
128.94074
128.95198
128.98506
129.00969
129.03828
129.04927
129.06087
129.29356
129.34218
129.36411
129.40884
129.61658
129.62666
129.64702
129.66398
129.89239
130.11658
130.12249
130.39216
130.40688
130.41308
130.42093
130.42382
130.42656
130.42967
130.44171
130.45333
130.89009
130.89818
130.92244
131.19882
131.21129
131.21308
131.21761
131.23021
131.30798
131.89665
132.51727
132.52073
132.52313
132.52612
132.53336
132.53601
132.56311
132.57022
132.70666
132.70767
134.81403
134.82305
134.82629
134.83048
134.83491
134.83840
134.84421
134.86488
134.91986
134.94543
134.95510
134.97598
135.19957
135.20332
135.50247
135.55490
135.56825
135.57938
135.58509
135.58833
136.00018
136.00146
136.00587
136.38049
136.38153
136.38686
136.38932
136.39685
136.39877
136.40754
136.41417
136.43141
136.47732
136.48188
136.50961
136.72387
136.72508
137.27736
137.27914
137.32860
137.46902
137.47161
137.47545
137.47872
137.48130
137.49510
137.50264
137.51926
137.54378
137.55392
137.55923
137.56769
137.62220
138.28585
138.29343
138.30245
138.64474
138.80843
138.81928
138.98557
139.26817
139.40564
139.83452
139.83719
139.85173
139.86854
139.87280
139.88178
139.88577
139.98218
140.18121
140.19274
140.19433
140.21606
140.22838
140.23844
140.40929
140.41386
140.41655
140.42107
140.42764
140.56182
140.56846
140.58054
140.58852
140.60816
140.61796
140.62767
140.80370
140.81413
140.94642
140.96766
140.98006
141.13085
141.13936
141.14104
141.15321
141.15460
141.17270
141.18248
141.20600
141.40178
141.40496
141.41800
141.42117
141.44027
141.48171
141.49494
141.50436
141.50847
141.51090
141.51848
141.56112
143.05808
143.07491
143.40141
143.89022
143.89624
143.90037
143.90853
143.91201
143.93023
143.94880
144.11091
144.14718
144.17116
144.19058
144.46041
144.75064
145.14733
145.15049
145.15685
145.16467
145.16662
145.16979
145.17871
145.60399
145.61037
145.61469
145.62392
145.62759
145.64467
145.64581
145.65005
145.65333
145.66659
146.45039
146.45738
146.45931
146.87021
146.87498
146.88409
146.88652
146.88953
146.89069
146.89181
146.90258
146.90462
146.91229
146.91491
146.94353
147.13366
147.53739
147.54390
147.54948
147.55604
147.94360
148.32726
148.34973
149.23092
149.30256
149.43800
149.43982
149.44107
149.44847
149.45505
149.45749
149.46039
149.46898
149.47064
149.48305
149.53604
149.54618
149.55256
149.58291
149.60382
149.86910
150.21591
150.22282
150.22640
150.30268
150.53397
150.55320
150.56473
150.56909
150.58641
150.96649
151.05587
151.06331
151.06553
151.07236
151.08023
151.09582
151.13296
151.46394
151.46611
151.49740
151.55984
151.56585
151.62929
151.63096
151.63679
151.64050
151.64313
151.64561
151.64669
151.65134
151.65396
151.65698
151.66447
151.66957
151.79068
151.80425
151.81829
151.82014
151.91170
152.11411
152.38941
152.39086
152.42206
152.44316
152.85702
152.88069
152.89570
153.16809
153.17812
153.18532
153.19526
153.21067
153.94804
153.95943
153.96827
153.98551
154.73545
155.20582
155.49739
155.50617
155.50765
155.51045
155.52684
155.53214
155.53880
155.54247
155.54639
155.55319
155.56212
155.82587
156.85736
156.85878
156.86184
156.86685
156.87970
156.95894
157.59707
157.60099
157.60229
157.60714
157.60837
157.61066
157.61876
157.70031
157.70732
157.70897
157.71169
157.71268
157.71657
157.72843
157.98815
158.65739
158.66212
159.12521
159.12855
159.13391
159.14105
159.14517
159.15463
159.16030
159.17045
159.31756
159.31916
159.33016
159.35740
159.36142
159.37208
159.38744
159.40095
159.41809
159.55876
160.01883
160.02766
160.04720
160.36496
160.37429
160.37532
160.39071
160.40343
160.41455
160.95034
160.95185
160.96124
160.97871
160.98443
160.99533
161.42787
161.44324
161.45728
162.10826
162.11107
162.11231
162.11806
162.12111
162.12992
162.13888
162.14485
162.15917
162.25594
164.37177
164.37506
164.37749
164.39163
166.01153
166.20133
166.20741
166.21182
166.21899
166.22015
166.22465
166.23002
166.23839
166.24865
166.88207
166.88419
167.64493
167.66136
167.67439
167.96314
167.97642
167.98127
167.98407
167.98913
168.00952
168.20579
168.21713
168.23148
168.23405
168.57494
168.63506
168.65494
168.68136
169.58504
169.59115
169.60496
169.62315
169.66461
169.70478
170.23846
170.24616
170.25351
170.25696
170.27015
170.27146
170.27981
170.28349
170.29535
170.34419
170.77851
170.81644
170.82160
170.83378
171.36039
171.54562
171.58002
171.63906
172.61557
172.61742
172.63251
172.64708
172.64898
172.66273
173.19292
173.19393
173.20637
173.21057
173.21468
173.21735
173.23409
173.23700
173.60454
173.61504
173.62204
173.63068
173.63347
173.64931
173.65162
173.65550
173.83755
173.84251
173.84542
173.85193
173.93105
173.93914
173.95818
173.96372
174.40728
174.41388
174.41954
174.43622
174.46545
174.51056
174.64547
174.66217
174.70513
174.70631
174.71806
174.72225
174.73167
174.73813
174.74840
174.83404
174.90519
174.90759
174.92059
174.93313
174.94793
174.95513
175.24867
175.29354
175.31057
175.58446
175.58788
175.60048
175.60191
175.66215
175.75104
175.91371
175.94251
175.96696
175.97624
175.99192
175.99732
176.18207
176.48475
176.50056
176.50171
176.55259
176.60476
176.62540
176.62749
176.67915
176.69188
176.70094
176.98415
176.99332
176.99729
177.00572
177.30321
177.31442
177.32130
177.33750
177.34204
177.39503
177.41656
177.42737
177.88764
178.58781
178.59816
178.60269
178.61012
178.61386
179.03026
179.04409
179.61521
179.62108
179.62377
179.62694
179.63084
179.63498
179.64037
179.64640
179.65729
179.66076
180.11035
180.73726
180.75598
180.75985
180.76683
180.77289
181.20284
181.20408
181.21450
181.21646
181.22553
181.23018
181.23992
181.29061
181.96708
181.98066
182.00124
182.09871
182.71759
182.73439
182.74605
182.76380
183.38731
183.56283
183.58718
183.61782
183.61915
184.48372
184.73716
184.76102
184.76822
184.77426
184.78587
184.79376
184.80302
184.84067
185.06894
185.09507
185.10020
185.11862
185.12256
185.12575
185.13076
185.13323
185.13951
185.15043
185.18719
185.18837
185.21857
185.31877
185.31988
185.32549
185.33126
185.33761
185.34505
185.35427
185.37685
185.40272
185.40402
185.47049
185.47501
185.48042
185.49503
185.51247
185.52674
185.54366
185.87702
185.90692
185.93374
185.95714
186.11198
186.11723
186.13341
186.14145
186.18451
186.31330
186.32904
186.33632
186.34460
186.45426
186.47046
186.47642
186.55643
187.64295
187.67265
187.91681
187.91898
187.92041
187.92221
187.93210
187.96392
188.77414
188.78690
189.57406
189.58539
189.58822
189.59362
189.62052
189.70922
189.72638
190.44658
190.45436
190.46154
190.46666
190.56180
190.63147
190.63531
190.64367
190.70727
190.70995
190.71667
190.73348
190.74215
191.38737
191.39165
191.39615
191.41919
191.55536
191.56156
191.56670
191.57717
191.58415
191.60208
192.12628
192.13061
192.14405
192.16036
192.91971
192.92649
193.02296
193.44694
193.70512
193.72471
193.73895
193.75730
193.90257
193.90477
193.91429
193.92764
193.92988
193.93821
193.93940
193.94311
193.94643
193.96013
193.96678
193.97699
194.06132
194.69391
194.69965
194.70287
195.44435
195.44717
195.45111
195.45428
195.45723
195.46914
195.48033
195.52282
195.56396
195.79988
195.83967
195.84085
195.84735
195.84842
195.85146
195.85779
195.86271
195.87011
195.87380
195.88222
195.88754
195.90044
196.11992
196.13305
196.27269
196.36426
196.36661
196.38577
196.39601
196.60693
196.62053
196.62680
196.64236
196.65845
196.69091
196.87834
197.12674
197.38508
197.40090
197.41882
198.17553
198.19193
198.26725
199.06927
199.08322
199.11734
199.12626
199.13039
199.14717
199.14996
199.39507
199.79009
199.79211
199.80714
199.80971
199.85404
200.37547
200.37841
200.38457
200.38782
200.40842
200.41114
200.79141
201.23371
201.24884
201.34018
201.35371
201.54082
201.54502
201.54810
201.77534
201.78807
201.79023
201.79737
201.79910
201.80982
201.81947
202.13727
202.15973
203.19031
203.19949
203.20565
203.20876
203.21118
203.21605
203.22104
203.22613
203.27402
203.96386
203.97003
203.97345
203.98190
203.99522
203.99970
204.01374
204.52660
204.52970
204.54557
204.58046
204.58727
204.60350
204.60464
204.61028
204.68777
204.69309
204.74357
204.80483
205.09159
205.09392
205.09701
205.09888
205.10681
205.10985
205.39057
205.87498
205.88458
205.89355
207.29840
207.30141
207.30804
207.30981
207.33353
207.35731
207.58651
207.59556
207.61662
207.65268
207.67667
207.89323
208.09359
208.12299
208.54510
208.54688
208.55952
208.57245
208.61758
208.62684
209.12582
209.14144
209.63252
209.64347
209.72374
209.77666
210.16491
210.17683
210.18774
210.19975
210.20096
210.20442
210.20699
210.22689
210.56716
210.57775
210.58580
210.88496
211.28576
211.29248
211.29460
211.30130
211.31005
211.31127
211.32104
211.34061
211.38157
211.48105
211.48954
211.49077
211.49610
211.50064
211.58461
211.58948
211.59833
212.25648
213.01480
213.02505
213.04396
213.04693
213.04942
213.05777
213.22290
213.78260
213.80463
213.80702
213.86275
213.86670
213.87511
213.88165
213.88312
213.88745
213.89072
213.89530
213.89799
213.90407
213.91377
213.92279
213.92656
213.93285
213.93953
213.95116
213.95335
213.95520
214.14205
214.93445
215.66213
215.66505
215.66964
215.67831
216.42467
216.43074
216.44745
216.48160
216.56308
216.56933
216.79680
216.80025
216.80608
216.81278
216.83538
216.87057
217.40782
217.42447
217.42671
217.43052
217.43618
217.44183
217.45094
217.46657
217.68712
217.72705
217.99594
218.13341
218.13793
218.63025
218.63711
218.65028
218.65682
218.66635
218.67896
218.68194
218.72095
218.98717
219.02212
219.02925
219.33737
219.35254
219.36417
219.38332
219.39022
219.39214
219.48442
219.48763
219.49059
219.57395
219.65588
219.68874
219.69757
220.00562
220.02286
220.04920
220.05081
220.05261
220.07989
220.08296
220.08564
220.38579
220.40667
221.08805
221.09493
221.10741
221.99361
222.42462
222.82763
222.83615
222.83794
222.91729
223.00688
223.01766
223.05724
223.31892
223.72695
224.38446
224.39039
224.39178
224.39681
224.39937
224.40404
224.40728
224.41298
224.41654
224.42859
224.45360
224.45735
224.46000
224.46908
224.47657
224.49022
224.50973
225.14457
225.14935
225.16053
225.16171
226.22856
226.23067
226.23354
226.23834
226.24352
226.24640
226.25297
226.25888
226.26261
226.26647
226.27143
226.29110
226.30381
226.42151
226.50035
226.50710
226.51937
226.52364
226.52634
226.52833
226.53313
226.54338
226.56294
226.62668
227.41958
227.42838
227.43750
227.44043
227.44510
227.45601
227.46430
227.98291
227.99922
228.01758
228.10559
228.11107
228.11350
228.11968
228.12243
228.12825
228.13309
228.14030
228.15700
228.32890
228.34360
228.34815
228.37354
228.37986
228.57750
228.57920
228.60304
228.61685
228.87676
228.88331
228.89315
228.90235
228.90703
228.91455
228.92815
229.16860
229.18321
229.20091
229.36802
229.38540
229.40286
229.64488
229.65827
229.66487
229.67719
229.70128
229.73840
230.13900
230.16005
230.42988
230.43607
230.44638
230.45700
230.46585
230.47475
230.51730
231.91426
231.91604
231.92684
232.41128
232.41280
232.41557
232.41915
232.42115
232.42405
233.25786
233.28223
233.28319
233.29040
233.29992
233.58933
233.59826
233.61065
234.24803
234.24963
234.27093
234.27404
234.29564
234.32056
234.41025
234.50016
234.50968
235.27666
235.29008
235.29725
235.29982
235.32391
235.34455
235.56404
235.58553
236.55149
236.56338
236.57268
236.58153
236.59402
236.61613
236.64326
236.64909
236.67293
237.15379
237.16050
237.16457
237.17047
237.17625
237.18100
237.22343
237.54301
237.54443
237.54734
237.56436
237.70519
237.71846
237.78546
238.36015
238.39305
238.44197
238.44340
238.74966
239.36857
239.42690
239.46153
239.47906
239.48490
239.49021
239.49569
239.49671
239.54049
239.59090
239.74986
239.78185
239.78286
239.79634
239.80326
239.82174
239.89324
240.01510
240.01803
240.02368
240.02913
240.03017
240.03940
240.05415
240.07045
240.07893
240.08788
240.11204
240.14998
240.15388
240.17117
240.40213
240.50370
240.54399
240.54913
240.55450
240.57035
240.57407
240.59355
240.61400
240.64998
240.80793
240.82561
240.85264
240.86359
240.99941
241.00558
241.00824
241.01134
241.01443
241.02027
241.02610
241.04724
241.06084
241.12460
241.22739
242.31161
242.38005
243.46869
243.49870
243.50502
243.51061
243.52374
243.87490
243.88035
243.88511
243.89078
243.89740
243.89960
243.90248
243.91681
243.94437
243.97169
244.00089
244.57163
244.57623
244.57749
245.01738
245.02137
245.03252
245.03441
245.04151
245.04305
245.04647
245.04929
245.05791
245.07366
245.07759
245.50667
246.19739
246.21376
246.23222
246.25427
246.27095
246.44954
247.34082
247.37404
247.39495
247.40121
247.40492
247.40998
247.42789
247.68546
247.71589
247.76775
247.77401
247.86014
248.28111
248.28325
248.28612
248.28812
248.28921
248.29037
248.92391
248.99050
249.00405
249.04956
249.78735
249.80072
249.81411
249.88028
249.88346
249.88582
249.89320
249.90307
249.91386
250.40456
250.40588
250.41521
250.41729
250.42182
250.42644
250.42964
250.43156
250.43349
250.43665
250.44236
250.44492
250.44719
250.72682
250.75632
250.76128
250.76793
250.77173
250.77817
250.78275
250.78695
250.80359
250.84073
251.14080
251.15589
251.17562
251.47422
251.48068
251.49936
251.51695
251.52389
251.54965
251.61468
251.80698
251.90799
251.90971
251.96178
251.98620
252.52835
252.56953
252.58205
252.60653
252.61571
252.62354
252.64298
252.64840
252.65712
252.66094
252.68075
252.70708
252.71382
254.12402
254.90699
254.91230
254.92667
255.26786
255.29490
255.55250
255.55348
255.56031
255.56819
255.57180
255.57738
255.60371
255.64679
256.27058
256.27695
256.29397
256.30400
256.33715
256.34034
256.36683
256.39914
256.40276
256.40375
256.92329
256.93305
256.94156
256.94252
256.95319
257.24285
257.24972
257.25253
257.26056
257.30057
258.09720
258.35373
258.35823
258.95952
258.96192
258.96956
259.53006
259.53860
259.54886
259.55089
259.55359
259.88326
259.88804
259.89318
259.90567
259.90725
259.90941
259.91137
260.08693
260.11188
260.53767
260.53951
260.55570
260.56626
262.28003
262.37642
262.38386
262.91695
262.91856
262.92093
262.92657
262.93697
262.95281
262.95478
263.38708
263.39532
263.40489
263.43714
263.97381
264.09065
264.09584
264.15718
264.21272
264.21682
264.85354
264.87808
265.55197
265.55657
265.56104
265.56422
265.61751
266.32242
266.32621
266.33990
266.36637
267.01008
267.01760
267.02296
267.02593
267.03076
267.03375
267.03712
267.04904
267.41041
267.41522
267.41768
267.43188
267.44309
267.44535
267.47329
268.46661
268.51429
269.70759
269.71035
269.71210
269.72126
269.76917
269.77758
269.80102
269.80716
269.81728
269.84619
269.86648
269.88464
269.94392
270.38069
270.39617
270.78637
270.79305
271.25683
271.25974
271.26993
271.28686
271.32084
271.66744
271.67978
271.68303
271.69255
271.70628
271.74003
271.75551
271.76994
272.52314
272.61715
272.67034
272.94934
272.98651
272.99263
273.27778
273.28637
273.30980
273.32005
273.33606
273.34270
273.36704
273.61527
273.61742
273.63322
273.63628
273.97339
274.35267
274.35895
274.36984
274.39310
274.39714
274.91993
275.07900
275.08510
275.09907
275.10783
275.12504
276.11565
276.11802
276.14576
276.14786
276.19535
276.27514
276.57012
276.94752
276.95672
276.96531
276.97171
276.97894
276.98240
276.98511
276.99118
277.00664
277.50338
277.80022
277.80268
278.28723
278.44248
278.47866
278.48421
278.49455
278.50641
278.51665
279.01691
279.02923
279.42686
279.43493
279.43953
279.45538
279.47967
280.39071
280.39913
280.40132
280.40327
280.40727
280.41843
280.42281
280.42557
280.42755
280.43045
280.44580
280.44917
280.45299
280.46363
280.48939
280.51614
281.45897
281.45999
281.46296
281.46598
281.47182
281.47304
281.48418
281.48612
281.50634
281.50808
281.52276
281.52960
281.59863
281.64362
281.65439
281.65645
281.66008
281.66106
281.66672
281.68203
281.69717
281.70610
281.71248
282.71623
283.32877
283.33786
283.33950
283.35973
283.37291
283.42711
283.42821
283.43885
283.44282
283.44432
283.44923
283.45215
283.45716
283.46337
283.61303
283.62690
283.63048
283.89599
283.91671
284.21689
284.23148
284.47316
284.48850
284.72917
284.96282
284.97299
284.98107
284.98672
284.99834
285.44298
285.46040
285.46532
285.73601
285.74690
285.74981
285.75110
285.75304
285.75784
285.76903
285.80238
285.83413
285.84718
285.86687
286.63451
287.18300
287.18704
287.18812
287.19990
287.22429
287.22922
287.23442
287.23623
287.24259
287.24841
287.26168
287.26286
287.46179
287.47025
287.47862
288.15378
288.15481
288.15912
288.16613
288.16726
288.16897
288.18844
288.21875
288.22543
288.22927
289.17206
289.17974
289.18438
289.18802
289.18916
289.50359
290.10524
290.41742
290.42206
290.53930
290.70245
290.70791
290.71783
290.83799
290.88177
291.91105
291.92021
291.95566
291.97681
291.97945
292.16056
292.16751
292.17331
292.18282
292.19221
292.20473
292.21933
292.22303
292.23716
292.24865
292.74194
292.75230
292.75526
292.75979
292.76332
292.76550
292.76702
292.76936
292.88297
293.62319
293.63427
293.94203
293.96949
293.98214
294.78104
294.78710
294.79901
294.80313
294.80880
294.82302
294.84653
294.96057
294.96895
294.97947
295.09592
295.12259
295.13617
295.14233
295.14382
295.15225
295.21790
295.22253
295.23921
295.28005
295.34343
295.34885
295.35139
295.37115
295.38569
295.40095
295.41348
295.41575
295.45296
295.45575
295.46559
295.46745
295.49615
295.87283
295.89732
295.93133
295.95082
295.95196
295.97107
295.97321
296.00127
296.13250
296.19943
296.22546
296.23855
296.30705
296.32749
296.46250
296.46727
296.48905
296.53369
296.54740
296.55075
296.65246
297.70221
298.11541
298.12137
298.12892
298.13000
298.13573
298.90856
298.93541
298.96953
298.99686
299.39458
299.40602
299.41908
300.18324
300.18580
300.19288
300.20099
300.20893
300.21897
300.22361
300.23568
300.25534
300.26315
300.26499
300.26896
300.27869
300.28637
300.29922
300.32192
300.63609
300.64363
300.64783
300.65945
300.67713
301.43263
301.43712
301.44206
301.44449
301.44579
301.45186
301.46264
301.46551
301.47974
301.53591
302.07929
302.10066
302.54862
302.57993
302.58160
303.13618
303.13725
303.14022
303.14280
303.14540
303.15149
303.15252
303.28514
303.30049
303.56849
303.62508
303.63765
303.67077
304.33494
304.35329
304.37831
304.39018
304.39535
304.41389
304.42324
304.42489
304.42622
304.43224
305.00057
305.00530
305.00923
305.01987
305.02580
305.02829
305.03151
305.04043
305.05687
305.31585
305.33531
305.67640
305.68130
306.06468
306.54881
306.56272
306.66969
306.97556
306.98962
306.99192
307.73808
307.74578
308.72425
308.72778
309.03814
309.44516
310.01118
310.02446
310.03262
310.03459
310.04541
310.05769
310.13097
310.15135
310.17179
311.02438
311.03486
311.03583
311.04068
311.04459
311.04889
311.07190
311.73472
311.79476
311.80501
311.82475
313.02476
313.02708
313.03457
313.18165
313.19695
313.20119
313.21400
313.21817
313.26923
313.27780
313.27945
313.28283
313.28634
313.79778
313.80911
313.81087
313.81765
313.82689
313.83334
313.83814
313.84236
313.91445
313.97730
314.24732
314.25111
314.25386
314.26453
314.28541
314.84835
314.86624
314.90765
315.04758
315.76033
315.78175
315.90836
315.93140
315.93472
315.94244
315.94997
315.95173
315.95884
315.96813
315.97702
315.98770
316.00010
316.00119
316.00230
316.99929
317.43178
317.43413
317.44083
317.45008
317.45231
317.46456
317.55327
317.57574
317.58759
317.59943
317.76660
317.77546
317.78421
317.80202
317.81502
317.82788
317.83248
317.86851
317.87400
317.90431
317.97412
317.97558
317.98050
317.98947
318.05021
318.13394
318.20258
318.21208
318.35934
318.52026
318.53183
318.55854
318.58422
318.58765
318.60997
318.75912
318.77793
318.78463
318.78952
318.95540
318.96698
318.97766
318.99377
319.09155
319.13678
319.18834
320.73390
320.84349
320.84963
320.85074
320.85822
320.86170
320.86370
320.87962
321.44125
321.46365
321.46661
321.47500
321.47616
321.48810
321.49828
321.51479
321.55996
321.57143
321.58071
321.58221
321.58505
321.60477
322.16804
322.17347
322.18059
322.18300
322.19009
322.53819
322.55914
322.56794
322.58438
323.19466
323.87893
323.88467
323.89271
323.90834
323.91083
323.91330
323.91454
323.91866
323.92364
323.98173
324.87573
324.87822
324.88120
324.88604
324.88761
324.89508
324.91081
324.91444
324.92187
324.92567
324.94050
325.39710
325.40351
325.40504
325.41503
325.42048
325.42175
325.42465
325.42743
325.43175
325.43824
325.44118
325.44430
325.45899
325.51190
326.39424
326.50844
326.91142
327.07444
327.34443
327.35187
327.36663
327.37431
327.38153
327.39729
327.49704
328.02080
328.03818
328.08362
328.08667
328.09442
328.11035
328.12134
328.24733
328.28421
328.29487
328.29590
328.29686
328.29961
328.46098
328.75455
328.76858
328.78161
328.78705
328.82752
328.96991
328.97951
328.98566
328.99665
329.00214
329.01663
329.02830
329.06432
329.08073
329.09490
329.12679
329.16481
329.30361
329.34823
329.36270
329.44299
329.45894
329.46819
329.47374
329.47554
329.48559
329.52431
329.64174
329.64702
329.66862
329.73076
330.07086
330.65077
330.65766
330.66275
330.66813
330.67137
330.68061
330.71083
332.54795
332.56818
332.57064
332.57763
332.58417
332.58680
332.58787
332.59517
332.62541
332.91172
333.64767
333.65425
333.66498
333.72078
333.75394
333.76924
333.77358
333.77816
333.78013
333.78440
333.78795
333.79730
333.82748
333.83304
333.84688
334.39042
334.39720
334.40272
334.40457
334.41076
334.41344
334.41469
334.41763
334.42031
334.42744
334.44161
334.45143
334.45395
334.45686
334.46092
334.46363
334.47124
334.47717
335.25683
335.26061
335.26482
335.27985
335.68400
335.68686
336.28442
336.29633
336.29991
336.30422
336.31222
336.32178
336.32776
336.46507
336.46750
336.46884
336.47049
336.47413
336.48021
336.48297
336.48444
336.49292
336.49912
337.33996
337.34906
337.35347
337.35664
338.12804
338.13405
338.24391
338.24955
338.25226
338.26128
338.26800
338.27050
338.35372
338.48715
338.62373
338.63837
338.66030
340.04873
340.05720
340.06417
340.07343
340.09675
340.10062
340.38718
341.20293
341.40387
341.94105
341.96127
341.96838
342.37696
342.38418
342.38965
342.39093
342.39473
342.40141
342.40327
342.40639
342.42017
342.42449
343.11998
343.12162
343.12267
343.12727
343.12852
343.13425
343.13783
343.15454
343.16384
343.16658
343.17360
343.18361
343.18677
343.73330
343.75167
343.93715
343.94553
343.95243
344.01545
344.37050
344.50620
345.64716
345.65431
345.65763
345.66338
345.67014
345.68282
345.68924
345.69286
345.69583
345.70023
345.71410
345.71960
345.74256
345.79309
345.81752
345.83361
345.88657
346.06775
346.07243
346.08664
346.09295
346.94799
346.95003
346.95617
346.96122
346.96265
346.96576
346.96739
347.54680
347.60716
347.61386
347.61964
348.25067
348.26194
348.27006
348.27916
348.29303
348.50564
348.50795
348.51504
348.61667
348.84651
348.86640
348.91970
348.92625
348.93515
348.94604
348.95528
348.95735
348.96795
348.96953
348.99557
349.02680
349.04585
349.06855
349.08011
349.10429
349.18642
349.33403
349.39325
349.40674
349.69358
349.71267
349.72614
349.73303
349.95317
349.96504
350.44550
350.46086
350.46618
350.47635
350.48790
350.52228
350.52561
350.54563
350.76624
351.23630
351.25848
351.27508
351.27639
352.65056
352.65194
352.66270
352.66546
352.66988
352.68963
352.70319
352.70562
352.92586
352.92886
352.94167
352.94971
352.95191
352.99222
353.00395
353.00574
353.00731
353.00950
353.01140
353.02262
353.02545
353.62641
353.63006
353.63302
353.63492
353.63608
353.63946
353.64425
353.64551
353.65266
353.66991
353.68653
353.74335
353.76178
353.78644
354.73252
354.73923
354.74246
354.74985
354.75449
355.23488
355.24176
355.24979
355.35793
355.54489
355.55635
355.99615
356.04507
356.04652
356.05195
356.05521
356.05780
356.07006
356.07219
356.19513
356.20276
356.21112
356.23360
356.69925
357.36922
357.37058
357.39209
357.39316
357.39837
357.40567
357.40722
357.40917
357.42235
357.69200
357.70848
357.73065
357.73339
358.17368
358.41105
358.41460
358.60888
358.61226
358.62258
358.90671
358.91676
358.92276
358.93483
359.76552
359.77258
359.77871
359.78967
360.23942
360.25035
360.26718
360.28440
360.28538
360.29898
360.46019
360.50563
360.75683
361.96055
361.96303
362.02835
362.05010
362.49590
362.49694
362.87172
362.88309
362.88515
362.89313
362.89821
363.02745
363.03573
363.08239
363.08872
363.56897
364.09301
364.09810
364.11186
364.11510
364.12216
364.12835
364.13834
364.16543
364.17741
364.49590
364.51277
364.97397
365.90328
365.91760
365.92521
365.97461
366.00959
366.02153
366.30531
366.33530
366.33833
366.34792
366.34983
366.47521
366.47949
366.48475
366.48799
367.00543
367.00840
367.01189
367.01636
367.03132
367.06544
367.10183
367.11869
367.13997
367.14426
367.14770
367.16276
367.16859
367.60792
367.62145
367.62422
367.80597
367.81183
367.83242
367.84532
368.55572
368.59598
368.85647
369.32536
369.32706
369.33010
369.33467
369.33569
369.34430
369.34782
369.36060
369.36835
369.38082
369.38410
369.38996
369.74992
369.75191
369.92088
369.94866
370.01624
370.39840
370.41503
370.42307
370.48280
370.58170
371.23267
371.23372
371.25156
371.25485
371.29133
371.29841
371.30290
371.58216
371.66810
371.78213
371.78995
371.80970
372.16509
372.16687
372.18147
372.18745
372.19328
372.20252
372.23804
372.23944
372.54531
372.55826
372.55993
372.60374
372.62538
372.63306
372.63480
372.64137
372.65452
372.65865
372.66212
372.68484
372.70037
372.72237
372.73746
372.74406
372.74799
372.75161
373.03990
373.06716
373.08499
373.09156
373.13466
373.16029
373.18015
373.91522
373.92252
373.93229
374.42576
374.54464
374.55225
374.56396
374.65136
375.32208
375.32757
376.09440
376.10893
376.12876
376.13155
376.13332
376.13439
376.15136
376.15786
376.18130
376.25005
376.52908
376.53332
376.53500
376.53736
376.54983
376.64410
377.06796
377.56822
377.94132
377.94804
377.95406
377.96019
377.99405
378.00740
378.01386
378.04470
378.61264
378.61881
378.62659
378.63257
378.63457
378.64521
378.65396
378.66300
378.68651
378.70004
378.71501
378.76826
379.29732
379.30033
379.30749
379.31500
379.32147
379.33112
379.38880
379.39803
379.40107
379.75096
379.75382
379.75725
379.75950
379.77527
380.63609
380.64223
380.65425
380.65559
380.69073
380.69236
380.69511
380.69832
380.74385
381.32759
381.33289
381.33398
381.33728
381.34808
381.36041
381.43385
381.46085
381.59746
381.64593
381.66416
381.66913
381.73239
381.85566
381.85977
381.86262
381.87017
381.87936
381.89235
381.97826
382.01997
382.05124
382.06576
382.46465
382.46669
382.51995
382.57362
382.71485
382.99758
383.00285
383.02719
383.23415
385.01652
385.02538
385.04126
385.04466
385.04940
385.05082
385.05183
385.06324
385.06771
385.07017
385.07902
385.08823
385.11258
385.39136
385.70284
385.70443
385.70722
385.71104
386.24459
386.24873
387.05464
387.06383
387.09745
387.11705
387.13984
387.20068
387.24383
387.25208
387.25457
387.32777
387.37715
387.46815
387.47193
388.01073
388.02128
388.02623
388.03305
388.05072
388.34744
388.35606
388.44021
388.50819
388.50933
388.89011
388.95710
389.00410
389.05288
389.05856
389.05956
389.06219
389.06738
389.06973
389.07394
389.08155
389.98999
389.99837
390.01354
390.02247
390.21678
390.22765
390.23551
390.74988
390.75393
390.75657
390.77863
390.79486
391.31653
391.32175
391.32388
391.32886
391.33488
391.36049
391.36153
391.37651
391.40999
391.78745
391.79709
391.96343
392.21788
392.22230
392.22598
392.22905
392.23586
392.29572
392.30289
392.30656
392.31329
392.33181
392.41348
393.14578
393.32687
393.33047
393.33437
393.33840
393.34115
393.34367
393.34634
393.34802
393.35332
393.35745
393.36660
393.36928
393.40424
393.43926
393.44503
393.46651
393.47913
393.51358
393.54322
393.55330
393.65965
393.81671
393.81909
394.09413
394.11696
394.12627
394.13599
394.52288
394.59681
394.59976
394.60624
394.86639
394.87678
394.87780
394.89576
394.90091
395.14222
395.16340
395.35267
395.36048
395.64234
395.65222
395.66546
395.68168
395.68758
395.70452
395.70596
395.73197
397.39596
398.23849
398.24159
398.25674
398.30143
398.99355
399.37083
399.37874
399.39120
399.45880
400.06282
400.14901
400.17653
400.81978
400.82312
400.82894
400.84090
400.84292
400.85183
400.87378
400.88322
400.89551
400.89843
401.53940
401.56825
401.58589
401.59520
401.59880
401.60819
401.66238
401.67532
401.72537
401.74266
401.75523
401.76963
401.77151
401.77926
401.79221
401.80598
401.81797
401.82710
401.84136
402.27715
402.30531
402.68169
402.69143
402.73177
402.78856
403.83184
403.83802
403.86482
403.87180
403.92530
404.19513
404.27846
404.30494
404.39169
404.39813
404.67157
404.67603
404.69184
404.70980
404.71384
404.73014
404.94506
404.97395
404.99122
405.00492
405.02103
405.12873
405.13687
405.14097
405.14603
405.15827
405.16102
405.18400
405.20552
405.22505
405.51568
405.52059
405.52324
405.53437
405.53724
405.54325
405.55109
405.56643
405.70733
405.72358
405.73467
405.79782
406.19804
406.31343
406.32549
406.50713
406.50841
406.60458
406.63111
407.26108
407.28301
407.54502
407.58464
407.60009
407.60798
407.61479
407.62411
407.64080
407.66099
408.87594
408.87966
408.88461
408.88716
408.89494
408.91487
408.93046
408.95435
408.97184
408.97479
409.00174
409.02194
409.03403
409.06412
409.07021
409.07706
409.78119
409.78439
409.79731
411.25681
411.27434
411.51283
411.52486
411.97491
412.43777
412.44966
412.45341
412.45624
412.46266
412.47924
412.48043
412.49613
412.52043
412.54592
412.54712
413.27342
413.27645
413.29292
413.29837
413.30328
413.32807
413.34850
413.36075
413.66285
413.67311
413.67520
413.72699
413.73318
413.74192
413.74965
413.76158
413.76701
413.79725
413.83186
413.83349
413.84715
414.58492
415.16626
415.44949
415.45119
415.47600
415.49367
415.50961
415.52157
415.52627
415.53261
415.54075
415.65099
415.81670
415.84376
415.86424
415.86659
415.88017
415.88323
415.91339
415.93225
415.93901
416.05043
416.05647
416.06148
416.07128
416.08539
416.09692
416.11667
416.11900
416.13666
416.14340
416.16622
416.17564
416.23943
416.67293
416.69062
416.84643
416.84901
416.85666
416.86184
416.87262
417.25593
417.25997
417.99744
418.60280
418.62370
418.78031
418.78560
418.78678
418.79539
418.84954
419.00641
420.23408
420.23716
420.30297
420.30694
420.32579
420.47853
420.48993
420.49660
420.73167
421.50750
421.51265
421.52259
421.52667
421.68545
421.68772
421.69880
421.70622
421.71481
421.72043
422.33876
422.34664
422.77588
422.82498
422.87645
422.88624
422.89411
422.90548
423.07500
423.60996
423.61731
423.62315
423.62564
423.63347
423.63605
423.65709
424.38589
424.38966
424.39661
424.40340
424.41262
424.41641
424.43993
424.44243
424.44653
424.46237
424.46895
424.51290
424.51931
424.85352
424.89298
425.98717
425.99678
426.02216
426.03708
426.03819
426.07333
426.11647
427.41412
427.41734
427.44642
427.72134
427.74610
428.87173
428.87870
428.88068
428.90345
428.92494
429.36927
429.37266
429.38216
429.38434
429.38589
429.38832
429.39303
429.41175
429.49241
429.51867
430.03882
430.18963
430.21661
430.31439
430.73670
431.50589
431.51108
431.51410
431.51891
431.52167
431.52727
431.52866
431.53264
431.54530
431.69504
431.74273
431.74622
431.75860
431.77114
431.78167
431.78310
431.89268
431.91653
432.08082
432.08192
432.08461
433.23601
433.29473
433.71072
433.71170
433.71282
433.71810
433.72272
433.72934
433.74179
433.75923
433.78363
434.02654
434.03210
434.03470
434.03939
434.04684
434.05119
434.05732
434.40617
434.63851
434.65963
434.66316
434.67237
434.68022
434.68357
434.69434
434.83196
435.69992
436.65296
436.66690
436.69548
436.70525
436.71631
436.75034
437.09568
437.10317
437.13791
437.14651
437.15272
437.22257
437.26877
437.27301
437.27566
437.27682
437.28082
437.28816
437.29332
437.29582
437.30186
437.30483
437.31553
437.37722
437.44450
437.46838
437.55508
437.57170
437.75131
437.75535
437.76518
437.83604
438.04030
438.05374
438.06062
438.07485
438.08140
438.08263
438.13187
438.52638
438.55245
438.55509
438.56562
438.57315
438.71537
438.80537
438.82171
438.83024
438.83658
438.85344
438.85725
438.91106
439.45374
439.60653
439.61181
439.62866
439.67636
439.69920
439.72140
440.43114
440.43683
440.67581
441.23600
442.44309
442.44696
442.44969
442.45285
442.45577
442.46096
442.46289
442.46529
442.47564
442.49186
442.49282
442.50329
442.52144
442.53175
442.53813
442.54888
442.55517
442.55706
442.56865
442.58881
442.61229
442.61961
442.63350
442.77561
443.67178
443.67921
443.73245
444.56026
444.56596
444.61561
444.61874
444.62473
444.63349
444.70229
444.70350
444.72071
444.84466
444.84889
444.85487
444.85902
444.86661
444.87571
444.88169
445.67119
445.68991
445.69565
445.73245
446.65822
446.67071
446.67570
446.69217
446.72889
447.13918
447.23171
447.23581
447.23679
447.23962
447.24536
447.40194
448.01781
448.02849
448.03672
448.04567
448.04962
448.05716
448.08317
448.36228
448.37405
448.38771
448.39851
448.44092
449.41371
449.42814
449.46948
449.72164
449.74852
449.77749
449.97135
450.66519
450.71812
450.72546
450.73810
450.73908
451.42443
451.43532
451.46225
451.49867
451.50813
451.52796
451.90746
451.94864
452.14180
452.14458
452.14566
452.48674
452.49062
452.49737
452.50114
452.50435
452.50973
452.56599
452.58184
453.24532
453.24732
453.25035
453.25690
453.26166
453.26313
453.26575
453.26838
453.28285
453.40868
453.44517
453.46340
453.84972
454.28789
454.75104
454.76230
454.76969
454.77677
454.78436
454.79308
454.80442
454.80876
454.81271
454.81819
454.82045
454.82823
454.84361
455.30176
455.91832
455.91939
455.92711
455.93329
455.95140
457.03704
457.04211
457.05515
457.49565
457.49939
457.51007
457.51543
457.54507
457.55453
457.55786
457.56627
457.56928
457.57140
457.57705
457.57852
457.58744
458.71473
458.71806
458.72051
458.72403
458.73118
458.73289
458.73502
458.74236
458.74384
458.74769
458.75177
458.75503
458.75855
458.76167
458.76561
458.78250
459.84154
459.85611
459.92394
459.92937
460.11292
460.19183
460.22181
460.24799
460.25599
460.26675
460.28160
460.32795
460.33805
460.45207
460.45606
460.45707
460.46166
460.47193
460.47304
460.49096
460.50985
460.59795
460.61234
460.61376
460.63571
460.68132
460.99139
461.00846
461.07485
461.10261
461.25122
461.31491
461.32442
461.36183
461.38476
461.43589
461.44640
461.45141
461.47011
461.47690
461.50568
461.52562
461.55367
461.55478
461.57861
461.63926
461.66787
462.59154
462.98845
463.63504
463.64842
463.65863
463.67615
463.68226
463.68344
463.69834
463.70137
463.70927
464.18462
464.18871
464.19253
464.19391
464.19641
464.20020
464.20164
464.20998
464.21158
464.41182
464.93473
464.94468
464.95196
464.96029
465.30707
465.95269
465.95417
465.95529
465.95775
465.95875
465.96566
465.97118
465.97821
465.99030
466.00153
466.00681
466.01795
466.11855
466.16658
466.16775
466.31160
466.87185
466.88428
466.89971
467.37164
467.69047
467.70292
467.71140
467.71417
467.71538
467.72073
467.72847
467.73181
467.73783
467.74471
467.74790
467.75291
467.76312
467.76472
467.78625
468.66838
468.68459
468.83504
469.36493
469.37094
469.37750
469.67120
469.68172
469.71814
469.72298
469.74073
469.88489
470.04795
470.05338
470.09227
470.11863
470.13470
470.19032
470.22502
470.23223
470.23515
470.23693
470.24100
470.24384
470.24781
470.25426
470.27088
470.42509
470.72456
470.72871
470.73122
470.78143
471.01054
471.02086
471.12165
471.15401
471.64502
471.76704
471.77263
471.78431
471.78536
471.78868
471.80126
471.83184
471.83308
471.84312
471.84513
472.46159
472.55035
472.56556
472.57110
472.58380
472.60520
473.13809
474.35914
474.36467
474.37099
474.39761
474.42197
474.43715
474.44200
474.82105
474.82552
474.85890
474.91556
474.95388
475.30918
475.32969
475.34188
475.34898
475.35140
475.37501
475.37831
475.37993
475.38415
475.39076
475.40438
476.14965
476.19929
476.62228
476.62367
476.62837
476.63263
476.64153
476.65482
476.73841
476.75824
476.78564
477.16217
477.20315
477.21613
477.21910
477.22397
477.22515
477.57473
477.61743
477.62246
477.64164
477.65444
478.37817
478.37916
478.38170
478.38279
478.38484
478.38601
478.38975
478.39264
478.40018
478.42460
478.42635
478.44599
478.44779
478.45995
478.46922
478.47183
478.47850
479.13020
479.13284
479.13586
479.14274
479.14878
479.15767
480.03110
480.47827
480.48630
480.48751
481.49640
481.50251
481.50561
481.52156
481.52795
481.53747
481.54455
481.55213
481.61155
481.61402
481.65423
482.20544
482.21064
482.21827
482.42104
482.42852
482.44881
482.45707
482.79958
482.81599
482.85536
482.93475
482.94474
483.49384
483.50524
483.61833
484.11518
484.29809
485.24841
485.25165
485.26517
485.26905
485.27192
485.28177
485.33595
486.01569
486.01850
486.02059
486.43811
486.43939
486.44238
486.44389
486.44746
486.45311
486.45533
486.47085
486.48621
486.49931
486.50308
486.50577
486.50751
486.51201
486.52073
487.25639
487.77386
487.77731
487.78355
487.78610
487.78728
487.79302
488.54549
488.55516
488.55627
488.56491
488.59032
488.59981
488.66148
488.69779
488.72913
488.75182
488.76208
488.82016
488.82251
488.82779
488.83184
489.26479
490.12602
490.13095
490.13278
490.13858
490.14174
490.14964
490.15155
490.15540
490.16367
490.19804
490.19981
490.20154
490.22824
490.24548
490.28486
490.47783
490.58171
490.59063
490.79174
491.33112
491.33820
491.36178
491.63749
491.64045
491.64460
491.70931
491.84800
492.26102
492.27082
492.27192
492.28610
492.29799
492.38050
492.39498
492.43408
492.44171
492.44593
492.45190
492.45292
492.45741
492.45853
492.46191
492.46767
492.47224
492.48122
492.48463
492.49387
492.50525
492.50871
492.93003
492.94055
492.96563
493.04344
493.21140
493.21825
493.21940
493.23735
493.28115
493.31553
493.68830
493.69156
493.70093
493.70763
493.73602
493.74230
493.75847
493.76063
493.76579
493.96755
493.97278
493.98503
493.99891
494.01383
494.46023
494.78433
494.79262
494.79453
494.81817
494.84950
495.94472
495.95547
495.96538
496.09691
496.73385
496.74095
496.74511
496.74955
496.75054
496.75671
496.77044
496.77457
496.78876
496.80084
496.82474
496.82801
496.84912
497.42739
497.43051
497.43228
497.43381
497.43636
497.46785
498.15642
498.16360
498.16549
498.17937
498.18422
498.22931
498.23632
498.41385
498.41747
498.41915
498.42061
498.42757
498.43616
498.44138
498.45121
498.45628
498.45791
498.47326
499.04883
499.16728
499.17333
499.24568
499.31113
500.00980
500.01296
500.24278
500.83005
500.83278
500.83792
500.84050
500.86120
500.99579
501.00645
501.01601
501.03355
501.56108
501.56331
501.58284
502.54074
502.61870
502.62214
502.64163
502.65590
502.65694
502.67177
502.69069
502.69725
502.70148
502.71945
502.76531
503.36383
503.37838
503.39642
503.39859
503.42600
503.46044
503.46213
503.46694
503.58504
503.59643
503.63493
503.67176
504.11013
504.32400
504.32599
504.33000
504.34104
504.34326
504.35807
504.37906
504.44044
504.66846
504.70121
504.70440
504.70966
504.72586
504.75034
504.78967
504.93152
504.99611
505.00681
505.33079
505.37484
505.38449
505.39791
505.40296
505.41162
505.41502
505.42841
505.72717
505.75172
506.05910
506.08462
506.48583
506.50311
506.55348
507.05017
507.31013
508.24291
508.24974
508.25352
508.25584
508.25721
508.25932
508.26961
508.27712
508.27930
508.28357
508.30736
508.33613
508.39677
508.95558
509.15577
509.17140
509.17274
509.17449
509.17939
509.18294
509.18545
509.87627
509.93498
510.30863
510.31364
510.31523
510.31957
510.32616
510.32973
510.33406
510.34296
510.34524
510.34642
510.37078
510.37615
510.38635
512.29315
512.30717
512.31093
512.31580
512.34625
512.35610
512.40589
512.42748
512.43257
512.43482
512.66810
512.70801
512.71558
512.74991
513.28961
513.29531
513.30569
513.31232
513.89327
513.90349
513.91411
513.92545
513.92700
513.95944
513.98486
514.00880
514.01561
514.09269
514.12708
514.13164
514.15541
514.19099
514.20851
514.83459
515.87772
515.89622
516.61984
516.62515
516.63216
516.63405
516.64027
516.64178
516.64406
516.64624
516.66231
516.67233
516.68408
516.72505
516.73550
516.80815
516.81483
517.22911
517.27450
517.28265
517.28607
517.31068
517.76466
517.78087
519.36521
519.37238
519.37372
519.38446
519.38548
519.41993
519.45082
519.46379
519.59538
519.74587
519.74905
519.75970
520.57250
520.59225
520.59507
520.60274
521.76805
521.77278
521.77529
521.77762
521.78455
521.78725
521.78859
521.79680
521.88771
522.13744
522.40006
522.40591
522.85997
522.86652
522.88299
523.15705
523.39826
523.40399
523.41185
523.42132
523.43434
523.44058
523.90708
524.58406
524.58982
524.62791
524.65696
525.08861
525.09463
525.09931
525.10190
525.10846
525.14026
525.20227
525.24369
525.26105
525.26614
525.28017
525.29443
525.33281
525.36686
525.37733
525.41792
525.43864
525.45578
525.46196
525.48279
525.50602
525.51936
525.53262
525.54263
525.62402
525.62512
525.62913
525.63075
525.63683
525.64082
525.64251
525.64396
525.64741
525.65285
525.67156
525.67357
525.72105
525.76439
525.78986
525.81585
525.83197
526.24761
526.26378
526.40590
526.41842
526.43352
526.61969
526.62355
526.63160
526.63759
526.66258
526.75197
526.78701
526.80624
526.84508
526.90371
526.92044
527.05635
527.08875
527.11308
527.13365
527.71781
528.04108
528.04211
528.63960
528.64067
528.64222
528.64703
528.65039
528.65220
528.65353
528.65684
528.65900
528.66501
528.66764
528.68256
528.71907
529.19585
529.20012
529.20785
529.21178
529.23652
529.49586
529.50673
529.52956
529.54119
529.55836
530.23341
530.24172
530.25611
530.29903
530.30751
530.32047
530.98041
530.98790
530.98922
530.99564
530.99895
531.00658
531.00797
531.01256
531.01896
531.02297
531.02537
531.03057
531.04133
531.04426
531.05009
531.05171
531.08305
531.10872
531.13193
531.19541
531.20367
531.67946
531.68808
531.69242
531.71539
531.81803
531.82371
531.82947
531.83368
531.83841
531.84607
531.84867
531.85588
531.85897
531.86906
531.90558
531.94038
531.94207
531.94954
531.96044
532.02542
533.06010
533.17485
533.52511
533.53213
533.53658
533.53893
533.54570
533.54709
533.55239
533.61298
533.69803
534.60922
534.61906
534.62919
534.65957
534.66881
534.72176
535.46894
535.47658
535.47971
535.48861
535.49355
535.49525
535.49817
535.51180
535.51436
535.52201
535.54531
535.56258
535.59923
535.68545
535.69607
535.71882
535.72509
535.72829
535.73411
535.74664
535.79906
536.43515
536.53356
536.55733
536.64761
536.65207
536.65813
536.67387
536.68920
536.71140
537.17740
537.17884
537.18857
537.19044
537.20778
537.20901
537.38829
537.42542
537.43547
537.44298
537.44517
537.45789
537.45902
537.46958
537.49533
537.50570
537.54380
537.57494
537.74779
537.75607
537.76641
537.81938
538.42930
538.68641
539.13399
539.14025
539.15198
539.17204
539.21296
539.21895
539.22772
539.23343
539.23544
539.23898
539.24293
539.25017
539.25501
539.25678
540.62362
540.64282
541.46100
541.46811
541.47459
541.48782
541.49252
541.49525
541.49944
541.50526
541.52129
542.37157
542.37961
542.38234
542.38423
542.39131
542.39274
542.39904
542.41878
543.30599
543.32009
543.32310
543.33579
543.44303
543.70269
544.06175
544.07627
544.10198
544.70799
544.75820
545.29479
545.30199
545.31162
545.31852
545.33100
546.07089
546.07503
546.07608
546.07917
546.08397
546.08659
546.09092
546.09324
546.09792
546.09910
546.11668
546.14200
546.67193
546.67411
546.67643
546.72477
547.40392
547.40971
547.41639
547.43709
547.43880
548.20533
548.21845
548.32137
548.33168
548.47694
548.48858
548.49124
548.49880
548.50150
548.50792
548.51641
548.54161
548.60986
548.64394
548.73266
548.74804
548.98403
548.99447
548.99848
549.25172
549.26034
549.26340
549.27442
549.28572
549.29468
549.75203
550.03599
550.03726
550.05192
550.06399
550.15978
550.16293
550.16627
550.82507
550.83106
550.83918
550.85600
550.86492
551.91667
551.92661
551.93556
552.71798
552.72460
552.73973
552.75177
553.46757
553.49799
553.50379
553.51395
553.52276
553.55128
553.56308
553.75525
554.40981
554.41238
554.41334
554.41673
554.42883
554.43054
554.47139
554.47536
554.49938
554.50571
554.50975
554.52039
554.52206
554.54797
554.54971
554.61248
554.73922
555.04012
555.04756
555.04960
555.06461
555.06877
555.07184
555.07338
555.09120
555.09678
555.09839
555.09996
555.11303
555.76017
555.76350
555.77031
556.34524
556.35189
556.36238
556.36984
556.43569
556.56370
556.56969
556.57586
556.57779
556.58902
556.59354
556.59771
556.71954
557.48497
557.49585
557.51510
558.05007
558.05470
558.05645
558.06084
558.06604
558.06918
558.07070
558.08582
558.09487
559.05827
559.08180
559.08868
559.09633
559.09900
559.13569
559.51923
559.53839
559.57867
559.72666
559.76750
561.48601
561.82867
561.83598
561.84123
561.84457
561.85704
561.87001
561.87557
562.13244
562.15061
562.15204
562.40969
562.41482
562.42219
562.76193
562.76469
562.78128
562.79875
562.81900
562.84249
562.84796
562.91320
562.91517
564.11320
564.11761
564.13268
564.49533
564.52115
564.52601
564.53192
564.54248
564.55537
564.66147
564.67185
564.67524
564.79773
564.80154
565.76006
565.77478
565.78599
565.78851
566.27246
566.27948
566.28239
566.29067
567.19826
567.21759
567.23362
567.25504
567.26937
568.20399
568.21211
568.22092
568.22374
568.53083
568.53196
568.53486
568.54267
568.55166
569.48291
569.48677
569.49372
569.59870
569.63516
569.74554
569.74852
569.76388
569.78040
569.78759
569.79079
569.80409
569.80933
569.82090
569.83153
569.83770
569.85057
569.86500
570.00744
570.01515
570.02255
570.02952
570.05185
570.08737
570.08978
570.13978
570.17313
570.20198
570.21968
570.32488
570.61112
570.63280
570.64576
570.64869
570.80090
570.80369
570.81104
571.01561
571.04026
571.16514
571.18470
572.72954
572.74517
572.79227
572.79422
573.07419
573.07578
573.07724
573.07855
573.07979
573.08099
573.08407
573.08505
573.08669
573.08923
573.09114
573.09445
573.10426
573.12732
573.13128
573.15993
574.34414
574.34957
574.36629
574.37092
574.51869
574.51994
574.69593
574.69759
575.22965
575.23299
575.23605
575.24890
575.72037
575.72317
575.73108
575.74447
575.74654
575.75053
575.75512
575.77077
575.84724
576.46337
576.46645
576.46807
576.47474
576.48427
576.51481
577.12006
577.13571
577.15481
577.17700
577.18710
577.23027
577.25075
577.69774
577.72080
577.97855
577.98914
577.99146
578.00297
578.00692
578.01310
578.01889
578.02211
578.24278
578.25301
578.33475
578.33698
578.35946
578.59726
578.60440
578.61247
579.44044
579.44988
579.45155
579.45885
579.46023
579.46161
579.46914
579.47325
579.47741
579.48009
579.48598
579.49239
579.80832
579.84629
579.86422
580.44208
580.45751
580.46716
580.47090
580.49433
581.52018
581.58008
582.17904
582.18344
582.18671
583.09653
583.10267
583.10620
583.11117
583.11324
583.11444
583.13620
583.16297
583.49291
583.50028
583.50365
583.51206
583.52121
583.52240
583.54441
584.96236
584.96456
584.96899
584.97847
585.01234
585.05006
585.07005
585.08462
585.11376
585.13651
585.20594
585.78184
585.78346
585.78625
585.79411
585.80233
585.80504
585.81653
585.81922
585.82413
585.82888
585.86503
585.86641
585.87983
586.31824
586.32633
586.32790
586.34339
586.34695
586.35801
587.06659
587.06992
587.09397
587.10533
587.12071
587.14966
587.20696
587.21776
587.22438
587.22894
587.23282
587.24252
587.24649
587.25892
588.18884
588.21404
588.22806
589.07894
589.09644
589.12270
589.12995
589.21179
589.21366
589.21812
589.22059
589.22735
590.28292
590.41806
590.42894
590.43375
590.56629
590.58852
590.60963
590.61934
590.71681
591.31540
591.32218
591.32343
591.32893
591.33622
591.33866
591.34544
591.34946
591.39549
591.72703
591.73525
591.79922
591.80282
591.80735
591.81469
591.81638
591.82028
591.82427
591.85334
591.92031
592.07229
592.07819
592.07993
592.10023
592.11939
592.13317
592.14111
592.14976
592.15293
592.16057
592.21381
592.21644
592.33664
592.34059
592.34163
592.35291
592.46329
592.47289
592.49386
592.49860
592.51426
592.53316
592.53753
592.55222
592.60597
592.61070
592.61917
592.63269
592.63455
592.66290
592.84818
592.86487
592.86603
592.87240
592.88029
592.96362
592.97204
593.11428
593.12324
593.13075
593.14308
593.14715
593.34227
593.37708
593.63543
593.64289
594.67667
594.68810
594.80883
595.16970
595.17246
595.17389
595.17490
595.18057
595.18853
595.19179
596.15273
596.15810
596.16457
596.17144
596.17244
596.17595
596.17696
596.19687
596.19982
596.20187
596.81050
596.81238
596.81427
596.81932
596.82368
596.82683
596.87327
596.88793
596.97615
597.57526
597.58630
597.58847
597.59751
597.60007
597.60475
597.60717
597.64021
597.76192
597.76298
597.76605
597.77743
597.79060
597.90005
597.93269
597.97199
598.62185
598.63441
598.71024
598.74318
598.74536
599.11040
599.30329
599.33365
599.34020
599.37690
599.46675
600.85939
600.86075
601.44705
601.46201
601.46402
601.46950
601.47237
601.47584
601.50274
601.77379
602.62641
602.63906
602.65050
602.72401
602.81139
602.81262
602.82314
602.82458
602.84820
603.56988
603.59620
603.60473
603.61659
603.62011
603.63416
603.98519
603.99361
604.00693
604.06328
604.33272
604.34955
604.42249
604.46527
604.46653
604.50585
604.62955
604.64902
604.65826
604.67278
604.82288
604.98066
604.98376
604.99422
605.00506
605.02929
605.27433
605.28290
605.29542
605.31215
605.31437
605.31656
605.33354
605.34974
605.36603
606.06616
606.16319
606.16945
606.29804
606.29943
606.30460
606.30606
606.30912
606.31614
606.69269
606.71421
606.73269
607.52936
608.21231
608.22252
608.72672
608.75574
609.33382
609.33964
609.34350
609.34648
609.34919
609.35033
609.35278
609.36238
609.37933
609.41871
609.48417
609.50384
609.61250
610.27441
610.58711
610.59035
610.59470
610.59607
610.59806
610.60000
610.60295
610.60403
610.68070
610.75019
611.49132
611.50419
611.51110
611.51908
611.52009
611.52927
611.53160
611.53771
611.61984
611.63651
612.08138
612.08377
612.08477
612.08653
612.09549
612.09735
612.10305
612.10594
612.10969
612.11085
612.11315
612.11965
612.12880
612.13002
612.13650
612.15340
612.18596
612.91233
613.18087
613.18506
613.18866
613.19871
613.20455
613.28699
613.54959
613.56192
613.59443
613.59862
613.88667
614.09791
614.13030
614.57378
614.58066
614.60983
614.62167
614.62652
614.65659
614.66321
614.67040
614.67705
614.68399
614.68851
614.69281
614.69670
614.71123
614.80376
614.85316
614.86068
614.87396
615.15474
615.18093
615.18407
615.19418
615.20928
615.45453
615.46147
615.47029
615.69931
616.20007
616.20747
616.21822
616.23955
616.24332
616.24477
616.26306
616.27800
616.30937
616.48209
616.69642
617.00327
617.50730
617.51262
618.03980
618.04140
618.04623
618.04766
618.06241
618.08317
618.09614
618.10346
618.11317
618.11582
618.72976
618.73239
618.74565
619.30220
619.30488
619.30889
619.35032
619.36571
619.41628
619.43062
619.43924
620.29035
620.30363
620.31002
620.32458
620.32980
620.47740
620.48120
620.48386
620.48522
620.48835
620.49160
620.49518
620.49625
620.50095
620.50323
620.50616
620.50932
620.51638
620.53366
621.06171
621.06785
621.07033
621.07540
621.07689
621.08463
621.08986
621.09490
621.09649
621.12400
621.15336
621.15838
621.19332
621.19454
622.06917
622.08098
622.09592
622.10568
622.18101
622.36960
622.37375
622.37699
622.38278
622.76052
623.07454
623.08048
623.08420
623.08619
623.71859
623.72720
623.72985
623.74235
623.76749
623.79449
623.97830
624.56178
624.56693
624.58766
624.64978
624.76023
624.76734
624.78289
624.79487
624.82822
625.29311
625.29531
625.29736
625.30239
625.31327
625.31484
625.33123
625.34741
625.45109
625.46582
625.50303
625.50496
625.52094
625.52582
625.56592
625.61359
625.62064
625.83737
625.86473
625.89051
625.89659
625.90728
625.91170
625.93657
625.94110
625.96237
625.99973
626.18785
626.21480
626.22568
626.23234
626.24868
626.30772
626.56659
626.60857
626.86755
626.87888
626.96730
627.27690
627.31495
627.33095
627.94022
627.95401
627.96554
627.97820
628.03744
628.79868
628.89597
628.90567
629.52564
629.66832
629.67131
630.40220
630.43164
630.44195
630.45189
630.45987
630.62927
630.63540
630.64236
630.64864
630.65149
630.65644
630.66558
630.67167
630.67451
630.95906
630.96705
630.96829
630.97569
630.99686
631.00170
631.00756
631.01724
631.02412
631.02609
631.03117
631.93175
631.93820
631.93990
632.42497
632.42692
632.42966
632.43241
632.43426
632.43631
632.43792
632.44521
632.45490
632.46291
632.46419
632.49508
633.35588
633.37815
633.38643
633.39047
633.77285
633.77587
633.78017
633.78290
633.78568
633.79311
633.81131
634.50178
634.51262
634.52887
634.53603
634.53884
634.54177
634.54560
634.54964
634.55618
634.61935
634.62111
634.70580
634.89275
634.89610
634.89963
634.90069
634.90202
634.90956
634.91418
634.91680
634.92047
634.92252
635.39602
635.66449
635.66605
635.67403
635.72821
635.73815
635.74038
636.00484
636.01376
636.01575
636.03865
636.04722
636.05455
636.31187
636.32300
636.32932
636.69706
636.70963
636.72438
636.86812
636.89583
637.75182
638.54783
639.51285
639.51815
639.52400
639.53869
639.54128
639.54349
639.54957
639.55351
639.93470
639.95240
639.97001
640.03091
640.04044
640.04566
640.08117
640.44027
640.93267
640.95012
640.95221
640.96302
641.61895
642.33423
642.34874
642.39897
642.41552
642.76286
642.76942
642.79002
642.80233
642.82227
643.00090
643.00481
643.01129
643.02879
643.03215
643.87953
643.89208
644.03901
644.04453
644.41968
644.42794
644.43515
644.44124
644.44480
644.44808
644.44967
644.45418
644.45993
644.46106
644.46563
644.97731
645.02813
645.07912
645.11399
645.21882
646.05922
646.06037
646.06847
646.07913
646.11153
646.11774
646.34075
646.52937
646.99172
647.01940
647.04929
647.13734
647.14181
647.14948
647.15480
647.15595
647.17238
647.33116
647.40196
647.40551
647.42247
647.50852
647.53149
647.53968
647.56018
647.56295
647.57203
647.59516
647.61222
647.69515
647.69938
647.71491
647.72834
647.74017
647.74987
647.83600
647.85234
647.91983
647.92099
647.92485
647.92869
647.93251
647.93549
647.93739
647.95490
648.10536
648.12474
648.19430
648.50931
648.52513
648.53786
648.55393
648.55925
648.99504
649.00890
649.02519
649.03105
649.04098
649.07301
649.07953
649.09010
649.09652
649.14118
649.19916
649.20535
649.20854
649.21161
649.21664
649.22479
649.22581
649.23845
649.30815
649.32195
649.33450
649.34036
649.35597
650.01841
650.02407
650.07247
650.09186
650.77441
650.78133
651.16852
651.17130
651.17578
651.19000
651.67239
651.67634
652.21043
652.21456
652.22367
652.22817
652.23507
652.24101
652.25214
652.25964
652.26725
652.29231
652.53222
653.05166
653.05560
653.06096
653.10338
653.10514
653.11424
653.32559
653.33300
653.34515
653.60105
653.61427
653.63589
654.21124
654.22245
654.22481
654.22975
654.24230
654.27204
654.27471
654.29314
654.32807
654.33471
654.84477
655.23884
655.24038
655.24279
655.24748
655.26837
655.27054
655.27405
655.27610
655.28046
655.28494
655.29232
655.29794
655.30239
655.30480
655.30808
655.31051
655.31556
655.32895
655.34574
655.34811
655.41166
656.18368
656.21893
656.22341
656.23096
656.24309
656.24459
656.25155
656.25501
656.26041
657.41212
657.43487
657.51095
657.51652
657.52376
657.96657
658.03191
658.05381
658.06636
658.07339
658.10167
658.14444
658.14755
658.15278
658.15485
658.15737
658.16425
658.16538
658.16761
658.17596
658.18475
658.21880
658.26432
658.31141
658.43385
658.44217
658.58631
658.59317
658.63601
658.90630
658.92396
658.92519
658.93834
658.94219
658.95190
659.01315
659.17581
659.18493
659.54333
659.54884
659.67151
659.67798
659.69096
659.70253
659.72165
659.73992
659.76594
659.76701
659.77821
659.78084
659.83190
659.97533
659.97799
659.98261
659.98378
659.99463
660.00181
660.16424
660.17067
660.18483
660.47737
660.50234
660.53305
660.53735
660.56758
660.57546
661.31404
661.32778
661.32907
661.33372
661.34832
661.36034
661.36138
661.39915
662.30730
662.31415
662.37802
662.40526
662.43648
662.44248
662.45081
662.47183
662.47798
662.48022
662.48195
662.48623
662.49257
662.49610
662.50126
662.50970
663.32610
663.33258
663.33613
663.99172
663.99419
663.99676
663.99792
664.00062
664.00196
664.00488
664.00635
664.00979
664.01332
664.02652
664.43131
664.44410
664.46301
664.70479
664.83452
664.83620
664.84581
664.85045
664.85143
664.85688
664.88698
665.55818
665.56532
665.60490
665.73698
666.16703
666.17171
666.17670
666.17954
666.18111
666.18341
666.18768
666.19447
666.19772
666.20088
666.20255
666.20489
666.20771
666.21332
666.21510
666.22598
666.22729
666.23987
667.57493
667.58032
667.59534
667.59661
667.60909
667.61042
667.61250
667.61795
667.63838
667.88077
668.77081
668.77435
668.79327
668.80230
668.80411
668.81067
668.81659
668.81819
668.82893
668.83259
668.83830
668.84371
668.84998
668.85812
668.87045
668.99279
669.04773
669.05471
669.24416
669.24711
669.28583
669.29456
669.31489
669.65119
669.66478
670.69522
670.70024
670.70235
670.70447
670.76122
671.55056
671.55817
672.66812
672.67495
672.67619
672.71561
672.75809
672.78635
672.82184
672.95409
673.24747
673.24845
673.25088
673.25458
673.26430
673.44797
673.54259
673.54451
673.55045
673.55474
673.82897
673.83597
674.82802
674.83037
674.83448
674.83553
674.85514
674.87193
676.05101
676.06908
676.07147
676.07757
676.10415
676.11865
676.13640
676.14491
676.14802
676.15055
676.43149
676.44249
676.44879
676.72829
677.00552
677.13104
677.14100
677.14747
677.69002
677.74480
677.74618
677.74771
677.75147
677.75789
677.76455
677.82824
678.33657
678.34223
678.34809
678.36621
678.38243
678.84917
678.85097
678.86080
678.86242
678.86438
678.86645
678.86830
678.87641
678.87861
678.88462
678.93524
678.94108
678.96927
679.26508
679.27592
679.28617
679.64799
679.66121
679.72765
680.40830
680.41001
680.42814
680.43401
680.44093
680.46503
680.46875
680.48223
680.58854
680.59737
680.59869
680.80841
680.82474
680.83449
680.96144
680.97809
681.20263
681.27785
681.30011
681.30599
681.32355
681.36435
681.37536
681.68867
681.69891
681.70868
681.71463
681.95213
681.95766
681.99070
682.33583
682.35792
682.42769
682.42887
682.43960
682.44082
682.44484
682.45943
682.48264
682.48523
682.51230
682.53125
682.54417
682.55396
683.07610
683.08683
683.57441
683.60534
684.11383
684.12890
684.13477
684.14078
684.14176
684.14887
684.15334
684.38781
684.39179
684.39644
684.39825
684.40089
684.41555
685.72209
685.73411
685.74845
685.75091
685.76183
685.76433
685.77659
685.78441
685.78851
685.82839
685.83537
685.84182
685.85167
685.86226
685.86832
685.88105
685.93846
685.98249
685.99291
686.88445
686.89189
686.89366
686.89940
686.90240
686.90418
686.90994
686.91547
686.91782
686.91918
686.93540
687.49540
687.50807
687.51689
687.51939
687.78104
687.80307
687.80789
687.81216
687.84741
687.84865
687.85538
687.86035
687.95520
688.53079
688.64235
688.64975
688.65317
688.65656
688.65970
688.66465
688.66623
688.66929
688.67903
688.69027
688.69527
688.70210
688.71943
688.73135
688.76416
689.48983
689.50219
689.50725
689.51457
689.52483
689.54625
689.55500
689.66523
689.66938
689.67103
689.67787
689.68231
689.70500
690.17321
690.19275
690.19546
690.46852
690.47172
690.47376
690.47613
690.47814
690.48020
690.48128
690.48710
690.49481
690.50527
690.51723
690.54483
690.57892
690.60493
690.61232
690.67267
690.74653
690.89993
690.94908
690.96543
691.24259
691.24797
691.26144
691.27355
691.72919
691.74149
691.75758
691.77510
692.00067
692.01627
692.04876
692.05114
692.06669
692.12203
692.13339
692.14454
692.15546
692.17890
692.42575
692.48097
692.48985
692.51510
692.77627
692.77890
692.78261
692.79995
692.81715
692.82781
692.84205
692.86713
692.87947
693.56460
693.57167
693.58729
694.55499
694.55976
695.16498
695.17426
695.18846
696.67869
696.68102
696.68254
696.68662
696.69175
696.69687
696.72164
696.75143
696.76521
696.78130
697.30485
697.31826
697.33257
697.34026
697.40002
697.40977
698.06842
698.06993
698.07313
698.07466
698.07827
698.09271
698.11304
698.15476
698.16344
698.16867
698.27769
699.06860
699.07430
699.07907
699.15829
699.27979
699.28596
699.28899
699.29293
699.29437
699.29834
699.30671
699.30883
699.31400
699.93490
699.93755
699.94138
699.94337
699.96143
700.52305
700.53066
700.56075
700.56848
700.57973
700.63817
701.37325
701.37953
701.38751
701.38856
701.39263
701.39504
701.43821
701.48711
701.48932
701.65550
701.65987
701.67611
701.68863
701.72508
702.39531
702.40047
702.40676
702.41918
702.51804
702.52800
702.53337
702.54129
702.54587
702.55470
702.55618
702.71143
702.72637
702.73120
702.80159
702.81964
702.92170
702.92630
702.92950
702.94254
702.95706
702.99769
703.05933
703.08922
703.14479
703.52489
703.53359
703.71716
703.72132
703.73074
703.93530
703.95508
703.97575
704.21253
705.52387
705.53115
705.96560
705.97905
705.98530
705.98799
705.99881
706.01149
706.01675
706.04581
706.13486
706.13873
706.14332
706.74096
707.29067
707.30125
707.30830
707.31622
707.32055
707.32906
707.33221
707.36272
707.39697
707.41883
707.43467
707.98130
707.98549
707.98678
707.99230
708.02477
708.54599
708.55381
708.56448
708.56695
708.58858
708.86229
708.86658
708.88102
708.92398
709.25663
709.26465
709.57160
709.57335
709.57730
709.58318
709.58853
709.63797
710.12785
710.13578
710.13795
710.14110
710.14900
710.17925
710.19095
710.30971
711.24279
711.25237
711.25405
711.25510
711.25932
711.26153
711.27129
711.27359
711.27883
711.28885
711.36021
711.38520
711.39855
711.40652
711.43822
711.59951
711.93964
711.95127
712.53771
712.54561
712.88691
712.89154
712.89283
712.89846
712.91732
712.92042
712.94102
712.94332
713.39427
713.41517
713.41642
713.44530
713.45189
713.91786
713.92451
713.92813
713.94519
714.39429
714.39635
714.40601
714.40875
714.42826
714.44842
715.08085
715.68506
715.70781
715.71524
715.72138
715.72636
715.76333
716.59255
716.60176
716.64591
716.65004
716.65528
716.65782
716.66132
716.66610
716.66976
716.67170
717.17767
717.18172
717.18800
717.19873
717.20014
717.20325
717.20633
717.24557
717.33755
717.35892
717.36712
717.37275
717.39064
718.00016
718.07059
718.08993
718.19049
718.19404
718.49356
718.54894
718.55346
719.99058
719.99499
719.99848
720.00116
720.00771
720.01120
720.01392
720.01514
720.01829
720.02542
720.03175
720.03831
720.05487
720.06138
720.08962
720.10329
720.14843
720.18173
720.80162
720.81077
720.81354
720.81624
720.84087
720.85306
720.85449
720.85982
720.87556
721.20201
721.20345
721.35476
721.62723
721.78974
722.31491
722.32378
722.35339
722.99655
722.99995
723.00939
723.01060
723.01429
723.02438
723.02627
723.02912
723.03023
723.03476
723.03935
723.05251
723.05652
723.06056
724.23495
724.24804
724.27114
724.31792
724.32114
724.32375
724.32764
724.32997
724.33336
724.33620
724.34000
724.34163
724.34376
724.34530
724.35373
724.35766
724.36674
724.37058
724.37253
724.38225
724.45414
724.45733
724.47709
724.48407
724.49348
724.51473
724.52078
724.98302
725.00421
725.44682
725.69414
725.70044
725.70562
725.70911
725.72006
725.73489
725.75422
725.92084
726.14612
726.15210
726.28773
726.29769
726.30835
726.31475
726.31770
726.37259
726.41679
726.58541
726.60416
726.60867
726.61198
726.63357
726.64037
726.67775
726.74643
726.75526
726.93538
726.97642
727.00617
727.29252
727.38719
727.68967
727.72067
728.01038
728.90159
729.21286
730.01233
730.01471
730.02357
730.02469
730.02777
730.03693
730.04589
730.04826
730.05630
730.07444
730.08670
730.34877
730.35994
730.37704
730.90103
730.92041
730.94386
730.94719
730.94936
732.10790
732.10997
732.11109
732.12062
732.32711
732.32998
732.35450
732.35980
732.36232
732.36982
732.37725
732.37856
732.38672
732.38926
732.41314
732.41775
732.41968
732.44244
732.44544
732.47269
732.52945
732.86539
732.86892
732.97937
732.98136
733.17120
733.60168
733.61952
734.38636
734.40415
734.41614
734.43334
734.92736
735.01967
735.57355
735.57629
735.58518
735.58645
735.59414
735.59808
735.60087
735.60290
735.62951
735.80140
735.81459
735.82427
735.90724
735.94224
735.94533
735.95611
735.96778
735.97337
735.99385
735.99578
736.01828
736.02331
736.02882
736.14552
736.17641
736.37701
736.38342
736.38442
736.38545
736.69113
736.70725
736.74217
736.91784
736.92637
736.93614
737.03603
737.04530
737.05929
737.06069
737.06182
737.06855
737.07209
737.07685
737.10523
737.11458
737.44628
737.45223
737.46660
737.47136
737.47906
737.48363
737.49149
737.50919
737.53597
737.61198
737.72931
737.73462
737.92196
738.23001
738.24300
738.24977
738.25074
738.25770
738.26648
738.26901
738.28279
738.30901
739.49441
739.77852
739.78000
739.78997
739.79193
739.79805
739.80519
739.80932
739.82289
739.82849
739.87289
740.19563
740.54871
740.55351
740.55596
740.56528
740.57823
740.63294
740.77312
740.78147
741.21486
741.22713
741.22849
741.23279
741.28237
741.30253
741.31901
741.80912
741.81612
742.04054
742.04334
742.04490
742.04783
742.05610
742.06914
742.12874
742.14419
742.17819
742.79713
742.81554
742.81662
742.81804
742.81959
742.82592
742.83264
742.86905
743.46731
743.51401
743.52084
743.52560
743.53677
743.55341
743.57528
743.57765
743.58885
744.16066
744.16378
744.16491
744.17467
744.87261
744.88525
744.89003
744.89125
744.89812
744.90632
744.90850
744.92811
744.93517
744.95807
744.96870
745.72863
745.73281
745.74100
745.80967
745.82331
745.82856
745.83421
745.84056
745.84245
745.85446
745.86491
745.91516
745.94377
746.13126
746.15136
746.16252
746.16939
746.17053
746.18326
746.22664
746.23006
746.23906
746.25394
746.35017
746.35680
746.35879
746.36228
746.36535
746.37110
746.53100
746.54984
746.56099
746.58517
746.98523
747.00608
747.07295
747.09814
747.15146
747.16636
747.34747
747.51192
747.51754
747.53904
747.59054
749.21716
749.48849
749.49419
749.49947
749.51409
749.58728
749.84164
750.12837
750.53599
750.54056
750.55049
750.56378
750.56628
750.56828
750.58224
750.58856
750.60071
751.17739
751.18446
751.28931
751.29334
751.29822
751.30372
751.37701
751.65151
751.66180
752.09641
752.13416
752.14494
752.16241
752.18441
752.19765
752.28169
752.28860
752.29273
752.33456
752.80774
752.82755
752.83247
753.56010
753.97745
753.98050
753.98337
754.40494
754.40715
754.41912
754.43075
754.44195
754.44866
754.53310
754.54821
754.57690
754.58392
755.44150
755.44484
755.44954
755.47159
755.50705
755.51702
755.52480
755.52776
755.53001
755.54469
756.07222
756.10686
756.17400
756.17802
756.18651
756.19796
756.20440
756.20851
756.75635
756.77678
756.80773
756.81401
756.83789
757.16012
757.16651
757.18409
757.19168
757.19770
757.41239
757.42089
757.45080
757.46266
757.46663
758.17775
758.18086
758.18417
758.19100
758.19867
758.20046
758.20762
758.21627
759.06989
759.07087
759.07342
759.07773
759.08182
759.09006
759.35401
759.35546
759.36504
759.81953
759.83657
760.14584
760.14833
760.62832
760.63402
760.63635
760.63790
760.64120
760.64730
760.65744
760.65868
760.66857
760.73396
761.49092
761.49697
761.50844
761.51037
761.51528
761.52164
761.53405
761.55538
761.56385
761.56894
761.59775
761.92081
761.92901
762.32148
762.33404
762.34848
762.35262
762.35529
762.37636
762.43051
762.44523
763.16855
763.18574
763.19218
763.25173
763.25718
763.26242
763.40499
763.41068
763.41908
763.43316
763.68376
764.24765
764.25718
764.27077
764.28130
764.28900
764.29670
764.29769
764.43935
764.44345
764.84377
764.87423
764.87900
764.90057
764.90346
764.90860
765.11594
765.13726
766.07852
766.08383
766.09195
766.10128
766.10620
766.10900
766.14335
766.15134
766.19921
766.36442
766.88513
766.89241
766.89933
766.90175
766.90874
766.92449
767.07697
767.08453
767.29689
767.34024
767.34454
767.34599
767.34983
767.35356
767.35857
767.36558
767.38188
767.38948
767.44631
767.45348
767.52445
767.53653
767.54475
767.62422
767.63273
767.64285
767.64605
767.77325
767.78049
767.81160
768.11513
768.12673
768.13994
768.14692
768.15176
768.16546
768.16798
768.17713
768.20831
768.22838
768.35904
768.36958
768.38013
768.41373
768.60542
768.61596
768.63695
768.88657
768.90714
768.92443
768.94219
768.94349
768.97818
769.37423
769.37740
769.67634
769.67901
769.69083
769.69350
770.65640
770.67792
770.68939
770.69949
770.82239
770.97423
770.98159
770.98340
770.99083
770.99347
770.99825
771.01543
771.04275
771.79343
771.80537
771.81532
771.81877
771.82968
771.83378
771.83478
771.83708
771.84318
771.84427
772.48311
772.48694
772.49002
772.49112
772.55151
772.55625
772.94930
773.42568
773.56088
773.56555
773.58361
773.59796
773.60141
774.28250
774.28474
774.29397
774.30191
774.30314
774.30410
774.30844
774.31733
774.73322
774.73452
774.73573
774.73963
774.74080
774.74660
774.76223
774.79836
775.86291
775.86752
775.87401
775.87661
775.88180
775.88995
775.89543
775.90545
775.91008
775.92481
775.94641
775.95608
775.95836
775.99533
776.00372
776.80891
776.81259
776.81669
776.82142
776.83230
776.84637
776.86215
776.89435
777.40919
777.41557
777.42838
777.43271
777.43451
777.43552
777.44225
777.45372
777.45645
777.45830
777.46273
777.85564
777.89113
778.73582
778.78640
778.80805
779.21865
779.26642
779.30997
779.31185
779.33379
779.48125
779.49596
779.49987
779.51883
779.67283
779.67878
779.68514
779.68921
779.69637
779.70976
780.00550
780.02824
780.02999
780.05888
780.07374
780.11612
780.11886
780.12565
780.20219
780.77926
780.78626
781.03594
781.03975
781.04756
781.05027
781.05814
781.07743
781.08997
781.10649
781.39179
781.39691
781.42024
781.43247
781.44011
781.44374
781.45348
781.46544
783.02041
783.42256
783.76257
783.78870
783.87946
783.88435
783.89098
783.89537
783.89935
783.92508
783.94397
783.94551
783.98690
784.00386
784.00651
784.02266
784.62300
785.19539
785.20567
785.20948
785.21608
785.25850
785.60802
785.60903
785.62312
785.62598
785.63183
785.64167
785.64588
785.64710
785.65260
786.46960
786.47489
786.47785
786.47882
786.50203
786.56922
786.57629
786.93090
786.94445
786.96122
786.97738
787.06280
787.52338
787.52502
787.52746
787.53083
787.53556
787.54609
787.54888
787.55206
787.55677
787.59300
787.59568
788.14578
788.14906
788.15291
789.36358
789.37567
789.38339
789.38790
789.39451
789.39964
789.40257
789.40686
789.41032
789.41661
789.44711
790.33046
790.63649
790.64122
790.64224
790.64699
790.65542
790.65904
790.67297
790.72879
790.73920
790.75476
790.96175
790.98533
790.98685
791.04169
791.17336
791.17576
791.17816
791.18355
791.18516
791.19070
791.19717
791.22335
791.34920
791.41332
791.48874
791.56944
791.57197
791.84085
791.89022
791.97261
791.99518
791.99742
792.01562
792.06184
792.14858
792.15455
792.15685
792.15780
792.16031
792.16328
792.16896
792.32493
792.33647
792.35562
792.54910
793.74539
793.75604
793.75764
793.76493
794.51827
794.51999
794.53549
794.60520
794.84454
794.84790
794.89209
794.89855
794.90139
794.90878
794.92704
794.92846
795.57204
795.57669
795.58257
795.60359
795.60879
795.61776
796.15847
796.40048
796.41078
796.41279
796.41504
796.42113
796.42627
796.42862
796.43143
796.43907
796.45132
796.45515
796.51919
796.80783
796.82332
798.24871
798.27173
798.27492
798.29235
798.29348
798.29951
798.30129
798.31419
798.32347
798.40699
798.41266
798.42070
798.52221
798.56093
798.57655
799.18288
799.18905
799.19079
799.19664
799.20257
799.20491
799.22155
799.26183
799.27854
799.29837
799.32438
799.42315
799.43215
799.43441
799.44018
799.44166
799.44474
799.44740
799.45498
799.45702
799.46946
799.49809
799.50721
800.05177
800.90976
800.91531
800.92259
800.93542
800.93851
800.96155
800.98878
801.00493
801.02229
801.02652
801.09512
801.10391
801.10679
801.11775
801.12441
801.13678
801.14362
801.14642
801.15811
801.21385
801.24720
801.32757
801.51744
801.58613
801.58716
801.86054
801.87505
801.89146
801.90362
802.13739
802.60630
802.61861
802.63106
802.63321
802.63952
802.65833
802.66892
803.11437
803.39786
803.42380
803.42685
803.43743
803.44066
803.47594
803.49742
803.51095
803.89203
803.89557
803.90926
803.91628
803.92771
803.92962
803.93080
804.30904
804.31472
804.32124
804.32320
804.32654
804.33139
804.33267
804.33778
804.34138
804.34400
804.35180
804.35536
804.36095
804.38361
805.12175
805.13063
805.13352
805.14362
805.15010
805.16520
805.67553
805.68091
805.68221
805.68755
806.15207
806.15703
806.19448
806.21359
806.29422
806.44782
806.45174
806.45302
806.75184
807.46551
807.46966
807.47328
807.54009
807.55060
808.35664
808.36684
808.39376
808.39997
808.41041
808.42435
808.43012
808.43136
808.43739
808.43953
808.44682
808.45056
808.89207
808.89617
808.91735
808.92121
808.92795
809.47063
809.47292
809.48367
809.50708
809.51681
809.53420
810.37429
810.38625
810.38727
810.39042
810.39772
810.40332
810.40486
810.41614
810.41817
810.43200
810.43844
810.80341
811.29239
811.38053
811.38444
811.38849
811.39012
811.41853
811.42416
811.55891
811.56648
811.67708
811.67997
811.69036
811.69688
811.74903
811.75747
811.82739
811.87839
811.89085
811.89816
811.91390
811.94364
811.94832
811.96843
811.97709
811.98195
812.01705
812.07432
812.08195
812.08875
812.09402
812.10158
812.11245
812.22045
812.24489
812.26068
812.28514
812.48408
812.85048
812.87330
812.88991
812.89250
812.90247
812.96409
812.98654
813.06895
813.07432
813.07930
813.09227
813.19312
813.27341
814.07741
814.08686
814.17744
814.19383
814.57174
814.74395
815.08509
815.08786
815.08936
815.09379
815.98394
816.04036
816.04804
816.34118
816.34719
816.36005
816.36732
816.37360
816.38561
816.39429
816.39737
816.40720
816.42386
816.60416
816.60894
816.62860
816.63180
816.64434
816.64982
816.65822
816.66337
816.66849
816.67125
816.75650
816.77052
816.77517
817.53140
817.59065
817.59759
817.60027
818.50097
818.53722
818.60767
818.63695
818.99999
819.04683
819.28791
819.30067
819.31175
819.31537
819.31916
819.33579
820.01189
820.01322
820.02747
820.03342
820.03751
820.04896
820.06193
820.23534
820.24262
820.25879
820.26002
820.27837
820.28729
821.28900
821.29945
821.31039
821.44518
821.46571
821.46714
821.47527
821.47833
821.48075
821.48254
821.48553
821.48679
821.48849
821.49522
821.99277
822.02078
822.56236
822.61430
822.62680
822.63164
822.64038
823.10010
823.10541
823.32123
823.33174
823.34541
823.34845
823.34980
823.36344
823.38472
823.51978
823.56738
823.58952
823.60529
823.87551
823.89571
824.05805
824.18315
824.21910
824.66775
824.67595
824.68110
824.68893
824.69734
824.70247
824.70575
824.71720
824.71857
824.72265
824.93529
824.94170
825.26428
825.27611
825.29048
825.29718
825.31551
825.39800
825.40219
825.40684
825.41302
825.41517
825.41933
825.42507
825.43905
825.45352
825.54627
825.99771
826.69293
826.69593
826.69879
826.70562
826.71047
826.71254
826.71809
826.72306
826.72921
826.77527
827.45485
827.46109
827.46204
827.48047
827.49929
827.50876
827.72931
827.73579
827.76068
827.76557
827.77481
827.85556
828.30005
828.30607
828.31070
828.31477
828.32054
828.32362
828.32581
828.33016
828.33720
828.34227
828.34912
828.35700
828.36202
828.36345
828.38675
828.38895
828.39898
828.43455
828.43686
828.44667
829.67220
829.68279
829.69022
829.69313
829.70170
829.71658
829.77691
831.02296
831.02641
831.03020
831.03742
831.04279
831.04983
831.07022
831.10938
831.29673
831.72570
831.73023
831.73768
831.74072
831.74454
831.74679
831.74945
831.75198
831.75429
831.76365
831.78633
831.79021
832.88550
832.89532
832.92740
832.93784
832.96714
833.03988
833.04113
833.04921
833.05806
833.07906
833.24527
833.26171
833.94612
834.12909
834.13394
834.16445
834.22755
834.32061
834.35031
834.36934
834.37393
834.37656
834.73327
834.74034
834.74434
834.75046
834.75258
834.78411
835.74924
835.75203
835.76471
835.76683
837.10144
837.12736
837.23800
837.71562
837.72447
837.72826
837.73208
837.73394
837.74207
837.76834
838.43931
838.45071
838.45456
838.45610
838.46161
838.47171
838.47811
838.48192
839.27179
839.28869
839.29085
839.54409
839.54703
839.55202
839.55446
839.56210
839.56691
839.61598
839.62794
840.27118
840.27248
840.27844
840.29230
840.92186
840.92759
840.93164
840.93456
840.93675
840.94788
840.95059
840.95470
840.95885
840.96546
841.27304
841.29200
841.32169
841.75463
842.03253
842.03522
842.03787
842.04704
842.05865
842.07838
842.08564
842.09908
842.10606
842.10891
842.15577
842.27359
842.92386
842.92572
842.93246
843.59437
843.59920
843.60300
843.61312
843.62470
843.62839
843.67869
844.09235
844.26866
844.27584
844.71194
844.73296
844.75207
844.77373
845.41648
845.41985
845.43626
845.46727
845.48584
845.49506
845.50939
845.51993
845.52950
845.55229
845.63045
845.67755
845.77897
845.97809
846.00448
846.01174
846.08606
846.09308
846.09729
846.11932
846.31054
846.31936
846.32373
846.33358
846.33915
846.39050
846.40548
846.42230
846.72052
846.72955
846.73670
846.74836
846.81310
846.81686
846.82629
846.83334
846.83705
846.87322
846.87887
847.37582
848.00280
848.00456
848.01281
848.01538
848.01642
848.01800
848.02257
848.02769
848.48263
848.48400
848.49283
848.49420
848.51264
848.52883
848.53529
849.05519
849.13919
849.72654
849.73013
849.73361
849.73598
849.73921
849.74596
849.75080
849.75732
849.78669
849.80502
849.81996
850.45600
850.46048
850.46426
850.46534
850.46705
850.47059
850.48744
850.50983
850.56527
850.57006
850.57933
850.93665
850.95382
850.95631
850.96195
850.97031
850.98191
850.99089
850.99306
851.00605
851.02301
851.02444
851.02929
851.69086
851.69722
851.69989
851.71343
851.72390
851.75392
851.81033
851.88246
851.89332
851.90004
852.56099
852.57853
852.58064
852.59494
852.60290
852.79007
853.27555
853.30232
853.30659
853.31444
853.32291
853.32747
853.76361
853.77648
853.78367
853.99574
854.39452
854.40367
854.40629
854.41631
854.43955
854.71997
854.98660
854.98898
854.99143
854.99512
854.99745
854.99915
855.00392
855.00962
855.01375
855.02008
855.03637
855.10049
855.12315
855.12613
855.13540
855.16418
855.17081
855.19195
855.19490
855.21300
855.24605
855.25987
855.26221
855.41199
855.44408
855.44804
855.47889
855.73961
855.76283
855.77878
855.78683
855.79025
855.79124
855.80240
855.80876
855.81924
855.83630
856.23369
856.24732
856.26690
856.27044
856.29705
856.30099
856.51923
856.54558
856.55256
856.55987
856.56608
856.57623
856.58685
856.60673
856.63983
857.02445
857.06283
857.30448
857.30662
857.31041
857.33472
857.34561
857.35398
857.36525
857.55051
858.13321
858.43982
858.45493
859.10658
859.13341
859.93658
859.93816
859.94892
860.00794
860.01977
860.59626
860.68887
860.68988
860.69745
860.70084
860.70235
860.71205
860.71695
860.72675
860.78945
860.80012
861.28725
861.29610
861.56712
861.57171
861.57625
861.65759
861.65921
861.66453
862.01806
862.02343
862.03059
862.04666
862.06424
862.49311
862.50344
862.51098
862.52054
862.87648
863.22148
863.23132
863.24237
863.25343
864.57107
864.57437
864.57728
864.58424
864.65388
864.66006
864.66360
864.66852
864.68098
864.68468
864.69744
864.73379
865.39307
865.40016
865.41322
865.41429
865.42617
865.43361
865.47191
865.47935
865.48078
865.82729
865.83002
865.83380
865.94752
866.17383
866.18039
866.19650
866.21870
866.22963
866.28970
866.29876
866.30543
866.30921
866.31276
866.31416
866.54345
866.55026
866.56451
866.57004
866.57643
866.58193
866.59181
866.59599
866.62979
867.66044
867.68672
867.70008
867.75775
868.52110
868.52614
868.52970
868.54159
868.56395
868.57356
868.59758
868.79199
868.79641
868.79757
869.48195
869.50788
869.54137
869.55701
869.57235
869.83706
869.84317
869.84625
869.84876
869.85126
869.86056
869.89151
869.90015
869.90256
869.90920
869.92047
869.92626
870.63996
870.64143
870.64983
870.65369
870.87581
870.87723
870.87988
870.88212
870.88551
870.89244
870.89841
870.90267
870.91347
870.91655
870.92638
870.92964
870.93388
870.94794
871.64369
871.64660
871.64860
871.65097
871.65303
871.65553
871.75728
871.83213
871.83609
872.14056
872.16159
872.17838
872.77491
872.79168
872.79878
872.80166
872.81035
872.84352
872.85700
872.88032
873.02706
873.54356
873.55787
874.12083
874.12696
874.13249
874.69905
874.73055
874.74602
874.77070
874.80093
874.81037
874.82493
874.83098
874.83818
875.76570
875.77189
875.77314
875.77788
875.78132
875.78831
875.79364
875.79634
875.86565
876.17465
876.49823
877.10371
877.10696
877.10993
877.11901
877.12287
877.12387
877.13682
877.15529
877.16543
877.17653
877.20718
877.21757
877.21965
877.22620
877.31649
877.34062
877.36606
877.37012
877.37362
877.37731
877.53105
877.54326
877.54926
877.61028
877.62167
877.64032
877.65735
877.74011
877.74627
877.74757
877.75365
877.76476
877.78116
877.81083
877.82072
877.82550
877.84571
877.87972
877.88882
878.08073
878.20061
878.20773
878.21440
878.27653
878.27750
878.28104
878.28792
878.29286
878.31337
878.32378
878.37688
878.39194
878.44625
878.46317
878.71341
878.71442
878.71792
878.72204
878.72986
878.73289
878.73679
878.75523
878.89047
879.97332
879.97782
880.01740
880.10409
880.19156
880.23344
880.82590