0.43208
0.81264
0.81405
0.81541
0.89753
0.91537
0.96819
1.71568
2.27229
2.66482
4.12967
4.13225
4.75805
5.11475
6.50781
6.54197
8.59276
8.59924
8.60158
10.17227
10.17541
10.19333
10.21500
12.14420
12.15454
12.15809
13.18138
13.19902
14.67243
14.67462
16.35818
18.03594
18.04077
18.04865
19.01447
19.16050
19.16798
19.17177
19.17484
19.90033
19.90332
19.91937
19.92199
20.84374
20.84759
21.97132
22.81402
22.81745
22.84067
23.29692
23.30355
23.30655
23.30977
23.31227
23.31478
25.06457
25.07328
25.65914
26.08511
26.86349
27.90755
27.92349
28.24670
29.93741
30.30278
31.31403
31.32375
31.32735
32.47332
33.01348
33.02727
33.03689
33.64386
34.76060
36.78900
37.32900
37.33458
39.60604
39.62248
39.65586
40.37729
40.69668
40.69958
40.70318
40.71303
41.17697
41.82909
42.16045
42.41033
42.41206
42.41519
42.41709
42.42082
42.42678
42.42958
42.46067
42.87268
43.49055
43.49682
43.50332
44.56242
44.57399
44.57706
44.60579
46.24540
46.24657
47.02936
47.05028
47.73635
49.26586
49.97324
49.97480
49.97885
49.98639
49.99356
51.20279
51.21051
53.40590
53.41028
53.41196
53.41542
54.49907
54.65548
54.66035
54.66572
56.26557
56.79166
56.79321
56.79471
56.80105
56.85509
57.17894
57.71902
57.72594
58.60224
58.98862
58.99949
60.68565
60.72159
60.93611
60.93804
60.94559
61.26503
61.86515
62.09549
63.35123
63.60860
63.95873
63.96129
63.96437
63.96655
63.96857
63.98123
65.15245
65.15733
65.17072
65.18135
66.48515
66.50429
66.76830
69.07557
69.09322
69.09869
69.81017
69.82744
69.86775
70.45102
71.23663
71.58666
71.60332
73.07078
73.10975
74.59653
74.60009
74.60290
74.61440
74.61758
76.11033
76.11346
76.11508
77.18580
77.19095
77.19356
78.24292
78.69981
78.91421
78.91614
78.91803
78.91950
78.94270
79.00043
79.99018
79.99362
79.99755
80.87680
80.87960
80.88565
80.89051
82.00337
82.84949
83.47163
83.47311
83.47557
83.48243
83.48568
83.67912
84.60177
84.60892
84.61220
86.11230
86.26243
86.26769
86.26948
86.27270
87.16600
87.69936
89.04848
89.05113
89.05547
89.08231
89.20788
90.39344
90.40186
90.40355
90.40854
90.41805
90.78418
90.98417
91.03205
91.70512
91.70781
91.71303
91.71520
91.73559
92.49836
92.50243
92.50515
92.51790
92.57394
96.73139
96.75694
97.08329
97.78926
99.22791
99.23281
99.23513
100.66272
101.07194
101.07665
102.15509
102.16083
102.17021
103.22244
103.22543
103.22931
103.23573
103.24310
103.24557
104.26551
104.27379
105.08078
105.38098
105.59504
105.60489
105.60714
105.60970
105.61419
106.08766
106.75347
106.78816
108.60719
108.61099
108.61506
108.61882
108.62765
108.63159
108.78010
109.81025
109.82324
110.73621
111.25292
112.72259
112.72401
112.72635
112.72890
113.11221
113.14343
113.87944
113.88899
114.26190
114.35890
114.36678
116.25637
116.26007
116.28024
118.20473
118.35111
118.74845
118.89957
118.90864
118.92112
120.36048
120.36320
120.36659
120.37822
120.61026
121.28446
121.83303
122.63410
122.63668
122.63946
122.64759
122.65445
123.67851
124.07659
124.14936
124.28068
125.58995
126.58567
126.59629
126.59863
126.59970
126.60830
127.59809
127.76790
127.77711
127.77974
127.78683
129.03881
130.51629
130.52092
130.52260
130.52535
130.52805
131.83305
131.83750
131.94052
132.84682
132.87352
132.87772
133.43359
134.20637
134.47368
134.47980
134.50348
135.83331
137.31964
138.92891
139.69288
140.20062
140.20919
140.21177
140.21876
140.22209
141.18586
141.38549
141.38819
141.41913
142.69429
142.69545
142.69827
144.71812
144.72134
144.72472
144.72792
146.76821
146.77589
146.78685
146.80170
147.18098
147.51619
147.53061
147.71043
149.19732
149.45441
149.68666
149.84126
149.84454
149.84672
149.85808
149.86011
151.55027
152.15061
152.24794
152.25464
152.25784
153.10054
153.84305
154.97892
154.99062
154.99363
155.74510
155.74812
155.80227
157.28327
157.39235
158.00998
158.01459
158.01869
158.20668
159.14570
159.59052
159.59971
159.69976
160.35166
160.37123
160.38773
160.66605
161.10622
161.14951
161.25807
161.29169
162.04133
162.06854
162.89926
163.45125
163.45424
163.45810
163.80857
165.54871
165.55834
166.47772
166.47958
166.48410
166.49095
167.35719
167.73141
167.73395
167.73503
167.73646
167.74590
169.10121
169.10479
169.11166
169.11395
169.14738
171.08855
171.09698
171.09992
171.10732
172.95596
172.96056
172.96662
172.97261
172.98035
172.98926
174.06828
174.06992
174.07481
174.07620
174.07927
175.86089
175.87509
175.87707
177.00869
177.01216
177.01484
178.61167
178.61511
179.12895
179.21496
179.99543
180.00532
180.02852
180.04942
180.05254
180.08364
180.10991
180.18100
180.72045
181.43746
181.46267
181.47167
183.24692
183.84670
184.38993
184.39429
184.39752
184.42753
184.61324
185.72741
187.32904
187.34118
187.34489
187.78944
188.19598
188.23585
188.53904
188.54575
188.55284
189.95236
189.95840
189.95963
189.97355
189.99528
190.00247
190.97810
190.98471
190.98850
191.00915
191.95835
192.52532
192.52867
193.59420
194.39897
194.46026
194.47480
195.89111
195.89290
195.90587
197.05992
197.07685
197.85713
198.01413
198.02410
198.35050
198.35717
198.36029
198.37395
200.73937
200.74496
202.50627
203.43112
203.43768
203.59888
204.31072
204.37648
204.37925
204.38696
204.38893
204.39051
204.40590
204.40834
205.08905
205.20311
205.24774
205.26338
205.26699
205.27408
205.65790
206.03207
206.11931
208.86970
208.87367
208.88018
210.54659
210.55042
210.56413
210.60448
211.75013
211.83722
211.84024
211.84466
212.33736
212.80623
213.60906
214.35353
214.35671
214.37306
215.07934
215.13663
215.87933
215.88270
215.89408
215.90008
215.90553
215.92643
217.76962
218.76764
218.77329
218.77645
220.02633
220.05203
220.07210
221.12894
221.13827
221.14057
221.14554
221.15479
221.84448
222.20448
222.39646
222.39837
222.40239
222.40504
222.41433
222.41615
223.15905
223.17087
223.99773
224.38623
224.38795
224.39165
224.39739
224.40074
224.40651
224.42035
225.27681
225.29357
225.29636
226.25738
226.26354
226.27702
228.35034
228.35696
228.35967
228.38629
228.38892
229.40041
229.40695
229.40991
230.24956
230.36879
230.39643
230.88321
231.85228
231.85466
231.87161
231.87778
231.89313
233.04185
233.04462
233.04653
233.05320
234.27485
234.27678
234.27973
234.28441
234.28948
234.42495
234.83471
234.88006
235.35892
235.36354
235.36589
235.36813
235.78185
236.49573
236.50850
236.52418
236.66744
237.36763
239.39904
239.40127
239.40317
239.42933
239.46693
241.25744
241.26165
241.26488
241.26672
241.27378
242.58599
242.64754
242.64965
242.65754
242.68070
242.99356
243.94703
244.82096
244.82244
244.82661
244.82805
244.83235
244.83896
244.87349
245.91722
245.92327
245.93721
245.94307
247.06091
247.13952
247.14447
247.14717
247.15027
247.15546
247.17204
247.24655
247.96967
249.55895
249.56015
250.20596
250.87120
250.87451
250.92892
251.54174
252.07879
253.96156
253.96511
253.96844
253.98112
253.98870
253.99488
255.32385
255.32797
255.66413
255.70745
256.55922
256.69043
257.55429
257.91739
259.27355
259.63945
260.46947
261.19632
261.27938
261.30056
262.23586
262.89318
263.85635
263.87133
265.13536
265.16340
265.16878
265.17203
265.17562
266.57573
266.77611
266.85937
266.86894
266.87400
266.88794
268.00538
268.02509
268.80911
268.87789
269.27798
269.36105
269.84717
271.29081
271.29258
271.29423
271.30182
271.31532
271.31856
271.71955
273.03747
273.04796
273.52727
273.68376
273.79162
274.83637
274.86509
274.86737
274.87476
275.58369
275.96017
275.96327
275.97157
277.67031
277.67350
277.69093
278.95319
279.21996
279.37166
279.38861
279.39948
280.43261
280.54942
280.73997
281.93691
281.94232
281.94594
281.94991
281.96542
282.81941
282.83017
282.85111
284.66909
285.41000
285.43181
285.44227
285.45594
285.45837
285.47278
285.48964
285.76532
286.12510
286.53142
286.76535
286.78145
286.78598
286.78942
286.79641
287.02270
288.18135
289.32191
289.36210
289.36459
289.36735
289.38165
290.88858
291.03454
291.39497
291.39850
291.40457
292.27852
292.57841
292.58749
292.60462
292.88801
293.67843
293.69688
293.71371
294.69690
295.03752
295.38384
295.58378
296.19513
296.33767
296.34411
296.34657
296.36576
296.36848
296.37094
297.58087
297.58374
297.58515
298.03980
298.50390
299.26671
299.47049
299.55748
299.56440
299.57271
299.58673
300.87022
300.87315
300.87418
300.87960
300.88209
300.88669
301.37932
301.38442
302.14575
303.07498
303.08097
303.08402
303.13928
303.27900
303.85330
303.99579
304.01921
304.02881
304.03352
304.91937
305.49129
305.49631
306.35999
306.37464
306.38224
306.39501
306.60667
307.28403
307.28819
307.28987
307.30276
309.40266
309.63401
309.63515
309.63675
309.63871
309.64034
309.64358
309.64843
309.65743
310.31530
310.33805
310.67831
311.12145
312.11888
312.91176
313.19416
313.31475
313.57791
313.94406
315.37603
315.37794
315.39552
315.40164
315.42857
315.82767
315.88818
315.98525
318.14402
318.14633
318.14800
318.15518
319.24501
319.29131
320.66835
320.67056
320.67369
320.69774
320.70550
320.72832
321.77094
323.10802
323.33681
323.90829
323.91097
323.92035
323.92199
323.93765
324.03828
325.05308
325.05480
325.05696
325.07063
325.10759
325.36713
325.64669
325.66732
326.79870
326.80163
326.81348
326.82208
326.87896
327.33664
327.34063
327.36660
328.89894
328.97697
328.98352
329.06635
329.53591
330.81970
330.82157
330.82304
330.82517
330.86181
330.86604
332.18326
333.15208
333.18404
333.95213
334.09582
334.17617
334.34967
334.38214
334.38436
334.39052
335.50956
336.64736
336.67489
339.43193
339.43882
340.17455
340.17842
340.18608
341.44204
341.46712
341.47427
341.50600
341.50787
342.38417
342.40513
343.35715
343.37163
343.37535
344.20063
344.78143
344.78478
346.07235
346.08137
346.08543
346.79823
347.43863
347.44045
347.44367
347.44830
347.46626
348.86711
349.06461
349.07448
349.08080
349.09396
349.84001
350.27397
350.29259
350.29468
350.30011
351.19077
351.20678
351.51443
352.36918
352.38473
353.73971
355.54089
355.57305
355.60371
356.87365
356.87655
356.90261
358.10610
358.11727
358.11982
358.12368
358.78918
359.29919
359.30416
359.30627
359.31716
359.33245
359.79944
359.83019
360.47999
360.73336
360.74282
360.75584
360.77343
360.83059
361.16570
361.50576
362.24919
362.48910
362.49958
362.50598
362.50937
363.41247
363.42956
364.31126
364.71297
367.16565
367.17090
367.17334
367.17580
367.18216
367.19419
367.29262
367.41328
368.71283
370.47273
370.47868
370.79860
370.81556
370.85607
372.49938
372.50542
372.86249
373.58940
373.78646
375.59584
375.59865
375.60174
375.60512
375.60617
375.60879
375.66655
376.50282
378.41249
378.41784
378.42124
379.26249
379.75982
379.76154
379.76429
379.77898
380.93167
381.01226
382.26433
383.57021
383.57608
383.58252
384.00243
384.89510
386.05222
386.05544
386.07065
386.08722
386.65394
387.31398
387.65728
388.81060
388.81462
388.83004
388.83736
388.88769
389.34455
391.28489
391.29808
391.30624
391.30818
391.47754
392.33250
392.34002
392.74704
393.79265
393.79708
394.98886
394.99671
395.90793
395.91490
395.96052
396.72473
398.64609
398.65058
398.65780
398.65962
398.66266
399.57216
400.02344
400.02659
400.24588
401.11923
401.12195
401.12998
401.16252
401.29608
401.39318
402.55983
402.71919
402.73222
402.73357
404.25619
404.53602
405.64647
405.65042
405.65613
405.66058
405.67965
406.12287
406.12912
406.13642
406.26288
407.52682
407.52957
409.69373
409.78026
410.62946
410.63985
410.86030
411.18362
412.47010
413.42292
413.43982
413.48987
413.49243
413.51948
414.64329
415.69614
415.70627
415.72973
417.14776
417.46675
417.46912
417.47317
417.47802
417.47983
417.50274
418.56348
418.98623
419.20296
419.31022
419.65060
419.91942
420.78615
420.79371
421.22332
422.40098
422.40396
422.40790
422.42381
422.43391
422.70729
423.46976
425.89726
425.90169
425.90605
427.16660
427.17081
427.17368
428.70323
428.70687
429.50019
429.50640
429.51371
430.28711
430.54435
430.55914
430.57037
430.60205
430.60401
432.13080
432.14758
432.52043
433.38057
433.93812
434.80102
434.91868
437.26347
438.54544
438.55657
439.36205
439.38545
440.08079
440.75921
440.76886
442.28802
442.35444
442.38766
443.25476
443.71193
445.17253
446.09568
447.02880
447.34211
447.35085
447.40577
448.02942
449.27887
449.28177
449.28771
449.31257
449.31532
450.09630
450.35675
450.35879
453.03994
453.04647
453.05536
454.08222
454.79599
454.79757
454.79939
454.80286
454.80635
458.10233
458.10545
458.92972
459.20595
459.44916
459.45305
459.45539
459.46586
461.02223
461.02847
461.03495
461.03603
461.09956
461.90346
461.98336
462.40534
462.40895
462.42122
462.43884
462.44670
462.45692
462.46142
462.81761
463.00372
463.79307
464.39936
464.40229
464.41882
464.71643
465.31617
465.33964
465.68345
466.14345
467.64739
467.64982
467.65775
467.66236
467.73351
469.12306
469.13391
469.13775
469.14090
469.43369
471.29026
471.56698
471.57136
471.57616
472.74031
472.74251
472.75079
472.75487
473.63093
473.77476
473.79159
475.47432
475.98477
477.88185
477.88437
477.89121
477.89871
477.90536
477.90856
478.07811
479.03486
479.04424
479.04702
479.05622
479.69154
481.63253
482.53278
483.08233
483.08622
483.08978
483.09276
483.09573
484.85217
484.86942
484.87212
484.87582
484.87769
484.88436
485.33539
485.34669
487.25643
488.19999
488.52325
488.74335
488.74458
489.91236
489.95308
490.01894
491.61651
491.78284
492.90709
492.90876
492.91847
494.37020
494.37331
494.37644
494.37925
494.38611
495.52554
495.89991
495.95508
495.96088
496.39742
497.36656
498.77598
498.77948
498.78074
498.78349
498.78832
500.27181
500.28345
500.99812
501.00311
501.00666
501.00810
501.01133
502.25769
504.89260
504.89667
504.89839
504.90772
506.31460
506.33094
506.34041
508.67048
508.67241
508.68010
508.69291
509.78030
511.04338
512.75385
512.75624
512.79361
512.87074
513.05374
513.93734
513.94809
515.70454
515.70649
515.71092
515.72140
516.38495
516.48474
516.73494
516.74473
516.74781
518.12061
518.65178
518.88798
518.90687
520.03490
520.38125
520.58123
521.02341
521.13123
522.06101
524.45962
524.46083
524.46380
524.46563
524.47063
524.47349
524.48489
525.46894
525.85224
525.97869
525.98032
525.98835
526.71147
527.67586
527.81902
528.77028
528.84568
529.42889
530.55569
530.69865
532.40608
532.41144
532.43214
532.43573
532.44734
532.45083
532.78573
533.48619
533.61195
534.31899
534.55943
534.56283
535.65813
536.67228
536.68361
537.18629
537.22659
538.06991
538.07918
539.95732
540.42625
540.90564
540.96840
541.83634
541.84890
541.85434
541.85617
541.86002
541.87264
541.91326
542.77896
542.83641
543.65111
544.71320
546.45068
546.45799
546.46527
546.57916
547.97072
547.97409
547.97676
547.98259
547.99666
548.86340
549.43903
550.73633
550.73941
550.74954
550.75587
550.78699
550.92259
551.36232
551.48014
551.80901
553.21054
553.46659
553.46998
553.47283
554.52548
554.53006
554.53747
555.17981
555.68370
557.00278
557.00685
557.01183
557.01587
557.11344
557.97366
558.56337
558.56972
558.57473
558.90469
560.80144
561.19113
561.19319
561.74999
562.21974
562.22761
562.24288
562.70529
563.00933
563.53227
563.63170
563.84888
563.85519
563.85831
564.63214
565.52493
566.57908
566.58765
566.58924
566.59158
566.59858
566.60203
567.11506
569.26289
569.34208
569.36542
569.38229
569.39950
570.32631
570.34007
570.42317
571.00281
571.02310
571.33251
571.60684
572.01043
572.02121
573.59962
573.60984
573.61737
573.62606
574.73644
575.42643
575.51068
577.19112
577.37446
577.39101
577.95761
578.75803
579.72489
579.82474
579.92109
579.92288
579.92752
579.93069
581.01975
581.02798
581.03506
582.08025
582.09441
582.10850
583.00121
583.26112
583.61890
583.65881
583.72400
583.78522
585.39509
585.41197
585.41675
586.89972
588.32589
588.32871
588.36483
589.54811
589.55219
591.47466
591.47932
591.48301
592.20229
592.22214
592.24345
592.81977
592.82446
592.82911
592.83957
594.60369
594.63975
595.72426
596.16052
596.59341
596.98695
597.88987
597.89657
597.90377
597.90648
597.91333
598.34399
598.88709
599.41724
599.42364
599.43114
599.96301
600.18017
600.18408
602.29662
602.70681
602.71046
602.72982
603.81765
603.91966
603.93148
603.93660
605.63056
605.69781
605.70443
605.90661
606.49756
606.50806
606.69695
606.84431
607.49415
608.36658
608.44558
608.55151
608.55270
609.40134
609.59645
610.16445
610.17028
610.17360
614.31331
614.31609
614.31857
614.54507
614.54651
614.55148
614.55378
615.21128
615.25144
615.29433
615.66453
615.67126
615.69450
616.87905
616.88813
616.90429
617.65102
618.11403
618.35146
618.51377
619.28050
619.73452
619.73804
619.74064
619.74445
619.74710
620.94242
620.94455
620.94695
621.97414
621.98788
622.00098
622.94465
623.88690
624.49938
624.50393
624.50545
624.50739
624.51008
624.51350
625.85266
625.86095
625.86865
627.84448
627.86376
627.86780
627.88153
628.86094
628.87024
628.87690
628.90299
629.51112
629.71348
631.46998
631.47374
631.48023
631.48437
631.48715
631.49362
631.49668
632.61784
633.81962
633.83245
634.14616
635.33639
635.34671
636.17704
636.76028
638.02913
638.16471
638.17791
638.73545
640.32220
640.55248
640.90517
640.92592
641.98219
641.99445
641.99921
642.00873
642.23794
644.77111
644.77897
645.17436
645.45737
646.01452
646.01759
646.02017
646.09085
647.31623
647.67598
647.68799
649.71550
651.76215
651.76460
651.78003
651.78516
651.78845
651.89916
651.92494
652.20578
652.94739
654.46371
654.49360
654.79833
655.45617
655.46433
655.74691
657.62722
657.62860
657.63101
657.63276
657.64630
658.66377
658.67056
659.44225
661.23244
661.54301
663.13938
663.14470
663.14741
664.46890
665.07160
665.07502
665.07924
665.08351
666.33565
666.33866
666.34493
667.64261
667.64536
667.67104
667.89453
668.77139
668.77523
670.49285
670.49561
670.51066
671.33152
671.65744
671.76876
672.11097
672.44391
672.46814
672.76174
672.87842
674.18526
675.50604
675.51819
675.52096
676.32501
676.34457
677.44449
678.88552
678.90219
678.90461
678.90617
678.91861
680.27617
680.82117
681.76530
681.92142
681.92789
683.27127
683.29847
683.30167
684.53594
685.66714
685.67145
685.67321
686.43244
687.08633
687.94371
687.94603
687.95040
687.95307
687.95575
687.95709
687.98641
688.63265
689.37330
690.52276
690.65470
690.65637
691.27239
691.40584
691.56088
692.69850
692.73347
695.23245
695.23590
695.24030
695.24426
695.34433
696.42427
696.89700
698.37161
699.31491
699.38152
699.38487
699.39148
699.39528
699.66188
700.42872
700.44122
700.44744
701.55495
703.44121
703.44436
703.44604
703.46441
705.15180
705.16233
708.05938
708.09929
709.12335
710.69004
711.72031
712.67655
712.77640
716.70146
716.70824
716.72780
719.31869
720.59537
721.17832
721.18113
721.18484
721.19249
722.46910
722.48168
722.49340
722.70954
724.08583
724.09871
724.11429
725.11613
726.15102
726.18670
726.81378
727.21145
728.12075
728.33092
728.34763
729.53159
729.53800
731.03901
731.04131
731.04838
731.31785
733.46333
733.46609
734.22273
735.18063
736.11030
736.11424
737.15548
738.09437
738.34816
738.73407
738.74045
738.74178
738.76115
739.96102
740.24883
741.34025
741.34204
741.96767
742.51633
745.27187
745.27413
745.95782
746.86802
746.87019
747.80908
747.84154
747.86436
747.88512
747.89012
748.57089
748.59974
748.60203
748.63789
748.85207
749.92586
750.21242
750.28851
750.30518
751.16188
752.01748
752.02334
752.02884
752.47673
752.78915
753.05854
754.23963
754.24432
754.24639
757.32775
757.34782
757.35296
758.21281
758.22928
758.60356
759.44930
759.47951
760.36868
760.38551
761.52821
762.19272
762.51632
765.59379
765.59774
765.60429
765.61788
767.12839
767.13510
767.13880
768.16628
770.79674
770.80293
773.31686
773.32948
773.33635
774.88254
774.88552
774.88731
774.89050
776.09813
776.10110
776.20703
777.19975
777.20367
778.08737
779.25652
779.26186
779.26477
780.38623
780.39269
780.97923
781.75595
781.83336
781.84190
781.84331
781.98854
783.03517
783.03671
783.03850
783.04316
783.04610
783.04887
783.98003
784.07272
784.07557
784.75093
784.75258
784.75428
784.75547
784.75663
784.75764
784.75876
784.76107
784.76383
784.76618
784.76790
784.76971
784.77353
784.77507
784.77750
784.78109
784.78310
784.78638
784.78870
784.79230
784.79373
784.79666
784.80033
784.80207
784.80420
784.80569
784.80820
784.81164
784.81380
784.81587
784.82038
784.82384
784.82605
784.82844
784.83181
784.83606
784.83994
784.84383
784.84649
784.84837
784.85164
784.85576
784.85875
784.86165
784.86658
784.87136
784.87873
784.88390
784.88671
784.89001
784.89159
784.89458
784.89558
784.90160
784.90578
784.90889
784.91453
784.92503
784.92671
784.92955
784.93725
784.97250
784.98281
786.50482
786.73954
787.41930
787.94075
789.50721
789.64026
789.64396
790.20741
790.50728
791.61749
791.89385
791.91129
791.91729
791.92813
791.93175
792.01749
792.51780
792.53436
792.55841
792.67451
792.87219
793.30120
793.86149
794.51547
794.52540
794.52819
794.53528
794.53944
794.54127
794.88471
795.18514
795.25314
795.36576
795.45124
795.84229
795.84908
795.88312
796.31823
796.37572
796.69512
797.11313
797.12556
797.12970
797.13922
797.15137
797.99633
798.20622
798.21370
798.34524
798.35937
799.06552
799.25939
800.21204
800.65840
800.79531
800.98240
800.98833
800.99536
801.11863
801.17008
801.53288
801.69262
801.73065
801.83261
801.96557
802.28231
803.06367
803.14301
803.26618
803.85179
803.97492
804.74937
804.93279
805.39306
805.69974
806.68550
806.72628
807.36897
807.76892
807.91977
807.92337
807.93263
808.90662
809.20205
809.27931
810.24269
810.24530
810.26272
810.78347
811.48338
811.59232
811.60893
811.78335
812.12673
812.25221
812.25521
812.73323
812.99614
813.88540
813.89343
813.89574
813.90373
813.91142
813.91623
814.05700
814.18558
814.20898
814.35672
814.84037
815.26919
815.64335
815.65000
815.72926
815.74968
815.88862
815.88981
815.90702
816.55658
817.23610
817.24650
817.60870
818.26867
818.42891
818.44298
818.46699
818.55196
818.56252
819.56641
819.59600
820.83279
821.20876
821.49220
822.14033
822.36615
822.50581
822.56601
823.23440
823.23836
823.24293
823.24761
823.25111
823.44215
823.46618
823.75857
823.79276
824.15595
824.17509
824.18515
824.19272
824.36248
824.61641
824.73627
824.84220
825.07640
825.14224
825.32540
825.37906
825.50836
826.30339
826.37546
826.59305
827.06432
827.06813
827.07074
827.07598
827.08089
827.08307
827.33275
827.35272
827.35581
827.36865
827.39919
827.65252
828.22943
828.34198
828.35871
828.37910
828.38534
828.68232
829.32536
829.34878
829.39966
829.42310
829.43413
829.44287
829.45439
829.92308
830.48300
830.52615
830.73284
830.73559
830.74899
830.75679
830.93535
831.04715
831.31853
831.35850
831.64181
832.05973
832.07061
832.07669
832.08598
832.10209
832.44918
832.99560
833.00591
833.02011
833.02279
833.02572
833.04897
833.27136
834.07951
834.08365
834.35187
834.35871
834.36549
834.37514
834.37891
834.38264
834.63280
835.17526
835.20156
835.24743
835.33964
835.71633
836.10174
836.22293
836.26590
836.35964
836.37294
836.38095
836.38784
836.39451
836.39927
836.40215
837.39191
837.81226
837.86925
837.87391
837.87873
838.07536
838.20178
838.23288
838.84709
840.12583
840.50842
840.78301
840.79179
840.79421
840.79748
840.79952
840.80165
840.80681
840.81088
841.11215
841.80641
842.05641
842.06127
842.06414
842.06590
842.07322
842.08985
842.09202
843.11245
843.43289
843.43584
843.43797
844.09229
844.44585
844.45938
844.46262
844.46629
844.46890
844.62913
845.36653
845.91273
846.53999
846.54208
846.54768
846.55358
846.55873
847.01273
847.44725
847.45268
847.46164
847.86676
847.99981
848.50895
849.56930
849.93607
849.93996
849.94370
849.94710
849.95267
849.96605
851.17688
851.17979
851.33774
851.33945
851.34075
851.34350
851.35386
851.37423
851.50024
851.80002
851.90912
851.94369
852.06023
852.06939
852.09060
852.09767
852.11105
852.70055
852.76691
852.92716
852.95733
853.00991
853.04362
853.04536
853.05552
853.26959
853.39289
853.89332
853.91314
853.92991
853.95042
854.33375
854.57967
854.59683
854.60705
854.61881
855.01661
855.36336
855.37725
855.71728
855.77643
855.78607
855.88409
856.26348
856.40982
856.76745
856.85302
856.86972
856.99313
857.12591
857.13371
857.15320
857.15560
857.16355
857.20079
857.30968
858.05086
858.53710
859.52010
859.73835
859.74094
859.74621
859.75556
859.75787
859.76064
859.88710
860.78420
860.78721
861.20776
861.28745
861.56776
861.66770
861.77446
861.96542
861.96779
861.97658
862.01844
862.05087
862.47954
862.76116
862.95118
863.54392
863.54840
863.55518
863.55769
863.56370
863.56692
863.73831
863.76134
864.62778
864.76406
864.76756
864.77065
864.78975
865.28727
865.70794
866.14443
866.16778
866.27773
866.45763
866.48863
867.10384
867.38068
867.50138
867.59453
867.60228
867.60631
867.60731
867.61736
867.62057
867.63778
867.64359
867.67542
867.98434
868.50359
868.52842
868.53652
868.53843
868.54473
868.54959
868.64746
869.08451
869.10810
869.59370
869.98229
870.36807
870.37074
870.39132
870.39477
870.40381
870.69461
870.85151
871.03476
871.31808
871.58431
871.66166
871.67197
871.67519
871.70067
871.70381
871.72703
871.84466
871.88092
871.92710
871.96143
872.17320
872.30141
872.64389
872.75402
872.85118
872.87241
872.94756
873.10797
873.22502
873.55352
873.59405
873.68247
873.93479
874.23467
874.32034
874.34369
874.35094
874.46110
874.46334
874.46596
874.47016
874.49147
874.55820
875.01811
875.47525
875.51051
875.53724
875.56828
875.62712
875.70142
875.90376
876.50131
876.82791
876.98475
877.30786
877.31151
877.31975
877.32483
877.32885
877.33072
877.47085
877.48703
877.79151
877.88840
877.97705
878.03442
878.16089
878.42696
878.56385
878.57460
878.58029
878.59412
878.59727
878.60599
878.61613
878.62690
878.63784
878.72057
878.76100
878.82032
879.52740
879.56384
879.57305
879.57746
879.58307
879.71778
879.72095
880.32754
880.45391
880.47743
880.72241
880.73081
880.73451
880.73685
880.73818
881.09344
881.30788
881.39337
881.40497
881.83704
881.95111
882.40035
882.40366
882.42682
882.70052
883.00090
883.12463
883.36707
883.63928
883.64247
883.64787
883.65081
883.65391
883.65619
883.66278
883.66703
884.19388
884.35062
884.36770
884.37121
884.37371
884.37728
884.38259
884.38853
884.39307
884.40571
884.49403
884.79705
884.83409