0.16321
0.16708
0.22362
0.36055
0.36733
0.62995
0.80646
0.87339
0.88742
0.90300
0.92396
1.24836
1.39305
1.39545
1.51968
1.52525
1.52702
1.69380
2.11935
2.12942
2.27966
2.43703
2.52600
2.78579
3.02945
3.04762
3.05256
3.11288
3.22942
3.23567
3.32524
3.45255
3.45493
3.52137
3.58047
3.59732
3.69184
3.75197
3.79923
3.81216
3.82588
3.82913
3.85255
3.97014
4.00205
4.13139
4.15844
4.19729
4.36235
4.53566
4.57116
4.62547
4.67889
4.70601
4.74284
4.82088
4.84686
4.93141
4.94036
4.94532
4.95476
5.05612
5.06209
5.18653
5.20605
5.23500
5.24165
5.35151
5.42537
5.42877
5.45296
5.45659
5.52264
5.73239
5.75920
5.86087
7.08760
7.18578
7.20227
7.20928
7.25525
7.53592
7.97986
8.04099
8.09476
8.24455
8.27422
8.79434
8.81196
9.06023
9.53426
9.54849
9.56160
9.57669
9.58419
9.60189
10.17369
10.19055
10.35419
10.51146
10.54469
10.56212
10.56356
10.56973
10.57731
10.58998
10.61047
10.67432
10.67897
10.73784
10.73987
10.77457
10.78348
10.82007
10.87822
10.90317
10.91819
11.04375
11.15716
11.18134
11.49736
11.50685
11.81668
11.81868
11.84475
11.89904
11.98041
11.98984
12.13821
12.15088
12.18746
12.18964
12.20994
12.21206
12.21392
12.24951
12.25889
12.26786
12.66279
12.71091
12.78853
12.79051
12.81406
12.82388
12.83545
13.05013
13.31290
13.37639
13.78721
14.22075
14.41126
14.42977
14.45914
14.48028
14.50544
14.52616
14.53088
14.61000
14.61592
14.62648
14.63071
14.74587
14.75651
14.76102
14.82065
14.86984
14.89653
14.91108
14.92020
15.03629
15.04697
15.05712
15.14602
15.15776
15.19675
15.28164
15.28844
15.35345
15.39083
15.41517
15.42762
15.54214
15.64629
15.65269
15.71884
15.74751
15.75295
15.80335
15.91940
15.93218
16.00512
16.00609
16.00866
17.02378
17.10841
17.20819
17.89142
18.98537
19.04089
19.19866
19.24358
19.44838
19.56122
19.61886
19.70743
19.76507
20.01520
20.45083
20.52559
20.59029
20.72713
20.73047
20.75169
21.32329
21.37976
21.40293
21.46604
21.60399
21.75653
21.94995
21.95158
22.12169
22.35798
22.46675
22.58938
22.59353
22.59644
22.68956
22.69303
22.97099
22.99623
23.03058
23.03991
23.53906
23.63582
23.65626
23.67616
23.68123
23.70059
23.81260
23.83362
23.94863
23.95557
23.99323
24.00323
24.07276
24.09440
24.17623
24.21208
24.27872
24.33824
24.55534
24.61940
24.62205
24.67625
24.68613
24.69964
24.71302
24.74339
24.84915
24.96863
25.21620
25.31256
25.32784
25.33646
25.33938
25.54717
25.55816
25.80140
25.87200
25.95796
25.99960
26.02347
26.12578
26.12769
26.22249
26.31112
26.33647
26.34464
26.34718
26.35109
26.52125
26.53541
26.55336
26.64694
26.65860
26.76862
26.84445
26.94405
26.99695
27.12130
27.14170
27.16991
27.29403
27.36519
27.36849
27.39441
27.39719
27.43093
27.50164
27.50801
27.51565
27.57097
27.59665
27.62853
27.74357
27.85167
28.01705
28.39857
28.85394
29.49829
29.70056
29.86323
29.89726
29.97406
30.06406
30.11363
30.26738
30.30340
30.40540
30.48046
30.53668
30.63837
31.01042
31.07727
31.49697
31.53584
31.70809
31.93335
32.13331
32.18693
32.22457
32.51895
32.76655
32.86016
33.26770
33.27258
33.32265
33.43409
33.64286
33.70599
33.76838
33.87595
33.88513
34.35160
34.59872
34.79354
34.86098
34.88561
34.92727
34.93454
34.93703
34.94230
34.96524
35.26259
35.28455
35.34999
35.44849
36.26303
36.28314
36.28580
36.29948
36.32159
36.34064
36.36349
36.45057
36.46027
36.67187
36.91710
37.18603
37.31167
37.63671
37.81677
37.97817
38.08308
38.19436
38.21380
38.22053
38.32958
38.42324
38.65051
38.66344
38.66625
38.74059
38.97757
38.98687
39.01604
39.16939
39.18017
39.20705
39.22657
39.38685
39.40694
39.42655
39.63817
39.65678
39.74546
39.76307
39.77780
39.81913
39.91713
39.91916
39.94892
40.39898
40.47186
40.49342
40.51846
40.52051
40.72188
40.78604
40.81820
40.93891
40.96003
41.40204
41.45462
41.59941
41.68712
42.24513
42.35019
42.48473
42.72626
42.75801
42.76546
43.14212
43.32005
43.45263
43.46438
43.47394
43.48523
43.48700
43.73219
43.77421
43.88966
43.99719
44.55335
44.83045
44.85726
44.95971
44.96322
45.00066
45.01179
45.06307
45.12184
45.13320
45.49678
45.55739
45.59463
45.60008
45.62943
45.67587
45.69799
45.70748
45.73739
45.74342
45.75668
45.87683
45.93986
45.94974
45.96621
46.25000
46.41853
46.44336
46.92957
47.05842
47.63596
48.39504
48.70898
48.71163
48.78956
48.91292
49.17549
49.26412
49.26565
49.32521
49.38922
49.44487
49.49072
49.74564
49.83396
49.86915
49.95732
50.02255
50.10351
50.11400
50.12498
50.14857
50.21871
50.30782
50.36593
50.43161
50.50724
50.51079
50.61824
50.73659
50.75729
50.83863
50.87404
51.04766
51.07772
51.09169
51.32767
51.38275
51.40731
51.41253
51.49146
51.64421
51.77730
51.85431
51.87627
51.88480
52.03624
52.30178
52.41776
52.41992
52.51004
52.76432
53.12325
53.23461
53.38332
53.45745
53.49340
53.59466
53.79234
53.90122
54.22894
54.27654
54.37649
54.63008
54.64737
54.68099
54.68327
54.71717
54.74044
55.10650
55.14992
55.26103
55.64188
55.67243
55.68236
55.69270
55.69924
55.75317
56.03586
56.16305
56.29260
56.61483
56.68703
57.26709
57.60195
57.68468
57.73884
57.77516
58.44885
58.47538
58.55918
58.62514
58.64450
59.10313
59.19693
59.40823
59.62929
59.76962
59.83235
59.95833
60.01447
60.09581
60.10287
60.19828
60.20531
60.23590
60.30558
60.30804
60.31722
60.32848
60.38205
60.42478
60.55971
60.65712
60.66502
60.67562
60.80536
60.92385
60.97089
61.04474
61.18109
61.20529
61.24885
61.28264
61.31209
61.47421
61.49119
61.56562
61.64544
61.93155
62.14102
62.28079
62.37435
62.56794
62.98825
63.18548
63.20351
63.25749
63.26821
63.30476
63.33675
63.48699
63.63787
63.89697
63.95158
63.95332
64.12385
64.12809
64.14947
64.20970
64.24064
64.24419
64.26396
64.26632
64.28708
64.29350
64.60434
64.77846
65.75884
65.84083
66.14116
66.26427
66.49770
66.53629
66.56331
66.61752
66.76579
66.80120
66.84471
67.05657
67.12247
67.21580
67.40379
67.77327
67.78623
67.92954
68.20112
68.28853
68.40009
68.43765
68.46239
68.65633
68.67487
68.68970
68.75632
68.77303
68.87302
68.90366
69.05371
69.11378
69.25233
69.29438
69.30362
69.30511
69.36036
69.37675
69.38984
69.44493
69.50013
69.50235
69.58603
69.58919
69.78949
69.88964
70.10030
70.10617
70.17197
70.19844
70.32290
70.47678
70.54420
70.72276
70.76632
71.37622
71.38022
71.88045
71.92966
71.94298
71.96209
71.99822
72.02864
72.07766
72.10717
72.12195
72.13789
72.13914
72.16988
72.17669
72.19334
72.20143
72.25586
72.26341
72.29172
72.34527
72.35461
72.37860
72.40582
72.47779
72.52234
72.58167
72.59611
72.60574
72.64785
72.67595
72.69537
72.86586
72.89322
73.07221
73.10570
73.12637
73.13277
73.15545
73.38781
73.40826
73.41237
73.41342
73.65546
74.08611
74.32209
74.51944
74.68096
74.72842
74.73989
74.75518
75.50119
75.56398
76.00388
76.03230
76.27160
76.50480
76.62479
76.66807
76.93550
77.13429
77.32074
77.41800
77.42667
77.50448
77.52762
77.80670
77.88804
78.10631
78.45436
78.58418
78.70348
78.79243
78.95297
79.11774
79.51835
79.58359
79.60762
79.76610
80.25406
80.26556
80.39354
80.45136
80.46329
80.63731
80.90358
80.91783
80.92889
80.93106
81.04059
81.14366
81.37946
81.60474
81.87038
81.94489
81.94695
81.96429
81.96912
81.97443
81.99225
81.99423
82.00281
82.05206
82.05374
82.06249
82.06959
82.11984
82.34216
82.40111
82.42693
82.58373
83.01617
83.02412
83.02686
83.10674
83.19081
83.19628
83.22655
83.24051
83.26607
83.32923
83.39058
83.41751
83.47143
83.59527
83.70326
83.70823
83.72228
83.76396
83.76657
83.89058
83.92003
83.97331
84.19294
84.19981
84.21974
84.29416
84.38568
84.42663
84.55944
84.65112
84.66987
84.72428
85.03333
85.16973
85.20303
85.25945
85.31978
85.38649
85.53911
85.59048
85.63632
85.64977
85.86955
86.20304
86.36469
86.36948
86.38502
86.45042
86.49690
86.52338
86.53594
86.54237
86.54505
86.80267
87.08770
87.12822
87.65909
87.85546
87.90710
88.31018
88.40558
88.59898
88.62999
88.80621
88.99705
89.00287
89.22838
89.30240
89.46867
89.82250
89.84202
90.18276
90.42210
90.55833
90.93537
91.54902
91.67019
91.68249
91.99884
92.11863
92.12381
92.13494
92.15186
92.16305
92.29263
92.43506
92.44636
92.44773
92.45935
92.46579
92.48111
92.55118
92.55338
92.56137
92.56757
92.57967
92.58510
92.67190
92.67973
92.70929
92.71064
92.75518
92.76831
92.82477
92.86220
92.87878
92.88871
92.90850
93.08847
93.11158
93.23532
93.24146
93.36283
93.40235
93.42604
93.43099
93.48834
93.52941
93.53980
93.54382
93.62588
93.63646
93.76705
93.82445
93.86278
93.87162
93.95317
93.95510
93.98479
94.01774
94.10671
94.14377
94.18199
94.68886
94.69788
95.17560
95.39823
95.53616
95.70105
95.86231
95.92501
95.95441
96.13171
96.14343
96.25104
96.30494
96.30720
96.35951
96.36113
96.38680
96.40707
96.40974
97.28026
97.29792
97.31305
97.32767
97.33061
97.34701
97.35256
97.35716
97.39178
97.40498
97.40823
97.41129
97.41725
97.42160
97.43598
97.44420
97.47800
97.60846
97.75456
98.50431
98.66698
98.72707
99.42935
99.43087
99.50403
99.66617
99.91696
100.03271
100.06081
100.07365
100.08374
100.08544
100.09605
100.10801
100.19766
100.21943
100.25354
100.29914
100.30453
100.60452
100.65021
100.66707
100.71841
100.97578
101.10441
101.10649
101.28264
101.51311
101.98677
102.30421
102.34473
102.42905
102.61368
102.66114
102.67306
103.39729
103.66118
103.74361
103.78437
103.79996
103.93917
103.97199
104.21116
104.33663
104.35343
104.42777
104.52631
104.54364
104.59617
104.69065
104.69207
104.79642
104.82021
104.99208
105.10092
105.19978
105.23295
105.28672
105.32278
105.45885
105.52033
105.53305
105.65762
105.96235
106.02051
106.03462
106.13800
106.18963
106.21357
106.24815
106.47160
106.61652
106.66631
106.94671
107.26606
107.70861
107.96607
108.10965
108.12674
108.69644
108.83284
109.08948
109.43994
109.44589
109.45280
109.45545
109.48445
109.53888
109.55649
109.56499
109.57002
109.57999
109.59416
109.59911
109.60341
109.62714
109.62879
109.64914
110.12386
111.03127
111.03770
111.04895
111.09903
111.20168
111.23894
111.25512
111.56565
111.58761
111.60611
111.62043
111.62247
111.63650
111.66956
111.70053
111.93352
111.99294
112.01953
112.38136
112.97623
113.22195
113.22581
113.22968
113.38995
113.56944
113.66427
113.66625
113.69877
113.72068
113.74902
113.79278
113.79497
113.81526
113.83197
113.99340
114.22668
114.35803
114.70787
114.75247
115.01666
115.03073
115.13446
115.13584
115.19326
115.19593
115.34480
115.47133
115.54846
115.63784
115.66233
115.72849
115.84314
115.85887
116.06418
116.07650
116.09835
116.15238
116.20822
116.42183
116.44250
116.46315
116.55254
116.56169
116.58938
116.68923
116.76237
116.82388
116.86234
116.92270
116.92445
116.95449
116.97632
116.97812
116.99264
117.12830
117.22447
117.22580
117.26517
117.55226
117.63375
117.67783
117.97186
117.97386
118.43141
118.46873
118.57209
118.70787
119.00591
119.04272
119.05444
119.20875
119.33762
119.37761
119.47135
119.54813
119.68124
120.18784
120.63504
120.80176
120.81079
120.82126
121.26441
121.35504
121.36438
121.42051
121.42566
121.55766
121.73897
122.12091
122.23704
122.26442
122.34777
122.36348
122.37076
122.37207
122.40191
122.45120
122.46843
122.47209
122.49533
122.68390
122.92205
123.18773
123.38873
123.60421
123.80398
124.06437
124.15778
124.17228
124.46808
124.50133
124.52481
124.54432
124.56686
125.06827
125.23177
125.93473
125.98977
126.09745
126.26940
126.34490
126.43713
126.46321
126.53855
126.54760
126.57546
126.57825
126.61161
126.63090
126.63769
126.64761
126.71162
126.72344
126.72542
126.73973
126.74918
126.85120
126.85692
126.95797
126.97330
127.07816
127.10097
127.12900
127.14129
127.33417
127.39724
127.41047
127.59797
127.65824
127.66424
127.93058
127.95391
128.14421
128.16551
128.18222
128.20652
128.21402
128.21832
128.22044
128.23082
128.23682
128.33971
128.44756
129.16530
129.37741
129.59191
129.60414
129.73090
130.09449
130.18070
130.30130
131.24630
131.49739
131.58074
131.73066
131.91759
132.04748
132.25153
132.72806
133.21127
133.39720
133.40497
133.43238
133.43429
133.50045
133.52161
133.67660
133.68094
133.68543
133.79375
134.12200
134.31388
134.36775
134.86804
135.33051
135.97773
136.11385
136.58041
136.67163
137.11928
137.28311
137.40526
137.44320
137.45581
137.47511
137.83032
137.83401
137.93515
138.13317
138.18016
138.18466
138.20764
138.25753
138.26997
138.27279
138.30080
138.32775
138.42251
138.60153
138.72345
138.77017
138.77713
138.78932
138.87259
138.92020
138.97229
139.07407
139.12028
139.16429
139.17019
139.24421
139.24683
139.27427
139.27680
139.38436
139.40630
139.42657
140.11706
140.70275
140.75412
140.77088
141.23859
141.32734
141.33331
141.40127
141.41180
141.42966
141.47446
141.82465
142.03640
142.13696
142.53451
142.53634
142.61322
142.62429
142.64061
142.87718
143.18634
143.22716
143.71299
143.84636
143.92353
144.47972
144.86280
144.92341
145.21262
145.21481
145.25369
145.28670
145.32914
145.41289
146.11263
146.22069
146.55444
146.56016
146.57922
147.00982
147.11435
147.32518
147.38673
147.38848
147.44726
147.50986
147.51241
147.51573
147.81656
147.82618
147.82884
147.99348
148.24785
148.52890
149.00947
149.13992
149.14694
149.19963
149.23928
149.35768
149.37863
149.43178
149.48234
149.48638
149.50947
149.56945
149.74535
149.88483
149.96554
149.98530
150.12863
150.24512
150.28452
150.47866
150.59015
150.79149
150.79520
150.82530
150.85816
151.04843
151.25625
151.26830
151.29510
151.30138
151.50931
151.53316
151.54081
151.54898
151.55572
151.55763
151.57443
151.59471
151.60801
151.66521
151.73793
151.77238
151.77833
151.80468
151.82112
152.04493
152.18848
152.92988
153.03956
153.17957
153.42030
153.45873
154.07952
154.08918
154.11385
154.15232
154.42223
154.69519
154.83679
154.92754
155.38857
155.86464
155.89365
156.13770
156.15591
156.16509
156.18268
156.32488
156.44038
156.45816
156.55016
156.72988
157.30731
157.35507
157.44139
157.44967
157.46074
157.66047
158.54734
158.54889
158.57703
158.78458
158.79867
158.80509
158.81195
158.81421
158.82014
158.83094
158.85013
158.88770
159.43036
159.44346
159.52727
159.54080
159.57561
159.61000
159.62385
160.07669
160.09992
160.13588
160.14701
160.15452
160.15988
160.24053
160.25997
160.37647
160.41680
160.77572
160.81477
160.84964
161.03877
161.04985
161.05973
161.10188
161.11375
161.16138
161.35431
161.52515
161.59718
161.84537
161.87619
161.88682
161.90586
162.15721
162.33224
162.35391
162.36901
162.37458
162.59654
162.62271
162.65940
162.88276
162.90822
164.08466
164.36091
164.72208
165.28834
165.29615
165.35631
165.46862
165.62536
165.75106
165.89193
165.97890
166.05998
166.15758
166.17536
166.40859
166.41144
166.50099
166.50860
166.51971
166.60855
166.76527
166.87513
167.57502
168.24498
168.30828
168.55311
168.59101
168.62816
168.64034
168.64480
168.70945
168.74481
169.09140
169.11030
169.22483
169.25693
169.41187
169.60799
169.70959
169.71939
170.07450
170.27451
170.30786
170.34130
170.54114
170.62459
170.82191
171.11211
171.13440
171.13637
171.14108
171.40774
171.49107
171.50722
171.50950
171.51543
171.52137
171.56798
171.57168
171.59288
171.59455
171.63602
171.64034
171.64201
171.64370
171.65766
171.66033
171.66373
171.67158
171.74104
171.75766
171.80774
171.84872
171.89095
171.90416
171.92844
171.94100
171.94903
172.09815
172.10752
172.11151
172.25745
172.26369
172.30492
172.32799
172.33827
172.34092
172.42427
172.46643
172.47846
172.52055
172.59006
172.59471
172.74500
172.81119
172.81650
172.89490
173.00744
173.01045
173.90746
173.99121
174.90115
175.03172
175.15740
175.18811
175.19080
175.38599
175.42398
175.45274
175.46768
175.48017
175.51621
175.58810
176.19863
176.21360
176.21734
176.86147
177.08506
177.16147
177.24027
177.24373
177.25738
178.01054
178.18399
178.82385
179.23054
179.29049
179.29663
179.42027
180.18285
180.19286
180.40188
180.42818
180.68315
181.66487
181.91095
181.91828
181.95729
182.44155
182.79677
182.90637
182.93802
183.04458
183.05739
183.06359
183.09202
183.12654
183.14077
183.22459
183.29077
183.34413
183.35475
183.37457
183.43299
183.61669
183.62789
183.64849
183.87422
183.92248
184.04670
184.06135
184.08300
184.24123
184.27450
184.36778
184.39082
184.52271
184.54672
185.23535
185.27423
185.29951
185.30394
185.31761
185.40753
185.41800
185.46362
185.48550
185.67454
186.19090
186.65259
186.68038
186.68995
186.70367
186.71761
186.73514
186.78423
186.80066
187.02824
187.04475
187.72190
187.75773
187.82357
188.00791
188.12870
188.17856
188.18057
188.30790
188.54117
189.05183
189.09121
189.17470
189.40803
189.64144
189.68130
189.73636
189.82468
190.10792
190.24516
190.30454
190.86506
190.87894
190.88515
190.88778
190.97492
191.02229
191.02701
191.02868
191.05819
191.17892
191.95526
192.69575
192.82864
192.86844
193.09167
193.24191
193.28668
193.28924
193.40856
193.58645
193.60593
193.62519
193.64191
193.65393
193.65732
193.70510
193.95868
194.01966
194.03832
194.06067
194.16531
194.18049
194.23173
194.26916
194.32437
194.37536
194.52923
194.53177
194.63817
194.67869
194.68683
194.70141
194.70890
194.71924
194.74981
194.80731
194.88434
195.05722
195.05883
195.35217
195.39587
195.49348
195.52553
195.78188
195.84932
195.85909
196.16574
196.72968
196.85907
196.89232
197.32566
197.64248
197.69635
197.87578
198.19252
199.07983
199.13486
199.14759
199.19921
199.52601
199.55224
199.68012
199.72940
200.07626
200.55285
200.57516
200.60926
200.62646
200.64212
200.64425
200.66707
200.68739
200.77605
201.05696
201.91864
202.22886
202.30066
202.33796
202.42641
202.45031
202.45706
202.45994
202.46497
202.48770
202.63530
202.80687
202.81338
202.81614
202.84496
202.84724
202.95712
202.99094
203.49283
203.50629
203.54078
203.59395
203.60609
203.66424
204.57234
204.59096
204.71662
204.74723
204.76201
204.77666
204.79440
204.89725
204.90222
204.91923
204.92679
204.93092
204.99187
205.04976
205.07944
205.18490
205.20761
205.25032
205.34477
205.52419
205.52694
205.72946
205.75087
205.76358
205.78972
206.11041
206.15996
206.63117
206.80422
207.10463
207.59381
208.14017
208.57367
208.58391
208.59459
208.62725
208.63473
208.70987
208.71211
208.80573
208.86064
209.16057
209.29122
209.71071
209.88934
209.91160
209.94147
209.96532
210.11504
210.17738
210.21157
210.26078
210.26771
210.30362
210.34401
210.46084
210.49404
210.66085
210.81084
210.96085
211.10349
211.12759
211.91120
211.91719
212.00567
212.10892
212.31177
212.52790
212.69323
212.69450
212.71490
212.84363
212.91509
213.16101
213.40353
213.42628
213.81903
214.67960
215.15785
215.28449
215.57778
215.59909
216.19887
216.56242
216.84499
216.92847
217.09569
217.41606
217.44262
217.47330
217.51064
217.54142
217.59151
217.76578
217.80440
217.82534
217.89254
217.93001
217.99560
218.00467
218.04061
218.20333
218.20635
218.43258
218.43556
218.47512
218.56753
218.60153
218.68508
218.72623
218.81208
218.84751
218.93378
219.04752
219.18236
219.18680
219.18837
219.26645
219.35877
219.39753
219.56219
219.58098
219.63242
219.67902
219.80193
219.86500
219.91242
219.93647
220.12195
220.12393
220.12767
220.35207
220.60018
220.67809
220.71977
220.81398
220.92002
220.97684
221.01261
221.31072
222.02557
222.05718
222.11874
222.29619
223.10077
223.13755
223.17110
223.27730
223.82097
223.88996
224.08452
224.11068
224.22998
224.24319
224.28597
224.42106
224.56325
224.66359
224.68646
224.70319
224.73006
224.78010
225.41313
225.47695
225.49171
225.51729
225.62541
226.27939
226.32155
226.36650
226.81119
226.82822
227.54827
227.59751
227.83693
227.97663
228.00338
228.03092
228.03290
228.06107
228.10506
228.10671
228.30764
228.33121
228.34390
228.36950
228.37982
228.43514
228.46464
228.53142
228.62495
228.70899
228.88817
228.97575
228.98745
229.16454
229.33677
229.34238
229.39445
229.46219
229.46850
229.49208
229.52805
229.63938
229.68345
229.99811
230.45894
230.59845
230.73827
230.76268
230.77187
230.95125
231.41151
231.45670
232.24896
232.38530
232.44623
232.51575
232.94923
233.84423
234.06226
234.06916
234.21622
234.49968
234.55330
235.08340
235.47028
235.51820
235.55547
235.56433
235.57588
235.67559
235.72805
236.08368
236.33378
236.36721
236.94500
237.26461
237.58198
237.70803
237.85772
238.13084
238.13485
238.16800
238.21939
238.22616
238.26970
238.29879
238.30776
238.31932
238.33315
238.33474
238.35562
238.41185
238.42711
238.43835
238.46280
238.46870
238.49248
238.52450
238.53461
238.55526
238.57224
238.59281
238.62750
238.67947
238.70800
238.71336
238.72592
238.82962
238.92472
239.11927
239.24561
239.50179
239.52877
240.29514
240.46623
241.05007
241.09833
241.09996
241.10873
241.15358
241.16147
241.17438
241.19917
241.21110
241.29332
241.29658
241.48785
241.68603
242.03891
242.19741
242.33110
242.75661
242.78116
243.27686
243.30470
243.30681
243.34633
243.35852
243.42027
244.45569
244.46647
244.47051
244.60402
244.73007
245.14428
245.29824
245.87793
246.03797
246.04466
246.06630
246.07123
246.07819
246.11964
246.33066
246.34435
246.64334
246.66425
246.70457
246.70893
246.73040
246.77590
247.81013
248.01866
248.20557
248.24530
249.55341
249.89335
249.92030
249.95618
249.96932
250.02642
250.03984
250.23082
250.27903
250.28883
250.30663
250.32040
250.68212
250.76613
250.76757
250.95598
250.96785
250.97025
250.97717
251.02374
251.06616
251.25713
251.28996
251.31586
251.44849
251.81382
251.82801
251.95170
252.16826
252.22861
252.43828
252.93821
253.19130
253.54497
253.54689
253.55238
253.55703
253.58192
253.58630
253.59133
253.62831
254.05834
254.28580
254.33019
254.37887
255.69679
255.70325
255.78949
256.10690
256.56150
256.56382
256.97656
257.98647
257.99900
258.38732
258.57770
258.67736
258.83100
259.30845
259.89474
260.07520
260.07716
260.26900
260.32878
260.48494
260.55850
260.82129
260.82329
260.90303
260.95937
260.96596
260.98113
260.99527
261.09648
261.26394
261.30234
261.36131
261.44066
261.55502
261.57269
261.71248
261.76381
261.87633
261.96252
262.03912
262.04217
262.04776
262.18702
262.27595
262.30893
262.35249
262.44068
262.49363
262.49616
262.52214
262.56790
262.59771
262.65403
262.74114
262.96146
263.02220
263.17906
263.20433
263.20667
263.21890
263.30585
263.45015
263.46376
264.08041
264.55084
264.71811
264.72694
264.75648
264.80097
265.11073
265.14505
265.79454
265.86146
265.96517
265.98930
266.28162
266.62848
266.63333
266.64474
266.64837
266.71513
266.79857
266.97520
267.31464
267.37517
267.38217
267.40004
267.47654
267.48962
267.57698
267.99026
269.31400
269.43332
269.46969
269.56735
270.07344
270.10784
270.12978
270.15158
270.18502
270.30057
270.35411
270.37152
270.37339
270.58367
270.59540
270.66730
270.67062
270.93843
270.98085
271.07169
271.15078
271.30273
271.40076
271.42898
271.68194
271.69161
271.88551
271.92575
271.98790
272.02076
272.03101
272.05555
272.06825
272.07178
272.16426
272.17072
272.34385
272.36841
272.42965
272.58507
272.97361
272.98546
273.17078
273.41738
273.70460
273.70898
273.78677
273.79103
273.89388
274.13336
274.43611
274.48635
274.52486
274.57384
274.63512
274.79774
274.87047
275.03654
275.05051
275.06085
275.83553
275.89089
275.89363
275.95736
276.10113
276.21787
277.10131
277.16088
277.18369
277.77121
277.78067
277.78240
277.78816
277.81745
277.82235
277.82891
277.87158
277.89474
277.94880
278.09284
278.27167
278.42066
278.42175
278.58867
279.97000
280.27094
280.47181
280.48432
280.65626
280.91317
280.95042
280.96279
281.19008
281.32333
281.37094
281.41081
281.42080
281.42333
281.43593
281.44651
281.48025
281.49535
281.50091
281.59035
281.59358
281.66204
281.70157
281.73215
281.86584
281.88654
281.96860
282.00919
282.13455
282.27177
282.28384
282.30729
282.37414
282.39457
282.40473
282.63530
282.64697
282.66458
282.94377
283.05410
283.66220
283.94943
284.15889
284.29022
284.29607
284.30274
284.65513
284.69868
284.78968
284.91305
285.05905
285.65955
285.69284
286.00970
286.42161
286.46433
286.46695
286.48210
286.52931
286.58450
286.58962
287.15789
287.93722
287.94423
288.00094
288.01055
288.08806
288.17125
288.18230
288.19798
289.13714
289.32849
289.33657
289.56207
289.65964
290.05992
290.09983
290.11090
290.12385
290.13922
290.20216
290.20768
290.21294
290.56635
292.18036
292.18690
292.19878
292.21633
292.29442
292.38715
292.49174
292.52526
292.62963
292.77064
292.78868
292.87803
292.97080
293.05647
293.06431
293.21029
293.22392
293.37512
293.51444
293.54229
293.55672
293.59814
293.69789
293.75173
293.82156
293.83137
293.83734
293.85767
293.85919
294.31861
294.32817
294.38077
294.40497
294.43949
294.47875
294.63237
294.69840
294.82934
294.93189
295.99241
295.99958
296.02233
296.34939
296.75585
296.78634
297.20470
297.87252
297.92996
298.48376
298.51442
298.57081
298.57424
298.70597
298.71370
298.86733
299.26226
299.26734
299.30463
299.30982
299.31896
299.32720
299.35046
299.35338
299.38161
299.40498
299.42397
299.43810
299.66252
300.19144
300.36827
301.38914
301.50222
301.62879
301.95574
301.98571
302.03049
302.03751
302.06684
302.21270
302.26928
302.73621
302.94057
303.43386
303.48307
303.56734
303.76997
304.10738
304.30037
304.43697
304.44591
304.45901
304.47044
304.49474
304.50117
304.55377
304.58120
304.72071
304.77745
304.81080
304.90299
305.05158
305.23836
305.65445
305.65863
305.67271
305.70448
305.70637
305.70782
305.76191
305.79232
305.88205
305.93412
305.94262
305.97790
306.17822
306.23295
306.47145
306.52148
306.57525
307.08314
307.08685
307.19955
307.20915
307.35260
307.38849
307.63540
307.89549
308.34512
308.50868
308.53448
308.55062
308.55335
308.80590
308.84844
309.12292
309.27421
309.30830
309.31022
309.33059
309.35100
309.39883
309.45012
310.62359
310.86349
311.19270
311.22747
311.22902
311.40729
311.52051
311.52302
311.53104
311.53259
311.55129
312.30251
312.44897
312.50407
312.57192
313.31228
313.55338
313.71535
313.85856
314.06293
314.07274
314.12957
314.17557
314.37006
314.37295
314.48130
314.48677
314.49234
314.50557
315.54505
315.64244
315.66858
315.76978
315.79020
315.81976
315.88128
315.90329
315.91444
315.93924
316.02367
316.12996
316.14301
316.20288
316.22544
316.33304
316.33522
316.34043
316.46001
316.57360
316.77831
316.83469
316.87723
316.95888
316.99063
317.20773
317.21040
317.26383
317.31490
317.33341
317.35121
317.45780
317.50174
317.64375
317.83578
318.01723
318.03381
318.11051
318.74037
318.79810
318.84604
320.39474
320.46819
320.66401
320.79494
320.93085
321.56904
321.88869
321.90085
322.03543
322.24898
322.57143
322.96260
323.64824
323.74365
323.75588
324.94425
325.27631
325.30836
325.32844
325.33016
325.36369
325.42386
326.70370
326.85383
326.86951
327.01177
327.01456
327.28745
327.30202
327.30373
327.31821
327.33100
327.61252
327.64791
327.67072
327.69477
327.96008
327.99548
328.05494
328.15423
328.16404
328.19823
328.20750
328.22876
328.27556
328.35927
328.45389
328.53067
328.61698
328.63431
328.68354
328.80231
328.85629
328.86867
328.90549
329.02617
329.06529
329.26852
329.30760
329.39406
329.41268
329.43873
329.55105
329.57224
329.59075
329.61533
329.69882
329.87233
329.89621
330.18903
330.29307
330.37646
330.73019
330.95121
331.36054
331.37774
331.38685
331.40244
331.76556
332.03044
332.69739
332.70403
333.02388
334.14957
334.19796
334.99980
335.00185
335.01369
335.02671
335.02903
335.05126
335.38418
335.41780
335.45620
335.45790
335.89862
336.44794
336.49458
336.49619
336.65510
336.84886
336.88473
337.80531
337.82997
337.86526
337.90178
337.90703
337.93541
337.94302
337.96093
337.96328
337.98519
338.03821
338.05588
338.07624
338.09601
338.09827
338.15342
338.18195
338.18563
338.30224
338.31104
338.31597
338.32296
338.34963
338.41525
338.42288
338.46334
338.47130
338.48939
338.58285
338.65594
338.78559
338.82696
338.85626
338.87937
338.97429
339.12281
339.23299
339.24890
339.29975
339.30232
339.66935
340.04701
340.16671
340.31937
340.43589
340.51936
340.56160
340.63615
341.02344
341.06963
341.11967
341.13259
341.57628
341.58110
341.62638
341.70312
342.30333
342.41662
342.42654
342.57016
342.76150
343.43709
344.02054
344.02297
344.04081
344.06305
344.06456
344.07053
344.10290
344.11620
344.11796
344.12141
344.12379
344.15020
344.21185
344.22007
344.30460
344.31281
344.38586
344.43753
344.93749
345.01527
345.02719
345.66096
346.12705
346.15184
346.70632
346.70837
346.73106
346.74868
346.83757
346.86848
346.91560
346.95217
347.30483
347.56776
347.58980
347.98435
348.21943
348.26161
348.83662
348.85971
349.23583
349.69203
349.69986
349.82396
349.86963
349.87879
349.91735
349.95166
349.95326
349.96209
349.96467
349.96712
349.98303
350.54628
350.61708
350.62574
350.63702
350.89488
351.32048
351.45751
351.53786
351.55602
351.72959
351.86151
352.68651
353.20470
353.70750
353.91196
353.96132
354.54533
354.55511
354.56833
354.60246
354.62179
354.79572
356.05107
356.29848
356.54612
356.55400
356.55854
356.56603
356.58998
356.59178
356.64850
356.69195
356.85878
357.09208
357.31139
357.31283
357.31547
357.76642
357.80913
358.72352
358.78004
358.79036
358.85755
358.86296
358.96418
359.36978
359.40199
359.42113
359.43558
360.06419
360.11752
360.12916
360.18688
360.47174
360.49358
360.50771
360.60319
360.79390
360.82700
360.87487
361.10968
361.12724
361.15797
361.16450
361.50680
361.52713
361.55041
361.58622
361.62753
361.64743
361.67749
361.69448
361.72736
362.34080
363.03411
363.03570
363.05275
363.49478
363.68035
363.68251
363.68563
363.81170
365.83821
366.12306
366.13460
366.15492
366.17922
366.22681
366.26272
366.51312
366.51842
366.52063
366.52217
366.56954
366.77704
367.97632
368.16369
368.67781
368.96799
368.98482
369.39339
370.67146
370.68495
370.68803
370.73133
370.80399
370.82045
370.85808
370.86078
370.86436
370.89403
370.89834
370.92534
370.93239
370.98564
371.00412
371.01199
371.05868
371.11489
371.21881
371.22092
371.32624
371.39221
371.49051
371.56502
371.63744
371.85903
371.91806
372.00367
372.13561
372.80286
372.80654
373.10806
373.37502
373.87561
374.43026
374.44697
374.54608
374.55657
374.62592
374.65005
375.14633
375.40126
375.47354
376.06722
376.12139
376.13631
376.28824
376.33048
376.93406
377.43427
377.45114
377.50031
377.94874
377.98909
378.04420
378.13354
378.70071
379.90505
379.92652
380.10855
380.76660
380.78817
380.78999
380.83440
380.92577
381.05295
381.23638
381.31616
381.36402
381.36704
381.52147
381.52378
381.55678
381.57296
381.60290
381.65291
381.75829
381.90313
381.97941
382.23215
382.24795
382.25328
382.26091
382.46037
382.46348
382.52009
382.54368
382.58511
382.59716
382.62016
382.72403
382.74350
382.75905
382.87022
382.97800
383.06325
383.10358
383.17467
383.17805
383.18708
383.20413
383.20570
383.25015
383.26538
383.27682
383.36055
383.48365
383.50386
383.98211
384.05407
384.06983
384.08636
384.09374
384.26320
384.28076
384.59196
384.60262
384.70185
384.83965
384.95445
385.17801
385.32141
385.48139
385.76200
385.77892
385.78961
385.85892
385.87594
385.91254
386.66471
386.95930
386.97211
386.99937
388.06634
388.09577
388.10371
388.10727
388.18430
388.19759
388.22156
388.80633
389.61447
389.74004
389.74383
390.00320
390.07088
390.08498
390.17764
390.18249
390.19663
390.27322
390.52375
390.69050
391.73753
391.87150
391.95773
392.52875
392.65705
392.78890
392.79313
392.87601
393.05175
393.09590
393.10554
393.13515
393.16241
393.20142
393.29781
393.37333
393.37495
393.38111
393.40286
393.48165
393.55096
393.62190
393.66781
393.82015
393.89884
394.04810
394.07523
394.30118
394.31937
394.33184
394.54681
394.60360
394.60640
394.75646
394.82164
395.04244
395.14111
395.27582
395.37019
395.45329
395.47335
395.50841
395.90955
395.96288
396.14466
396.23751
396.29038
396.30244
396.31396
396.31615
396.32979
396.33788
396.34316
396.35264
396.37997
396.38779
396.45965
396.74954
397.35471
397.78098
397.90279
398.03188
398.04385
398.05338
398.12718
398.36061
398.59388
398.84601
398.84778
398.87465
398.97650
399.31088
399.36252
399.36508
399.38888
399.42848
399.44050
399.46086
399.49307
399.54451
400.47126
400.97426
401.04495
401.36168
401.50108
401.52939
402.02676
402.02853
402.05913
402.07904
402.57575
402.58407
403.02611
403.09552
403.41228
403.54193
403.67124
403.72923
403.79318
403.79481
403.84578
403.98006
404.05823
404.12929
404.14993
404.16253
404.18347
404.27914
404.32313
404.37921
404.40764
404.61955
404.71615
404.82933
404.97743
405.07177
405.10099
405.11280
405.45768
405.46303
405.69246
405.95170
406.01325
406.09129
406.09654
406.17982
406.28585
406.32231
406.49056
406.74033
407.28027
407.92929
408.20363
408.46397
408.58087
408.78069
408.95883
408.98695
409.02061
409.03616
409.08750
409.25307
409.39221
409.39394
409.40137
409.41092
409.43910
409.44583
409.46024
409.46847
409.49761
409.50758
409.54422
409.56416
409.64496
409.96449
410.32386
410.51467
410.85184
410.93148
411.01805
411.41197
412.01514
412.12851
412.48237
412.64866
413.63200
413.73834
413.83239
414.20006
414.20704
414.22244
414.27081
414.51962
414.55579
414.78258
415.03405
415.05622
415.06427
415.31089
415.57003
415.68896
415.71609
415.78121
415.96271
416.02459
416.30786
416.33065
416.34696
416.40622
416.42763
416.61655
416.63067
416.66659
416.73333
416.73867
416.83999
416.93014
417.00784
417.06672
417.33970
417.40626
417.61007
417.70809
417.71802
417.88026
417.97207
418.08379
418.08807
418.43253
418.50054
418.64301
418.67494
418.75046
418.81828
418.99355
419.00072
419.00608
419.05233
419.07340
419.08831
419.10505
419.30873
419.35083
419.42663
419.58428
419.73303
420.02697
420.05126
420.21800
420.26075
420.28799
420.33126
420.62444
421.32954
421.38369
421.50583
421.62517
421.64542
421.64737
421.68183
421.72475
422.35863
422.36338
422.96730
422.99204
422.99337
423.19878
423.68632
423.70686
423.70922
425.33590
425.80755
425.90932
426.12165
426.13080
426.13251
426.79042
426.83271
426.96735
427.11095
427.32674
427.45203
427.56039
427.60808
427.63686
427.70361
427.71476
427.73872
427.80770
427.81848
427.83600
427.88149
427.92729
427.93737
427.94864
427.98694
428.01387
428.01702
428.20514
428.22806
428.54493
428.70717
428.82057
428.90386
428.96284
428.96541
429.01795
429.20429
429.31538
429.60404
429.84811
429.87078
430.25164
430.28527
430.28760
430.32106
430.49822
430.71541
430.72779
431.29806
431.59236
431.73811
432.58412
432.92179
433.09243
433.16409
433.91667
433.93147
433.96169
433.98003
435.05595
435.45650
435.47910
435.53362
435.57017
435.68793
435.89664
435.98809
437.16970
437.24782
437.24998
437.31457
437.32104
437.34014
437.35349
437.37990
437.41808
438.34480
438.37394
438.44710
439.00220
439.00742
439.04070
439.06750
439.13695
439.15743
439.27826
439.31776
439.32436
439.34444
439.45714
439.58144
439.58774
439.59976
439.68589
439.70016
439.74886
439.87441
439.98034
440.05774
440.13518
440.15394
440.20968
440.23159
440.23372
440.26396
440.29267
440.38494
440.39109
440.50205
440.53360
440.58153
440.60785
440.61888
440.62104
440.68525
440.71056
440.71946
440.72353
440.85468
440.95547
441.55459
441.57229
441.75502
442.39189
442.49317
443.18666
443.42557
443.51516
443.74230
443.87615
443.90373
443.94751
443.95879
444.19340
444.43884
444.45786
444.47198
444.49614
444.52047
444.76569
444.91625
444.97916
445.10073
445.10576
445.12354
446.22368
446.37346
446.37634
446.41897
446.45718
446.46177
446.70057
447.32408
447.91010
447.95328
447.97862
448.54363
448.64346
449.14628
449.32699
449.72993
449.73344
449.76422
449.79989
449.91412
449.94636
449.96667
450.12874
450.13073
450.15046
450.18782
450.27745
450.29398
450.34779
450.38497
450.48670
450.50802
450.54448
450.56840
450.59135
450.65498
450.67203
450.72639
450.74522
450.76873
450.84132
450.84397
450.85382
450.90763
450.97083
450.99312
451.03056
451.03524
451.03682
451.06086
451.14957
451.24030
451.26320
451.32585
451.46748
451.49706
451.58490
451.62873
451.66388
451.71070
451.71459
451.73433
451.92752
451.93881
452.02026
452.12743
452.19422
452.22165
452.22399
452.28181
452.79418
452.81763
452.82177
452.96763
453.13235
453.24103
453.25756
453.26491
453.27752
453.43915
453.45852
453.53394
453.82859
453.95225
453.95398
454.06117
454.16897
454.31043
454.49854
454.51620
454.52450
454.65371
454.66166
454.68087
454.72528
455.26782
455.35884
455.59214
455.71152
455.74617
455.75117
455.75858
455.80185
456.29508
456.41159
456.49484
456.77571
457.17046
457.17846
457.20843
457.23468
457.24888
457.40324
457.43919
457.45386
457.46444
458.22854
458.36587
458.59005
458.65312
458.69014
458.84336
458.84894
459.41222
459.44200
459.48824
459.49554
459.50433
459.51339
459.54894
459.55663
459.57963
459.61307
459.64921
459.65477
459.66710
459.90231
460.82906
461.40252
461.54225
461.67207
461.80454
461.81151
461.82906
461.85992
462.02653
462.13116
462.22334
462.24219
462.26115
462.40706
462.71746
462.73701
462.75626
462.76603
462.85004
462.89043
462.96671
463.00710
463.05271
463.10725
463.44285
464.03331
464.16545
464.25922
464.40376
464.66696
464.70293
465.07014
465.21747
465.39373
465.72861
465.75295
465.79464
466.26970
466.76552
466.77710
466.78115
466.79468
466.79973
466.80327
466.81318
466.83592
466.89625
467.38737
467.41935
468.23417
468.51758
468.55521
468.56619
468.67984
469.01336
469.29412
469.88015
469.89817
469.96728
470.43017
470.69339
470.71874
470.75531
470.75729
470.81741
471.35085
471.49663
471.63445
471.77059
471.88087
472.24156
472.41632
472.50733
472.56907
472.60630
473.03059
473.11757
473.12930
473.14451
473.16776
473.17367
473.23075
473.31538
473.31806
473.36349
473.39190
473.41612
473.42313
473.50637
473.59340
473.69142
473.73746
473.74805
473.81040
473.87359
473.89381
473.97053
474.04731
474.05882
474.09573
474.13063
474.16386
474.18436
474.19943
474.25382
474.41433
474.42398
474.44733
474.47390
474.51916
474.57051
474.70474
475.17737
475.28449
475.28774
475.29523
475.31409
475.31660
475.32049
475.33082
475.37091
475.37788
475.38367
475.78082
476.45890
476.52846
477.00834
477.14244
477.21609
477.54260
477.68761
477.71447
477.73243
478.13124
478.38847
478.45959
478.48377
478.66868
478.76721
479.01501
479.48827
479.49027
479.49273
479.49562
479.50574
479.52375
480.05506
480.15093
480.39067
480.41241
480.41517
480.41619
480.41904
480.43338
480.43508
480.48223
480.98873
481.00226
481.00960
481.24591
481.36524
481.89736
481.89995
481.90177
482.76542
482.82825
482.98594
483.18854
483.96572
484.91594
484.93265
484.99952
485.00199
485.26611
485.38476
485.50063
485.60596
485.60705
485.63953
485.66352
485.69316
485.69941
485.79649
485.85470
486.00390
486.06758
486.13930
486.27251
486.30746
486.34232
486.40414
486.48320
486.72073
486.88308
486.94283
486.99455
487.06099
487.09222
487.13183
487.13324
487.15260
487.18656
487.19991
487.41109
488.06686
488.31158
488.35130
488.70033
488.76108
488.78907
488.81705
488.89327
488.95557
489.00101
489.11871
489.12105
489.13379
489.25054
489.51948
489.53150
489.58209
489.61962
489.88406
489.99196
490.02221
490.05745
490.26501
490.70300
490.83497
490.84495
492.01828
492.08865
492.53269
492.88523
493.11608
493.17925
493.20222
493.22265
494.03599
494.46945
494.89389
495.22590
495.26429
495.29421
495.30800
495.36191
495.39015
495.40235
495.44984
495.45735
495.46196
495.50423
495.52758
495.56977
495.57237
495.59269
495.60980
495.64065
495.67695
495.85199
495.88296
495.89779
495.93674
495.97191
496.15165
496.17898
496.23709
496.27442
496.37046
496.39746
496.45370
496.48100
496.48721
496.52021
496.57389
496.60362
497.22764
497.47047
498.21550
498.53942
498.58118
498.59849
498.60060
498.61245
498.64216
498.89858
498.91084
498.92124
498.92922
498.95183
498.96484
498.96585
498.97143
498.98058
498.99046
499.00300
499.00839
499.04876
499.05465
499.24147
499.37149
499.92305
500.15515
500.51942
500.55961
500.56944
500.58326
500.68285
500.68631
500.70169
501.28624
501.32922
501.50579
502.45628
502.65369
502.95289
503.00635
503.43980
503.48442
503.49007
503.95686
504.10728
504.12360
504.19464
504.20847
504.76352
505.10474
505.13984
505.28880
505.29082
505.32037
505.36775
505.42407
505.42784
505.63479
505.69085
505.81408
506.06727
506.07964
506.24107
506.44377
506.47376
506.54082
506.65880
506.68090
506.73530
506.82716
506.86304
506.86416
506.87861
506.89160
506.93739
506.96160
506.99483
507.03097
507.09404
507.10807
507.23627
507.29931
507.38800
507.55431
507.57491
507.60572
507.65829
507.91310
508.25853
508.36388
508.50586
508.89061
509.05192
509.15890
509.31465
509.33223
510.15663
510.42946
510.97619
511.24492
511.49037
511.85267
511.87001
511.87761
512.24344
512.37936
512.59339
512.73982
512.79344
513.44744
513.45399
513.45716
513.45938
513.47436
513.48104
513.48969
513.49391
513.50905
513.52275
513.52615
513.53821
513.57517
514.64174
514.67651
514.67899
514.98153
515.27417
515.79456
515.83804
515.84887
515.88194
515.88435
516.06901
516.13940
516.14765
516.18152
516.18936
516.29532
516.33201
516.41146
516.45123
516.51157
516.74995
516.76908
516.80576
517.06155
517.14581
517.26591
517.29511
517.55167
517.68448
517.82165
518.23987
518.70638
518.78300
518.79561
518.83802
519.02643
519.61124
520.81039
521.15926
521.41305
521.42924
521.43208
521.45665
521.46818
521.56965
521.67882
521.67980
522.16748
522.31682
522.66355
522.74561
522.81326
523.61371
523.86518
523.99099
524.34960
524.49464
524.76392
524.76569
524.79730
524.80317
524.81396
524.85079
525.00184
525.13711
525.26420
525.60517
525.63635
525.64485
525.73302
525.96926
526.05898
526.06553
526.07430
526.17854
526.20005
526.38553
526.49483
526.50158
526.70509
526.96834
526.99177
526.99513
527.02490
527.03114
527.07089
527.29172
527.29417
527.39033
527.39248
527.40436
527.57779
527.59221
527.59540
527.64634
527.79814
527.83902
528.07758
528.09789
528.19538
528.22752
528.27135
528.33143
528.46875
528.50913
528.59287
528.73163
528.74296
528.75350
528.75518
528.76726
528.79065
528.88716
529.02912
529.04320
529.04851
529.45956
529.87662
530.03967
530.97879
531.02847
531.04749
531.06295
531.06898
531.09891
531.65663
531.66969
531.73233
532.11612
532.12724
532.17584
532.28259
532.61105
532.84406
533.28694
533.29189
533.81231
533.90213
533.91816
533.93277
533.93908
533.95297
533.95479
533.96989
534.24725
534.30002
534.37279
535.25965
535.43328
535.90878
536.06980
536.29387
536.36067
536.43864
536.45001
536.74645
536.85695
537.02972
537.23351
537.24554
537.28350
537.29598
537.43362
537.49510
537.50440
537.55044
537.63373
537.65745
537.67089
537.73551
537.85287
537.86703
537.97404
537.99440
538.13869
538.18110
538.28764
538.54145
538.54809
538.55044
538.57849
538.58055
538.60047
538.62697
538.73397
539.04810
539.08748
539.09447
539.17361
539.27805
539.31691
539.32335
539.33394
539.48139
539.60071
540.09356
540.24404
540.49112
541.25090
541.28684
541.56768
541.82533
542.04562
542.06053
542.06237
542.06391
542.08783
542.09363
542.10536
542.65494
542.70137
542.79747
543.12851
543.13392
543.15163
543.15386
543.36113
543.40909
543.62812
543.70746
544.16819
544.20774
544.21010
544.23228
544.25290
544.34384
544.34558
544.95430
544.99912
545.01704
545.23246
545.89162
545.90184
545.93014
546.29947
546.30476
546.30844
546.45187
546.68516
546.85610
546.92255
546.92420
547.19930
547.34198
547.43529
547.50278
547.51605
547.56522
547.57574
547.58966
547.61882
547.65090
547.68716
547.68936
547.74408
547.77866
547.79688
547.79877
547.83551
547.98658
548.02244
548.41879
548.42408
548.48299
548.76639
548.80426
548.80645
548.80878
548.93287
549.11624
549.28558
549.60250
549.72162
549.73114
549.76379
550.15255
550.19623
550.21752
550.21928
550.22995
550.24161
550.25124
550.26927
550.29338
550.43578
550.98345
551.36944
551.43343
551.46741
551.54498
551.91692
553.16847
553.18832
553.44057
553.57018
553.61976
553.79386
553.88066
554.08692
554.45321
554.71470
555.12679
555.75370
555.80344
556.53117
556.77044
557.07967
557.08735
557.10945
557.11113
557.11734
557.12865
557.14827
557.27803
557.46857
558.43227
558.47425
558.71744
558.77912
559.26739
559.27345
559.62833
559.82538
559.91889
559.94557
559.98172
560.00149
560.00460
560.03194
560.04920
560.08272
560.18971
560.23793
560.26177
560.32137
560.43787
560.55463
560.69345
560.73282
560.73834
560.74893
560.81454
560.85130
560.86077
560.89482
560.90736
561.00839
561.02159
561.14439
561.29890
561.60244
561.60512
561.60840
561.61538
561.64949
561.83841
561.85878
561.94765
561.97061
562.67689
562.92210
562.94884
563.37867
563.42375
563.64538
563.67581
564.26979
564.33905
564.38648
564.77018
564.97259
565.16995
565.27261
565.29280
565.63766
566.02280
566.30625
566.49131
566.55651
566.58102
566.58412
566.62920
567.01777
567.20308
567.25456
567.36707
567.68459
568.01314
568.42135
568.82340
569.24497
569.25413
569.40318
569.60290
569.69013
569.71448
569.97727
570.28013
570.40695
570.64689
570.69709
570.73128
570.74187
570.76623
570.79632
570.82315
570.83755
570.87391
570.91383
571.04736
571.07997
571.26600
571.36364
571.57365
571.74681
571.88682
571.98498
572.04579
572.06714
572.09453
572.16464
572.22350
572.23062
572.55023
572.64450
572.65711
572.66024
572.68773
572.71857
572.72122
572.74310
572.81484
572.81943
572.84044
572.85716
572.89603
573.07388
573.35235
573.49978
573.51255
573.70346
573.78158
574.00014
574.83159
574.83458
575.17820
575.19408
575.25577
575.55458
575.64060
575.76975
576.37389
576.47025
576.49583
576.58504
576.59715
576.97533
577.01344
577.05796
577.07366
578.02383
578.37117
579.10193
579.40480
579.44052
579.45895
579.48781
579.65821
579.67397
579.78992
580.01139
580.05745
580.18816
580.22400
580.24719
580.26403
580.35752
580.36161
580.72065
580.86360
580.92018
580.94184
581.28503
581.40750
581.43326
581.68046
581.78376
581.84998
581.87397
581.90589
582.19737
582.41916
582.50742
582.51861
582.86003
583.48569
584.24121
584.30769
584.34979
584.70988
584.71200
584.94099
585.10796
585.36550
586.17660
586.28582
586.84771
586.86195
586.86557
586.95526
586.96154
587.53524
587.57720
587.58640
587.59920
587.62334
587.67863
587.77198
588.09805
588.54505
588.58888
589.35807
589.71709
589.72106
589.74691
589.76529
589.84820
589.88389
589.89480
589.91849
590.59974
590.68923
590.69181
590.70832
590.85307
590.95824
590.99256
591.37144
591.48590
591.53220
591.56456
591.58387
591.80838
592.01882
592.24819
592.30573
592.33921
592.34178
592.38197
592.38924
592.56041
592.59304
592.84534
592.85594
592.94550
593.04279
593.07866
593.11288
593.12915
593.13657
593.13921
593.15499
593.41895
593.66912
593.79207
593.93546
594.27278
594.90320
595.27000
596.18750
596.19245
596.51546
596.57929
596.59997
596.61512
596.65910
596.71286
597.19947
597.66684
597.67577
597.75299
597.77953
597.82569
598.66645
598.69247
598.71089
599.13492
599.21295
599.28631
600.06595
600.31304
600.41637
600.54273
600.89948
600.90557
600.98923
601.49646
601.54915
601.59282
601.63999
601.65711
601.72965
601.73763
601.76622
601.78766
601.79356
601.79627
601.83762
601.88612
601.89771
601.91842
601.96740
601.96956
601.98326
601.99555
602.06378
602.12098
602.14718
602.14901
602.37610
602.48907
602.74705
602.75966
602.79823
603.29694
603.60960
604.02641
604.05704
604.70228
604.70638
604.70963
604.73047
604.73295
604.74644
605.04308
605.07638
605.74310
606.06756
606.22334
606.25713
607.42837
607.43023
607.82380
607.85977
608.07162
608.09308
608.68138
608.77378
608.79821
608.80449
608.80975
608.82244
608.84042
609.08775
609.31055
609.39656
609.60975
609.65978
610.04498
610.09492
610.09883
610.17114
610.19040
610.19297
610.23161
610.24552
610.24816
610.53267
610.82684
610.98370
611.22629
611.82734
611.84201
611.95008
612.30330
612.57113
612.60624
612.62356
612.63131
612.64964
612.65710
612.79316
612.82994
612.86391
612.90615
612.92710
613.00705
613.16865
613.26223
613.38362
613.54342
613.56475
613.57261
613.73389
613.73796
613.78710
613.83409
613.83673
613.85971
613.88718
613.90896
614.01453
614.03778
614.04339
614.49727
614.56361
614.64501
614.66342
614.69309
614.80111
614.82612
614.92615
614.95142
615.01602
615.01792
615.05965
615.20946
615.29215
615.87632
615.97472
616.15963
616.28690
616.41956
616.90725
616.94022
617.00726
617.17633
617.27637
617.31951
617.53631
617.77276
617.86941
617.95964
617.96186
617.97032
618.01357
618.50984
618.77567
619.07648
619.08742
619.08992
619.09211
619.49052
619.69984
619.85239
619.99292
620.01502
620.01674
620.06623
620.07634
620.14421
620.20089
620.25361
620.28884
620.45713
620.45985
620.54309
621.33794
621.45971
621.47218
621.53377
622.60435
622.75789
622.75962
622.79304
622.89326
622.94680
622.99302
623.37245
623.44558
623.47632
623.51204
623.52348
623.54322
623.72799
623.73961
623.83742
623.91775
623.99301
624.14292
624.64356
624.69296
624.75938
624.96642
624.99349
624.99478
625.00696
625.04962
625.06722
625.19318
625.24911
625.59377
625.67366
625.76492
625.80950
625.94291
626.14297
626.18613
626.34963
626.69296
626.95661
627.36867
627.67107
627.79295
627.89494
627.89832
628.05969
628.54054
628.58389
628.62772
628.69059
628.74046
629.21378
629.22212
629.29251
629.29636
629.31121
629.32756
629.33331
629.41771
629.47651
629.99327
630.00403
630.23099
630.34341
630.71404
630.89335
630.92162
631.09338
631.35541
631.40749
631.44338
632.07689
632.11039
632.26039
632.31026
632.77058
632.77173
632.77452
632.79846
632.80026
633.14127
633.41351
633.49657
633.49820
633.70338
633.72290
633.76555
633.77745
633.78505
633.79122
633.79292
633.82077
634.14526
634.19401
634.23100
634.36674
634.57906
634.67754
634.87152
634.99456
635.07781
635.13007
635.13848
635.15551
635.21209
635.22765
635.28142
635.37226
635.49108
635.63771
636.32168
637.11165
637.13460
637.44200
637.72586
637.78508
638.01355
638.14498
638.24512
638.51326
638.51571
638.52675
638.55522
638.57100
638.58819
638.60707
639.09549
639.97226
640.04657
640.06400
640.09943
640.10418
640.10587
640.10963
640.11225
640.11844
640.12875
640.14007
640.14425
640.15467
640.16822
640.19050
640.20245
640.21206
640.23826
640.47638
640.70971
641.14571
641.27172
641.32542
641.78578
641.92922
641.98734
642.43973
642.96677
643.02956
643.03582
643.06090
643.06669
643.71678
643.75024
643.76066
643.76295
643.85412
644.05252
644.21018
644.22619
644.33871
644.47986
644.59775
644.61341
644.90031
644.92197
644.92987
645.02000
645.07992
645.08505
645.10084
645.21722
645.32690
645.42655
645.44411
645.54671
645.67910
645.75975
645.94670
645.95808
645.98664
646.07753
646.12104
646.12745
646.14406
646.23428
646.26404
646.29327
646.73008
646.73917
646.90070
646.90312
646.96312
647.13015
647.17911
647.29662
647.41742
647.50095
647.83033
647.85591
647.86034
647.99267
648.11403
648.23028
648.50568
648.51170
648.55746
648.63978
648.78030
648.97773
649.09708
649.56361
649.60997
649.62310
649.66259
649.69951
649.88036
650.11934
650.13812
650.49448
650.94174
650.95762
651.21384
651.53414
651.58055
651.90094
651.93461
652.66418
652.67260
652.94707
653.00085
653.26382
653.28450
653.89723
653.92170
653.93470
653.98719
654.04718
654.06271
654.08048
654.14382
654.16431
654.19719
654.20491
654.24382
654.25059
654.26765
654.30070
654.38412
654.40409
654.45879
654.54097
654.62331
654.87670
654.88048
654.89719
654.93121
655.06287
655.17063
655.38854
655.40818
655.44733
655.62068
656.03845
656.48073
656.66393
656.80358
656.89376
656.91137
657.13069
657.36213
657.77685
657.86858
657.87110
657.92782
657.97506
658.04738
658.23075
658.28067
658.59744
659.07078
659.14744
659.30279
659.66157
659.81407
659.93067
660.30123
660.86920
660.87829
660.90855
660.96795
660.97062
660.98133
660.98871
660.99923
661.01409
661.04426
661.06435
661.08061
661.34755
662.16449
662.39223
662.53117
663.10991
663.37123
663.70923
663.79868
663.94802
664.02596
664.04818
664.07230
664.08305
664.08552
664.09158
664.11274
664.12255
664.14989
664.16216
664.21443
664.27586
664.46220
664.62143
665.09185
665.09564
665.10421
665.14207
665.24481
665.46451
665.46636
665.62285
665.78157
665.80711
665.88796
665.99282
666.06500
666.07573
666.07727
666.08156
666.11215
666.13399
666.18152
666.20426
666.27456
666.48201
666.63820
666.73940
666.78167
666.83822
666.96499
667.04323
667.09838
667.14697
667.28944
667.41515
667.59842
667.65274
667.68803
667.78173
667.96862
668.22824
668.43752
668.51528
668.53949
668.85494
668.87201
668.90928
668.92214
669.01957
669.47183
669.53734
669.54113
669.54353
669.56699
669.56939
669.59306
669.59774
669.61546
669.86039
670.36813
670.41148
670.41312
670.48198
670.52989
672.09397
672.09633
672.14567
672.15294
672.82704
672.84655
672.93319
673.35017
673.38764
673.43938
673.44738
673.50366
673.54133
673.95683
674.39780
674.56847
674.71456
675.25872
675.38417
676.00671
676.07591
676.09868
676.10115
676.10758
676.33794
676.36036
676.38889
676.70534
676.74863
676.84540
676.84893
676.87742
676.89373
676.91473
676.99258
677.05141
677.09385
677.26859
677.33921
677.34177
677.35501
677.58387
677.64411
677.65351
677.66811
677.81594
677.83531
678.04608
678.14867
678.15231
678.16913
678.38895
678.43911
678.60877
678.82549
678.88011
678.90259
679.12473
679.13583
679.21567
679.24269
679.24503
679.28729
679.59027
679.75273
680.14533
680.28633
680.68106
681.70352
681.73431
681.86480
681.87032
681.87810
681.89765
681.92456
683.28757
683.54410
683.65448
683.68778
683.70176
683.74812
683.98069
684.36373
684.68804
684.75905
684.79412
684.96501
685.30232
685.75544
686.11520
686.14538
686.19989
686.36222
686.52223
686.92583
686.95283
686.96493
687.11608
687.25570
687.36228
687.53946
687.58043
687.58805
687.58994
687.69351
687.75390
687.77254
687.90356
687.95107
687.95939
687.97890
687.98683
688.03604
688.05489
688.05589
688.07692
688.13680
688.32008
688.56359
688.62703
688.66283
688.72959
688.84526
688.99526
689.07711
689.09944
689.30664
689.85947
689.90154
690.72765
690.96375
691.03190
691.04361
691.19166
691.86480
691.87089
691.98683
692.12433
692.27307
692.66670
692.79111
693.02091
693.15021
693.15258
693.15744
693.16455
693.17460
693.94154
694.17487
694.21350
694.21505
694.23546
694.24258
694.49163
694.80834
695.00575
695.09846
695.82800
695.83673
695.89627
696.46974
696.56636
697.55682
697.71720
697.73146
697.73647
697.74632
697.79156
697.82580
697.87562
697.90556
697.91573
697.92232
697.94431
697.98133
697.98870
698.02599
698.02899
698.03028
698.17664
698.22876
698.30351
698.30572
698.45507
698.58508
698.67607
698.74804
698.80785
698.84525
698.87618
698.89530
698.90954
699.12020
699.18772
699.20789
699.21315
699.21583
699.24437
699.26244
699.28004
699.62380
699.74062
699.86601
700.16488
700.27872
700.68824
700.78058
700.95736
700.97586
701.27694
701.60599
701.91045
702.13499
702.15273
702.15966
702.16172
702.17356
702.22745
702.32980
702.36486
702.37715
703.47833
703.72665
704.24803
704.35579
704.37626
704.38214
704.98605
705.08710
705.39951
705.44720
705.95566
706.09537
706.87881
706.93642
707.15946
707.39024
707.44470
707.80212
707.87264
707.90937
707.94458
708.02359
708.17551
708.23827
708.24183
708.50883
708.53109
708.58315
708.84147
708.90168
708.92278
709.21163
709.22396
709.24634
709.27945
709.33566
709.44365
709.48202
709.48543
709.52677
709.53983
709.72070
709.79373
709.79605
710.19260
710.43052
710.44618
710.46970
710.51049
710.51275
710.56696
710.58580
710.62878
710.72902
710.75162
710.81356
710.86327
710.93484
711.03377
711.06326
711.21752
711.38899
711.47921
712.12148
712.12297
712.12619
712.13001
712.14029
712.15651
712.58042
712.88051
713.15060
713.88483
713.92250
713.95889
714.58979
714.84744
714.89750
715.24792
715.59504
715.67323
715.70071
715.72539
716.12114
716.18119
716.34793
716.49794
717.76602
717.76913
717.78995
718.07550
718.29841
718.34280
718.37815
718.54582
718.58298
718.76469
718.85976
718.87049
718.89897
718.91571
718.92561
718.93190
718.94904
719.01493
719.06540
719.18858
719.34485
719.42169
719.44882
719.64503
719.68746
719.70252
719.70834
719.72590
719.98963
720.01277
720.05941
720.08210
720.12705
720.35579
720.41687
720.48586
720.50319
720.65315
720.67348
720.70317
720.70544
720.74887
721.21031
721.43635
721.76648
721.81608
722.45323
722.54403
722.86882
723.16028
723.20834
723.23647
723.26011
723.26207
724.30451
724.31293
724.45991
724.71049
725.47068
725.53759
725.60906
726.20336
726.21036
726.84872
726.86362
727.06335
727.06563
727.07690
727.56850
727.65371
728.07235
728.77813
728.80756
728.91495
728.96672
728.97524
729.03387
729.05454
729.07769
729.08721
729.18139
729.20135
729.27507
729.29117
729.33380
729.46514
729.50095
729.51410
729.51803
729.52513
729.54463
729.67438
729.72245
730.05366
730.29939
730.46517
730.58186
730.75016
731.21263
731.26452
731.45759
731.46795
731.52422
731.60509
731.63793
731.81455
732.15537
732.65146
732.73099
732.73864
732.99663
734.03253
734.08928
734.23952
734.37004
734.37502
734.38520
734.56859
734.81579
734.85292
734.85573
734.87954
734.88257
734.89126
734.91128
734.91500
735.00094
735.13243
735.25208
736.48194
737.04742
737.18304
737.20657
737.21899
737.28762
737.39093
737.39229
737.40875
737.79290
737.82549
737.83255
737.84494
738.60593
738.75255
738.93766
739.18605
739.20216
739.23733
739.27329
739.48610
739.98606
740.49393
740.53335
740.53966
740.75626
740.75775
740.94339
740.96847
741.05690
741.07302
741.23636
741.25090
741.25662
741.28265
741.47928
741.71714
741.75685
741.78649
741.81975
741.84573
741.86274
741.89791
741.89985
741.92319
741.93597
741.94168
741.95318
741.96716
742.23718
742.26378
742.29432
742.38050
742.41997
742.45751
742.53129
742.74290
743.47246
743.78940
743.93067
744.54825
744.57818
744.78355
744.78462
744.87081
744.89377
744.90797
744.91025
744.97023
745.07708
745.10292
745.10455
745.11243
745.13152
745.13672
745.18164
745.42714
745.89368
745.98697
746.10127
746.10285
746.17056
747.45369
747.49054
747.52086
747.53061
747.56119
747.92066
748.17320
748.17669
748.23974
748.35125
748.67685
749.15386
749.21811
749.97573
750.54776
750.61099
750.69419
750.69786
750.71835
751.08462
751.22861
751.30437
751.78755
751.80385
751.82090
751.82472
751.86475
751.89860
752.06821
752.11151
752.12991
752.37448
752.57894
752.60794
752.65507
752.72796
753.34507
753.34833
753.42486
753.78532
753.97033
754.15452
754.41152
754.68979
755.16637
755.17892
755.18144
755.19942
755.21276
755.21438
755.42469
755.74862
755.97152
755.99165
756.14057
756.54185
756.57130
756.72151
756.88821
757.85150
757.88484
757.96133
758.81936
758.94952
759.26320
759.94112
759.95283
759.97983
760.00283
760.86964
761.12578
761.89195
762.03393
762.28064
762.28657
762.29421
762.59345
762.74998
762.86728
762.97621
763.09634
763.36511
763.38421
763.41370
763.45539
763.47908
763.59564
763.66744
763.68400
763.82289
763.88708
763.91073
764.06963
764.10292
764.42969
764.62260
764.66691
764.67034
764.72920
765.01580
765.02293
765.09656
765.11275
765.15031
765.20377
765.52724
765.55660
765.70296
765.75784
765.76989
765.80615
765.82336
766.01713
766.02412
766.09872
766.10660
766.25403
766.61298
766.75318
767.80443
767.82104
767.88786
768.24028
768.29457
768.35446
768.49022
768.77359
768.79052
770.08458
770.17752
770.20634
770.41099
770.43575
770.45851
770.46114
770.56598
770.60223
770.61653
770.87139
771.07443
771.11530
771.15415
771.15649
771.21530
772.17453
772.34793
772.37194
772.57469
772.63297
772.63506
772.64524
772.66958
773.17072
773.18132
773.19148
773.21456
773.56455
773.71923
773.77499
773.79425
774.06834
774.10832
774.18746
774.41946
774.90663
774.99541
775.00844
775.17544
775.24155
775.31925
775.58845
775.64809
776.42546
776.47648
776.68788
776.71095
776.71250
776.74602
776.96419
777.17568
777.61550
777.68243
777.78309
778.24011
778.38099
778.96807
778.97975
779.12223
779.14867
779.33666
779.35841
779.82955
780.79025
780.90964
781.38245
781.40426
781.46406
781.47609
781.62094
781.76555
781.76936
781.81625
782.55393
783.67942
783.72059
783.75321
784.02421
784.31683
784.37136
784.42673
784.43083
784.43442
784.49119
784.50946
784.56766
784.63364
784.65011
784.66082
784.67826
784.69560
784.75374
784.76825
784.87326
784.90147
784.92093
784.92432
784.97440
785.09640
785.13841
785.19626
785.30357
785.41095
785.43468
785.49421
785.64048
785.69762
785.79147
785.81591
785.87094
785.88601
785.93144
786.04215
786.11681
786.92823
786.99679
787.52750
787.84426
788.00561
788.04693
788.35845
788.67765
788.68141
788.69964
788.84488
788.84947
788.87776
789.11783
789.60249
789.61751
789.62011
789.62136
789.67941
789.68118
790.04469
790.05245
791.06662
791.15492
791.46828
791.65600
791.72430
792.28814
792.47813
792.50149
792.61619
792.62199
792.62791
792.63474
793.12303
793.14115
793.39226
793.52062
793.63172
793.70900
793.79490
793.82791
793.83108
793.83453
793.93609
794.08615
794.17243
795.03035
795.08508
795.09984
795.10179
795.16184
795.47861
795.67590
795.95077
795.98921
795.99519
796.00903
796.23783
796.33906
796.75810
796.89304
796.89531
796.92003
796.94933
796.98537
797.07099
797.09273
797.22623
797.38632
797.61644
797.69449
797.78920
797.79267
798.05833
798.13423
798.17687
798.38542
798.51607
798.52384
798.54542
798.59727
799.02970
799.18567
799.45239
799.48994
799.57373
799.63525
799.77199
800.18738
800.47928
800.60366
800.61157
800.78067
800.82669
801.52870
802.09964
802.11038
802.12558
802.19289
802.56443
802.61660
802.67804
803.19648
803.20289
803.22967
803.28623
804.55751
804.57733
804.59042
804.88425
804.90041
805.49666
805.99308
806.05231
806.08021
806.08632
806.12667
806.16711
806.17330
806.26367
806.49316
806.50172
806.52682
806.56436
808.24855
808.38045
808.46408
808.47946
808.75860
808.76302
808.85844
808.87088
808.88505
809.06624
809.06784
809.08060
809.31061
809.35813
809.38123
809.41800
809.50440
809.72100
809.82217
809.84417
809.99146
810.00418
810.00658
810.11423
810.21129
810.49393
810.71808
810.73720
810.82574
811.15466
811.42314
811.47061
811.53107
811.84783
811.93501
812.02123
812.16458
812.31459
812.43013
812.51206
812.55283
812.60232
812.60570
812.87607
813.07785
813.34814
813.60213
813.63151
813.66795
813.67114
813.88706
815.02753
815.04456
815.08834
815.13179
815.14099
815.17161
815.19854
815.59613
815.60960
815.63052
815.76196
815.76884
816.18780
817.52422
817.59897
818.78265
818.82992
818.83103
819.02598
819.09331
819.10946
819.12940
819.14400
819.15120
819.16993
819.18298
819.20829
819.24029
819.24464
819.25082
819.25732
819.28015
819.33960
819.35714
819.37418
819.41245
819.45637
819.45993
819.48250
819.49077
819.52417
819.53933
819.55387
819.70306
819.86414
820.03493
820.09983
820.24731
820.29632
820.41049
820.54400
821.51403
822.43180
822.56510
822.56686
822.99039
823.05106
823.18253
823.20526
823.83413
823.87766
823.88840
823.92144
824.35830
824.37192
824.38428
824.39980
825.17936
825.44240
825.56955
825.63090
825.66007
825.84878
826.13413
826.13533
826.70184
826.70679
826.72510
827.03250
827.49627
827.49909
827.50520
828.74266
828.78751
828.80612
828.82794
828.88012
828.88575
829.10869
830.32662
830.54031
830.75303
830.75682
830.90668
830.99370
831.03099
831.08034
831.28647
831.30512
831.30710
831.42498
831.71975
831.91552
831.95325
831.97935
832.29417
832.31654
832.33279
832.40247
832.41084
832.42549
832.53715
833.42936
834.10746
834.13485
834.75931
834.76086
834.80419
834.96566
835.03766
835.55180
835.60977
835.61985
835.62269
835.66836
835.68383
835.68646
835.74987
836.22141
836.23700
836.25138
836.78895
836.84929
836.98539
837.05890
837.98584
838.04790
838.08253
838.10506
838.11320
838.13501
838.16140
838.17224
838.20505
838.23504
838.28863
838.42208
838.73880
838.84539
838.87822
839.05558
839.32060
840.41262
840.56733
840.66384
840.78939
840.81506
840.82019
840.82471
840.84908
840.85672
840.86774
840.87308
840.93057
840.97037
841.06554
841.06942
841.10636
841.11267
841.13589
841.18689
841.22228
841.24327
841.26404
841.29755
841.49651
841.55380
841.57795
841.72580
841.79956
841.82360
841.85643
841.85816
841.87071
841.95861
841.96033
841.96475
841.97073
842.46846
842.48030
843.10329
843.12804
843.13016
843.16776
843.20700
843.33016
843.71313
844.07135
844.97426
845.05773
845.92658
846.32215
846.71962
846.92643
847.21618
847.31015
847.31210
847.31840
847.33805
847.33988
847.36478
847.37149
847.38322
847.97532
848.00599
848.02698
848.15976
848.32297
848.38492
848.39186
848.43470
848.82196
848.99212
849.07260
849.07765
849.09905
849.32042
849.47568
849.48567
850.05918
850.10911
850.11243
850.14684
850.17380
850.20398
850.34264
850.39642
850.59364
850.98923
851.74965
851.78925
851.96603
851.96865
852.00446
852.12669
852.24651
852.25455
852.25622
852.26501
852.35721
852.42657
852.44695
852.66655
852.92926
853.04269
853.05987
853.18291
853.47699
853.78036
853.85726
853.93450
854.01008
854.01618
854.02395
854.04332
854.36065
854.53976
854.74693
854.76038
854.85399
854.99364
855.09036
855.43505
855.57904
855.61581
855.63007
855.63826
855.65243
855.69365
855.70933
855.86042
855.97821
856.17884
856.20361
856.21050
856.26055
856.28689
856.34975
856.82026
856.86427
857.04404
857.47753
857.59199
857.59423
857.78894
858.75042
858.76605
858.77249
858.84870
858.85847
858.95121
858.98459
859.46551
859.84197
860.19467
860.20656
860.24207
860.24856
860.38947
860.39201
860.51175
860.74474
860.90139
861.29504
861.55803
861.74906
862.23186
862.23363
862.23521
862.24234
862.26172
862.29518
862.29896
862.41841
862.47845
862.52324
862.52982
862.53212
862.82510
863.05825
863.08860
863.09405
863.11805
863.52537
863.54540
863.54805
863.66212
863.67491
863.68609
863.69793
863.69928
863.70958
863.73612
863.75643
863.79957
863.80491
863.81578
864.07892
864.13828
864.14027
864.21211
864.27498
864.44485
864.50936
864.51932
864.52888
864.53348
864.53769
864.55882
864.58537
864.60205
864.62381
864.72629
864.76216
865.15251
865.28530
865.30597
865.37244
865.50378
865.52007
865.53162
865.53329
866.19836
866.41239
866.49586
866.89070
866.96258
867.06260
867.11923
867.90738
867.91255
868.03355
868.06368
868.06889
868.22416
868.29601
868.61275
868.85666
869.24610
869.36021
869.48284
869.49256
869.62012
870.13093
870.27698
870.48635
870.62701
870.76641
871.07979
871.09380
871.55557
871.57977
871.61331
871.61763
871.62987
871.66946
871.99651
872.04149
872.18758
872.34276
872.40445
872.44803
872.51992
872.94675
873.41334
873.43111
873.77206
873.93333
873.97394
874.15736
874.60070
874.63804
874.80057
874.89705
875.16965
875.17106
875.38989
875.39672
875.41706
875.43176
875.43406
875.45313
875.46737
875.66433
875.67936
875.94397
875.95345
875.96745
876.31752
876.37775
876.53682
876.61776
876.63185
876.64228
876.71344
876.81622
876.86267
877.03631
877.08047
877.10188
877.10897
877.16344
877.19155
877.28739
877.32236
877.34570
877.34737
877.36722
877.39129
877.42030
877.42240
877.48450
877.49312
877.98681
878.16367
878.44714
878.60842
878.75155
878.79137
878.83024
879.31061
879.60839
879.86362
880.13447
880.80315
880.87987
880.88414
880.90016
880.90760
880.90994
880.91702
881.22305
881.51388
881.76372
881.89615
882.03416
882.16971
882.17164
882.35472
882.46004
883.19369
883.39708
883.45100
883.47317
883.52528
883.65479
883.80351
883.92685
884.22384
884.22795
884.26387
884.29139
884.33079
884.35611
884.36604
884.56894
885.02015
885.28053
885.64472
885.69739
885.79901
886.29519
886.31723
886.60873
886.61369
887.19129
888.16549
888.49581
888.55521
888.60402
888.71902