0.05274
0.05755
0.06824
0.09134
1.20912
1.22410
1.22694
1.23353
1.25271
1.25942
1.89344
2.20405
2.39185
2.42384
2.42668
2.42840
2.43158
2.43410
2.43739
2.55995
3.49494
3.50193
3.50702
3.56943
3.57878
3.58614
3.85707
3.86089
4.06654
4.44000
4.45943
4.70164
4.73252
4.75046
4.75213
4.75678
5.03585
5.33533
5.33767
5.33999
5.35917
5.38642
5.73247
5.88464
5.89774
5.92533
5.94902
5.96576
6.05909
6.08977
6.27564
6.39340
6.71359
6.71551
6.85887
7.07296
7.08219
7.08949
7.09098
7.09876
7.11659
7.13662
7.24210
7.40235
7.44210
8.27181
8.28951
9.40725
9.41552
9.42964
9.43378
9.45829
9.47480
10.54129
10.55004
10.56367
10.57479
10.57836
10.58523
11.76533
11.76808
11.78066
11.79231
11.82426
13.15356
13.17318
13.17527
13.17789
13.19427
13.31500
13.39031
14.30317
14.31103
14.33756
14.52348
14.52495
14.53916
14.55614
14.58493
14.59050
14.60077
14.65683
14.69023
14.72084
14.73296
15.45382
15.46285
15.47003
15.50669
15.51573
15.61083
15.72322
15.77317
15.83837
16.01547
16.20645
16.43970
16.62934
16.64069
16.70253
17.07292
17.78494
17.79714
17.80668
17.82083
17.82879
18.15591
18.91465
18.92903
18.94814
19.63647
19.63757
20.10272
20.11176
20.13758
20.15534
20.21313
20.87188
21.24814
21.25609
21.26174
21.27053
21.28460
21.28837
21.55251
21.66152
21.68836
22.44709
22.45400
22.96359
23.07554
23.62105
23.72107
23.77108
24.77279
24.77693
24.79555
24.79677
25.06067
25.06305
25.06469
25.11819
25.92053
25.92690
25.94366
26.05378
26.20377
26.28445
26.39319
26.45084
26.45379
26.56675
26.71766
26.72025
26.72925
26.77758
26.79534
26.80833
26.84748
26.97025
26.98315
26.98652
26.99366
26.99840
27.01016
27.08437
27.10089
27.10349
27.11916
27.12688
27.14365
27.14577
27.14706
27.15354
27.15471
27.16552
27.26017
27.27050
27.27151
27.27794
27.29131
27.52098
27.57902
27.58304
27.58668
27.75921
27.76678
27.77048
27.77434
27.77686
27.96246
27.96788
27.96999
27.97458
27.97899
27.98520
28.11999
28.13644
28.14235
28.15090
28.25051
28.25349
28.26500
28.26676
28.31714
28.55324
29.43622
29.45036
29.47610
29.47872
29.48247
29.54398
29.59287
29.60295
29.66949
29.81948
30.60933
30.63745
30.64372
31.79208
31.79467
31.80391
32.01120
32.09342
32.92764
32.95932
33.51865
34.11840
34.12740
34.13513
35.26553
35.28488
35.31831
35.92476
36.08487
36.15851
36.46459
36.49094
36.52425
37.03461
37.62395
37.63326
37.64225
37.67473
37.67659
37.93168
37.93436
38.06444
38.06772
38.09847
38.10105
38.14072
38.23841
38.24359
38.35106
38.48430
38.49202
38.77530
38.79793
38.80206
38.81462
38.83427
38.84770
38.85965
38.86408
38.88052
39.00629
39.24526
39.26727
39.30689
39.32368
39.62012
39.62383
39.62607
39.63034
39.64845
39.80685
39.90694
39.91003
39.92503
39.95181
39.95456
39.95744
40.08710
40.40560
40.65694
41.13372
41.14767
42.26674
42.27969
42.28267
42.30664
42.31725
42.33067
42.46673
42.78990
42.83448
43.41650
43.43959
43.44889
43.45874
43.46387
44.57284
44.58011
44.58297
44.58730
44.60071
44.60609
45.24945
45.29945
45.78268
45.78910
45.79940
45.84943
45.98270
46.11591
46.64920
46.96719
46.97467
46.97954
46.99755
47.00794
47.66566
48.32255
48.32490
48.32950
48.33338
48.35839
48.36540
48.38367
49.22176
49.28187
49.28845
49.29088
49.49674
49.51610
49.51866
49.52203
49.53187
49.53852
49.54729
49.62152
49.62411
49.68185
49.81049
49.81513
49.88852
49.98306
49.99056
50.08940
50.10130
50.41102
50.41508
50.58253
50.58977
50.61529
50.62122
50.65610
50.69061
50.70445
50.71327
50.73161
50.79624
50.79728
50.79960
50.80372
50.85500
50.96488
50.96981
51.09416
51.10906
51.22149
51.23159
51.28161
51.84810
51.85781
51.86480
51.87121
51.88498
52.01485
53.01141
53.01504
53.02604
53.03130
53.04407
53.05203
53.98104
54.14646
54.15368
54.15553
54.16062
54.18081
54.19081
54.28102
54.28880
55.33719
55.34024
55.34755
56.34751
56.47838
56.48851
56.49134
56.51140
56.73731
56.74848
57.64487
57.65390
57.66371
57.71373
58.61085
58.62476
58.81497
58.81714
58.82760
58.84847
58.87273
58.96372
59.24485
59.27299
59.29748
59.30119
59.97756
59.98994
59.99694
60.00208
60.01627
60.03022
60.04435
60.18021
60.21495
60.53612
60.54673
61.03017
61.13018
61.13792
61.14432
61.18017
61.20567
61.21238
61.23517
61.27244
61.71105
61.76127
61.90232
61.94214
62.18016
62.30016
62.30280
62.31105
62.31341
62.31722
62.32239
62.32628
62.38732
62.59757
62.60329
63.52726
63.53680
63.96310
64.24638
64.64370
64.64634
64.66303
64.67466
64.67965
64.69634
64.79634
64.82965
64.84633
65.12963
65.22962
65.29634
65.32962
65.34352
65.34634
65.42960
65.57960
65.67959
65.72959
65.82678
65.82953
65.85297
65.86436
66.02953
66.16948
66.31283
66.81278
66.96278
67.02957
67.91283
68.14603
68.16277
68.16667
68.18004
68.18493
68.18880
68.19343
68.19983
68.42180
69.33780
69.35294
69.71910
69.73647
69.81250
69.89318
69.91252
69.92906
70.09418
70.16253
70.41253
70.41892
70.49574
70.50356
70.52229
70.53187
70.53564
70.53776
70.61250
70.71142
71.22903
71.39574
71.67898
71.69443
71.70548
71.72660
72.16226
72.21226
72.46224
72.88820
72.89551
72.90185
72.90938
72.92097
72.93590
73.62920
74.07071
74.07872
74.66960
74.67277
74.81221
75.26112
75.27143
75.27682
75.97917
76.44539
76.45205
76.47604
77.37866
77.60200
77.61189
77.63580
77.64013
77.64536
77.65152
78.64536
78.77493
78.77860
78.79615
79.06849
79.08554
79.09279
79.64535
79.89537
79.97937
81.06594
81.12082
81.12252
81.12859
81.13734
81.15249
81.18499
81.26281
81.26690
81.26899
81.27282
81.27518
81.39532
81.41846
81.42980
81.43497
81.44274
81.56210
81.68467
81.77958
81.81791
82.05063
82.05792
82.06206
82.06304
82.21135
82.22082
82.25146
82.28492
82.29704
82.30310
82.30531
82.43547
82.50221
82.81373
82.81790
82.81981
82.85945
83.21871
83.35847
83.47592
83.48470
83.49293
83.51979
83.52104
83.60553
83.61206
83.61820
83.71203
84.12879
84.21205
84.42876
84.66817
84.67871
84.68513
84.76204
84.96202
85.01200
85.66202
85.87101
85.90161
86.44525
87.04927
87.13749
88.15400
88.16861
88.17071
88.18563
88.19693
88.21222
88.65709
89.33822
89.35238
89.35909
89.36190
89.39594
90.52915
90.54257
90.54519
90.55895
90.57890
90.87914
91.67840
91.79510
91.80733
91.81753
91.82554
92.28717
92.36826
92.36943
92.37864
92.41906
92.52578
92.82836
92.84491
93.05388
93.06161
93.07578
93.07838
93.08579
93.09157
93.09488
93.10177
93.16162
93.41163
93.61827
93.94486
94.17039
94.22549
94.26027
94.32812
95.37033
95.39197
95.39532
95.40280
95.41260
96.69456
97.29633
97.42780
97.52780
97.67782
97.69557
97.70328
97.71770
97.72775
97.74170
98.31105
98.85091
98.86099
98.95204
99.04427
99.52754
99.97746
99.98796
100.00171
100.03412
100.04162
100.34427
100.61077
101.13496
101.14449
101.14788
101.57726
102.27721
102.30038
102.31819
102.32047
102.33468
102.34102
102.36046
102.41712
102.60062
103.45781
103.47098
103.48755
103.64047
103.81046
104.05995
104.36636
104.36803
104.63463
104.64367
104.67696
104.88880
104.92745
104.93197
105.43639
105.62321
105.62821
105.63407
105.81041
105.81730
105.87689
106.30092
106.30629
106.35003
106.96892
106.97409
106.98042
107.00054
107.00927
107.02689
107.04363
107.05003
107.07688
107.27690
108.14438
108.16394
108.16939
108.17686
108.17976
108.19101
108.57686
108.91012
108.96012
109.28349
109.29385
109.30236
109.31432
109.31698
109.31959
109.32603
109.57678
110.47784
110.48659
110.49356
110.53299
110.79358
111.47683
111.59097
111.62413
111.65019
111.65304
112.76930
112.77414
112.78740
112.80132
112.84092
113.19354
113.70043
113.70586
113.94356
113.95251
113.97594
113.99090
114.66638
114.84292
114.85013
114.85554
114.87026
115.01051
115.09614
115.12678
115.13768
115.16025
115.16923
115.32438
115.32620
115.63389
115.63597
115.78835
115.79137
115.79374
115.89982
116.15119
116.30786
116.36049
116.39209
116.39510
116.39911
116.80038
116.86528
116.88981
117.18280
117.21942
117.46044
117.48113
117.49214
117.52430
117.53360
118.64985
118.66045
118.69418
119.32454
119.32919
119.33488
119.81527
119.81731
119.82716
120.98615
121.01941
121.34998
121.35290
121.37714
122.12449
122.12710
122.15261
122.16187
123.31986
123.33401
123.34725
123.37707
123.41036
123.45262
123.66036
123.71933
124.50020
124.50259
124.51031
124.51300
124.54460
124.56111
124.74359
124.96033
125.66649
125.70134
126.29067
126.29274
126.30691
126.60646
126.62676
126.66641
126.67178
126.77754
126.85256
126.85741
126.87678
126.91006
126.98847
126.99766
127.19399
127.20511
127.22805
127.35979
127.37361
127.39053
127.46735
127.46904
127.48272
127.49330
127.49974
127.72658
127.87654
127.97100
127.98425
127.98753
128.03290
128.03528
128.03757
128.04994
128.05611
128.17727
128.18427
128.19701
128.21850
128.34803
128.34967
128.46908
128.48041
128.48344
128.50977
128.74306
129.20046
129.20349
129.20976
129.21565
129.22363
129.44302
129.70688
129.70950
129.72623
130.34273
130.35173
130.35336
130.37467
130.38521
130.39275
131.12598
131.55657
131.56872
131.57382
131.57992
132.34769
132.34884
132.70120
132.71771
132.72567
132.73448
132.74628
132.74859
132.75785
133.90943
133.91767
133.92537
133.99833
134.30383
134.30631
134.30865
134.31924
134.32281
135.07920
135.08291
135.08417
135.08687
135.14192
135.18290
136.19547
136.22898
136.24551
136.25114
137.29137
137.42455
137.46400
137.47461
137.72463
137.85964
137.87563
138.07460
138.18334
138.24773
138.51422
138.59890
138.60526
138.62170
138.98218
139.11098
139.17435
139.46395
139.62434
139.78574
139.78920
139.80834
139.81137
139.81658
139.82508
139.83204
140.00757
140.35495
140.44983
140.48167
140.49687
140.94082
140.94741
140.95705
140.98149
140.99080
141.03021
141.17247
142.13015
142.13795
142.14153
142.15119
142.15405
142.16343
142.17529
142.19932
142.30730
142.75464
143.31316
143.31603
143.32139
143.32376
143.33095
144.44024
144.61365
144.63013
144.63476
144.63744
144.64689
144.65241
144.66339
144.75672
144.75791
144.76265
144.76946
144.77352
145.01576
145.12348
145.22349
145.23015
145.42347
145.51575
145.79896
145.80824
145.81973
145.82936
145.83731
145.84021
145.88413
146.00671
146.55668
146.83996
146.93996
146.98994
146.99324
146.99612
147.00300
147.00587
147.00795
147.01445
147.02397
147.02745
147.03088
147.05664
147.07326
147.18994
147.22322
147.48992
147.67323
147.87321
147.93711
148.15375
148.16054
148.17392
148.17741
148.18707
148.18991
148.24655
148.32316
148.36331
148.36434
148.46046
148.52318
148.62056
148.67653
148.68985
148.87518
148.88028
148.89388
148.95645
149.04658
149.04790
149.06732
149.07662
149.16757
149.17979
149.31516
149.32311
149.37392
149.38267
149.47692
149.48055
149.48700
149.49655
149.64573
149.65306
149.65641
149.65842
149.66686
149.68119
149.68971
149.80639
149.85638
149.86382
149.87029
149.87695
149.90640
149.90786
150.03065
150.05359
150.13960
150.15295
150.15715
150.17370
150.20636
150.46305
150.47054
150.47979
150.48087
150.49140
150.57981
150.62293
150.65354
150.68960
150.82292
150.83960
151.02290
151.03682
151.07287
151.08961
151.10618
151.12286
151.15619
151.20619
151.22288
151.25616
151.27286
151.30617
151.32285
151.33677
151.35616
151.37285
151.38676
151.42283
151.45615
151.47285
151.50614
151.60611
151.61512
151.62005
151.63162
151.64035
151.64838
151.65612
151.68676
151.70611
151.73674
151.73944
151.80610
151.82002
151.82283
151.85609
151.88944
151.90610
151.95611
152.05608
152.08941
152.15610
152.18938
152.20611
152.25608
152.28937
152.29838
152.30607
152.35605
152.38937
152.40609
152.43936
152.45606
152.46997
152.50603
152.56999
152.61999
152.63935
152.68935
152.69622
152.77266
152.78934
152.79578
152.80327
152.82263
152.83160
152.83935
152.89011
152.97265
152.98934
153.03932
153.12264
153.13934
153.18931
153.20326
153.27264
153.42260
153.99598
153.99835
154.00734
154.01243
154.08933
154.28236
154.28653
154.67253
154.80582
155.15682
155.16092
155.16484
155.19057
155.19206
155.20630
156.51860
156.53824
156.54593
156.56270
156.61347
157.71429
157.71850
157.73616
157.73877
157.75263
157.75548
157.76325
157.78616
158.37206
158.88263
158.88614
158.92197
159.70522
159.71300
159.84771
159.85521
159.85691
159.86187
160.01873
160.04795
160.05520
160.06138
160.06299
160.06499
160.09627
160.11447
160.14624
160.27610
160.27837
160.31187
160.33608
160.60206
160.64366
160.64797
160.65026
160.80410
160.91909
161.10522
161.16212
161.21372
161.22856
161.23848
161.24621
161.25522
161.29898
161.40180
161.40363
161.41528
161.87318
161.95497
162.19357
162.19746
162.38071
162.38820
162.38998
162.39455
162.41030
162.41185
163.18046
163.53991
163.56958
163.63818
164.18818
164.63817
164.70487
164.71129
164.73551
164.74507
165.12140
165.55464
165.87776
165.88286
165.89763
166.71128
166.72853
167.03936
167.04664
167.05200
167.06491
167.07109
167.11849
168.17109
168.21147
168.22770
168.23523
168.24449
168.26336
168.27884
168.33958
168.35363
168.52108
168.90434
169.25434
169.36823
169.37089
169.37773
169.38497
169.38755
169.40385
169.40803
169.41093
170.01228
170.01975
170.04139
170.04842
170.10146
170.13757
170.17081
170.22980
170.33756
170.53831
170.54526
170.57720
170.57978
170.58467
170.63753
170.78753
171.56813
171.60406
171.71817
171.75402
171.76277
171.77979
171.78730
171.80401
171.87078
171.89629
172.15401
172.93351
172.94366
172.97053
173.01789
173.37686
173.38026
173.43724
174.11784
174.11940
174.17712
174.70372
174.99762
175.27711
175.28351
175.30083
175.31299
175.32098
175.35370
175.43697
175.73697
175.83696
176.03695
176.44596
176.45307
176.46007
176.47021
176.47633
176.49387
176.52018
177.07634
177.61220
177.63668
177.64090
177.64544
177.68665
177.71994
178.21989
178.79618
178.80953
178.81216
178.85367
178.88282
179.20315
179.95313
179.96705
179.96987
179.97604
179.98504
180.01702
180.05316
180.23643
181.00291
181.11959
181.12625
181.14380
181.15433
181.17859
181.18633
181.20312
182.17293
182.32600
182.32726
182.34225
182.35923
182.38351
182.39438
182.40025
182.40289
182.40949
182.41448
182.50023
182.58710
182.59031
182.59300
182.59399
182.71959
182.76805
182.88010
182.88658
182.90286
183.18879
183.19395
183.19756
183.31184
183.35976
183.37310
183.38760
183.39610
183.48757
183.49483
183.50410
183.52035
183.53371
183.57003
183.57906
183.58047
183.58632
183.59393
183.74418
183.74965
183.75284
183.86031
183.86750
183.87696
183.88888
183.93499
184.66051
184.73606
185.82595
185.84646
185.85305
186.91905
186.96903
186.99243
187.01924
187.03651
187.04505
187.16902
187.20253
188.15889
188.16321
188.16640
188.16980
188.17315
188.18556
188.19427
188.21127
188.21641
188.30248
189.33571
189.36147
189.36290
189.36946
189.38647
190.36899
190.54316
190.55223
190.55858
190.84524
190.85011
191.55219
191.71920
191.72691
191.73542
191.73742
191.75883
191.76633
192.59315
192.89079
192.89688
192.89930
193.17530
193.80194
193.91090
193.91846
193.92506
194.06090
194.06478
194.06862
194.07738
194.10192
194.11453
194.11583
194.30804
194.35190
194.90426
195.22633
195.23513
195.23765
195.25188
195.26601
195.26861
195.27715
196.39249
196.39900
196.55185
196.72971
196.75184
197.23512
197.57603
197.59173
197.60589
198.71830
198.72623
198.74277
198.74570
198.74920
198.75823
198.76060
198.76834
198.76960
198.77226
198.77781
198.78272
198.79890
198.98504
198.98777
198.99895
199.01595
199.01833
199.28505
199.31832
199.46833
199.61834
199.71832
199.86830
199.87490
199.87729
199.90253
199.92517
199.93243
199.98502
200.08502
200.18505
200.33504
200.43503
200.48504
200.63502
201.14401
201.15301
201.16567
201.19193
201.19897
201.21849
201.22466
201.42259
201.42511
201.42725
201.48502
202.26852
202.33527
202.34164
202.48314
202.48521
202.49912
202.51851
202.52747
202.82001
203.64398
203.66076
203.66585
203.66829
203.70945
204.78521
204.79182
204.85300
204.85593
204.89936
204.91145
205.51095
205.55062
205.58284
205.76869
205.82769
205.83260
205.84235
205.93257
205.94956
206.15885
206.25063
206.25172
206.51121
206.82258
206.83256
206.83786
207.10186
207.11091
207.12507
207.13519
207.19317
207.51492
207.90084
207.93520
208.20827
208.22455
208.24929
208.25981
208.42744
209.13540
209.37527
209.38020
209.38278
209.39926
209.40337
209.44179
210.13539
210.38538
210.52927
210.55078
210.55286
210.55774
210.56012
210.56864
210.58278
210.60212
210.61089
211.34587
211.38406
211.68536
211.71085
211.71624
211.73535
212.89222
212.90207
212.94434
213.03532
213.09921
214.01877
214.03656
214.04192
214.05463
214.80205
214.95208
215.10204
215.18525
215.20505
215.30203
215.41877
216.14268
216.28531
216.29957
216.30460
216.30814
216.31875
216.32541
216.33678
216.38259
216.38548
216.45198
216.45323
216.45741
216.46869
216.54692
216.71153
216.76591
216.83902
217.03528
217.03678
217.08215
217.08732
217.08946
217.10202
217.11003
217.49423
217.49883
217.50090
217.51073
217.51612
217.52775
217.75197
217.83624
217.83920
217.86096
217.86951
217.95199
218.30918
218.40200
218.62510
218.63028
218.63240
218.63549
218.64136
218.64373
218.65202
218.65969
218.66659
218.66923
218.67488
218.68597
218.69188
218.69397
218.72747
218.73241
218.86849
219.06850
219.20199
219.26847
219.31847
219.63519
219.68241
219.82748
219.82846
219.83060
219.83648
219.85180
219.85838
219.88671
219.91845
219.93519
220.01847
220.03239
220.96586
220.97297
220.98520
220.99416
221.86585
221.86759
221.87505
221.90196
221.98514
222.14415
222.14628
222.16117
222.61093
222.81867
223.28251
223.29154
223.32506
223.35191
223.68907
224.44435
224.46987
224.48513
224.53251
225.25189
225.59410
225.60961
225.63249
225.63511
225.64661
226.70184
226.78507
226.80282
226.80846
226.81084
226.81573
226.82548
226.85183
227.41475
227.63244
227.65258
227.78509
227.83509
227.90182
227.92549
227.93419
227.94283
227.94898
227.95821
227.97493
227.98508
227.99408
228.00180
228.00957
228.11856
228.14668
228.14897
228.15838
228.31084
228.31378
228.42780
228.44901
228.45178
228.45657
228.74401
228.75230
228.91704
228.92282
228.93307
229.05179
229.09900
229.10175
229.11056
229.12703
229.13019
229.13509
229.14224
229.14893
229.15178
229.16980
229.23507
229.29941
229.30177
229.31269
229.33503
229.41053
229.41724
229.42828
229.44629
229.55204
230.24891
230.26566
230.27490
230.27755
230.28012
230.28242
230.31564
230.33501
230.95155
231.44965
231.83529
232.58211
232.59249
232.60104
232.63522
232.65147
233.66799
233.71797
233.75122
233.76182
233.76407
233.78185
233.80811
233.81025
233.81775
234.04225
234.10125
234.50122
234.93441
234.95117
234.95893
234.97434
235.13443
236.07381
236.10265
236.12544
236.13442
237.24804
237.25862
237.26145
237.26481
237.29342
237.30242
237.33153
237.40393
237.55063
237.58395
237.73391
237.83391
237.95066
238.04905
238.38111
238.40190
238.40494
238.40727
238.40989
238.41362
238.41957
238.42252
238.43131
238.44774
238.45061
238.50063
238.65829
238.73108
238.73384
238.86713
238.88386
238.92378
238.96143
239.00043
239.03104
239.08104
239.11709
239.26712
239.35038
239.36707
239.38100
239.41707
239.47118
239.48508
239.49757
239.55035
239.58091
239.58364
239.58511
239.59052
239.60034
239.61707
239.64450
239.66428
239.70655
239.78364
239.80032
239.85036
239.95915
240.33357
240.33882
240.34903
240.51685
240.56685
240.58078
240.71683
240.73101
240.75674
240.75885
240.76678
240.77350
240.77562
240.78432
240.81684
240.85008
240.96686
241.02755
241.03067
241.35009
241.58336
241.90883
241.91395
241.91659
241.94207
241.94722
241.98998
242.29982
243.06344
243.07056
243.08024
243.11632
243.21632
244.08279
244.21602
244.22269
244.22554
244.23382
244.25879
244.26655
244.79401
244.83254
245.37296
245.37988
245.38660
245.39899
245.40646
245.44635
246.55029
246.62216
246.76550
246.92241
247.52217
247.59850
247.74403
247.75437
247.89074
248.91571
248.92774
248.93737
248.98573
248.98892
248.99143
249.03142
249.16683
249.17422
249.33782
249.34047
249.58731
249.59168
249.65696
249.67652
249.72472
249.91715
249.96050
249.96471
250.07035
250.07858
250.17835
250.21443
250.34461
250.51048
250.72236
250.72934
250.86418
251.12669
251.12831
251.19152
251.23446
251.24740
251.26418
251.27029
251.28068
251.29743
251.50986
251.51441
251.91391
252.28041
252.38893
252.39433
252.39816
252.40377
252.41978
252.56364
252.57753
252.88015
253.34667
253.55434
253.56054
253.56362
253.57291
253.58115
253.59401
253.60276
253.61078
253.69664
254.06953
254.92161
254.92673
254.93834
254.95682
255.02936
255.11260
256.08576
256.09511
256.09929
256.12883
256.14298
256.19301
256.36207
256.51702
256.53523
257.22032
257.22566
257.34507
257.81157
257.89483
257.94482
258.36900
259.01106
259.01748
259.01872
259.04412
259.07830
259.08027
259.14408
259.18393
259.29406
259.53135
259.53595
259.54478
259.55043
259.55354
259.56130
259.56952
259.60304
259.76050
260.68472
260.69990
261.22676
261.81664
261.82798
261.84297
261.85094
262.39274
262.47604
262.57598
262.96795
262.98472
263.00043
263.01585
263.02599
263.19990
263.20120
263.25900
263.30900
263.50894
263.59220
264.14196
264.18325
264.19218
264.32544
264.95842
265.03907
265.28268
265.29290
265.30807
265.31458
265.32213
265.40819
265.50820
265.62471
266.43292
266.43730
266.44268
266.44809
266.45487
266.45759
266.48294
266.55765
267.56826
267.59040
267.60449
267.62387
267.63265
267.64037
268.71434
268.72076
268.73094
268.75476
269.90661
269.92074
269.92257
270.01173
270.03908
270.17364
270.17595
270.18541
270.28910
270.34097
270.34759
270.59252
270.92235
270.95427
270.97361
271.05534
271.06124
271.06921
271.07565
271.07819
271.11300
271.45506
271.48181
271.72572
271.90482
272.13570
272.21355
272.23755
272.23957
272.24882
272.27794
272.29445
272.51139
272.51455
272.51576
273.37079
273.41068
273.41740
273.42718
273.44630
273.48467
273.70743
274.53414
274.56016
274.57099
274.57899
274.97002
275.35304
275.38724
275.39929
275.40325
275.72827
275.73344
275.73627
276.87046
276.87536
276.88439
276.89264
276.89425
276.89629
276.89944
276.93548
277.27194
277.31611
278.01222
278.01453
278.01919
278.03260
278.03494
278.04471
279.18445
279.19220
279.20120
279.21508
280.31844
280.32434
280.32848
280.33133
280.35043
280.73366
280.74776
281.10559
281.10787
281.12906
281.13467
281.19117
281.25014
281.31477
281.32304
281.33338
281.33594
281.34668
281.47276
281.47963
281.48955
281.49990
281.51667
281.59993
281.60151
281.60412
281.91330
281.91693
281.92120
281.93724
282.04089
282.08834
282.09164
282.10394
282.10556
282.11640
282.11833
282.12276
282.29262
282.29932
282.31304
282.32173
282.46860
282.48287
282.58005
282.60353
282.61246
282.63363
282.64060
282.64291
282.65264
282.65654
282.66997
282.68954
282.82516
283.78159
283.79624
283.79856
283.81687
284.56533
284.96505
284.98183
285.01198
285.01608
285.13957
285.14244
285.14600
286.31196
286.31558
286.35144
286.53102
286.60658
286.69759
286.74759
286.79757
286.98082
287.03079
287.10030
287.13077
287.26404
287.34730
287.36402
287.47146
287.47330
287.49723
287.50394
287.50606
287.51114
287.52016
287.53057
287.54450
287.58055
287.66382
287.71383
287.77773
287.81378
287.86377
287.93931
287.99704
288.04705
288.18033
288.41353
288.44686
288.46352
288.65550
288.67229
288.69754
288.71348
288.73695
288.84676
288.97998
289.52979
289.76377
289.78589
289.79627
289.81298
289.82691
289.86019
290.02953
290.94599
290.95372
290.96938
291.02661
291.02924
291.22905
292.10211
292.12874
292.19287
292.48364
292.48749
292.50423
292.56195
293.26323
293.26942
293.28588
293.30393
293.41148
293.49494
293.80004
294.14466
294.39443
294.40853
294.54181
294.61118
295.56067
295.57742
295.61141
295.61677
295.94390
296.26040
296.74103
296.75539
296.75904
296.76627
296.81012
297.19339
297.88383
297.89051
297.91652
298.07480
299.01678
299.02683
299.04260
299.04874
299.05301
299.07587
299.20911
299.93970
299.95006
300.20083
300.20860
300.22297
300.23172
300.34874
300.73923
301.32481
301.36855
301.37221
301.37532
301.37837
301.38170
301.38896
301.39133
301.79109
302.50829
302.51755
302.53799
302.54078
302.57407
303.64028
303.67296
303.69207
303.70003
303.70184
303.72044
303.72357
303.83766
303.85682
303.89056
303.89448
304.27330
304.64001
304.72327
304.81317
304.82063
304.83739
304.84765
304.86454
304.87324
304.88278
305.08433
305.12423
305.13810
305.49266
305.80488
305.80600
305.80827
306.01209
306.03395
306.04563
306.05315
306.08924
306.21266
306.40572
306.50311
306.51187
306.88224
307.15672
307.16185
307.16420
307.17273
307.17859
307.18873
307.19143
307.19771
307.28871
307.67174
307.91105
308.12145
308.30469
308.31856
308.32130
308.32921
308.33581
308.34458
308.35464
308.41083
308.42918
308.45186
308.45467
308.48794
308.75444
308.80443
308.93769
309.07094
309.12093
309.15424
309.20420
309.25419
309.35414
309.38745
309.46801
309.48737
309.49767
309.51079
309.57069
309.58738
309.65396
309.70393
309.80390
309.81057
309.81782
309.82729
309.83721
309.88719
309.93716
309.98713
310.08431
310.17039
310.43690
310.57017
310.65338
310.70336
310.72681
310.73669
310.75339
310.93664
311.12656
311.38639
311.85638
311.92436
311.93000
311.93613
312.03609
312.20263
312.35265
313.01778
313.03297
313.04976
313.11885
314.20798
314.23225
314.83458
315.36009
315.37424
315.41757
315.78195
315.79917
315.80130
315.94181
315.95687
315.98168
316.00081
316.01732
316.10603
316.11115
316.15671
316.16730
316.21342
316.21730
316.35956
316.42420
316.51706
316.54153
316.58143
316.59128
316.68638
316.73275
316.73818
316.88098
316.89114
317.11684
317.11871
317.17627
317.49722
317.49894
317.68329
317.70880
317.71802
317.73478
317.73989
317.75103
317.81653
317.95874
317.96067
318.27854
318.29253
318.95540
318.99926
319.00828
319.01315
319.09927
319.26579
320.23813
320.24872
320.25825
320.26287
321.40773
321.42006
321.42272
321.42469
321.43171
321.43863
321.44970
321.94819
322.31473
322.56448
322.58121
322.59919
322.69793
323.31157
323.31424
323.56417
323.73939
323.76259
323.77800
323.78067
324.65593
324.66852
324.87784
324.90568
324.91105
324.91321
324.96364
325.16367
325.34689
325.84665
326.06206
326.07986
326.17988
326.63624
326.96952
327.05299
327.19298
327.20712
327.21927
327.26288
327.30201
327.35749
327.37134
327.38383
327.43838
327.56527
327.58089
327.73203
327.74604
327.84084
327.85560
327.86915
328.09587
328.11259
328.17908
328.31236
328.34732
328.35361
328.35635
328.35890
328.36951
328.37647
328.37828
328.38352
328.38809
328.54373
328.55102
328.55541
328.56613
328.59584
328.71937
328.72338
328.73551
328.83056
328.84256
328.84560
328.85525
328.86441
328.89557
328.90902
328.94556
329.12883
329.16214
329.39539
329.44537
329.50589
329.52721
329.62863
329.69531
329.72859
329.97856
330.16183
330.25924
330.26848
330.49506
330.66074
330.67226
330.67569
330.70382
330.72831
330.73783
330.82833
331.85378
332.82780
332.96253
332.97853
332.98655
333.00223
333.04191
333.31879
333.32802
334.10066
334.11175
334.12135
334.12749
334.13413
334.14424
334.16080
335.28598
335.28804
335.29006
335.30275
335.31006
335.31663
335.32726
335.33598
335.36049
335.61046
335.86450
335.86819
336.46739
336.47697
336.48469
337.52671
337.56633
337.57719
337.59419
337.59932
337.60419
337.80996
338.05994
338.25994
338.57274
338.74054
338.75784
338.76606
338.76866
338.78307
339.07642
339.94081
339.95008
339.97615
339.99009
340.04290
341.10935
341.12762
341.13993
341.15163
341.17611
341.25938
341.66709
341.67351
341.89261
342.26576
342.27585
342.28977
342.30649
342.33224
343.29872
343.30134
343.30909
343.46810
343.48462
343.49898
343.50909
343.52476
343.56685
343.58462
344.04236
344.24235
344.32563
344.34235
344.44232
344.64282
344.65645
344.66569
344.67559
344.73247
345.08222
345.59232
345.76980
345.77554
345.78507
345.78967
345.80276
345.80643
345.92557
346.73942
346.90881
346.92190
346.96029
347.05879
347.58525
347.63893
347.97551
348.13424
348.14378
348.14864
348.15877
348.89915
348.95520
348.96003
348.96776
348.98933
349.28937
349.29225
349.31565
349.31771
349.32416
349.34248
349.49300
349.52547
349.77528
349.84197
349.87526
349.88722
349.89012
350.18952
350.50097
350.60872
350.70874
350.77287
350.80873
350.85870
350.86966
351.40871
351.50871
351.56631
351.61484
351.64834
351.65094
351.66259
351.69860
351.97622
352.80602
352.88956
352.92542
353.40868
353.47542
353.92541
353.93205
353.96689
353.97694
353.99831
354.32542
355.10091
355.13592
355.16270
355.82540
356.27253
356.28414
357.26251
357.44618
357.44874
357.45863
357.46222
358.24209
358.58705
358.60883
358.62166
358.62426
358.63434
358.65881
358.79211
358.79618
359.73278
359.73968
359.75958
359.76754
359.77399
359.78301
360.08947
360.09920
360.18333
360.24507
360.31809
360.32559
360.35907
360.50955
360.52579
360.53453
360.53921
360.67740
360.68296
360.70617
360.79898
360.81447
360.88946
360.90206
360.90883
360.91779
360.92271
360.92556
360.94222
360.95882
361.04893
361.28243
361.28884
361.29407
361.39228
361.49185
361.49947
361.51056
361.66779
361.67291
361.78168
361.79764
362.04230
362.52549
362.92551
363.20101
363.20618
363.21777
363.22626
363.23346
363.30879
363.52575
363.62551
364.07552
364.38345
364.39888
364.40636
364.40902
364.41968
364.67577
364.82314
365.09248
365.49249
365.53288
365.53522
365.53986
365.55873
365.56797
365.57336
365.64248
366.21330
366.22330
366.22435
366.55918
366.69134
366.69366
366.90144
367.05921
367.24244
367.83256
367.85635
367.86325
367.87666
367.89242
367.99244
368.98229
368.99266
369.00164
369.02126
369.02509
369.10916
370.18276
370.18513
370.21715
370.55935
371.29287
371.42612
371.47611
371.48958
371.49312
371.50487
371.50963
371.51861
371.53391
371.53727
371.53920
371.55627
371.57351
371.57611
371.59285
372.19286
372.51674
372.74947
372.76735
372.79283
372.80587
372.81694
372.81980
373.28299
373.32449
373.50069
373.62632
373.77632
373.92630
373.94709
373.95207
373.95719
373.96621
373.96911
373.97373
374.19763
374.88417
374.88656
375.04306
375.06981
375.10981
375.40983
376.19324
376.20741
376.22655
376.23290
376.26003
376.26435
376.46003
377.32677
377.37413
377.37674
377.39350
377.41689
377.70673
377.75741
378.06027
378.51028
378.55042
379.65807
380.03623
380.04159
380.78382
380.79184
380.81759
380.85322
380.86761
381.84446
381.94364
381.94614
381.95106
381.96499
381.96758
381.97322
381.97501
381.97843
382.01112
382.03834
382.09446
382.11117
382.13458
382.42791
382.46118
382.94007
382.96143
383.10367
383.10856
383.13218
383.19490
384.25418
384.26189
384.26426
384.27112
384.27601
384.27916
384.30415
384.31187
384.41190
384.46191
385.01213
385.41080
385.41363
385.43263
385.44457
385.45949
385.46288
385.47889
385.56879
385.62890
385.74561
386.57160
386.58814
386.60275
386.62671
386.63575
386.65485
387.09351
387.47959
387.57960
387.73647
387.74613
387.75966
387.76259
388.77985
388.90853
388.92925
388.93594
388.94171
388.94395
388.96147
389.20344
390.07149
390.08775
390.09729
390.11457
390.12333
391.22303
391.23057
391.23849
391.26141
391.26994
391.27302
391.84491
391.88491
392.25551
392.41451
392.42302
392.44773
392.46452
392.94799
393.53151
393.53810
393.54712
393.54974
393.55595
393.56314
393.57399
393.59562
393.59741
393.61226
393.69124
393.70309
393.70488
393.70748
393.75489
393.86199
393.87915
394.11088
394.43977
394.48223
394.49846
394.50723
394.64190
394.70565
394.71199
394.72138
394.78196
394.86775
395.24168
395.26286
395.53220
395.65039
395.84118
395.85637
395.85793
395.86595
395.87469
395.92186
396.03315
396.04012
397.01618
397.02744
397.03270
397.04417
397.48290
398.08317
398.15656
398.20764
398.23340
398.92569
398.93720
399.13102
399.34137
399.34778
400.03390
400.48410
400.51550
400.52426
400.56474
401.51786
401.65801
401.67447
401.69848
402.68247
402.71835
402.81835
402.82363
402.82614
402.82783
402.84384
403.17734
403.26858
403.65207
403.96984
403.98448
404.01157
404.09970
404.13555
404.68581
405.12826
405.13341
405.14317
405.16021
405.16228
405.18601
405.24268
405.59771
405.63344
405.65649
405.65773
405.66953
405.68787
405.70278
405.79405
405.86226
405.86609
405.87457
405.87616
405.88875
406.03027
406.03253
406.04344
406.13699
406.14039
406.14290
406.16881
406.18626
406.30298
406.30990
406.31372
406.32718
406.33356
406.40303
406.45993
406.64461
406.65994
406.83992
406.84311
406.85065
406.85323
406.88825
407.01651
407.01997
407.02685
407.12607
407.14075
407.15660
407.22004
407.48438
407.52019
407.55350
407.57022
408.55398
408.62223
408.64675
408.64989
408.65213
408.65340
408.70402
409.00418
409.03023
409.74573
409.76348
409.77118
409.78021
409.78513
409.81134
409.82119
409.82785
409.83791
410.08797
410.20473
410.55492
410.58822
410.92170
410.92549
410.94436
410.94794
410.96184
410.97170
410.99509
411.58869
411.91255
411.92883
412.07905
412.08612
412.08891
412.10592
412.16444
412.17905
412.52245
412.58915
412.80589
412.85592
412.92264
412.97266
412.98658
413.02266
413.03941
413.25482
413.27210
413.29605
413.37007
413.45618
413.70637
413.79470
413.79601
413.85639
414.05374
414.28990
414.35663
414.38991
414.40353
414.42055
414.44010
415.57536
415.58001
415.59598
415.60419
415.69063
415.84064
416.36637
416.73561
416.74108
416.75421
416.76165
416.77063
416.80764
417.00784
417.24822
417.27460
417.89155
417.92476
417.95646
417.95829
418.51230
418.52704
418.88454
419.03839
419.04206
419.07553
419.10203
419.19351
419.35772
419.35878
419.37271
419.39896
419.89202
420.19865
420.20954
420.21544
420.21803
420.26845
421.25954
421.44301
421.47628
421.49017
421.49297
422.78824
422.79017
422.80999
422.81636
422.85013
422.87677
423.74374
423.97720
423.99522
424.08496
424.11074
424.18119
424.29398
424.34397
425.09419
425.11094
425.12658
425.13408
425.62772
426.25747
426.28431
426.31118
426.37559
426.48459
426.48854
426.74470
427.41339
427.41937
427.67840
427.74217
427.77836
427.80181
427.80906
428.07841
428.54713
428.56339
428.60255
428.61190
428.71188
429.37628
429.68737
430.50223
430.50465
430.81951
430.82162
430.82647
430.82905
430.84319
430.84584
430.85175
430.85867
430.86663
430.91925
431.32933
431.62934
431.70998
431.96277
431.96664
431.97052
431.98010
431.98293
431.98909
432.00385
432.01283
432.02670
433.14780
433.15270
433.16020
433.16288
433.22979
434.06329
434.26069
434.26968
434.29282
434.38003
434.43668
434.91641
435.43025
435.43692
435.45601
435.47250
435.47431
435.48927
435.88028
436.14701
436.62196
436.62789
436.64442
436.67788
436.73049
436.88715
437.54727
437.78022
437.80502
438.22987
438.23197
438.24485
438.26698
438.27298
438.28070
438.38072
438.41092
438.42346
438.42764
438.43068
438.46573
438.48492
438.58092
438.58431
438.68071
438.87185
438.89743
438.89870
438.92805
438.92964
438.93122
438.93710
438.95410
438.98073
438.98734
439.18735
439.20599
439.21055
439.21316
439.21743
439.22061
439.26422
439.36074
439.36541
439.41421
439.96261
439.96420
439.96521
439.97725
440.09721
440.10382
440.10622
440.15432
440.43349
440.51417
440.74768
440.75767
440.88093
441.26331
441.28993
441.32160
441.41441
441.56442
442.04769
442.43115
442.44505
442.45665
442.46514
442.47545
442.49530
442.49792
443.16465
443.61901
443.77125
444.16465
444.43137
444.77251
444.78335
444.79111
444.79446
444.80578
444.83826
444.84810
444.94810
445.14811
445.93183
445.94835
445.96847
445.97122
445.98232
446.01486
446.03930
447.13209
447.13850
447.14473
447.14982
447.15422
447.69833
448.37190
448.43844
448.56505
449.37584
449.39594
449.42428
449.45518
449.51703
449.52302
449.53071
449.54006
449.57300
449.60544
449.66529
449.83866
449.88203
450.08205
450.43202
450.69875
450.71905
450.72242
450.76394
451.19875
451.88887
451.89122
451.90564
451.91600
451.92265
451.93272
452.04640
452.04893
452.06443
452.08225
453.05900
453.06572
453.07550
453.08345
453.08934
453.09124
453.10534
453.10798
453.21573
453.37212
453.58248
454.21332
454.24658
454.27334
455.39942
455.40465
455.40844
455.42257
455.43270
455.49941
455.50845
455.54629
456.29968
456.57255
456.58104
456.58723
456.59164
456.59677
456.59944
456.60865
456.68293
457.74730
457.74986
457.75762
457.84985
457.88215
458.31663
458.93999
458.94728
458.95061
458.95786
458.96708
458.97299
458.98386
458.99079
459.51663
459.56660
460.06015
460.11978
460.14357
460.15004
460.15395
460.15602
460.15777
460.16399
460.17426
460.20009
460.23411
460.26683
460.38607
460.41091
460.41400
460.45085
460.45603
460.64760
460.65187
460.65371
460.65985
460.67318
460.82130
460.82636
460.84261
460.91684
460.94016
461.24922
461.25399
461.25675
461.31759
461.33432
461.35159
461.35671
461.37633
461.37960
461.39024
461.40055
461.42218
461.42373
461.44073
461.56708
461.63122
461.63969
461.64255
461.80419
461.80983
461.90030
461.91627
461.93408
461.94481
462.50058
462.50796
462.52630
462.54818
463.65077
463.67419
463.68376
463.69380
463.85079
463.95080
463.97364
464.78428
464.85178
464.85691
464.86751
464.86895
464.88423
464.89840
464.90764
464.91753
464.92819
465.39842
465.96775
466.03522
466.05902
466.09065
466.79013
466.80123
467.18181
467.21513
467.35125
467.56023
468.35147
468.44887
468.75147
468.85783
469.51819
469.54108
469.56016
469.57480
470.30167
470.75857
470.76257
470.77740
470.87231
470.87587
471.26841
471.32817
471.33136
471.36842
471.49155
471.49885
471.50383
471.51069
471.84901
471.91191
471.91554
471.92558
471.93249
471.94904
471.96836
472.03516
472.12813
472.13491
472.27458
472.50860
472.57246
472.63515
472.64025
472.89152
472.89407
472.90876
473.11861
473.16885
473.17901
473.19281
473.19907
473.20929
473.67371
473.67528
473.67890
473.69199
474.29198
474.29415
474.32638
474.33535
474.41860
474.53534
475.47548
475.54223
475.55207
475.77525
476.66881
476.67265
476.67651
476.67939
476.69118
476.69429
476.69679
476.70187
476.71592
476.71878
476.72314
476.73421
476.74430
476.75330
476.84193
477.55209
477.91615
477.92131
477.92540
479.20865
479.21102
479.22753
479.24242
479.24452
479.26875
479.32653
479.40231
479.43269
479.53550
480.39294
480.39888
480.41203
480.41898
480.43550
481.53547
481.56100
481.57329
481.59288
481.60838
481.61613
482.72822
482.73571
482.74959
482.75318
482.76122
482.76553
482.82541
482.83311
482.90219
482.94209
483.06609
483.50219
483.53546
483.54236
483.57538
483.90173
483.90857
483.91116
483.91605
483.93045
483.93720
483.94233
483.94957
484.30218
484.45220
484.83301
485.08436
485.08949
485.10340
485.11965
485.17555
486.21023
486.28995
486.29283
486.31166
486.91889
487.45748
487.46441
487.46886
487.47787
487.48561
487.49332
487.54228
487.57791
488.31890
488.53561
488.62500
488.65742
488.65999
488.67058
488.68558
488.81889
489.18561
489.81624
489.82546
489.82946
489.83299
489.83558
489.84946
489.86003
489.86887
489.88685
489.95849
489.96885
490.83558
490.98558
491.02518
491.03293
491.03683
491.03960
491.04247
491.09972
492.19220
492.20302
492.23553
492.38555
492.66881
493.38293
493.38501
493.38705
493.41644
493.42802
493.46261
493.47542
493.51103
493.54163
493.54639
493.54935
493.55043
493.56153
493.56617
493.71313
493.71856
493.72033
493.96369
493.96877
493.98625
494.00793
494.48830
494.49267
494.60841
494.64502
494.65864
494.78249
494.85231
494.85501
495.09477
495.11691
495.28269
495.56665
495.58527
495.76949
495.80194
495.80809
495.81589
495.81846
495.82824
495.83286
495.84812
495.88695
495.88899
495.89302
495.89421
495.95197
496.00198
497.01072
497.05810
497.13520
498.00172
498.11845
498.16844
498.18593
498.19212
498.20169
498.20512
498.20914
498.21967
498.22508
498.24185
498.24422
498.27483
498.28546
499.26555
499.36846
499.39129
499.40165
499.41891
499.95166
500.59184
500.59772
500.82247
500.86243
501.75927
501.76912
501.77475
501.78221
502.59390
502.93353
502.93562
502.98614
502.99148
503.01811
504.18585
504.32445
504.70802
504.88460
504.89097
505.23458
505.33245
505.34073
505.34332
505.35133
505.38196
505.98756
506.51547
506.52158
506.52468
506.54430
507.68454
507.69379
507.70154
507.71004
507.71504
507.71801
507.72467
508.86780
508.88449
508.89064
508.90975
508.91777
508.93576
509.06776
509.12679
510.06001
510.06772
510.09114
510.09347
510.10864
510.11773
510.12412
510.12673
510.14089
511.25763
511.26096
511.28187
511.35099
511.40249
511.40740
512.43442
512.45167
512.46771
512.48182
512.50993
513.44084
513.66118
513.66889
513.67617
513.68517
513.69488
513.74109
513.96767
514.81764
514.83155
514.83615
514.85990
514.86154
514.86945
515.00092
515.00756
515.04853
515.29756
515.66765
516.00623
516.03921
516.04316
516.22764
516.23055
516.30753
516.37431
516.40089
516.55089
516.70087
516.70238
516.80090
516.90088
517.00087
517.08418
517.10090
517.15084
517.19313
517.21476
517.23413
517.25084
517.35087
517.50085
517.70086
517.74314
517.90304
517.90701
518.16475
518.28863
518.40211
518.40962
518.41471
518.43409
518.44231
518.45747
518.56761
518.59727
518.63409
518.68412
519.59384
519.61472
519.62878
519.63149
519.64358
519.65489
519.65985
519.66759
519.76757
520.11757
520.70081
520.75082
520.76755
520.81145
520.81380
520.82397
520.83141
520.83324
520.84021
520.85080
520.86754
520.95080
521.05082
521.99068
522.00445
522.01491
522.01756
522.03405
522.03597
522.04036
522.05076
522.14065
522.35078
523.19067
523.20501
523.22853
523.23135
523.24353
523.69060
523.70077
524.25076
524.52724
524.53135
524.55613
524.55947
524.56490
524.57412
524.58595
525.05689
525.80071
525.81482
525.82106
525.83186
525.84166
525.86745
526.01748
526.66748
526.85073
526.97072
526.97596
526.98549
527.00065
527.04296
527.37410
527.38157
527.38437
527.39605
527.57096
527.57596
527.58419
527.59050
527.74079
527.85270
527.85783
527.87403
528.15070
528.15859
528.17412
528.17722
528.18099
528.20733
528.34294
528.55141
528.55519
528.63420
528.72799
528.73177
528.83979
528.84530
528.85046
528.85165
528.88156
529.28417
529.29316
529.32380
529.60089
530.25090
530.45090
530.45241
530.45987
530.49050
530.50699
530.65090
531.45087
531.63438
531.65087
531.65749
531.66889
532.20087
532.73583
532.78042
532.78509
532.79717
532.80087
532.80700
532.81255
532.81757
532.82425
532.82711
532.83410
532.84075
532.85986
532.87400
533.95775
533.96732
533.98249
533.98810
533.99048
533.99358
534.00982
534.01496
534.01761
534.46756
534.72366
534.72634
535.11757
535.14976
535.15745
535.16474
535.16755
535.17499
535.20745
535.22422
536.15081
536.30079
536.31469
536.32879
536.33139
536.33786
536.34305
536.37368
536.69306
537.04797
537.48400
537.51542
537.52443
537.52706
537.53399
537.53607
537.54067
537.54792
537.55737
537.56725
537.57443
537.58399
537.61730
537.76727
537.81729
537.94016
537.96727
538.01728
538.15057
538.18399
538.31726
538.41725
538.43397
538.46726
538.68114
538.69786
538.71720
538.73110
538.76725
538.77831
538.79787
538.83189
538.91722
538.96724
539.10055
539.11722
539.13115
539.14091
539.14249
539.15056
539.21723
539.27751
539.36721
539.40052
539.56723
539.85049
539.85998
539.86797
539.87601
539.88571
539.90046
539.91721
539.93449
539.95049
540.09064
540.14060
540.16565
540.33399
540.35050
540.40712
540.84947
541.02359
541.04674
541.06723
541.07623
541.08393
541.09810
541.11456
541.41722
541.71722
542.17694
542.20045
542.20945
542.23263
542.23494
542.24086
542.26433
542.41719
543.37462
543.39429
543.40657
543.43371
544.56424
544.57329
544.65036
544.75041
544.98366
545.69933
545.70446
545.70678
545.74164
545.75037
545.76688
546.90014
546.91682
546.92561
546.92715
546.94028
546.97297
547.00088
547.00912
547.90010
548.08072
548.09233
548.10935
548.11759
548.13068
548.13333
548.25010
548.40009
548.40370
548.43072
548.48053
548.57801
548.58142
548.58752
548.60190
548.74769
548.75107
548.77560
549.03727
549.06784
549.08818
549.11660
549.11786
549.13384
549.13825
549.25420
549.26550
549.26810
549.28072
549.28940
549.29236
549.53247
549.82290
549.89259
550.09982
550.13777
550.14395
550.14982
550.42266
550.44207
550.44979
550.45384
550.45857
550.46523
550.47294
550.48044
550.54374
550.62843
550.92317
550.93427
551.59232
551.61363
551.63941
551.68301
552.25852
552.44953
552.79949
552.80640
552.81339
553.95563
553.96179
554.02501
554.06599
554.13273
555.12262
555.12495
555.13299
555.14816
555.15022
555.57877
556.29146
556.29657
556.31311
556.31593
556.51594
556.54920
557.34920
557.46311
557.46988
557.47970
557.48243
557.48961
557.49635
557.49915
557.50534
557.67974
557.68909
558.01590
558.53004
558.54381
558.65581
558.69312
558.79916
558.94706
559.86271
559.86483
559.87099
559.87710
560.01591
560.68264
561.02377
561.03926
561.04162
561.04401
561.04677
561.04935
561.08262
561.54938
561.84932
561.86612
562.18359
562.21568
562.22301
562.23459
563.36607
563.44668
563.45623
563.45729
563.46375
563.46607
563.47508
563.47908
563.48945
563.49463
563.55649
563.58283
563.96631
564.75883
564.78918
564.79081
564.79953
564.80854
565.08921
565.09958
565.10132
565.94978
565.96730
565.97266
566.01653
567.05002
567.11649
567.12418
567.14816
567.15692
567.18065
567.20361
567.20666
567.23991
567.88352
568.23352
568.28089
568.30101
568.35024
568.39252
568.71697
569.42623
569.44911
569.46462
569.47599
569.56418
569.59114
569.60713
570.59319
570.60046
570.60973
570.63205
570.63644
570.64031
570.64272
570.65686
570.66459
570.70040
571.03286
571.21079
571.22069
571.22432
571.38352
571.46719
571.49683
571.50465
571.51399
571.52053
571.77595
571.81016
571.81139
571.81721
571.83131
571.99059
572.01135
572.01457
572.19293
572.19781
572.20965
572.48053
572.49023
572.50425
572.50731
572.51744
572.65069
572.95845
572.98155
572.99289
573.08414
573.39189
573.43418
573.85090
574.10088
574.12404
574.12848
574.13415
574.14027
574.14801
574.77534
574.96763
575.28390
575.30965
575.31760
575.33202
575.37542
576.45885
576.46786
576.49360
576.50187
576.74334
576.74483
577.64073
577.65774
577.66058
577.66782
577.67420
578.40877
578.41241
578.70132
578.80773
578.82683
578.83896
578.86545
578.88460
579.15130
579.65132
579.96805
579.99758
580.00819
580.01080
580.01781
580.02524
580.02704
580.04243
581.18216
581.18474
581.19354
581.21029
581.23476
581.48477
581.53456
581.57702
581.59378
582.24843
582.39374
582.40953
582.41535
582.80837
582.93477
583.18625
583.20147
583.49325
583.58264
583.58874
583.59476
583.60275
583.60496
583.61822
583.68237
583.81825
584.18708
584.20150
584.74911
584.77647
584.79135
584.79397
584.79865
584.82434
584.87486
584.90246
584.91820
585.97589
585.98230
586.01823
586.22719
587.15937
587.16817
587.17591
587.18489
587.20781
587.23496
588.18905
588.30567
588.31119
588.32322
588.33252
588.34129
588.34845
588.57357
588.75164
589.35164
589.50164
589.51115
589.51551
589.52738
589.53231
589.56837
589.85161
589.89125
590.69277
590.69508
590.70543
590.70825
590.72498
590.72985
590.76836
591.05163
591.45160
591.51836
591.80162
591.88135
591.88510
591.90309
591.91858
592.75160
592.76831
592.80794
592.82547
592.85822
592.86832
593.06831
593.07733
593.09382
593.16569
594.24271
594.25841
595.44783
595.46437
595.47490
595.49379
596.58477
596.59452
596.60019
596.62202
596.67518
597.57000
597.76719
597.77881
597.78188
597.78479
597.80042
597.80505
598.06823
598.25145
598.35151
598.41824
598.94162
598.94863
598.95837
598.97023
598.97463
599.00147
599.93235
600.11822
600.12458
600.12716
600.12959
600.13202
600.16046
600.16557
600.18235
601.29158
601.31119
601.31895
601.32794
601.33494
601.36820
601.46816
601.47199
602.21816
602.47716
602.48098
602.51114
602.52430
602.53101
603.61014
603.65805
603.68837
603.69260
603.69656
603.69900
603.70190
603.71625
603.71812
603.72766
603.73486
603.88489
603.93762
603.94153
603.96814
604.00822
604.01204
604.06631
604.15777
604.19612
604.19867
604.21652
604.33491
604.36640
604.37658
604.48196
604.50646
604.51815
604.80029
604.80360
604.85239
604.87450
604.88206
604.89879
604.93538
604.98193
604.98486
604.99285
605.17712
605.20957
605.35544
605.35825
605.46591
605.49894
606.08226
606.10161
606.56062
607.21833
607.23373
607.24898
607.25160
607.47609
607.66832
607.67162
608.38505
608.39169
608.40819
608.41056
608.41596
608.42496
608.43142
608.43852
608.44172
608.45537
608.54283
609.58504
609.59169
609.60792
609.61055
609.61464
609.61827
609.62731
610.81051
610.82517
610.82728
610.85178
610.88264
611.00177
611.94164
611.95965
611.96480
611.97048
611.97248
611.97539
611.97825
611.99425
612.90199
613.11873
613.12485
613.15199
613.15862
613.16072
613.17465
613.22281
613.22563
613.22775
613.35200
613.89398
613.90244
613.91256
614.06312
614.21871
614.28547
614.30171
614.31603
614.31873
614.32485
614.32747
614.36896
614.38285
614.39445
614.46874
614.67795
614.68592
614.68975
614.69188
614.83930
614.85120
615.13102
615.44875
615.47406
615.48543
615.49234
615.49442
615.49586
615.49903
615.50220
615.85377
615.88544
616.01870
616.23596
616.23711
616.24515
616.26872
616.51870
616.66868
616.68169
616.72506
616.93545
617.63542
617.87529
617.88664
617.89034
617.89316
617.89591
619.08277
619.09437
619.09953
619.10633
619.10932
619.11326
619.12605
619.13536
619.14440
619.21111
620.42497
620.43273
620.43535
620.43664
620.46626
620.46865
621.61859
621.64170
621.64949
621.66110
621.72759
621.98534
622.08531
622.76619
622.79434
622.93532
622.98532
623.56858
623.93271
623.93579
625.09221
625.14141
625.25044
625.25593
625.26104
625.71901
625.72726
625.88494
625.91852
625.97494
625.99453
626.02645
626.20132
626.20530
626.28500
626.29897
626.31126
626.37179
626.38279
626.48065
626.49477
626.80297
626.82513
626.98285
626.98570
626.99166
626.99312
627.00272
627.01310
627.18396
627.18878
627.19450
627.19816
627.21578
627.35920
627.36453
627.43500
627.44401
627.45684
627.45862
627.47487
627.48112
627.49424
627.49891
627.50167
627.50839
628.64372
628.64879
628.65172
628.66561
628.91824
629.11047
629.31122
629.31542
629.79881
629.80145
629.80809
629.81797
629.82056
629.82483
629.85143
630.80145
630.97692
630.98188
631.00121
631.00917
631.08469
631.10145
632.13464
632.14570
632.15805
632.16816
632.18467
633.11790
633.29877
633.30115
633.30803
633.31781
633.32175
633.34929
634.46762
634.49127
634.50856
634.51765
634.51913
634.53438
634.56503
635.65864
635.67267
635.67530
635.68148
635.68437
635.68679
635.69126
635.70987
636.04310
636.45698
636.47534
636.48776
636.52132
636.55858
636.59097
636.84822
636.86805
636.88484
636.89975
637.00082
637.53406
637.61732
637.63406
638.01730
638.04065
638.05082
639.20743
639.21443
639.22530
639.23111
639.24042
639.24256
639.29793
639.38380
639.40055
640.37418
640.38993
640.40026
640.40643
640.40827
640.65028
641.54762
641.56702
641.57314
641.59012
641.59922
641.60024
641.70663
642.73324
642.73911
642.74324
642.75403
642.75772
642.76699
643.51646
643.88935
643.91384
643.94273
643.94971
644.04761
644.05770
644.86622
645.06355
645.07470
645.09060
645.34945
645.86588
646.21220
646.24065
646.24315
646.24938
646.25554
646.27466
647.39915
647.40530
647.41565
647.42981
647.44833
647.48241
648.14728
648.27852
648.41940
648.42281
648.43358
648.45890
648.47463
648.58101
648.58533
648.60578
648.62416
648.62844
648.63957
648.64264
648.64965
648.65625
648.67945
648.71538
648.77439
648.90764
649.16317
649.20670
649.36378
649.36939
649.59188
649.61534
649.72303
649.77662
649.80759
649.96633
649.97149
650.43661
650.75346
650.76511
650.95497
650.96378
650.98822
650.99036
650.99459
651.00156
651.00447
651.03260
652.14524
652.14729
652.16583
652.91455
653.32355
653.34450
653.34667
653.36194
653.37196
653.49780
653.59779
654.48766
654.54751
655.65627
655.66117
655.66400
655.68715
655.69467
655.75365
655.75472
655.76401
655.79724
655.84726
656.81448
656.87451
656.90364
657.39699
657.86349
657.96082
657.97247
657.99668
658.01347
658.01957
658.02939
658.11345
658.31343
658.33659
659.11322
659.18659
659.18918
659.19458
659.20544
659.22420
659.58396
659.64407
660.17969
660.25545
660.25745
660.28635
660.36290
660.38346
660.39968
660.40304
660.40520
660.54764
660.59621
660.61958
660.78844
660.84991
660.86292
661.54045
661.56104
661.57663
661.57990
662.79305
662.79581
662.81391
662.82914
662.91953
662.99586
663.02916
664.07936
664.10052
664.10946
664.11899
664.14637
664.30438
664.76208
664.79537
664.94535
665.24268
665.24535
665.26207
665.27060
665.27577
665.27857
665.30175
665.72857
666.39657
666.40432
666.40869
666.41792
666.42565
666.43734
667.55144
667.57804
667.72807
667.90143
668.21131
668.46128
668.72078
668.72544
668.73367
668.78468
668.79454
668.82542
669.88417
669.89167
669.91717
669.97803
670.06102
671.05706
671.06225
671.06739
671.07293
671.15060
671.15836
671.17460
671.19421
671.25064
671.38412
672.04399
672.18622
672.20445
672.20914
673.34369
673.35270
673.35557
673.35782
673.36947
673.38103
673.39372
673.44109
673.44369
673.48597
674.49748
674.53329
675.27669
675.62118
675.67358
675.67640
676.79270
676.82244
676.83541
676.86014
676.86864
677.39245
677.39414
677.40164
677.84263
677.93364
677.95164
677.96115
678.00677
679.14233
679.14925
679.15188
679.51267
680.32586
680.33122
680.33810
680.34872
680.35855
681.31287
681.47481
681.48380
681.49773
681.51467
681.53384
681.57482
682.14909
682.64200
682.65006
682.65497
682.65778
682.66156
682.66629
682.67577
682.67848
682.68943
682.69846
682.70775
682.82054
682.82216
682.83165
682.85777
682.99177
683.03306
683.22428
683.24136
683.47426
683.61413
683.61810
683.62410
683.77118
683.77403
683.80930
683.81651
683.83818
683.85752
683.87142
683.89742
683.93093
684.08066
684.37675
684.37987
684.55723
684.67117
684.80725
684.99821
685.01752
685.03037
685.04045
685.09052
685.16005
685.16312
686.20064
686.21332
686.21572
686.21978
686.23997
686.28250
686.87324
687.05649
687.35221
687.35647
687.36416
687.37421
687.38737
688.13949
688.50595
688.52423
688.53168
688.54323
688.54583
688.54845
688.55595
688.58168
689.70641
689.71975
689.72553
689.73969
689.74555
689.81621
690.17217
690.22217
690.80540
690.86415
690.87345
690.87803
690.88606
690.88863
690.91310
690.92317
692.03089
692.04213
692.04453
692.04637
692.05587
692.06389
692.08914
692.12163
692.18091
692.19502
692.60488
693.28787
693.35460
693.68653
693.71386
693.77110
693.86335
693.87109
694.02743
694.10326
694.11979
694.18155
694.20435
694.22298
694.29135
694.29347
694.29659
694.35436
694.37910
694.38150
694.38885
694.41096
694.41824
694.42724
694.46919
694.47464
694.47986
694.48757
694.48882
694.56821
694.59372
694.89487
695.06361
695.07083
695.07378
695.07560
695.08085
695.10411
695.26976
695.27360
695.28889
695.45155
695.51598
695.52984
695.53364
695.53883
695.55942
695.56459
695.56821
695.57466
695.57774
695.58466
695.58912
695.63733
696.22058
696.40384
696.60379
696.67934
696.69607
696.71770
696.72487
696.80379
697.87004
697.87745
697.89291
697.89552
697.90476
697.91127
697.91738
697.92104
697.92411
697.93357
697.93679
698.11768
699.02882
699.06256
699.08043
699.09265
699.10192
699.38652
700.23651
700.25037
700.25966
700.26200
700.26551
700.27385
700.29525
700.30915
700.53625
701.42922
701.43593
701.44284
701.44499
701.56944
701.65272
702.59363
702.60273
702.61589
703.80220
703.81633
703.86169
704.05216
704.11628
704.44606
704.50212
704.80214
704.94956
704.95826
704.96607
704.98254
704.98665
705.05194
705.05708
705.06992
705.07296
705.09955
705.88840
705.89024
705.90189
705.93254
706.13163
706.14392
706.16225
706.17582
706.19387
706.61815
707.15312
707.30911
707.31549
707.32451
707.32663
707.34240
707.35137
707.43462
707.76786
708.51497
708.53197
708.53857
708.54097
708.55089
708.56498
708.93039
709.69178
709.69335
709.70134
709.70695
709.72114
710.33382
710.71706
710.87395
710.89131
710.90025
710.91033
710.98356
711.05084
711.05932
711.08354
711.13356
712.08329
712.08686
712.09844
712.10589
712.10853
712.13355
712.78303
713.48424
713.48706
713.48939
713.49848
713.50124
713.50640
713.51598
713.61602
714.23253
714.66338
714.66650
714.67214
714.67646
714.68942
714.69975
714.71576
714.71984
715.07213
715.07451
715.13221
715.36548
715.40539
715.41822
715.55024
715.55277
715.56001
715.56259
715.56795
715.60774
715.61544
715.74872
715.76288
715.83861
715.84871
715.85873
715.87158
716.03913
716.04099
716.11166
716.30163
716.33195
716.34599
716.35000
716.50000
716.50595
716.73196
716.79352
716.79559
716.99920
717.02397
717.03167
717.04556
717.06523
717.11200
717.28470
717.31495
717.33145
717.38809
717.52138
717.89424
718.18011
718.20564
719.13870
719.32105
719.32907
719.33784
719.34917
719.36467
719.37317
719.38754
719.64741
720.47801
720.48816
720.49064
720.50862
720.51175
720.52340
720.54716
720.58041
721.09690
721.66258
721.67053
721.67236
721.67651
721.67879
721.68674
721.71414
721.72238
722.32081
722.35303
722.53678
722.54634
722.69638
722.83864
722.84685
722.85275
722.85537
722.86264
722.91051
723.42062
723.51284
723.77162
723.78837
723.97935
724.02035
724.02321
724.46258
724.78874
724.87906
725.16381
725.18756
725.20453
725.34558
726.35617
726.36842
726.36950
726.37592
726.40943
726.48754
726.49632
726.50301
726.51436
726.51969
726.69578
726.86470
726.86866
726.97588
726.97770
726.98211
726.99191
726.99394
727.00918
727.01177
727.02855
727.29774
727.30253
727.47103
727.47828
727.50166
727.52564
727.53542
727.54244
727.54503
727.55402
727.55546
727.56931
727.67496
727.68004
727.68778
727.85252
727.98541
727.99287
728.70747
728.72028
728.74078
728.74453
729.87746
729.90036
729.90547
729.90813
729.95037
731.05270
731.05767
731.06686
731.08570
731.09372
731.13417
731.33474
732.22644
732.23953
732.26895
732.45969
732.96843
733.38283
733.39267
733.39571
733.40388
733.41892
733.42596
733.45658
733.99245
734.04243
734.45895
734.55891
734.59634
734.59905
734.64219
734.65887
735.10892
735.11019
735.13950
735.76638
735.77275
735.78228
735.78928
735.82513
736.40842
736.47513
736.82116
736.83441
736.85464
736.88200
736.92113
736.92836
736.93789
736.94158
736.94773
736.95012
736.95215
736.95547
737.00991
737.13258
738.04112
738.08124
738.09110
738.11421
738.11843
738.12173
738.12586
738.13332
738.14312
738.14775
738.42435
738.47433
738.69087
739.29955
739.32435
740.45678
740.46344
740.47765
740.49030
740.49695
740.50573
740.50804
740.53018
740.65680
740.68021
741.62992
741.63204
741.63741
741.64593
741.65567
741.66317
741.67068
741.67303
741.68105
741.70046
741.98978
742.81995
742.82914
742.83279
742.85362
742.85596
742.87011
742.87273
743.13927
743.14828
743.21991
743.23925
743.98639
743.98998
744.01425
744.02222
744.02837
744.03893
744.08000
744.10551
744.25548
744.30549
744.34587
744.48872
744.75524
745.08848
745.17370
745.17788
745.17918
745.18836
745.19436
745.20623
745.35498
746.10472
746.36110
746.36885
746.40470
746.43795
746.52248
746.57121
746.92991
746.95185
746.98747
747.28773
747.52093
747.53373
747.53793
747.54402
747.56271
747.57091
747.58743
747.59407
747.65415
747.66034
747.92967
748.10392
748.20392
748.22186
748.59403
748.72418
748.72731
748.73844
748.74305
749.60952
749.90312
749.91190
749.91704
749.91966
749.93267
749.93664
749.95312
751.08996
751.13351
751.13612
751.15263
751.50927
751.98562
752.06889
752.27785
752.30186
752.34198
752.36110
752.36884
752.88536
753.20185
753.47468
753.50610
753.53506
753.66832
753.76833
754.15157
754.70132
754.73223
754.73555
754.74199
754.75819
754.76522
754.81807
754.86032
754.86500
754.87682
754.89355
755.40106
756.01492
756.02418
756.02655
756.03243
756.11468
756.30078
756.48404
756.63403
757.15953
757.18375
757.18747
757.20029
757.23374
757.26704
757.51701
757.53399
758.30638
758.31392
758.31851
758.32365
759.19972
759.44972
759.47691
759.47937
759.49173
759.49682
759.49974
759.53962
759.61362
759.89173
760.64199
760.64761
760.67982
760.68667
761.39872
761.81619
761.84119
762.97904
762.98167
762.99994
764.16459
764.16747
764.17052
764.18214
764.20480
764.24790
764.56440
764.70542
765.21414
765.33964
765.34491
765.35829
765.36388
765.38702
766.38039
766.54080
766.55349
766.58032
766.59786
767.67987
767.72722
767.72976
767.73963
767.75270
767.75536
768.52958
768.57957
768.90219
768.90556
769.01912
769.04368
769.06655
769.06971
769.20218
769.21254
769.22235
769.36258
769.47697
769.48598
769.58809
769.83808
770.00066
770.07884
770.08592
770.09314
770.16232
770.31230
770.72882
770.78780
771.16200
771.24529
771.27878
771.28052
771.28752
771.29260
771.29525
771.30381
771.30914
771.31228
771.32247
771.32855
771.54476
771.55044
771.57077
772.42827
772.44600
772.44907
772.45167
772.45398
772.46762
772.49214
772.51434
773.59826
773.60060
773.61499
773.61866
773.64187
773.97774
774.07772
774.67748
774.77745
774.78672
775.93382
775.94109
775.94446
775.95856
775.96042
775.96946
775.97327
776.06044
776.24372
777.09345
777.10757
777.11682
777.13282
778.28020
778.28305
778.29314
778.30697
778.30961
778.31655
778.42640
778.52642
779.07381
779.45213
779.47403
779.48277
779.83490
779.97327
780.08463
780.10912
780.34238
780.34480
780.47563
780.48973
780.63200
780.63513
780.64239
780.65008
780.67302
781.06687
781.09210
781.78567
781.79353
781.81474
781.82222
781.85833
782.27486
782.92459
782.94718
782.96475
782.97460
782.99128
783.61878
783.62168
783.63118
783.92434
784.11446
784.11847
784.12426
784.15055
784.19108
785.29822
785.30460
785.30699
785.32082
785.32403
785.32576
785.34078
785.34741
785.35493
785.48303
786.20541
786.46293
786.47500
786.47804
786.48152
786.49976
786.50830
786.54691
787.30677
787.31576
787.32736
787.66451
787.66779
787.67760
787.68223
787.69665
787.76577
788.82298
788.83602
788.83974
788.84381
788.85364
788.86335
789.56523
789.70623
789.87008
789.87272
790.04821
790.06338
790.06626
790.07007
790.07934
790.16259
790.18938
790.19431
790.19722
790.20599
790.33947
790.38169
790.38944
790.39344
790.57081
790.68200
790.69120
790.69606
790.90595
791.16899
791.17364
791.17672
791.18199
791.18994
791.20592
791.21340
791.23809
791.24068
791.24295
791.25327
791.25574
791.26492
791.28970
791.37271
791.37660
791.39130
791.55195
791.55622
791.67551
791.69045
791.71233
792.12244
792.43114
792.43631
792.43894
792.43991
792.44559
792.44770
792.75565
793.02218
793.60278
793.61467
793.61631
793.61980
793.67215
793.70540
793.85541
794.58864
794.81281
794.82338
794.82567
794.83087
794.88862
795.87188
796.20508
796.20712
796.22846
796.26150
796.69347
797.40246
797.40608
797.41148
797.43573
797.43834
798.52819
798.54217
798.55508
798.57159
798.57770
798.59732
798.73058
798.73305
799.67155
799.69238
799.69496
799.71378
799.71539
799.72151
799.72743
800.30479
800.35480
800.45478
800.50479
800.83804
800.84780
800.85478
800.85603
800.86851
800.89236
800.89465
801.00476
801.13804
801.16353
801.32793
801.88803
802.03668
802.04702
802.05085
802.06402
802.06750
802.06940
802.07128
802.11352
802.43800
803.07125
803.21114
803.21839
803.22507
803.23745
803.25448
803.28777
803.32532
803.82123
804.21861
804.39436
804.40446
804.40851
804.41108
804.42012
804.42736
804.43020
804.43404
804.45442
804.66159
804.67859
805.56831
805.57218
805.57808
805.58665
805.59514
805.59872
805.61859
806.50442
806.72860
806.73019
806.73217
806.73505
806.75441
806.77116
807.87702
807.88768
807.89665
807.95158
809.06365
809.12091
809.14425
809.14664
809.43763
809.48764
810.22802
810.23760
810.27862
810.57087
810.72087
811.20412
811.40563
811.41950
811.42256
811.43711
811.52085
811.77858
811.82079
811.97958
812.12105
812.13757
812.15410
812.23760
812.36801
812.57696
812.59448
812.59683
812.60145
812.60481
812.62082
812.70454
812.74268
812.74707
812.75033
812.75815
812.90096
813.18778
813.48734
813.50321
813.50896
813.78165
813.79423
813.80404
813.94395
813.97212
814.20405
814.28879
814.29045
814.30403
814.45406
814.93751
814.94419
814.97075
814.98491
814.98754
814.99391
815.02742
815.27251
815.30451
815.57076
815.72078
816.13799
816.15026
816.15321
816.16174
816.17075
817.29363
817.30827
817.31273
817.31752
817.32686
817.36375
817.61301
818.17075
818.17532
818.19649
818.47072
818.47540
818.47851
818.49151
818.63747
819.64622
819.66007
819.66321
819.67145
819.67734
819.68482
819.69517
819.93747
820.82072
820.83746
820.84430
820.85520
821.15418
821.99407
821.99618
822.01080
822.01291
822.02092
822.02752
822.02992
822.17991
823.18742
823.21100
823.22326
823.22703
823.22968
823.24425
823.25156
823.27754
824.04664
824.32089
824.37080
824.37864
824.38501
824.40043
824.40413
824.41477
824.42084
824.51409
824.52988
825.01490
825.04536
825.53762
825.56206
825.56796
825.57108
825.57983
825.60511
825.90435
826.26382
826.32108
826.34661
826.67109
826.72879
826.73007
826.73385
826.75433
826.77105
827.02106
827.91840
827.92104
827.93731
827.95532
828.42105
828.51332
828.97106
829.06865
829.08673
829.08903
829.09155
829.09578
829.11355
829.13408
830.26118
830.27250
830.28510
830.29601
830.30215
830.30454
830.35451
831.41351
831.43074
831.43515
831.45524
831.47127
832.59697
832.60365
832.61216
832.62500
833.33798
833.59965
833.78821
833.81135
833.81854
833.83944
833.84697
833.99869
834.00393
834.13822
834.19596
834.36647
834.36907
834.40472
834.48959
834.55472
834.80222
834.92142
834.96270
834.96638
834.97120
834.97754
834.98141
834.98464
834.98736
834.99406
835.00593
835.00886
835.03990
835.04619
835.22144
835.35615
835.36236
835.47168
835.47534
835.49403
836.15150
836.15568
836.16149
836.16365
836.16880
836.17146
836.21445
836.23043
836.98841
837.33575
837.34615
837.34767
837.43842
837.50514
837.71287
837.72241
838.42188
838.50513
838.51200
838.52030
838.53475
838.53700
838.54501
838.61149
839.68861
839.70535
839.71172
839.71577
839.72186
839.72849
839.73862
839.76925
840.71252
841.01509
841.01922
841.02207
841.03083
841.03909
841.90933
841.92207
843.43768
843.45554
843.47355
843.48000
843.95573
843.95845
844.12635
844.13311
844.14678
844.30952
844.58667
844.62542
844.63204
844.67251
844.92916
844.93545
844.93642
845.12252
845.23926
845.43926
845.68928
845.69355
845.70601
845.71239
845.73928
845.75601
845.76212
845.77167
845.77967
845.80602
846.17276
846.46239
846.91023
846.92545
846.92886
846.99849
848.06287
848.07300
848.07885
848.09636
848.11053
848.17935
849.20668
849.23427
849.23887
849.24896
849.25668
849.26543
849.27472
849.27982
849.29093
849.31568
850.29019
850.41567
850.42366
850.44045
850.44920
850.47367
850.48755
850.55559
851.72390
852.73189
852.74211
852.78315
852.80742
852.81402
852.88156
853.92442
853.94724
853.95199
853.97435
854.24112
854.89137
854.94458
854.99135
855.07353
855.10808
855.11423
855.12198
855.12484
855.14491
855.14799
856.22508
856.28382
856.29180
856.30465
856.31708
857.19208
857.43943
857.45106
857.46732
857.49867
857.50106
857.52553
857.63217
858.63241
858.63352
858.64402
858.65254
858.66516
858.66803
859.76565
859.77602
859.77728
859.80557
859.81074
860.95965
860.97019
860.97362
860.98316
860.99400
861.00974
861.05975
861.91664
862.11660
862.12674
862.13286
862.13957
862.16021
862.16635
862.25763
863.28488
863.29750
863.30198
863.30786
863.31045
863.31708
863.33384
863.33597
863.34372
863.36948
863.41047
864.27744
864.45809
864.48406
864.49495
864.54159
865.02768
865.03539
865.04444
865.06304
865.62788
865.63669
865.64362
865.65882
865.67019
865.72791
865.77791
866.42816
866.57816
866.62815
866.77813
866.81162
866.85553
866.86909
866.87553
867.09926
867.16054
867.17065
867.17839
867.18526
867.18713
867.22065
867.36424
867.37088
867.65366
867.67855
867.97083
867.99147
868.01212
868.01798
868.02039
868.02860
868.14510
868.14906
868.16537
868.34352
868.35178
868.44538
868.52138
868.55224
868.63247
868.65314
868.66338
868.77091
869.17884
869.20276
869.95247
870.34425
870.35562
870.36458
870.37109
870.38808
870.42135
871.51015
871.51972
871.52693
871.54365
871.54631
871.57183
871.74631
872.66992
872.68516
872.69732
872.70553
872.70745
872.72206
872.74575
872.98004
873.13006
873.83689
873.86988
873.87868
874.61111
874.61378
875.05419
875.06316
876.20700
876.22297
876.24850
876.25543
877.38147
877.40484
877.43786
877.63148
878.38171
878.43171
878.45538
878.47396
878.52647
878.53165
878.60202
878.60505
878.62181
878.64118
879.14869
879.74894
879.78217
879.78990
879.79604
879.79888
880.27154
880.61641
880.95607
880.98291
881.02952
881.41661
881.52491
882.14343
882.14678
882.16612
882.36638
882.45506
882.46255
882.72251
882.72354
882.72455
882.72581
882.72682
882.73605
882.73871
882.73973
882.75337
882.75643
882.77112
882.78688
882.80329
882.82043
882.82200
882.82349
882.82512
882.84088
883.04986
883.31553
883.32706
883.34234
883.35770
883.45011
883.51665
883.56663
883.83338
884.48360
884.50031
884.51356
884.55033