0.19511
0.22621
0.98839
0.99399
0.99882
1.02100
1.06756
1.81823
1.96624
1.97295
1.97969
1.98272
2.25350
2.78707
2.79500
2.79728
2.80857
2.81138
3.13475
3.13828
3.49435
3.49955
3.92788
4.15353
4.17711
4.28753
4.32417
4.33093
4.33365
4.33484
4.58729
4.64136
4.73978
4.76509
4.77111
4.77438
4.78433
4.79135
4.80783
4.81089
4.82313
4.82424
4.84402
5.00570
5.06486
5.08712
5.10341
5.22003
5.25089
5.26534
5.27273
5.27667
5.49348
5.49696
5.51382
5.69393
5.72940
5.73183
5.74371
5.75023
5.78644
5.81062
5.87716
5.96758
5.97385
5.99322
6.09033
6.12764
6.22640
6.23545
6.25772
6.26753
6.27749
6.31345
6.89309
6.90330
6.91133
7.12045
7.14077
7.19824
7.45732
7.46028
7.46704
7.47449
7.48704
7.51042
7.52128
7.56040
7.56360
7.56704
7.58394
7.59064
7.60970
8.04287
8.05760
8.51691
8.52407
8.53216
8.66680
8.80070
9.38665
9.39291
9.56446
9.83357
9.90642
9.91329
9.94033
9.96440
9.96681
9.97067
10.43578
10.61621
11.08286
11.41673
11.42159
11.42930
11.84770
11.85222
13.13644
13.15203
13.35450
13.36568
13.36879
13.67249
13.89182
14.23847
14.25954
14.51396
14.51586
14.52749
14.53771
14.54903
14.55224
15.31194
15.35161
15.39869
15.41581
15.41807
15.50124
15.56171
15.57546
15.58939
15.67745
15.68545
15.72761
15.73609
15.80489
15.85529
15.86404
15.88221
15.89513
15.93875
16.01920
16.04215
16.15335
16.20144
16.24500
16.27241
16.30512
16.45803
16.53749
16.60385
16.63470
16.64170
16.66264
16.79392
16.91742
17.00375
17.04814
17.08223
17.10106
17.10581
17.13192
17.27214
17.29138
17.35473
17.38193
17.39206
17.58484
17.60126
17.66264
17.78452
17.80826
17.88190
17.89190
17.90882
17.93175
18.59839
18.60544
18.62899
18.64094
18.97948
18.98896
19.00800
19.29063
19.51267
19.99439
20.52884
20.82390
20.82740
20.83419
20.91486
21.23155
21.44410
21.45533
21.50054
21.51984
21.52750
21.68100
21.68610
21.69148
21.70497
22.01729
22.22374
22.23107
22.35353
22.79449
22.80597
22.81827
22.83117
22.85441
23.76594
23.81084
23.97334
24.07756
24.08132
24.09887
24.10729
24.28085
24.54377
24.55775
24.57337
24.71057
25.22130
25.37733
25.67459
25.79428
25.80372
25.82466
25.83478
25.84544
26.16997
26.19494
26.24729
26.52156
26.53065
26.57741
26.58344
26.60799
26.61454
26.63075
26.83833
26.87742
26.97765
26.98806
26.99975
27.01713
27.03839
27.05648
27.06435
27.16106
27.17720
27.20082
27.21054
27.22452
27.23769
27.30053
27.32744
27.33412
27.47006
27.48747
27.48964
27.49266
27.55689
27.65928
27.83632
27.84392
27.90457
27.91211
27.93077
28.00029
28.11383
28.11717
28.12705
28.13991
28.16435
28.17592
28.18035
28.18345
28.19755
28.20549
28.22331
28.28094
28.28514
28.29292
28.33097
28.36092
28.43105
28.43342
28.51359
28.51827
28.54028
28.54395
28.55405
28.83277
28.84032
28.86683
28.86958
29.04377
29.08458
29.27718
30.22405
30.43324
30.43739
30.44256
30.44875
30.98992
30.99375
30.99732
31.00667
31.02737
31.04021
31.30013
31.73052
31.91764
32.23780
32.24023
32.24835
32.25040
32.25310
32.35295
32.91741
32.92328
33.43146
33.45025
33.70085
33.71414
34.51222
34.52397
34.53312
34.57467
34.91701
34.98370
34.99301
35.36438
35.68079
35.69387
36.07393
36.15686
36.48073
36.48380
36.50628
36.51400
36.52134
36.53761
36.55111
36.57421
36.58294
36.58848
36.59086
36.59705
36.60467
36.62445
36.65735
36.67297
36.68337
36.70282
36.72713
36.75482
36.75720
36.90695
36.91967
36.94681
37.03042
37.13018
37.17029
37.29050
37.51433
37.53098
37.53361
37.55767
37.71960
37.75658
37.92424
37.94770
37.97416
38.19983
38.20212
38.56693
39.04284
39.29764
40.09717
40.37067
40.37680
40.41189
40.41664
40.54070
40.55419
40.56380
40.56794
40.89392
41.32571
41.35724
41.55441
41.56631
41.58034
42.05015
42.32693
42.35055
42.37333
43.28359
43.73315
43.88329
44.29970
44.36625
44.38025
44.38724
44.39666
44.42373
44.43419
44.45031
44.91674
44.92277
44.93048
44.95383
45.17405
45.19844
45.95099
46.28776
46.29003
46.29233
46.30012
46.35873
46.39962
46.54329
46.55002
46.56352
46.61644
46.68442
46.73276
46.74927
46.79046
46.79969
46.81703
46.88765
46.95433
46.99293
47.00956
47.02827
47.04701
47.06306
47.06662
47.15702
47.18569
47.22394
47.23910
47.24338
47.27096
47.29701
47.36772
47.37411
47.39490
47.40404
47.42330
47.50403
47.53321
47.57326
47.57648
47.61299
47.66678
47.67638
47.69639
47.77889
47.78682
47.80605
47.83000
47.83630
47.91613
47.95431
48.02584
48.10012
48.13710
48.15674
48.22020
48.33215
48.37603
48.37814
48.38021
48.38955
48.41099
48.41467
48.55420
48.56373
48.57648
48.59682
48.60420
48.66603
48.72306
48.73046
48.90987
48.94312
48.98329
49.01959
49.12024
49.20621
49.44308
49.74704
49.96298
50.43302
50.45699
50.86603
50.87405
50.87770
50.88920
50.89654
50.93709
51.13708
51.13925
51.14356
51.15374
51.15591
51.39296
51.44999
51.69659
51.73912
51.76310
52.01307
52.49306
52.50937
52.51135
52.52310
52.53721
52.67273
52.78996
52.80605
52.81239
52.82774
52.83002
53.19441
53.23025
53.23289
53.64938
54.16302
54.20186
54.20670
54.22014
54.22941
54.23726
55.07750
55.10679
55.54900
55.55633
55.55848
55.56112
55.56292
55.57035
55.57330
55.60214
56.01082
56.88695
56.89020
57.35627
57.87989
57.88841
58.39280
58.40629
58.42996
58.45025
58.45350
58.47963
58.48231
58.77756
58.79167
58.85633
58.86550
58.86864
58.87011
58.87964
58.88240
58.90644
58.92538
58.92970
58.99661
59.05832
59.06961
59.09709
59.09897
59.17583
59.32960
59.33214
59.36301
59.37290
59.40140
59.43235
59.59601
59.62648
59.63244
59.64351
59.64622
59.64927
59.65595
59.66499
59.67369
59.79237
59.83982
59.84645
59.86290
59.86676
60.05019
60.07044
60.09267
60.33351
60.34642
60.35352
60.35656
61.32311
61.82298
62.47730
62.47948
62.72957
62.73325
62.73609
62.73944
62.74131
62.75300
62.94628
62.95299
63.09837
63.10277
63.10792
63.10898
64.09588
64.10123
64.10523
64.11508
64.12171
64.16561
64.56022
64.82210
65.16970
65.32921
65.42645
65.43615
65.73268
65.73607
66.09543
66.09837
66.95274
66.98211
67.39552
67.41076
67.82617
67.83276
67.83516
67.84453
67.84775
68.26434
68.99519
69.01187
69.03719
69.36135
69.37776
69.40231
69.43151
69.84066
69.84463
69.85768
69.86108
69.86553
70.01482
70.06846
70.10258
70.36436
70.38242
70.41116
70.42789
70.66431
70.69242
70.71219
70.71916
70.73103
70.73686
70.77801
70.81419
70.82765
70.99438
71.00197
71.03525
71.05763
71.08190
71.08491
71.24846
71.27171
71.27771
71.28450
71.29198
71.30237
71.30733
71.33715
71.34076
71.36498
71.43988
71.44396
71.47413
71.50503
71.50766
71.57072
71.69247
71.69926
71.73044
71.83428
71.83666
71.95363
71.98463
72.03189
72.11842
72.13344
72.15861
72.17168
72.24744
72.33704
72.35723
72.36340
72.38025
72.42091
72.42769
72.44749
72.62705
72.63759
72.64402
72.65145
72.67457
72.68057
72.70840
72.71093
72.89414
72.95137
73.09047
73.11338
73.11729
73.15130
73.23450
73.34705
73.39652
73.46267
74.13306
74.77681
74.78665
74.79682
74.91016
75.75050
75.75345
75.99326
76.52038
76.93367
76.93988
77.46923
77.62976
77.64378
78.24892
78.29296
78.74591
78.75566
78.76702
78.77902
78.79031
79.38360
79.39944
80.18595
80.20625
80.21222
80.21892
80.29562
80.33974
80.34579
80.36333
80.36630
80.37526
80.37891
80.40446
80.42236
80.44545
80.50270
80.63511
80.69525
80.82564
81.07293
81.08836
81.08997
81.09602
81.10715
81.27336
81.59556
81.74261
81.74783
82.34516
82.57085
83.22217
83.22989
83.23238
83.23462
83.36886
83.59234
84.64712
84.64905
84.65386
84.65882
84.66538
84.94149
84.97181
85.11790
85.12019
85.12292
85.13178
85.16746
85.36494
85.38459
86.12581
86.13445
86.34935
86.53510
86.54220
86.54440
86.55638
86.55761
86.58048
87.89249
87.90142
87.90565
87.91520
88.99112
89.01115
89.34889
89.98202
90.05756
90.07217
90.53449
90.54100
90.55771
91.17448
91.35759
91.76818
91.77730
91.78719
91.82373
92.06423
92.07692
92.08140
92.10016
92.10997
92.11282
92.11490
92.13089
92.46435
92.46675
92.51002
92.51124
92.51419
92.53144
92.57129
92.63373
92.81992
92.84063
92.84427
92.86760
92.87673
92.96682
92.99619
93.00513
93.00993
93.01764
93.03140
93.05765
93.07405
93.13343
93.24816
93.25756
93.27343
93.28475
93.29090
93.29337
93.43049
93.43937
93.45033
93.49770
93.50543
93.57714
93.62030
93.69350
93.73709
93.74414
93.80801
93.85366
93.94463
93.97415
94.00355
94.01031
94.05224
94.12037
94.12642
94.38351
95.34033
95.34276
95.35055
95.54692
95.74001
95.74702
95.75308
95.76096
95.80656
96.24923
96.25419
96.91389
96.91905
96.92575
96.93985
97.18310
97.33232
97.34226
97.35935
97.36964
97.43977
97.82662
98.02624
98.04212
98.04946
98.48269
98.65152
98.66292
98.67586
99.00228
99.63537
99.69137
99.72615
100.53483
100.54098
100.54739
100.90973
100.94154
100.94515
100.94872
101.84213
101.85242
101.85472
102.15062
102.15714
102.16948
102.36898
102.37194
102.42826
102.57183
102.63809
102.64833
102.67104
102.67414
102.68796
102.72072
102.74193
102.75856
102.92126
102.93562
102.94060
102.96247
102.97080
103.08719
103.09033
103.12757
103.13062
103.13426
103.23782
103.25516
103.51727
103.54135
103.57111
103.58505
103.59020
103.60408
103.70547
103.73073
103.73389
103.83354
103.90714
104.10401
104.10671
104.32723
104.32996
104.35356
104.36989
104.38736
104.41312
104.52039
104.52330
104.80151
104.84077
104.89099
104.90653
105.15032
105.15636
105.17033
105.17267
105.50725
105.51031
105.53922
106.71590
107.20292
107.22353
107.23137
107.24521
107.25267
107.28872
107.60269
107.61198
107.64245
107.78579
107.79301
108.18844
108.82853
108.84247
108.84945
109.01494
109.96062
110.30513
110.30703
110.62705
110.63073
110.64746
110.66130
111.60807
112.11001
112.12860
112.12990
112.13609
112.96315
113.05895
113.06604
113.85682
113.88582
113.91371
113.92251
113.93300
113.94725
113.96331
113.98068
114.00490
114.00942
114.05580
114.10930
114.16229
114.29470
114.58239
114.63510
114.74512
114.77850
114.88778
114.97523
115.17818
115.45847
115.56826
115.57179
115.57443
115.84732
115.85211
115.86084
116.24825
116.28792
116.30074
116.57156
116.57377
116.60815
117.39568
117.60270
118.12389
119.32564
119.33255
119.34639
119.38300
119.53173
120.06081
120.07307
120.72262
120.73201
120.74839
121.04860
121.79297
121.79544
121.80832
121.81162
121.84174
121.99824
122.00564
122.19326
122.50800
122.54516
122.87437
122.88336
122.88499
122.88818
122.89074
122.89774
123.39477
123.99735
124.00165
124.02766
124.86351
124.89324
124.94633
125.01312
125.31161
125.31367
125.31977
125.36772
125.53707
125.53965
125.55547
125.55742
125.55869
125.55971
125.57704
125.57968
125.58957
125.60063
125.63421
125.64886
125.75277
125.79677
125.91893
125.92950
125.93961
126.01925
126.06261
126.19106
126.20238
126.20987
126.21315
126.22003
126.33528
126.35746
126.36681
126.42934
126.66903
126.86372
126.87657
126.89002
127.04997
127.07165
127.07649
127.13546
127.25890
127.28301
127.32926
127.34224
127.39653
127.55894
127.57249
127.57389
127.71220
127.71861
127.76253
127.94819
127.96796
128.26208
128.28605
129.39177
129.51890
130.15456
130.20347
130.69149
130.71438
131.03755
131.64423
132.22061
132.74301
132.76293
132.77001
133.52447
133.52801
133.54162
133.54389
133.86708
134.07652
134.08336
135.23575
135.24004
135.31605
135.33242
135.40646
135.41658
135.47231
135.49876
135.53734
135.68263
135.71527
135.81921
135.87301
135.89106
136.03006
136.29823
136.32405
136.49952
136.63215
136.83901
136.84610
137.58664
137.59447
137.60831
137.62210
137.77922
137.78853
138.30460
138.31512
138.32573
138.50132
138.64113
138.64819
138.65116
138.65472
138.66096
138.66737
138.67143
139.08770
139.10464
139.40752
139.42400
139.89678
139.90064
139.90790
139.91019
139.91483
140.56391
140.58104
140.58522
140.59124
140.61704
141.28336
141.29001
141.29167
141.29456
141.58057
142.21581
142.22045
142.60337
142.95147
142.97263
143.77226
143.99583
144.00223
144.00579
144.04054
144.21933
144.22237
144.24331
144.26011
145.07140
145.07921
145.08110
145.35260
145.78528
145.78905
146.25539
146.70464
146.91805
146.93102
146.93532
146.94211
146.98138
146.99434
147.00203
147.03532
147.15719
147.22529
147.25931
147.26590
147.27093
147.33523
147.40883
147.46834
147.63258
147.63490
147.64431
147.65589
147.85137
147.88514
147.90874
147.93476
147.97194
148.06808
148.07074
148.16795
148.22124
148.26736
148.33809
148.34049
148.39475
148.39864
148.40876
148.50476
148.60146
148.63103
148.64003
148.65562
148.67566
148.74170
148.91759
148.96048
148.98735
149.07056
149.17543
149.20848
149.39150
149.43416
149.44928
149.45134
149.47799
149.48016
149.48733
149.51165
150.21769
150.35050
150.70355
150.80401
150.80760
150.81368
150.82509
151.72996
151.73672
151.74655
151.75047
152.07988
152.19034
152.24996
153.35017
153.35383
153.36588
153.98333
154.51547
154.52937
155.03279
155.04285
155.04959
155.05655
155.45823
155.45959
155.46272
155.46614
155.87898
155.88382
155.88665
155.89920
156.36584
156.37320
156.38205
156.38975
156.39425
156.78506
156.91143
156.92276
156.92455
157.39900
157.40117
157.42228
157.82832
157.83173
157.83719
157.84482
157.85168
158.45824
158.47193
158.47483
158.49464
158.50116
158.51769
158.52512
158.52818
158.62210
158.85121
158.89469
158.90568
158.90846
158.93969
158.96456
158.98460
159.10500
159.13535
159.21436
159.25342
159.26127
159.41049
159.41251
159.41728
159.63168
159.63340
159.68825
159.70049
159.70210
159.71117
159.72451
159.83789
159.84739
159.88128
159.89165
159.90786
159.91086
159.92152
159.96881
160.01312
160.11114
160.13117
160.14151
160.22728
160.26476
160.27367
160.36080
160.36999
160.37943
160.38122
161.24120
161.27169
161.27865
161.28026
161.28475
161.65479
161.81434
161.82096
161.82303
161.82890
161.84722
161.85062
161.88075
162.75458
162.77093
162.77694
162.91709
162.91886
163.88401
163.88750
163.89329
163.90965
163.93288
163.96343
164.02031
165.18731
165.87602
166.13657
166.16345
166.55359
167.04611
167.20402
167.21232
167.40865
168.52337
168.52465
168.80865
168.82202
168.83263
168.84842
169.05260
169.18627
169.18868
169.20546
169.27674
169.28535
169.29238
169.29573
169.30512
169.66461
169.69816
169.70438
169.72832
169.98273
170.01790
170.09134
170.13521
170.24817
170.25802
170.29515
170.30183
170.38833
170.43516
170.52857
170.54858
170.55049
170.55238
170.55400
170.55965
170.57188
170.57806
170.59530
170.70499
170.70927
170.76862
170.78719
170.81172
170.95463
170.95696
170.96874
170.97824
171.01909
171.02391
171.10514
171.19514
171.24113
171.24869
171.25958
171.26673
171.39471
171.43846
171.44910
171.47105
171.52414
171.71211
171.75461
171.77805
171.91479
171.93742
171.96135
171.96792
171.98732
172.01077
172.13168
172.31502
172.32753
172.33059
172.35733
172.37150
172.37292
172.39719
172.40726
172.59470
172.60848
172.61086
172.62429
172.62775
172.63053
172.63529
172.63974
172.64224
172.66784
173.26094
173.28057
174.70076
175.12994
175.13631
176.20642
176.21271
176.23062
176.49408
176.50367
176.54529
177.12651
177.12936
177.14570
177.15461
177.17677
177.54675
177.55898
177.56269
178.20587
178.68520
178.80206
178.82201
178.82576
178.83585
179.98274
179.99033
179.99959
180.05205
180.08549
180.10880
180.11525
180.12153
180.12628
180.13800
180.17837
180.19508
180.45117
180.48421
180.64275
181.06166
181.08451
181.76862
181.79849
182.45412
182.57763
182.82821
182.83809
182.84741
182.86206
183.01487
183.59859
183.61876
183.66481
184.20097
184.20800
184.34047
184.36750
184.37693
184.91669
184.95004
185.86061
186.16648
186.56980
186.57796
186.59789
187.26026
187.26191
187.80682
188.16826
188.18943
189.08747
189.42982
189.43319
189.46636
189.84924
189.86892
189.87234
189.88721
189.90214
189.90419
190.53585
190.55360
190.55570
190.56253
190.58287
190.60843
190.79430
190.89164
190.91537
190.91818
190.97497
191.03544
191.04141
191.10830
191.18179
191.18898
191.23564
191.34419
191.37228
191.56546
191.57890
191.59154
191.82916
192.00488
192.03510
192.04781
192.28839
192.30985
192.33158
192.35502
192.48753
192.50133
192.62430
192.69563
192.75795
192.84653
192.84798
193.06181
193.11176
193.14824
193.16201
193.74503
194.05106
194.11455
194.13046
194.88521
194.88850
194.89736
194.91598
194.93425
195.23747
195.33047
195.49714
195.49955
195.69010
195.72012
197.09656
197.10628
197.64593
197.65317
198.12250
198.63898
198.65548
199.13552
199.51893
199.90312
199.90545
199.90908
199.91212
199.91530
200.47152
200.47913
200.49114
200.49402
201.23651
201.60132
201.61604
201.61846
201.63511
201.65122
201.65441
201.65750
201.75182
202.07531
202.12491
202.12799
202.13794
202.15359
202.15845
202.18457
202.48490
202.51137
202.54168
202.79150
202.79469
202.82536
202.83668
202.88291
202.90112
202.97807
202.98659
203.02749
203.07275
203.12075
203.12263
203.20259
203.29444
203.40106
203.42510
203.43990
203.56768
203.62289
203.65125
203.66290
203.74691
203.81741
203.82084
203.83821
203.87753
203.88939
203.96373
203.96987
204.12467
204.13467
204.13684
204.14358
204.17774
204.24299
204.37448
204.48835
204.52766
204.52935
204.76376
204.76879
204.85575
204.86339
205.06075
205.07433
205.21055
205.35760
205.45767
205.47019
205.48774
205.50834
205.54694
205.56311
206.32605
206.34977
206.38890
206.88606
207.43317
207.45364
207.45693
207.45894
208.95869
208.96004
208.96411
208.96943
209.45646
209.50539
209.74875
209.98198
209.98786
210.50906
210.51874
210.53183
211.99155
212.15125
212.19207
212.74840
212.75033
212.75849
212.76033
212.77144
212.77386
212.79034
212.82220
212.86019
212.88143
213.17477
213.21012
213.23496
213.25048
213.26807
213.31490
213.31713
213.43926
213.45501
213.46482
213.48389
213.57052
213.72495
213.73251
213.73837
213.74100
213.96738
213.96881
213.97346
214.03486
214.05456
214.16860
214.20008
214.21763
214.23130
214.23995
214.24337
214.25700
214.29113
214.35537
214.53808
214.55686
214.73585
214.75147
215.58807
215.59734
215.61815
215.88351
215.88803
215.90757
216.52052
216.52364
216.52689
216.56619
217.71334
218.10040
218.83244
218.84258
219.46248
219.47032
219.47573
219.70150
219.70344
219.71800
220.16978
220.17880
220.18933
220.59530
220.60752
221.89529
222.16155
222.16327
222.16486
223.16104
223.17144
223.18806
223.19101
223.23078
223.25931
223.61525
223.62797
223.92044
223.92803
223.94145
223.96419
224.08405
224.18047
224.19406
224.22131
224.23341
224.25786
224.36129
224.46819
224.47763
224.48969
224.49487
224.52047
224.55312
224.58442
224.68477
224.70574
224.87878
224.92067
225.17753
225.18087
225.34708
225.44710
225.46060
225.56453
225.64328
225.87659
225.88663
225.88932
225.89223
225.90402
225.90741
226.04386
226.05992
226.25071
226.27978
226.30659
226.33090
226.34014
226.35293
226.43598
226.52714
226.53629
226.56946
226.57326
226.57679
227.18704
227.41392
227.42939
227.58367
227.59347
228.50310
229.36647
230.00940
230.02380
230.38285
230.38985
231.26579
231.28335
232.51485
232.53229
232.53405
232.94175
232.95618
233.29816
233.72458
233.76208
233.77762
233.97518
234.00808
234.11047
234.24235
234.25838
234.27066
234.30404
234.33417
234.36683
234.38411
234.43944
234.44830
234.47456
234.50843
234.51772
234.53738
234.63724
234.68695
234.75131
235.21040
235.22671
235.40749
235.45287
235.45706
235.46711
235.51063
235.64369
235.79383
235.89454
235.99038
236.05509
236.07025
236.13054
236.20689
236.31317
236.33378
236.80702
237.73024
237.79698
238.21844
238.22581
238.23945
238.36331
238.91371
239.26909
239.65912
240.26615
240.27682
240.28019
240.30679
241.33173
241.76893
241.77509
241.78222
242.39207
242.42259
242.43017
242.43469
242.44641
243.16090
243.16967
243.17581
243.44146
243.94563
243.98274
244.17469
244.30754
244.53234
244.55435
244.56522
244.69198
244.69859
244.91903
244.92163
244.94210
244.95474
244.97817
244.98856
244.99859
245.05096
245.15158
245.18834
245.20457
245.27368
245.28426
245.29062
245.33568
245.42201
245.42825
245.43147
245.47433
245.48822
245.50733
245.68433
245.71494
245.73761
245.75128
245.76376
245.88044
245.90446
245.92845
245.97113
245.99479
246.17130
246.19810
246.21932
246.22856
246.28763
246.34503
246.98091
246.99093
247.04156
247.20638
247.60679
247.76076
248.12756
248.13694
248.14401
248.15362
248.79990
248.80354
248.84349
248.85994
250.15983
250.17277
250.17985
250.19969
250.21253
250.41249
251.31213
251.32219
251.33279
252.00565
252.89608
252.90231
253.40512
253.40959
253.41268
254.11512
254.12802
254.41469
254.41876
254.43152
254.44552
255.30435
255.91106
255.94882
255.96182
255.99428
256.00167
256.07106
256.07517
256.12092
256.20165
256.23478
256.23791
256.46101
256.50835
256.69499
256.78079
256.81037
257.03104
257.36408
257.36754
257.37208
257.37732
257.38517
257.61773
257.63274
258.28381
258.90497
258.90981
259.52266
259.66072
260.16707
260.20365
260.62697
260.63051
260.66666
260.90996
260.91917
261.48603
261.49341
261.74627
262.75646
262.76921
262.78840
263.53300
263.56404
264.38989
264.39571
264.89701
264.90311
264.90911
264.91072
265.31237
265.31599
265.78927
265.81590
265.87775
265.96871
266.36872
266.41240
266.63225
266.95221
266.96157
267.51508
267.53462
267.88320
267.93695
268.16155
268.18890
268.19362
268.21816
268.22455
268.26534
268.50749
268.56721
268.62246
268.69079
268.69534
268.82198
268.84132
269.09159
269.11482
269.12155
269.12769
269.38420
269.50862
269.54817
269.59137
269.79771
269.80577
269.82391
269.82772
269.86426
269.92384
269.97369
269.98075
269.98878
270.06433
270.16462
270.17444
270.25869
270.34806
270.44737
270.48884
270.49193
270.50532
270.63091
270.66466
270.66666
270.85041
270.86446
270.88459
270.91426
271.14173
271.18088
271.18800
271.20323
272.26084
272.26430
272.68787
272.70733
272.76036
273.25740
273.37447
273.70615
274.31723
274.36647
275.02069
275.04335
275.05664
275.64988
275.65490
276.26617
276.26914
276.29045
276.30410
276.68313
276.85927
276.87798
276.89914
277.03734
277.79270
277.80022
278.17198
278.19467
278.19906
278.83208
279.07929
279.09868
279.10308
279.12712
279.14279
279.26293
279.29632
279.32680
279.58651
279.66992
279.77745
279.89368
279.90887
279.92171
280.07897
280.08045
280.15288
280.16245
280.18837
280.20897
280.23247
280.42555
280.42899
280.43304
280.46223
280.66590
280.68624
280.69188
280.81226
280.90609
281.07172
281.16556
281.17905
281.19542
281.30602
281.31024
281.59869
282.61787
282.62704
282.64153
282.91788
283.59510
283.79424
284.37097
284.38083
284.38800
284.62445
284.92085
284.92793
284.94310
284.94484
285.13680
285.14230
287.55758
288.21336
288.23989
288.52768
288.53026
288.93990
288.94882
289.55599
289.60630
289.63682
289.63970
289.65101
289.74093
289.74866
289.81712
289.85780
289.86544
289.90761
289.94862
290.25299
290.27592
290.61945
290.71675
290.74800
290.75002
290.78888
290.79591
291.14902
291.19016
291.69917
291.70540
291.73271
291.99822
292.00665
292.01462
292.01672
292.01792
292.01911
292.02229
292.02490
292.75659
292.80513
292.87540
293.04734
293.12060
293.74581
293.75410
293.75769
293.76504
294.68639
294.69203
294.89349
295.20406
295.23359
295.57423
295.69122
295.70746
295.73150
295.73735
296.11517
296.12507
296.14378
296.14752
296.89081
296.89369
297.14785
297.15101
297.15317
298.52858
298.53214
298.95665
298.95972
298.98019
299.21635
299.56325
299.58645
299.59663
300.24627
300.39560
300.56253
300.56504
300.58161
300.59272
300.60862
301.05291
301.06269
301.07235
301.07786
301.08514
301.10368
301.10829
301.15197
301.16528
301.35824
301.39294
301.39786
301.43213
301.53579
301.55158
301.55568
301.57617
301.59578
301.65806
301.69842
301.71258
301.79154
301.85563
302.03214
302.05131
302.08157
302.18484
302.21838
302.30822
302.34130
302.40480
302.53442
302.54779
302.61486
302.72895
302.74078
302.77847
302.78164
302.82578
302.95500
303.02184
303.09599
303.09746
303.12148
303.13061
303.23435
303.27133
303.31923
303.32520
303.34083
303.34337
303.36237
303.53152
303.58146
303.63809
303.65798
303.87133
304.40747
304.41418
304.41721
304.46178
304.81114
304.83347
304.83748
304.84046
304.96330
305.33070
305.34474
305.84757
305.88493
305.89755
305.93017
306.32003
306.32753
306.34211
306.35487
306.81273
306.82028
306.84656
306.86026
306.88673
306.92230
307.95977
307.97171
307.99162
308.00320
308.55929
308.60799
308.93116
309.10994
309.41903
309.42199
309.57785
310.24175
310.24539
310.45211
310.45420
310.45907
311.59162
311.85793
311.86020
312.71602
312.71792
312.72017
312.73638
312.97032
312.97694
313.02281
313.05057
313.05817
313.12058
313.17440
313.27738
313.31324
313.32735
313.33978
313.40030
313.57627
313.60340
313.60688
313.62419
313.80062
313.89791
313.90023
313.98790
314.00306
314.08326
314.09367
314.13772
314.14411
314.19052
314.19292
314.21088
314.26311
314.31450
314.31664
314.35055
314.46018
314.46920
314.50298
314.53013
314.55277
314.56934
314.74369
314.93677
314.97520
314.98062
314.98241
314.98856
315.01340
315.12639
315.17335
315.37688
315.38956
315.40529
315.52588
315.63582
315.66597
315.67311
315.68606
315.69162
315.70214
315.71410
315.71617
316.27491
316.28218
316.89906
317.79117
317.81861
318.05541
318.27799
318.28424
318.28548
318.61479
319.57162
319.62892
319.64239
319.65647
319.86173
319.86364
319.86842
319.87329
320.50426
320.50832
320.51211
320.51409
320.52027
320.53318
321.04728
321.20976
321.25954
321.58768
321.59689
321.60473
321.64637
322.40686
322.43944
322.68204
322.69574
322.69878
323.24590
323.24848
323.29229
323.31294
323.31629
323.32024
323.32273
323.33436
323.33648
323.34814
323.36395
323.36594
323.40260
323.42220
323.44906
323.45254
323.59565
323.80265
324.57192
324.58595
324.86025
324.91530
325.02862
325.21136
325.61162
325.89712
325.93199
326.07428
326.28023
326.28684
326.28976
327.76374
327.82398
328.44363
328.62913
328.63028
328.64003
328.67752
328.68360
328.69313
329.49321
330.45894
330.50581
330.93542
330.96428
330.96860
331.21601
332.96024
332.96480
332.97689
332.98000
333.26014
333.63452
333.64962
333.66753
333.68140
333.68982
333.71386
333.71655
333.74073
333.88751
333.99309
334.00366
334.26699
334.36693
334.40723
334.63551
334.64425
334.64761
334.70895
334.77363
334.90664
334.90964
334.92908
334.94754
335.12380
335.15690
335.22440
335.33040
335.33260
335.34976
335.40921
335.44990
335.67645
335.70664
335.73959
335.91915
335.92086
336.11880
336.17261
336.18682
336.20639
336.21334
337.43531
337.44159
337.59608
337.60959
337.62953
337.67265
337.96535
339.04843
339.06165
339.34081
339.73090
340.15681
340.15919
340.16368
340.16724
340.17196
340.17420
340.20675
340.90389
340.92086
340.96380
341.31359
341.31523
341.32333
341.35398
341.86721
341.87973
342.86984
342.87629
342.88234
342.91999
343.65523
343.66022
343.67233
343.69635
344.61192
344.64316
345.09855
345.11132
345.37576
345.57528
345.63780
345.64462
345.66124
345.66983
345.68051
346.03534
346.05440
346.06343
346.08789
346.10220
346.26064
346.28470
346.30142
346.31360
346.31577
346.37824
346.39514
346.39768
346.41857
346.42068
346.42793
346.47124
346.54203
346.56830
346.57819
346.80444
347.01417
347.03257
347.06154
347.07118
347.07802
347.18064
347.29481
347.29625
347.30086
347.31782
347.43481
347.53483
347.55836
348.27227
348.29118
348.29475
348.98670
348.98816
349.00294
349.01737
349.62954
350.21944
350.22662
350.23377
350.23668
350.60960
350.81661
350.82409
350.83118
351.18276
351.23583
351.39693
351.40900
351.42194
352.72096
352.93058
353.00208
353.39951
353.89710
354.85581
355.21130
355.52782
356.07713
356.08669
356.34846
356.35498
356.36818
356.38474
356.39455
356.39788
356.41515
356.42756
356.42974
356.43406
356.44105
356.47414
356.49809
356.55847
356.56089
356.60058
356.63148
356.70777
356.88908
356.89285
357.12758
357.15568
357.16086
357.16728
357.41696
357.93816
357.95009
357.99398
358.36090
358.84090
358.94513
358.96427
359.03044
359.29354
359.29666
359.31682
359.89745
359.90380
359.91671
359.93037
360.67084
360.68657
360.73038
360.89505
360.92013
361.28758
361.30475
361.34053
361.34651
361.35294
361.50652
361.77304
361.77775
361.78743
361.80036
362.21315
362.37727
362.37952
362.88880
363.13631
363.64602
364.32161
364.33179
364.76208
365.26473
365.28854
365.31470
365.68601
366.33867
366.35948
366.37790
366.53847
366.77879
367.51919
367.53508
367.91134
367.91434
367.93175
367.94115
367.94778
367.95328
367.95459
367.96505
367.98982
368.06123
368.31847
368.32125
368.36879
368.38443
368.38695
368.40173
368.42033
368.57407
368.61614
368.62570
368.67127
368.68029
368.68425
368.74845
368.75439
368.87722
368.88171
368.89200
368.90726
369.00358
369.11510
369.13016
369.15155
369.16685
369.17807
369.18788
369.20669
369.25398
369.38462
369.39427
369.41774
369.83008
369.83450
369.84072
369.86660
369.87767
369.91070
370.32071
370.33024
370.35334
370.36273
371.40952
371.41436
371.73418
371.80642
371.81682
371.82692
372.00319
372.04523
372.56507
372.75595
372.76312
372.95990
373.29578
373.29944
373.30251
373.30588
373.30732
373.87910
373.97474
373.97622
374.78476
374.78698
374.79207
375.57566
375.70137
375.70650
375.70850
375.72245
375.72500
375.73819
375.75203
375.75489
375.96408
375.98044
375.99418
376.17785
376.86961
376.87458
376.87716
376.88230
376.88454
376.89424
376.89802
376.90146
378.15783
378.16007
378.16484
378.72011
378.98077
379.02645
379.04072
379.20651
379.27638
379.48071
379.51395
379.51743
379.60952
379.63773
379.64684
379.71565
379.78645
379.89675
379.95922
379.99385
379.99708
380.01210
380.10976
380.23270
380.24265
380.29289
380.32630
380.32914
380.37941
380.45586
380.47287
380.68215
380.71943
380.72566
380.72950
380.76135
380.77084
380.77686
380.79519
380.93232
380.93590
381.00639
381.18455
381.22953
381.24843
381.26860
381.49787
381.53930
381.56993
382.18818
382.19279
382.79766
382.81178
382.81818
382.82201
382.82889
383.23107
383.48442
383.50858
384.67098
385.06949
385.07355
385.07735
385.08740
386.02919
386.66754
386.68874
387.00602
387.04575
387.05610
387.15869
388.02646
388.03897
388.21901
388.22627
388.54955
388.55176
388.55512
389.62677
389.63435
389.63724
389.67095
389.90224
390.19696
390.23434
390.26548
390.29150
390.32001
390.53033
390.54681
390.56129
390.58794
390.59889
390.60813
390.67265
390.86992
390.87482
390.87701
390.87895
390.89686
390.96682
391.11726
391.12983
391.13374
391.16472
391.16726
391.17606
391.19849
391.35327
391.35758
391.52399
391.58558
391.61332
391.79644
391.80388
391.81961
391.82606
391.86310
391.89956
392.11270
392.21236
392.28347
392.37017
392.51254
392.52622
392.55289
392.70692
392.71903
392.79225
392.91638
392.99722
393.07607
393.08539
393.21844
394.14205
394.43573
394.44855
394.44984
394.45544
394.45850
394.46042
394.46181
394.47077
394.98195
395.26774
395.27419
395.68614
395.69101
396.20115
396.23366
396.98082
397.33058
397.52379
397.53148
397.53326
397.53794
397.53951
397.54712
397.55105
397.67676
398.28907
398.52015
398.54855
399.93293
400.18634
400.18850
400.41513
400.42222
400.42881
400.44209
400.44547
400.46470
400.48109
400.49818
400.50807
400.72401
400.75482
400.76897
401.03178
401.15359
401.23750
401.26470
401.27842
401.30117
401.32500
401.52796
401.70155
401.80093
401.81092
401.82136
401.96675
401.96851
401.98514
402.09711
402.79484
402.79767
402.81759
403.88664
405.45771
405.48527
405.51262
405.52276
405.72105
405.73631
405.76855
406.24142
406.60638
406.62899
406.64136
407.02516
408.00111
408.02850
408.82945
408.83076
409.31761
409.33372
409.35012
410.59925
410.60938
410.62566
410.66951
410.68070
411.07084
411.39176
411.40258
411.40634
411.41006
411.41152
411.41982
411.44436
411.55579
411.74299
411.93261
412.08703
412.08916
412.15245
412.43867
412.44664
412.52026
412.53531
412.56831
412.67489
413.06543
413.09132
413.12938
413.14169
413.15480
413.19257
413.19587
413.43801
413.47460
413.51431
413.58104
413.59827
413.61077
413.75493
413.91072
413.93840
413.94548
413.94823
414.48441
414.67835
414.97015
415.01671
416.00313
416.02282
416.56983
416.59001
417.04360
417.04606
417.04931
417.08434
417.24394
417.73887
418.40569
418.41749
418.41887
418.44654
418.89756
419.25972
419.74511
419.74769
419.76803
419.78788
420.17819
420.35433
420.35853
420.36443
420.37129
420.75204
420.76596
421.45726
422.09163
422.09435
422.09675
422.12663
422.49386
422.72003
422.72726
422.73320
422.75054
422.81747
422.82724
423.09659
423.16397
423.17939
423.41032
423.47578
423.49586
423.57353
423.57680
423.60243
423.72903
423.73384
423.74009
423.76450
423.90717
424.03764
424.04947
424.05392
424.06667
424.18294
424.22330
424.23589
424.41249
424.45218
424.66634
424.69210
424.69560
424.72191
424.74010
424.75259
424.91877
424.98244
425.01984
425.02638
425.09405
425.16601
425.17905
425.36836
425.37550
425.39162
425.39887
425.40604
425.40804
425.43257
425.58196
425.67279
425.79827
425.80905
425.81727
425.95897
425.97085
425.97589
425.98154
426.06815
426.07480
426.10293
426.13217
427.50190
427.51492
427.88855
427.90409
428.63228
428.64760
428.65172
428.67150
428.84357
429.34329
430.15606
430.16628
430.51991
430.52626
430.53258
430.54452
431.24916
431.62282
431.75645
431.79612
432.20230
432.75459
432.79304
432.79512
433.21954
433.22196
433.22501
433.25263
433.63166
433.66421
433.67144
433.78115
433.86491
433.94523
433.96589
434.07115
434.13134
434.15543
434.15820
434.37583
434.39130
434.42509
434.58787
434.62126
434.65785
434.67820
434.87815
434.88085
434.91354
435.01398
435.15394
435.66056
435.97077
436.01111
436.31290
436.33029
436.67320
436.94620
437.10370
437.75760
437.76278
437.77662
437.79230
437.80977
437.97264
438.00284
439.14858
439.15661
439.16855
439.32587
439.95814
440.60619
441.71794
441.72467
441.74129
441.74683
442.04443
442.20779
442.39313
442.48114
442.49737
442.74002
442.75259
442.77389
442.97656
443.47644
443.49293
443.50289
443.53260
444.20885
444.31262
444.31660
444.31783
444.32233
444.32568
444.34887
444.35233
444.39650
444.41302
444.42555
444.43606
444.46311
444.46629
444.47595
444.48005
444.54929
444.56519
444.59736
444.75581
444.78682
445.05340
445.10835
445.10974
445.11127
445.11528
445.11862
445.16471
445.26298
445.80313
445.81519
445.81726
445.94426
446.06445
446.07912
446.94485
447.60104
448.46420
449.67252
449.68676
449.70596
450.20593
450.57638
450.58949
451.55215
451.87177
451.88196
451.88386
451.89117
452.26168
452.28652
452.28937
452.30481
452.50452
452.96877
453.00137
453.51036
453.51817
453.53105
454.22965
454.62765
454.77636
454.83827
455.10011
455.52302
456.05014
456.06604
456.08294
456.10689
456.14018
456.31244
456.40668
456.48952
456.61655
456.64228
456.70585
456.78870
456.85293
456.88236
456.88415
456.99940
457.03042
457.03539
457.04173
457.09913
457.10885
457.11848
457.37279
457.56872
457.74683
457.79712
457.81559
457.85575
457.86182
458.14895
458.15616
458.16539
458.21311
458.33236
458.41840
458.43542
458.62395
459.74832
459.75196
459.76455
460.39721
460.41879
460.42125
461.03002
461.03662
461.05133
461.31656
461.33051
461.33331
461.33626
461.37333
461.83037
461.85887
461.87974
463.51582
463.52963
464.03972
464.04613
464.53444
464.53828
464.54853
465.55827
465.56026
465.57120
466.01879
466.02778
466.50808
466.51390
466.51893
466.52597
466.56886
466.58541
466.60476
466.87707
466.90757
467.24704
467.24806
467.27398
467.28003
467.29055
467.34084
467.37317
467.52061
467.54811
467.55310
467.78146
467.82737
467.83691
467.85434
467.86823
467.88413
467.88759
468.01991
468.03705
468.07460
468.12726
468.19895
468.20408
468.20999
468.22661
468.29018
468.29414
468.36027
468.37737
468.47736
468.47999
468.48985
468.51444
468.52069
468.69990
468.70550
468.71776
468.73726
468.77048
468.89334
468.94625
469.04644
469.18589
469.19969
469.22278
469.23307
469.23956
469.26008
469.35695
469.58973
469.59317
469.67417
469.67879
469.89714
469.90760
469.91678
469.92614
470.45309
470.80146
471.10822
472.05840
472.56579
472.59480
472.96120
472.98131
473.16472
473.17477
473.36063
473.78765
474.44498
474.45384
474.93700
474.95187
475.29056
475.33407
475.69047
475.90292
475.90978
475.91981
476.26377
476.54267
477.34205
477.72306
477.98567
478.25561
478.26229
478.28228
478.36727
478.62837
478.68542
478.70260
478.75820
478.78896
478.82537
479.06574
479.17206
479.18854
479.19584
479.20776
479.21570
479.43180
479.43448
479.45535
479.48210
479.50200
479.52145
479.63879
479.69549
479.70495
479.75557
479.88830
479.99541
480.08429
480.12898
480.16013
480.18168
480.19510
480.19816
480.25788
481.25211
481.25743
481.27087
481.27444
481.28355
481.30107
481.30863
481.70452
481.73392
481.73759
481.75418
482.24033
482.24728
482.26049
483.25899
483.27038
483.28978
483.29257
483.57755
483.65741
483.66073
484.25615
484.26830
485.12671
485.13001
485.14869
485.39589
485.42275
485.99855
486.00197
486.00471
487.22874
487.70876
487.72558
487.73282
487.74172
488.30651
488.31758
488.33118
488.78865
488.80424
488.82019
489.19083
489.21541
489.22025
489.50282
489.54149
489.54690
489.55367
489.59862
489.78091
489.87714
489.95546
490.06737
490.09831
490.16939
490.22644
490.28686
490.31667
490.46990
490.49664
490.53668
490.56725
490.76706
490.83167
490.83631
490.85448
490.97704
491.17303
491.45350
491.46159
491.46665
491.47678
491.50282
491.51635
491.85382
491.86466
492.13260
492.17255
492.19025
492.19978
492.22771
492.23446
493.30188
493.30459
493.83479
493.83596
493.85905
493.87959
493.91171
493.93237
494.65125
495.05113
495.05274
495.08185
496.34160
496.35189
496.36437
496.38614
497.05732
497.06655
497.07332
497.08039
497.26549
497.88434
497.89482
498.04730
498.77021
499.13051
499.14044
499.32582
499.33241
499.34688
499.35191
499.53952
499.55568
499.59273
499.69605
499.79268
500.03284
500.06981
500.29301
500.30303
500.30545
500.33339
500.33511
500.33682
500.34263
500.34855
500.35377
500.35906
500.37279
500.37589
500.52174
500.56169
500.56566
500.74845
500.77560
500.79910
501.03257
502.10099
502.11004
502.12508
502.37862
502.38173
502.38441
502.38861
502.39157
502.39533
502.40572
502.41917
502.42110
503.15497
503.18628
503.62859
503.63632
504.08518
504.10445
504.82773
505.89748
505.90001
506.38065
506.39062
506.40948
506.41355
506.63224
506.63648
506.64061
506.64404
507.20664
507.21334
507.64362
507.65293
507.66127
508.40648
508.40972
508.44358
508.71897
508.72109
508.72984
509.03727
509.04875
509.05890
509.08374
509.32681
509.35079
509.35342
509.36976
509.37433
509.38581
509.39921
509.41025
509.42667
509.44918
509.48388
509.50626
509.85756
509.87431
510.29872
510.55612
512.09289
512.19952
512.21168
512.63555
512.65686
512.67110
512.68503
512.90219
513.10432
513.11584
513.11955
514.87557
515.30216
515.31284
515.73461
515.74928
515.76134
515.76774
515.77276
515.78878
515.80473
516.27116
516.27791
517.61072
518.03185
518.04023
518.05448
518.06182
518.09109
518.11092
518.14132
518.46106
518.46754
518.47399
518.50084
519.37741
519.37982
519.43122
519.48152
519.62825
519.66444
519.84485
519.84983
519.85761
519.85985
519.88902
519.90108
520.02004
520.03725
520.04092
520.07383
520.17368
520.27403
520.29029
520.36247
520.36684
520.38086
520.38675
520.40751
520.41095
520.41458
520.42010
520.52381
520.65668
520.68761
520.70688
520.71742
520.85717
520.90487
520.91034
521.11909
521.12356
521.13095
521.13762
521.17132
521.17664
521.18013
521.18378
521.37058
521.91143
521.91690
521.91989
521.92344
521.99698
523.30040
524.76630
524.78595
524.78999
524.90681
524.91514
525.35908
525.36935
525.37305
526.50249
526.75393
526.86345
526.87724
526.87922
527.16180
527.17520
527.18933
527.19339
527.19565
527.21597
528.45220
528.64900
528.76188
529.08898
529.79768
530.81932
531.03106
531.04856
531.07185
531.08205
531.08525
531.09850
531.11087
531.44898
531.49458
531.50805
531.52450
531.56274
531.78853
531.83161
531.85169
531.85300
531.98790
532.01271
532.02591
532.22211
532.22885
532.24214
532.26658
532.31027
532.35297
532.45801
532.54796
532.59777
532.82115
532.95264
532.96773
532.97362
532.99534
533.66360
534.16390
534.18100
534.71203
534.73110
534.78077
534.80499
535.16387
536.02745
536.03893
536.35062
536.93792
536.96446
537.15715
537.53766
538.42091
538.60365
538.60862
538.61560
538.63453
538.67599
538.69032
539.72808
539.73080
539.73358
539.74849
539.77811
540.78293
541.07806
541.08508
542.10410
542.83054
542.83354
542.87369
542.88058
542.89966
542.93039
542.94119
542.96685
543.14708
543.17996
543.21328
543.24457
543.36284
543.40691
543.40982
543.41151
543.41672
543.44087
543.46655
543.47733
543.56989
543.58348
543.60375
543.68685
543.83259
543.90652
543.99046
544.17570
544.24600
544.25637
544.37059
544.43732
544.60393
544.60616
544.60906
544.61401
544.62028
544.62979
544.78304
544.78962
544.95008
545.07054
545.14237
545.18029
545.21994
545.40107
545.44345
545.44636
545.45380
545.46642
547.09598
547.14083
547.52028
547.52177
547.52747
547.53791
547.53960
547.55333
547.78384
547.78665
547.79418
548.16624
548.37279
549.70617
549.71989
549.72258
549.72933
549.74900
550.00593
550.05178
550.05345
550.05630
550.10314
550.80323
550.81005
550.82150
550.83937
551.36982
551.39521
551.40980
551.42977
551.98908
552.11986
552.38644
553.52478
553.53609
553.53874
553.55668
553.57457
553.60277
553.93337
553.98614
554.02448
554.02948
554.28605
554.30027
554.31730
554.31915
554.32596
554.34646
554.34788
554.60261
554.61959
554.66200
554.67574
554.74632
554.78444
554.81753
554.82271
554.94495
554.96950
555.02671
555.19801
555.22988
555.25223
555.27169
555.28341
555.28858
555.31283
555.37595
555.42836
555.61939
555.62224
555.62567
555.63844
555.66185
555.91292
555.92842
555.93567
555.93912
555.95959
556.11140
556.12109
556.19876
556.29273
556.37928
556.57919
556.58576
556.58858
556.60246
556.60977
556.75254
556.87844
556.96896
556.99883
557.00264
557.07938
557.08209
557.26927
557.27588
557.31941
557.36283
557.99290
557.99455
557.99555
558.02615
558.42525
558.42920
558.43371
558.88551
559.01226
559.01914
559.48808
559.49496
559.91230
559.91887
560.41529
560.52851
560.53562
560.54831
560.55090
560.93194
560.93855
560.94291
561.87287
561.88517
561.89966
562.22865
562.23797
562.24179
562.25446
562.25871
562.70223
562.72337
563.18935
563.23178
564.11157
564.13278
564.14215
564.14528
564.18786
564.91451
564.93310
564.95186
564.96151
565.18139
565.21796
565.24257
565.25177
565.25536
565.28322
565.28870
565.33868
565.39547
565.58863
565.77562
565.78138
566.06500
566.09507
566.12403
566.41433
566.75456
566.76603
566.77247
566.77872
566.78134
566.78505
566.78760
566.80181
566.83923
567.18240
567.19800
567.20451
567.71476
567.75453
567.76380
567.77235
567.77549
567.81090
568.39873
568.41198
568.96790
568.97179
569.50850
569.82378
569.82653
569.84938
569.87111
570.81636
570.82089
570.82724
571.46837
571.47118
571.49173
571.49438
572.22160
572.24201
572.89466
573.16161
573.18918
574.02852
574.78771
574.79243
574.82184
575.36689
575.98536
576.16631
576.43546
576.47769
576.48582
576.50883
576.51195
576.51879
576.59215
576.70506
576.72176
576.73924
576.96165
577.00882
577.05444
577.11227
577.22454
577.22776
577.24182
577.28118
577.36882
577.46760
577.47113
577.48480
577.50732
577.50886
577.51109
577.95210
577.96199
577.97884
577.98658
578.04264
578.73563
579.54552
579.55877
579.56507
579.60029
579.60195
580.19260
580.19435
580.67174
580.68338
581.85515
581.87088
581.90248
582.39022
582.39305
582.51962
582.52474
583.01158
583.04232
583.45212
583.46047
583.48550
583.48809
584.10232
584.36903
584.46166
584.47935
584.76242
584.76912
584.78872
584.80868
585.49583
586.68842
586.94499
587.04225
587.04931
587.07848
587.39549
587.40196
587.40455
587.41848
587.42912
587.43982
587.45527
587.46262
587.46509
587.52315
587.53511
587.54273
587.58557
587.60284
587.62855
587.64466
587.68206
587.83231
587.93375
587.93500
587.95508
587.97176
588.03196
588.06587
588.16161
588.19575
588.22186
588.40540
588.43575
588.47912
588.58838
588.65305
588.66983
588.69548
588.69795
588.95955
588.98501
589.10261
589.16922
589.17445
589.20576
589.22448
589.37167
589.45491
589.45987
589.46242
589.49842
590.24562
590.93547
590.94145
590.94892
590.95293
590.95504
591.97193
591.97867
591.98599
591.99447
592.08603
592.95508
592.98565
592.99317
592.99486
593.00036
593.44949
593.46264
593.57838
593.58563
593.60506
593.63095
593.66651
593.67814
593.69216
594.34992
594.35921
594.65543
595.37855
595.64290
595.64893
595.65618
595.67854
596.05503
596.07781
596.10929
596.58701
596.59758
597.27126
597.27781
597.28567
597.36638
597.37964
597.38372
597.38512
597.40917
597.55457
597.59081
598.05493
598.08297
598.08558
598.09234
598.09486
598.09598
598.13566
598.17182
598.27585
598.52812
599.16236
599.85095
599.85982
600.29838
600.31842
600.99312
600.99843
601.24230
601.24534
602.06507
602.07535
602.66243
602.69231
603.54801
603.55732
603.56177
603.58886
603.59739
604.27261
604.27549
604.27808
604.29105
604.85129
604.87839
605.10828
605.12375
605.12600
605.12813
605.13122
605.18539
606.71154
606.95190
607.77696
607.77947
607.79406
607.82078
607.96766
608.00242
608.01796
608.05180
608.36833
608.37529
608.39212
608.41079
608.41436
608.43880
608.44024
608.68509
608.70106
608.70914
608.73504
608.74549
608.75404
608.86314
608.87198
608.98040
609.02721
609.08120
609.15142
609.24197
609.27059
609.28488
609.31828
609.32696
609.42818
609.49773
609.66069
609.71090
609.94463
609.95212
609.98107
610.02081
610.02508
610.02630
610.02768
610.04525
610.16438
610.16805
610.17823
610.34448
610.43772
610.45413
610.51803
610.63771
610.65850
610.66134
610.66336
610.66607
610.67005
610.68880
610.69774
610.70437
610.81362
610.94409
611.10237
611.10642
611.11780
611.21147
611.35160
611.36821
612.27494
612.29234
612.30768
612.54792
612.55202
612.56049
612.56797
614.35028
614.35537
614.36789
614.38851
615.31157
615.58259
615.58797
616.11024
616.68070
616.69432
617.01107
617.06754
617.08239
617.08416
617.13688
617.15095
617.16403
617.64351
617.64524
617.67640
617.68052
618.85000
618.88689
619.13434
619.14019
619.14438
619.14857
619.35335
619.39113
619.40111
619.40643
619.61122
619.70396
619.71021
619.79104
619.84162
619.87792
619.88184
619.89870
620.32469
620.35818
620.36495
620.37657
620.38686
620.39728
620.52046
620.64392
620.65779
620.82317
620.86769
621.14145
621.16362
621.17657
621.26719
621.28842
621.29754
621.92674
621.96740
621.98005
621.98430
622.71346
622.81678
623.27612
623.29595
623.69347
623.70978
624.15363
624.19645
624.20343
624.20989
624.22019
624.88136
624.88431
624.88671
625.76332
625.76748
625.78296
625.78526
625.83404
626.28413
626.43002
626.43638
626.44642
626.49093
627.10325
627.11569
627.76349
628.49386
628.50329
629.05342
629.45319
629.47114
630.00052
630.03990
630.05189
630.05317
630.05692
630.05930
630.06035
630.07020
630.07265
630.07617
630.12645
630.13347
630.27964
630.40296
630.67623
630.76703
630.77075
631.34648
631.35788
631.36959
631.41004
631.45250
631.48008
631.60306
631.74674
632.50747
632.51032
632.51521
632.51696
633.10084
633.12645
633.66002
633.67534
634.21298
634.24983
635.29959
635.30247
635.31477
635.32613
635.34345
636.13559
636.14452
636.14947
636.15273
636.16765
636.18586
636.49327
636.50908
636.53087
636.53304
636.54274
636.97610
636.99627
637.00213
637.43938
637.48246
637.85662
638.61544
638.61903
638.66890
639.15617
639.39203
639.39881
639.40249
639.44578
639.45251
639.47884
639.48974
639.97278
639.98535
640.19514
640.20941
640.24250
640.55225
640.63619
640.66854
640.68458
640.69548
640.91962
640.92270
641.01353
641.01580
641.04889
641.17319
641.21864
641.46206
641.62101
641.62806
641.63021
641.66798
641.68132
641.68522
641.70280
641.90409
642.05893
642.11191
642.14114
642.15174
642.16798
642.99508
643.00584
643.00861
643.04106
643.39409
643.40756
643.41816
644.15514
644.79468
644.79621
644.82076
646.09855
646.10203
646.50569
646.51300
646.53768
646.96169
647.22518
647.25737
647.55734
647.83978
648.27203
648.27807
648.65124
648.66101
648.89845
649.14789
650.23426
650.25093
650.25686
650.27214
650.44342
650.44785
650.46128
650.60867
650.86605
650.93854
650.94133
650.98226
651.17626
651.22190
651.22483
651.24812
651.27932
651.32892
651.38206
651.53575
651.57221
651.58541
651.58887
651.79637
651.85851
651.95198
652.00125
652.18871
652.19842
652.21515
652.21858
652.24857
652.46165
652.47183
652.49857
652.50789
652.51500
652.57061
652.59231
652.88442
652.91509
652.94853
653.02053
653.02467
653.10110
653.39465
653.58411
653.58860
653.62545
653.73479
654.31136
655.40571
655.48765
655.79457
655.80835
656.40076
656.40224
656.42477
657.20139
657.21888
657.23189
658.25561
658.48180
658.49539
658.52478
658.53845
658.87948
658.88163
658.88812
658.89858
658.90840
658.93787
659.41775
659.42231
659.43163
659.60091
660.67207
661.28432
661.28900
661.30343
661.30876
661.54255
661.54446
661.54844
661.94646
661.99042
662.00379
662.03114
662.08236
662.08461
662.35558
662.71786
662.74830
662.75853
662.86135
663.54842
663.56122
663.56536
664.42899
664.45279
664.45540
665.23136
665.24183
665.24511
665.43455
665.45789
665.47250
666.43569
666.44873
666.47459
666.67271
666.82841
666.83491
666.84198
666.84457
667.07244
667.74491
669.08373
669.09505
669.35571
670.17527
670.18241
670.19847
671.22911
671.23252
671.23962
671.24905
671.25257
671.27513
671.61727
671.62253
671.62458
671.63229
671.64520
672.42543
672.64318
672.74263
672.76592
672.77552
672.79937
672.83522
672.85903
672.87871
673.05484
673.06883
673.10613
673.10889
673.13507
673.14685
673.19212
673.20188
673.45257
673.66906
673.67655
673.70206
673.71557
673.75990
673.88988
674.06830
674.15200
674.15828
674.23184
674.33521
674.34911
674.38293
674.38413
674.38931
674.39902
674.42355
674.50933
674.52334
674.55596
674.78531
674.80624
675.01611
675.04291
675.06623
675.07347
675.07766
675.08234
675.08875
675.09199
675.11278
675.11589
675.11933
675.22009
675.23547
675.46908
675.49261
675.61300
675.61562
675.73563
675.75241
675.82604
675.82919
675.83921
675.85358
676.21647
676.91928
676.92201
676.92966
676.93594
677.40162
677.97963
678.79336
678.81891
679.13265
679.14342
680.27607
680.30897
680.32332
680.69693
680.70293
680.71684
680.71905
680.76689
680.79096
681.29060
681.60951
681.61301
681.62650
681.64573
681.88658
681.89319
682.38033
682.64099
683.27720
683.30285
683.38681
683.40786
683.44706
683.47108
683.50370
683.63367
683.64099
683.67146
683.67907
683.87446
684.07391
684.25075
684.35306
684.38650
684.47810
684.48393
684.59097
684.68033
684.68658
684.78661
684.81072
684.81992
685.05796
685.08039
685.11091
685.33678
685.52770
685.63422
685.64118
685.66330
685.70440
685.80063
685.91531
685.92324
687.14450
687.15430
687.16029
687.16367
687.48081
688.36806
688.37442
689.15819
689.68494
689.70172
689.73117
690.20845
690.48878
690.50434
690.51413
691.46866
691.52842
692.05583
692.05900
692.06199
692.06821
693.08504
693.13174
693.16194
693.17884
693.50195
693.50927
693.55749
693.99522
694.24199
694.28565
694.29116
694.62191
694.63287
694.63918
694.75014
694.77296
694.79956
694.80278
695.00189
695.07934
695.08894
695.10926
695.12617
695.19530
695.27275
695.57183
695.58296
695.60488
695.63533
695.64587
695.65542
695.77149
695.78974
696.28564
696.30645
696.31203
696.31946
696.32180
696.74585
696.76954
696.78588
696.78871
697.97275
697.98578
698.06975
698.24920
698.25310
699.04499
699.41972
699.42896
699.99584
700.01246
700.02898
701.00615
701.09936
701.11321
701.11653
701.12244
701.12744
701.34714
701.35060
701.35355
701.36035
701.79588
701.80697
702.35376
702.37001
702.37148
703.28691
703.29121
703.30347
703.34980
703.35652
703.37063
703.64450
704.57333
704.71384
704.71665
704.77188
705.09003
705.16108
705.16799
705.17080
705.17788
705.18718
705.19226
705.19481
705.19691
705.23721
705.24047
705.24648
705.25672
705.38086
705.38771
705.43132
705.64013
705.87090
705.89475
705.90158
705.91730
707.44067
707.46489
708.10778
708.13150
709.34079
709.35490
709.89378
709.89506
709.89833
709.94537
710.50460
710.51828
710.67181
710.69070
710.73790
710.75000
710.76681
711.10230
711.38171
711.46191
711.46520
711.48118
711.48821
711.97466
711.98376
712.00455
712.06217
712.65088
712.65586
712.65750
712.66228
712.66663
713.17452
713.23859
713.31892
713.80552
713.82220
713.85208
714.07179
714.07501
714.51626
714.52568
714.66566
715.34169
715.60540
716.25542
716.95571
717.07189
717.11247
717.13214
717.14164
717.27245
717.27919
717.40882
717.52497
717.53285
717.54880
717.57093
717.57915
717.71283
718.00452
718.03246
718.04866
718.19302
718.33517
718.34594
718.40359
718.48914
718.49979
718.50881
718.53550
718.58217
718.72038
718.76556
718.77978
718.79625
718.81788
718.82875
718.84928
718.85057
718.85597
718.86623
719.09198
719.11322
719.12973
719.22204
719.24873
719.36567
719.38689
719.56279
719.56563
719.58924
719.62481
719.65649
719.65865
719.67893
720.80556
720.84234
720.84443
721.30593
721.38590
722.42211
722.83233
722.85591
723.29934
723.32625
723.35274
723.93574
724.27311
724.96850
724.97538
725.00573
725.38256
725.38871
725.39397
725.40616
725.40838
725.91697
725.95417
725.95637
726.93916
727.19687
727.21314
727.22713
727.59236
727.89933
727.94990
727.95241
727.96629
727.97079
728.23917
728.24525
728.26258
728.28596
728.30581
728.35889
728.41298
728.56938
728.58584
728.80642
728.97569
729.26369
729.36914
729.49354
729.49463
729.50900
729.51354
729.53224
729.53718
729.54029
729.55214
729.58022
729.65731
729.67547
729.73028
729.90360
729.90640
729.92265
730.03314
730.15606
730.16287
730.17072
730.18605
730.18925
730.19696
730.21601
730.23018
730.23328
730.89882
730.91026
730.91627
730.92272
732.39224
732.39638
732.41156
732.41856
733.01037
733.01146
733.02203
733.08186
733.62245
733.62940
733.63550
734.43874
734.44235
734.44398
734.44925
734.45208
734.47966
734.97003
734.97931
735.47239
735.49209
735.51290
735.51442
735.54192
736.14147
736.14632
736.15253
736.47188
736.83165
736.84765
737.50358
737.51998
737.52485
738.00539
738.01841
738.03848
738.10527
738.12193
738.14777
738.23884
738.38643
738.39131
738.39896
738.43741
738.49840
738.63383
738.64450
738.67468
738.72167
738.74132
738.76822
738.77914
738.88114
738.92483
739.14383
739.19607
739.20510
739.22469
739.23163
739.37195
739.39246
739.40103
739.40451
739.60805
739.61769
739.86812
739.86987
739.89829
739.90295
739.92492
739.98187
739.99103
740.45435
740.48834
741.10489
741.35474
741.72506
741.72879
741.73040
741.73693
741.74520
741.80181
742.30780
742.31420
742.31800
742.32483
742.33098
742.72972
743.60651
744.25395
744.31067
744.83927
744.84672
744.84996
744.85681
744.86279
745.61333
745.62276
746.27895
746.29338
746.29562
747.69613
747.69800
747.70537
747.71706
748.08389
748.08838
748.08984
748.09312
748.10476
748.76879
748.77366
748.77851
748.78530
748.78863
748.79534
748.81217
748.90236
749.03820
749.09226
749.15189
749.25180
749.29053
749.40185
749.41153
749.42207
749.44063
749.58545
749.69505
749.70579
749.71433
749.74054
749.78759
749.80648
749.89434
749.90189
749.90453
749.90757
749.91853
750.00140
750.02590
750.03121
750.24408
750.42488
750.50129
750.51773
750.52757
750.55890
750.59496
750.64528
750.65807
750.68753
750.70132
750.98453
751.01046
751.29828
751.30128
751.33180
752.11534
752.11780
752.12725
752.12891
752.76991
752.77244
752.78628
753.49072
753.50933
753.54280
753.55444
753.57741
754.12335
754.80206
754.83444
755.08712
755.09611
755.76001
755.76249
755.76530
755.76790
755.96213
756.45153
756.45451
756.46559
756.48247
756.50174
757.01723
757.03409
758.41724
758.42727
758.46784
758.53110
759.11434
759.14395
759.15281
759.17446
759.19101
759.19290
759.20044
759.31679
759.49047
759.50444
759.53632
759.53823
759.55024
759.55414
759.56350
759.57306
759.57838
759.67144
759.73825
759.78987
760.01027
760.01376
760.05113
760.07077
760.27988
760.28460
760.32318
760.32787
760.36162
760.48547
760.53422
760.54323
760.55348
760.81145
760.87986
760.90702
761.03038
761.03602
761.03984
761.04092
761.69309
761.70341
761.70536
761.71981
761.74052
762.70974
763.28561
763.66971
763.67679
763.67932
763.68162
763.68928
763.69563
763.69833
763.71250
763.94344
763.97685
764.57867
764.58143
766.17091
766.19494
766.21133
766.41809
766.42023
766.42799
766.43721
766.45179
766.74101
766.74791
767.70142
767.71996
768.06616
768.07344
768.41764
768.42347
769.11266
769.12310
769.13071
769.14302
769.16155
769.16301
769.16650
769.21688
769.27444
769.40330
769.41020
769.41988
769.43416
769.48381
769.49369
769.97649
770.00609
770.00799
770.28022
770.28371
770.28953
770.31922
770.62731
770.64511
770.65006
771.69518
771.70001
771.71309
771.83565
772.20889
772.23464
772.78812
772.79813
772.80208
772.81163
773.38277
773.43484
773.95857
773.99568
774.05137
774.76930
774.77691
774.78358
775.13725
775.14102
775.80434
776.59600
776.64365
776.65037
776.65346
776.89804
776.91430
777.77187
777.77944
777.78296
778.44273
778.44693
778.47306
778.51591
779.24978
779.25635
779.26915
779.27575
779.28612
779.30252
779.40915
779.41840
779.43296
779.45774
779.50313
780.42303
780.45606
780.46489
780.73313
780.73577
780.76901
780.78610
780.80591
780.81279
780.83260
781.10177
781.14192
781.15937
781.45190
781.47545
781.47970
781.51545
781.58237
781.60326
781.76590
781.77481
781.79874
781.83514
781.92236
781.99640
782.02985
782.04165
782.07173
782.07381
782.09606
782.25565
782.46225
782.50563
782.57940
782.74822
782.75287
782.78373
782.88476
782.91526
782.92573
783.10841
783.12450
783.26489
783.42384
783.43150
783.44231
783.55763
783.69520
783.95894
783.96215
784.09105
784.12184
784.13650
785.73780
785.79059
786.08738
786.09004
786.09475
786.09762
786.11413
787.27083
787.27742
787.28489
787.28740
787.45651
787.47993
787.48333
787.50407
787.88724
788.07011
788.68000
789.01804
789.02907
789.72689
790.04911
790.07922
790.22968
790.23269
790.25625
790.50302
790.65287
790.65563
791.70018
791.70287
791.72581
791.73168
791.76156
791.80561
791.92940
791.93351
791.99519
792.19618
792.21219
792.24138
792.43845
792.50642
792.65978
792.71453
792.82875
792.83522
792.85576
792.97888
793.04987
793.07913
793.12192
793.38497
793.40929
793.45485
793.48208
793.50194
793.63139
793.68470
793.76136
793.95615
793.96137
794.22204
794.22824
794.24871
794.25433
794.28793
794.31436
794.32520
794.91809
794.92794
794.93284
794.94398
795.63809
796.29168
796.30112
796.31144
796.32762
796.89399
796.91754
797.29443
797.51553
797.52520
797.55724
797.56776
798.17458
798.18403
798.18676
798.19392
798.20404
798.93035
798.93372
799.89968
799.92606
799.93698
799.94143
799.94396
799.99081
800.91644
801.19749
801.20007
801.20239
801.38944
801.99016
801.99318
802.00481
802.01252
802.01442
802.03574
802.61576
802.83951
802.85129
802.85652
802.86189
802.87330
802.87869
802.91563
802.92576
802.94266
802.95627
803.22285
803.53234
803.54172
803.58199
803.60821
803.61511
803.61862
803.63205
803.64892
803.86179
803.86816
804.03910
804.17576
804.18316
804.18495
804.18948
804.22457
804.30918
804.34505
804.35132
804.35809
804.36551
804.43891
804.53202
804.62476
804.71062
804.72967
804.75891
804.76161
804.82161
804.85883
804.86635
804.88459
804.91187
805.04419
805.04861
805.22001
805.25777
805.50089
805.52056
805.53179
805.54438
805.58867
805.73217
805.77503
805.78871
805.80118
805.91678
805.93182
806.19539
806.22698
806.23443
806.24562
806.25065
806.28436
806.56483
806.85543
806.91460
806.92187
807.50497
807.83081
807.84184
807.86030
808.61648
809.21633
809.24492
809.24663
809.24929
809.25603
809.26348
809.26606
809.26927
809.27663
809.28965
809.83031
810.16816
810.87305
811.61265
812.66963
812.67159
812.99591
813.13887
813.14361
813.15802
813.41217
813.46196
813.46907
813.47128
813.48199
813.48575
813.49350
813.53306
813.54800
813.55325
813.55830
813.56229
813.67851
813.71230
813.85483
814.02152
814.08831
814.21234
814.23791
814.24541
814.25465
814.26166
814.88560
814.97141
814.99122
815.04772
815.47083
815.47786
815.91090
815.92132
815.95474
815.96821
815.97109
815.99408
816.30717
816.47745
816.47936
816.48390
816.49086
816.50174
816.72782
817.26766
817.28000
817.28462
817.30424
817.31080
817.76081
817.89635
817.90410
817.90591
818.11319
818.17954
818.76718
818.78702
819.16420
819.19096
819.35330
819.87640
819.88926
819.89294
819.92616
820.52137
820.58612
820.65972
821.17330
821.18332
821.22897
821.85557
821.86159
822.66873
822.67821
823.35428
823.37484
823.56113
824.09498
824.13136
824.13552
824.15589
824.16150
824.21807
824.55743
824.58194
824.76046
824.78080
824.79398
824.80810
824.87111
825.05343
825.06766
825.07092
825.07486
825.18361
825.18735
825.30155
825.36760
825.54658
825.54839
825.56045
825.57121
825.79056
825.80752
825.87415
826.04995
826.06162
826.06765
826.10343
827.12388
827.20743
827.20949
827.23098
827.23651
827.24963
827.81687
828.23355
828.24275
828.24708
828.24928
828.25985
828.26402
828.30002
828.56395
828.80614
829.93323
829.93972
830.28738
831.21732
831.22005
831.23851
831.92235
833.57468
833.58129
834.20992
834.22425
834.26386
834.49821
834.50003
834.56921
834.87850
834.88310
834.90417
834.91002
834.91187
835.15700
835.21724
835.26373
835.45456
835.50460
835.51397
835.57400
835.64470
835.66145
835.81739
835.92613
835.97079
835.98593
835.98730
836.05132
836.18060
836.20403
836.33461
836.46702
836.46846
836.48993
836.50636
836.55172
836.59713
836.63744
836.67021
836.86684
837.01715
837.13332
837.14632
837.15672
837.17294
837.18391
837.19688
837.22966
837.36085
837.36329
837.39386
837.43688
837.54895
837.62052
837.63046
837.85610
837.86284
837.90659
838.59957
838.64050
839.29364
839.29570
839.53894
839.77686
840.56915
841.17657
841.21170
841.32911
841.33750
842.38949
842.40186
842.40860
842.74526
842.76868
842.77138
843.98509
844.00444
844.12046
844.17088
844.19650
844.55143
845.19517
845.20032
845.21093
845.21810
845.22071
845.22801
845.24134
845.97872
846.36739
846.37704
846.38645
846.40274
846.41348
846.43180
846.48043
846.59776
846.60371
846.61737
846.64684
846.66827
846.77008
846.77449
846.78982
846.80778
846.81340
846.91059
846.92421
847.13909
847.37299
847.59993
847.60766
847.61728
847.63444
847.66974
847.86696
847.86936
847.87966
847.93742
847.96012
849.49307
849.49641
849.52643
849.55005
850.32938
850.33522
850.35634
850.36561
850.37889
850.63543
851.22597
851.97282
851.98251
851.99863
852.00599
852.19889
852.49212
852.64894
853.55902
853.56911
853.98953
853.99162
853.99526
853.99786
854.00833
854.01346
854.01503
854.13433
855.14543
855.15547
855.15786
855.16186
855.17133
855.96062
855.96186
856.42125
856.43859
856.89316
857.36154
857.41391
857.51393
857.58765
857.60016
857.67276
857.73351
857.77139
857.98470
858.16395
858.28078
858.59334
858.86324
858.87636
858.88148
858.88306
858.88424
858.89325
859.04707
859.12992
859.43559
859.43684
859.92960
859.93697
860.27207
860.28238
860.31839
860.69896
860.70179
860.70827
860.71106
861.56594
861.57013
861.57195
861.59819
861.60183
861.60874
861.95555
861.96520
861.98926
862.24222
862.28277
862.29207
862.29982
862.30252
862.30576
862.89607
863.01289
863.02233
863.03302
863.06494
864.29571
864.29771
865.28859
865.29151
865.31211
865.72159
865.73128
866.70461
866.71641
867.75492
867.76360
867.78039
867.79671
867.80425
867.81421
867.87014
867.88771
867.97777
868.12404
868.16420
868.20439
868.43028
868.46038
868.55639
868.58040
868.73658
868.75107
868.77039
868.77362
868.79454
869.05439
869.06386
869.21402
869.27126
869.42370
869.48005
869.48293
869.64426
869.68786
869.77502
869.99676
870.20134
870.28304
870.29395
870.29709
870.66025
871.24679
871.29012
871.30283
871.53226
871.56311
871.70371
871.93709
871.94624
871.96360
871.97452
871.97682
871.99375
871.99613
872.02636
872.51255
872.63169
872.63654
872.64353
872.64628
872.67191
873.66251
873.67916
873.70961
873.74889
873.75304
874.42265
874.42632
874.43986
874.54421
874.57605
874.57913
874.61075
874.61680
874.64248
874.69281
875.06221
875.69934
875.70289
875.70954
875.75550
875.88319
875.90056
875.91144
875.91653
876.08279
876.12854
876.17195
876.19915
876.20904
876.22514
877.20508
877.74179
877.75897
877.76893
877.79529
878.07148
878.07311
878.08221
878.48768
878.77533
879.05416