0.64161
0.64983
0.67760
1.22024
1.22217
1.24905
1.26580
1.30934
2.02141
2.05369
2.07710
2.09919
2.13140
2.18201
2.19081
2.19715
2.26270
2.27037
3.24740
3.98794
4.44624
4.47635
4.47862
4.51997
4.53138
4.53282
4.53403
4.54279
4.54605
4.67529
4.78377
4.78805
5.08529
5.10881
5.14378
5.15403
5.60931
5.70175
5.72926
5.97206
6.02933
6.47792
6.48235
6.48440
6.48616
6.49050
6.65124
6.67570
6.69845
6.70937
6.71657
6.71824
6.72321
6.85787
6.87459
6.90492
7.18106
7.19988
7.35194
7.36325
7.37147
7.37379
7.37546
7.39467
7.40061
7.40741
7.86292
7.86826
7.87397
7.88366
7.88861
7.89563
7.90294
8.26755
8.28304
9.05012
11.29394
12.05499
12.71086
12.79499
13.20337
13.34936
13.92724
14.42471
14.49312
15.16052
15.93479
15.94731
15.96758
17.27395
18.32888
18.33643
18.73130
18.78027
18.78314
19.05578
19.06731
19.60012
19.65533
19.67839
20.19158
20.37834
20.38238
21.83757
21.85465
21.87990
22.12621
22.14995
22.16203
22.33190
22.33341
22.60459
22.62581
23.13514
23.14095
23.16357
23.34116
23.46018
24.04899
24.05246
24.10236
24.62503
24.65564
24.83890
25.22052
26.00768
26.01394
26.05877
26.06205
26.06500
26.12907
26.13180
26.49852
26.99340
26.99581
26.99902
27.00837
27.02327
27.02454
27.02716
27.04507
27.05544
27.19873
27.26298
27.63529
27.75422
27.78127
27.79597
27.81206
27.81711
27.81814
28.05026
28.38248
28.42311
28.56352
28.56629
28.58506
28.58698
28.62821
28.65497
28.91617
29.06031
29.42418
30.02623
30.04271
30.34796
30.80418
30.83923
30.84123
31.36843
31.38253
31.44595
32.17929
32.64469
32.65114
33.93001
33.93283
33.93621
34.25751
34.26639
34.26816
34.51227
34.94075
34.96517
34.97988
34.98751
34.99754
35.65576
35.72124
35.76137
36.23036
36.25238
36.25370
36.25553
36.29943
36.86788
36.97113
37.01168
37.01936
37.19673
37.21009
37.21295
37.21974
37.26433
37.36971
37.38978
37.39434
37.39796
37.40187
37.40657
37.41188
37.41831
37.43494
37.76949
37.90257
38.17747
38.19992
38.21134
38.21914
38.24209
38.24906
38.37578
38.39282
38.39946
38.40488
38.40965
39.25704
40.42102
41.40193
41.40658
41.42113
41.89435
41.92716
42.79837
42.91055
43.14495
43.22703
44.24139
44.24620
44.28237
44.30046
44.89169
44.89874
45.20086
45.92875
46.74669
47.39697
47.41812
47.44218
47.44892
47.45099
47.54100
47.90643
47.90932
47.94128
47.96049
48.38258
48.50448
48.52785
48.77243
48.82526
48.83625
48.84067
48.84721
48.85298
49.15720
49.24480
49.25923
49.44033
49.47985
49.48812
49.76512
49.85072
49.86849
49.87570
50.21826
50.54074
50.55091
50.56244
50.56849
50.57868
50.58389
50.58958
50.82647
51.21306
51.21469
51.97744
52.02473
52.02590
52.05529
53.92303
53.96344
54.22299
54.53751
54.55428
55.94225
55.94466
56.69815
56.72845
56.75299
56.76558
57.19178
57.32938
57.33631
57.74728
57.75687
57.79651
57.85123
58.38644
58.50559
58.55280
58.56319
58.56505
58.56981
59.85602
60.33181
60.34074
60.58922
60.59492
61.01977
61.02822
61.03706
61.03892
61.05406
61.51531
61.75116
62.90807
63.16348
63.17718
63.20053
64.12104
65.16243
65.16482
65.56507
66.04828
66.06563
66.07718
66.07839
66.91247
67.16292
67.43254
67.43986
68.20488
68.21157
68.52723
68.66567
70.32987
70.40321
70.40511
70.40643
70.52133
70.55633
70.65156
70.77566
70.96480
71.01308
71.03597
71.08831
71.11785
71.12078
71.24529
71.53853
71.57467
71.61147
71.62856
71.75594
71.78217
71.79335
71.99476
72.01924
72.10230
72.16358
72.47360
73.22832
73.71793
74.70731
74.77461
75.16477
75.98246
77.08150
77.17114
77.22184
77.22667
77.54178
78.56165
78.57873
79.71548
79.97073
79.99845
80.34244
80.35042
80.39472
81.35382
81.35989
81.36117
81.40620
81.41408
81.43035
81.48155
81.60530
81.61153
81.62298
81.74156
82.29069
82.29868
82.31098
82.73577
82.74089
82.79889
83.05065
83.05530
83.85697
83.87052
83.89386
83.95130
84.60255
84.60529
84.62501
84.63368
85.27387
85.28957
85.29203
85.30265
85.30512
85.31228
86.82057
87.18370
87.18549
87.21173
87.21751
87.22950
87.24776
87.41313
88.29368
88.34752
88.35870
88.58086
88.60355
88.71000
89.24202
89.27567
89.27803
89.28924
89.29636
89.90526
89.98250
90.26841
90.27981
90.36772
90.94511
90.97225
91.79977
91.85561
92.41238
92.42853
92.43704
92.82243
92.84005
92.91241
93.20514
94.03982
94.06567
94.07426
94.17908
95.24163
95.24466
96.06825
96.08041
96.11226
97.06233
97.07267
97.09217
97.10600
97.13547
97.13683
97.14551
97.15894
97.16951
97.19189
97.46210
97.82289
97.86813
97.88145
98.28309
98.31324
99.97208
100.00585
100.14766
100.58125
100.59161
101.85132
101.90276
101.93558
102.38226
103.67666
103.70900
103.72085
103.78327
104.00689
104.09580
104.14136
104.76109
104.79428
104.80578
105.17132
105.17910
105.71229
105.91994
106.06118
106.11228
106.13831
106.14654
106.74387
106.74573
106.76323
107.16694
107.17339
107.18870
107.20425
107.21426
107.22636
107.24262
107.25081
108.13588
108.17842
108.18002
108.18614
108.18730
108.19405
108.23456
108.24151
108.50928
110.49359
110.66549
110.88330
110.89060
110.95859
111.11806
111.63487
111.64133
111.64280
111.98892
112.96701
113.41706
115.10901
115.11826
115.12018
115.13508
115.13668
115.33974
115.37683
115.38433
115.49832
115.62523
115.82692
116.01570
116.02429
116.65648
116.78342
117.60353
117.60824
118.52129
118.62167
119.09990
119.77313
119.78676
119.79295
120.77723
121.14136
121.15514
121.72436
121.72575
121.74029
121.75947
121.77735
122.52128
122.53287
122.55317
123.17205
123.17697
124.02413
124.03457
124.06438
124.96302
124.99616
125.32535
125.40015
126.30239
126.99937
127.38670
127.44259
127.45334
127.45719
127.47496
127.64591
127.65186
127.65659
127.68765
128.04811
128.12124
128.19840
128.43879
128.44252
128.46055
128.46572
128.47202
128.48058
128.62559
128.62949
128.64232
128.65706
128.65964
128.67080
128.67492
128.79294
131.05448
131.08162
131.11176
131.12214
131.22818
131.59452
131.61485
131.61675
131.61858
131.62095
132.06807
132.14810
132.63848
132.67092
132.68747
134.08083
134.53532
134.77277
135.73429
136.24711
136.33943
137.08663
137.13014
138.06328
138.44978
138.45170
138.46960
138.52117
138.53913
139.53377
139.56561
139.90194
140.98586
141.01055
141.03406
141.59037
141.59507
141.60745
142.31385
142.36266
143.08860
143.12307
143.83091
144.27811
144.29085
145.02568
145.03527
146.33952
146.42437
146.64420
147.29960
147.30495
147.30888
148.62674
148.84820
148.87265
148.89034
148.90446
148.95054
149.48100
149.48695
149.54187
149.74550
149.78638
149.80069
149.83000
149.84243
149.84384
149.95994
150.41740
150.43817
150.48155
150.51135
151.19617
151.20211
151.21529
151.23656
151.83663
151.84320
151.84658
151.85202
151.85345
151.85982
153.09782
153.13327
153.13497
153.57899
153.58051
153.58225
153.61665
153.68482
154.31819
155.07425
155.07556
155.08736
155.14122
155.15429
155.15618
155.16331
156.15974
156.17163
156.19655
156.20922
158.65340
158.71761
158.76197
159.11385
159.13253
159.13932
159.14506
159.15008
159.15588
159.15794
159.17386
159.18350
159.18870
159.19661
159.73466
159.77515
159.80179
160.52268
160.52534
160.52740
160.53170
160.55185
160.56499
160.56734
160.56945
160.94397
161.01341
161.03258
161.06933
161.07272
161.45887
161.46038
161.46293
161.55336
161.83161
161.84980
162.25332
162.25519
162.30311
162.33069
162.50619
162.94179
162.95399
162.95825
162.96607
162.97350
162.98379
162.99177
163.01456
163.01900
163.02502
163.19777
163.86892
163.88857
164.76234
164.78866
164.85805
165.54803
165.55526
165.58938
165.60510
165.61545
166.50340
166.52162
166.53243
166.54398
166.56081
166.56431
166.57962
167.50482
168.12738
168.14096
168.16555
168.17418
168.58091
169.55457
169.96050
170.00448
170.02552
170.24192
170.34750
171.64820
171.65327
171.65468
171.66190
171.68078
171.76892
171.79037
171.82152
171.93762
171.94015
171.95556
171.95996
172.01756
172.11735
172.12519
172.13463
172.14167
172.14277
172.14385
172.14996
172.18054
172.18448
172.18626
172.29345
172.30813
172.35835
172.37076
172.38206
172.38361
172.42596
172.61238
172.69550
173.13030
173.18162
173.28127
173.40920
173.44218
174.14679
174.19279
175.52045
175.57020
175.58386
176.28230
176.29724
177.36912
177.38426
177.38978
177.96779
177.97306
177.98772
178.81825
178.97991
179.60363
179.60761
179.62267
180.21233
180.37283
180.40062
181.06214
181.07893
181.98552
181.99160
182.02936
182.41346
182.44976
182.48038
182.88074
182.92592
182.94535
183.11922
183.79405
183.79703
183.81614
184.85518
184.86840
184.92497
184.99482
185.00094
185.05846
187.68565
187.71499
188.20035
188.23109
188.23552
188.25923
188.34369
188.34585
188.35478
189.62849
190.11070
190.11190
191.48502
191.53492
191.54034
191.55905
191.80271
191.81463
192.36063
192.36678
192.37304
192.37955
192.48421
193.02696
193.80112
193.80915
193.81659
193.82534
193.85471
193.89522
194.05005
194.29133
194.35235
194.37664
194.37847
194.38534
194.39923
194.40039
194.40977
194.48053
194.48870
194.49686
195.08427
195.26810
195.57615
195.57905
195.65342
196.67707
197.61621
197.69758
197.77311
197.78969
197.82920
197.84038
197.86107
199.75013
199.83377
199.92667
200.15773
200.90216
200.93147
202.98133
202.98612
202.98741
203.04935
203.05946
203.96692
203.97245
204.42748
204.43078
204.49936
204.61482
204.68609
204.70021
204.71958
204.74660
204.76207
204.80000
205.33669
205.36622
206.12384
206.28320
206.35021
206.35271
206.79553
206.81462
206.83291
206.91193
206.92952
207.78251
207.79100
207.79649
207.80091
207.80342
207.80864
208.58198
208.59965
208.61951
208.62214
210.13399
210.17282
210.63582
210.79207
210.79698
210.79936
210.82908
211.39794
211.44307
212.45812
212.88973
214.01041
214.02687
214.62691
214.77409
215.83829
215.84793
216.57663
216.61711
218.67243
218.70316
218.80040
219.42295
219.42938
220.19071
220.92566
221.68255
222.62025
222.62832
222.63043
223.34870
223.39755
223.41655
223.46875
223.49252
225.03812
225.07888
225.08110
225.10816
225.15396
225.15563
225.19545
225.20635
225.22495
225.23114
225.23290
225.34816
226.32775
226.37876
226.38573
226.39686
226.41489
226.47212
226.47471
226.58011
226.61154
226.62316
226.67026
226.69172
226.92469
227.64784
227.65037
227.65192
227.67102
228.44602
228.46211
228.47955
228.48190
228.53224
228.80607
229.83247
229.84628
230.43682
230.43878
230.47074
230.81253
230.86536
232.05280
232.31199
232.32905
232.36515
232.36686
232.47903
232.50091
233.33961
233.34394
233.35779
235.29442
235.32562
235.34810
235.37180
235.40448
235.68002
235.75998
236.55517
237.21423
237.23348
237.88152
237.88919
237.89683
237.89908
237.91578
237.93758
237.94820
238.30891
238.31107
238.31526
238.32457
238.33779
238.34394
238.36213
238.37512
238.62115
238.65107
238.79115
238.89356
239.38918
239.39248
239.42758
239.66596
239.73784
239.83527
240.15153
240.22117
240.52911
241.06903
241.47369
242.40457
242.99816
243.17946
244.38587
244.45720
244.96491
244.96614
244.97006
244.98558
245.75477
245.83076
245.84554
246.32896
246.34846
248.06439
248.16839
248.24863
248.30420
248.33982
249.34912
249.71249
249.79107
249.86277
249.97222
250.17520
250.18386
250.36737
250.59038
250.59485
250.59597
250.60015
250.60125
250.60753
250.65172
250.66286
250.85244
251.08564
251.32941
251.37090
251.99477
252.72457
253.70629
254.02856
254.03057
254.03236
254.03780
254.83606
254.84809
254.90825
254.90969
255.72235
256.35557
256.35703
256.36045
256.36236
256.37472
256.42490
256.43253
256.44456
257.12116
257.12257
257.16458
257.43856
258.02917
258.03652
258.04837
258.66339
258.67383
258.67671
258.67873
258.68243
258.68557
258.72354
258.74621
259.32663
259.32967
259.33755
259.38028
259.39918
259.40160
259.40553
260.80099
260.86749
261.46950
261.49959
261.52500
263.07771
263.45781
264.12296
264.20223
265.44633
265.45883
265.46010
265.46698
265.47185
265.49666
266.57552
267.20091
267.21766
267.23959
268.59612
269.02511
269.51473
270.08922
270.13889
270.88089
270.92454
270.93588
270.99344
271.12983
271.13147
271.20659
271.24551
271.54035
271.81636
272.22316
272.22550
272.23234
272.23352
272.24421
272.24559
272.80751
273.35753
273.36034
273.36313
273.70918
273.71022
274.56916
274.57636
275.23796
276.21161
276.24671
277.11706
277.11843
277.13690
277.58397
277.62605
277.63278
277.63404
279.47563
279.97354
279.98227
282.09328
282.11533
282.19604
282.23835
282.23990
282.32098
282.84500
282.86904
282.87697
282.89722
282.98468
283.07493
283.10044
283.13949
283.24986
283.37542
283.69305
283.69842
283.72178
283.74874
283.76207
283.77669
284.05448
284.12877
285.64713
285.69236
286.80023
287.37733
287.40054
287.40295
288.19841
288.22632
288.85053
288.91188
288.93297
290.53591
290.57712
290.83689
290.88321
290.88873
290.91710
291.34299
292.84351
292.84970
292.93423
292.94325
293.29868
293.31159
293.33317
293.38269
293.65251
293.65925
293.68474
293.77828
293.78314
293.78827
293.97331
293.97592
294.36277
294.89943
294.92513
295.28344
295.29398
295.41888
295.84422
295.85838
295.86328
295.88365
295.89937
295.90138
296.03829
296.04697
296.05065
296.05654
296.22717
296.28540
297.14138
297.70928
297.77415
298.96630
299.40116
299.40495
300.24284
300.24944
300.28806
300.31323
301.07962
301.08241
301.09329
301.10258
301.10541
301.12202
301.29425
301.31873
301.35731
301.86436
301.89964
301.91961
303.02429
303.39869
303.40096
304.00351
304.01596
304.02823
304.03028
304.03236
304.10353
305.27474
305.29008
305.59689
305.61872
305.79308
305.79529
306.25526
306.26659
307.00808
307.03269
307.06042
307.62944
307.64722
307.68330
308.21264
308.25734
308.26176
309.27939
309.32322
309.32433
309.98976
309.99125
310.02926
310.36960
311.70564
311.71318
311.80026
312.00434
312.00585
312.06937
312.41782
312.43627
312.44941
312.94592
312.94723
312.95538
312.96515
312.97550
312.99093
313.04956
313.66508
313.66805
313.68243
313.73965
315.30939
315.59083
315.59426
315.62640
315.64294
316.00063
316.04319
316.06497
316.07904
316.08561
316.39831
316.45269
316.47555
316.52858
316.52965
316.63448
316.80602
316.81084
316.81597
316.99242
317.29610
317.29983
317.30616
317.57692
318.26039
318.27301
318.96654
318.99982
319.01185
319.01875
319.03800
319.04834
319.05728
319.82738
320.29928
320.30050
320.35175
320.39439
320.78107
320.80018
321.20841
321.21962
322.28026
322.29145
322.30071
322.91053
323.48058
323.48267
325.17756
325.18742
325.26119
325.26225
325.37875
325.98068
325.98631
326.53032
326.53398
327.02148
327.03873
327.37617
327.40323
327.42858
327.46748
327.68289
327.72217
327.72533
327.72712
327.84716
328.35818
328.38623
328.39817
328.41154
328.41382
328.41881
328.52539
328.60524
328.83518
328.83963
329.03937
330.60156
330.60635
332.12220
332.74580
333.53935
334.11611
334.14504
336.51242
336.67023
336.70448
337.58008
337.60297
337.64699
337.83261
337.86822
337.87640
337.88836
337.88962
337.89445
337.90443
337.90751
337.91456
337.93851
338.08935
339.27283
339.32257
339.32965
339.34026
339.38434
339.95785
340.05763
340.06097
341.27173
341.63828
341.63932
341.65599
341.69238
342.40855
343.47084
343.47398
343.47673
344.66847
344.67560
344.71844
344.88845
345.03068
346.43843
346.43947
346.52497
346.72550
348.41668
348.42525
348.58794
348.60731
348.60921
348.62263
348.81595
349.01533
349.06280
349.07089
349.96785
349.96909
350.01636
350.18769
350.22218
350.37162
351.32630
351.38073
351.39472
351.39593
351.40115
351.42015
351.89704
351.93475
351.97950
352.70630
352.71564
353.80837
353.81084
353.83354
354.79565
355.54917
355.57538
356.39570
356.40166
356.44692
356.56942
356.71856
356.95257
356.97999
356.98712
356.99649
359.00258
359.55356
359.55897
359.57931
360.01526
360.07966
360.08864
360.20050
360.26658
360.28206
360.29231
360.51901
360.60768
360.67940
360.73636
360.75099
360.75396
361.15408
361.37202
361.38705
361.55649
361.57425
361.59529
361.62992
361.63405
361.74769
361.74940
361.76500
361.77090
361.80543
361.80668
361.81622
361.86412
363.47522
363.65713
363.67530
364.72147
365.30176
365.34543
365.78644
365.78781
365.79154
365.82215
365.82619
365.83669
366.45686
366.49469
366.50431
366.69970
367.56865
367.59647
367.61333
368.61818
368.67850
368.86305
368.86515
369.44505
370.03462
370.05847
370.22197
370.22345
370.22564
370.23116
370.23332
370.23489
370.54352
370.55894
370.58306
370.73616
370.85140
370.88439
371.15883
371.20272
371.21040
371.21958
371.93994
371.94175
371.95142
371.95695
371.96300
371.96811
372.70419
372.70933
373.37475
374.44430
374.85398
374.86167
374.88099
374.88435
375.58067
375.60766
375.61144
375.62176
375.65107
375.67912
376.54761
376.88404
377.56001
377.58263
377.59059
378.13278
378.13477
378.18404
378.19586
379.00381
379.00749
379.74820
379.76768
379.82764
379.93589
380.58267
380.60303
380.61138
380.62242
381.54400
381.58240
381.58803
381.59024
382.17591
382.21538
383.17709
383.72437
384.33482
384.36096
385.77163
385.77438
385.82983
385.83361
385.84214
385.88323
386.11526
386.31045
386.31993
386.88078
387.28824
387.30349
387.33012
387.34395
388.35729
388.42535
389.02561
389.04331
390.59816
390.63099
390.63463
390.65597
390.66679
390.75998
390.76630
391.01874
391.02947
391.03469
391.03950
391.76461
391.77355
391.77665
391.78082
391.78250
391.80584
391.81305
392.04311
392.45437
392.46917
392.61207
392.61600
392.62009
392.62639
392.65698
392.66719
393.02511
393.03271
393.44087
393.44559
393.45684
393.47628
393.48917
393.74596
393.91861
394.09889
394.10238
394.11601
394.14098
394.20038
394.20159
394.59027
394.60154
396.19332
396.84000
396.84369
396.84644
396.87578
396.92287
397.59818
399.05271
399.27436
399.27843
399.51010
399.51164
399.90992
399.91262
399.93181
399.96426
400.98707
401.00753
402.17052
402.81436
403.30532
403.52766
403.53234
404.01517
404.02614
404.03084
404.13086
404.46506
404.58884
404.84902
404.85194
405.11972
405.12363
405.33458
405.34493
405.34785
405.35132
405.35451
405.36172
405.41315
405.42953
405.60393
405.61016
405.70886
405.85913
406.04193
408.00147
408.01183
408.03041
408.03337
408.05483
408.06705
408.22407
408.60370
408.61102
409.49804
409.52572
410.34093
410.37903
411.21147
412.20324
412.20592
412.56750
412.61646
413.00156
413.04076
415.02918
415.03267
415.05045
415.06098
415.07693
415.08294
415.09000
415.10774
415.11164
415.11544
415.14464
415.44803
415.46077
415.47673
415.49772
415.65512
415.96339
415.96569
415.96988
415.98097
416.03382
416.04663
416.46189
416.52316
416.64687
416.67960
417.00644
417.01306
417.09484
417.09903
417.20655
417.22002
417.42346
417.51927
417.91287
418.03971
418.24586
419.14299
419.14580
419.17275
420.55986
420.60633
420.63642
421.43238
421.50522
422.76363
423.42845
425.03383
425.06770
425.07369
425.10116
425.18748
425.21648
425.23751
425.24993
425.51301
425.56075
425.56851
425.57595
426.36382
426.86964
426.88904
426.90287
427.17849
427.19267
427.20715
428.00672
429.18439
429.67249
429.76318
430.47362
431.07474
431.15738
431.76078
431.86124
432.44272
433.74397
433.74696
433.75686
433.76415
433.76955
435.20695
435.20901
435.25242
435.28970
435.41217
435.60223
436.03671
436.03937
436.04278
436.11626
436.29417
436.35558
436.40473
436.40611
436.97384
436.98750
436.99450
437.01275
437.02540
437.03213
437.03424
437.18060
437.19303
437.19555
437.59599
437.62546
437.98792
438.29927
439.20963
439.26996
439.95285
439.95605
439.96937
439.98971
441.75737
441.90980
441.91495
442.63967
442.64497
442.64747
442.65797
442.84088
443.05415
443.93308
443.98569
444.00376
444.45705
446.51244
446.96257
446.97231
446.97987
447.03587
447.06705
447.32290
447.32717
447.32936
447.34170
447.37717
447.49760
447.50675
447.50940
447.51348
447.52046
447.52497
447.53097
447.53720
447.56312
447.60878
447.61896
447.62851
447.80241
447.80661
448.29170
448.29439
448.33984
448.35064
448.39722
448.78345
448.78631
448.78838
448.79545
448.95315
449.90997
451.00322
451.01071
451.02538
451.02761
451.05631
451.08218
452.98872
452.99112
454.78307
454.82322
454.85904
455.10452
455.14417
456.54044
456.54542
456.58888
456.59389
456.60937
457.20481
457.20831
457.21142
457.22503
457.24521
458.18167
458.20375
458.22342
458.46516
458.52170
458.52767
458.71485
458.77971
458.79943
459.82084
459.91418
460.57622
460.59980
460.61030
460.94786
460.95099
461.72383
461.72849
461.73876
461.74570
462.64105
463.39158
463.85848
463.89951
464.53904
464.54318
464.59746
466.15928
466.17764
466.20486
466.21908
466.48275
466.51035
466.53469
466.56627
467.05705
467.09414
467.59027
467.60133
467.61137
467.61905
467.65076
467.65201
467.66766
468.59226
468.63111
468.64514
469.28161
469.29300
469.33815
469.33994
469.35605
470.05041
470.05908
470.24991
470.25100
470.25446
470.74221
470.75303
470.75466
470.78737
470.90818
471.50426
471.51103
471.52411
471.53335
471.53507
471.53681
471.54325
471.54581
471.55441
471.56509
471.80874
471.82755
471.85094
472.18650
472.19298
472.19431
472.94427
473.24400
473.25357
475.70455
475.87379
475.90935
476.14876
476.30170
477.54152
477.54881
477.56732
477.64443
479.05437
479.70512
479.71988
479.74461
479.76906
479.87097
481.36497
481.38030
481.39280
481.40745
481.46589
481.49400
481.78166
481.85502
482.10050
482.19942
482.30314
482.39593
482.99816
483.39610
483.40524
483.44544
483.45701
483.60236
483.62941
483.63369
484.19148
484.24403
484.45448
484.45690
484.46104
484.48179
484.49268
484.60228
485.18529
485.19165
485.89037
486.58141
486.58342
487.53996
487.60653
487.60815
489.01036
489.09799
489.28045
490.04273
490.26995
490.93236
491.01385
492.18196
492.20030
492.61044
492.62821
492.66748
492.69663
494.20552
494.26583
494.28328
494.30366
494.31161
494.96876
496.17189
496.20949
496.21135
497.42488
497.42728
497.49002
497.49726
498.22901
498.74735
498.79898
499.37774
499.39165
499.41465
499.44136
499.44679
499.45930
500.00929
500.69844
500.70298
500.85674
500.85792
500.88781
501.58325
501.60440
501.60542
501.64125
502.16468
502.27273
503.56780
503.58580
503.82320
503.82547
503.82749
503.87187
504.32161
504.32689
504.34737
504.55792
504.64443
504.72944
504.92033
504.96661
505.19471
505.21780
505.32087
505.81205
505.85458
505.88865
506.49926
506.50292
506.67366
506.69711
506.69911
507.04405
507.06143
507.06548
507.09263
507.19241
507.24083
507.24249
508.25013
508.26375
508.26785
508.27004
508.30804
508.31205
508.89333
508.91440
509.15078
509.95613
510.60226
510.76948
511.15176
511.26924
512.52063
512.60102
512.61868
512.95869
512.96671
512.98929
512.99101
513.03680
513.04532
514.05018
514.07440
514.34505
514.35427
514.41662
514.44516
514.83202
515.18754
515.19214
515.28484
515.28720
515.29428
515.29870
515.30477
515.31105
515.34865
515.35122
515.46109
515.59430
515.64599
515.65070
515.70231
516.08229
516.33701
516.33986
516.34271
516.57445
516.61537
516.62498
516.62611
516.81794
517.56051
518.07040
518.07349
519.40712
519.62996
519.72958
520.16596
520.24815
520.82876
520.86978
522.16567
522.17875
522.21427
522.85557
523.28856
523.55929
523.57314
523.78190
524.75971
524.80952
524.83140
524.91660
525.31828
525.69924
525.70166
525.70388
526.33417
526.34282
526.35485
526.37034
526.46029
526.96654
529.29079
529.50060
529.60959
530.24328
530.26921
531.30098
531.32343
531.43103
531.48458
532.22465
532.69202
532.74395
532.77164
532.78793
533.47496
533.51776
535.16325
535.41251
535.41692
535.42724
535.43662
535.45305
535.46034
535.49685
536.22060
536.23680
536.27930
536.53629
536.65715
537.18009
537.20356
537.20834
538.05280
538.07470
538.62606
538.63274
538.69238
539.20326
539.66853
539.69888
539.71641
542.06016
542.10871
542.14840
542.64982
542.65136
542.65561
543.06295
543.07032
543.09410
543.10990
543.12568
543.92516
543.95552
543.97110
544.45074
544.50971
545.19680
545.89789
545.97469
545.97679
545.99612
546.00048
546.01327
546.05101
546.08677
546.10829
547.11513
547.11681
547.12310
547.14196
547.14683
547.14842
547.19072
547.55899
547.56151
547.57035
547.60659
547.61104
547.62211
547.63149
547.64365
548.07596
548.08806
548.09418
548.12239
548.14532
548.64123
548.69143
549.12135
549.36908
549.38688
549.53150
549.83167
549.83757
549.84201
550.13420
550.14183
550.15010
550.23511
550.34409
550.35451
550.36077
550.86520
550.89236
550.90954
550.91307
550.92136
551.88157
552.20035
552.33432
552.93142
552.94990
553.46340
553.48508
553.51127
553.51266
553.71752
554.31872
554.32803
554.41430
554.44591
555.09915
555.10120
555.12676
556.21064
556.88943
556.89480
556.94489
556.95230
556.98903
557.48291
557.55226
557.57253
557.59383
557.60513
557.62415
557.72392
557.74703
557.82963
557.84308
557.87024
557.89326
558.01852
558.03343
558.19612
558.20680
558.21081
558.80764
558.82382
558.82998
558.86566
558.87437
559.01330
559.02285
559.17236
559.18171
559.30889
560.39456
562.65585
562.65693
562.66469
562.69343
563.17309
563.18469
563.27961
563.31565
565.78824
565.84593
565.87450
566.10753
566.16982
567.65976
567.68677
567.70355
567.70492
567.70843
567.71052
567.83113
567.84645
567.92010
567.95371
567.96313
567.96445
567.96595
567.97615
568.08242
568.09817
568.17774
568.47116
568.50904
569.21207
570.14228
570.15228
570.52700
570.54378
570.55622
571.17037
571.18238
571.68578
571.82822
571.83921
572.71284
572.77832
572.80621
573.21596
573.22395
574.73865
574.94821
574.98321
574.98453
577.65174
577.65614
577.71946
577.90095
577.99470
578.75397
578.91720
579.73859
579.77052
579.82653
579.91894
579.92751
579.93959
580.11825
580.16426
580.27291
580.28203
580.33513
580.57338
580.76150
580.95341
580.96244
580.97929
581.24503
581.28471
581.32389
581.33238
581.33539
581.36493
581.36802
581.37104
581.37290
581.56254
582.36336
582.37101
582.38001
582.90033
582.94882
583.13186
583.13357
583.19761
584.15782
584.61458
584.64092
584.66994
584.69683
585.80140
585.83219
586.03014
586.50297
586.54372
587.42669
587.46326
587.51532
588.34445
588.38387
588.38962
588.89557
589.89162
589.89419
589.98493
590.03755
590.14173
590.16041
590.20136
590.21403
590.22075
590.43799
590.82593
590.82857
590.83115
591.04540
591.05250
591.06363
591.58544
591.64013
591.65112
591.67271
592.26081
592.37662
592.39207
593.00887
593.04045
593.91992
593.92765
593.93540
594.01610
597.39206
597.51756
597.56860
598.60393
598.61488
599.90950
599.91569
599.94092
599.94484
600.76287
600.77327
600.77551
600.79424
601.37101
601.37285
601.40797
601.43717
601.47319
601.78082
601.82235
601.83253
601.83454
601.85642
602.24185
602.25392
602.39840
602.97675
602.98851
602.99871
603.00585
603.07850
603.08196
603.17931
603.76937
604.23930
604.46149
604.63621
604.95224
604.96912
606.06725
606.07824
606.09146
606.78477
606.80798
608.23314
608.30164
608.30455
608.33330
608.33730
608.83886
609.05242
609.86406
610.39166
610.40480
610.41428
612.08387
612.08930
612.09048
612.09700
612.12789
612.40361
612.40549
612.40736
612.41085
612.47091
612.49648
612.89590
612.91706
612.92272
612.94157
613.83832
613.88026
613.90126
613.96613
615.77750
615.82248
615.86600
616.20644
616.22137
616.22382
616.23490
618.01645
618.39741
618.43918
618.44669
618.44896
619.28450
619.33519
619.34538
620.80465
620.86060
620.88692
620.90087
621.84428
621.85047
623.14370
623.32791
623.63576
623.63869
623.64141
623.72393
624.08439
624.10176
624.11355
624.14607
624.31609
624.31922
624.54922
624.55076
624.55310
624.55669
624.60838
624.82874
625.05378
625.10531
625.12052
625.12206
625.13431
625.22907
625.23905
625.24453
625.65738
627.37763
627.40075
627.91004
627.91554
627.94316
629.04699
629.04886
629.62557
629.63596
631.72998
632.41647
632.42677
632.45942
633.54587
633.59595
634.20229
634.21957
634.57060
634.60361
634.64018
634.69760
634.70351
634.87559
634.88078
634.89358
634.91009
634.93928
635.11501
635.11910
635.14311
635.16911
635.17396
635.50627
635.93095
635.93219
635.93709
635.94608
635.94861
635.96209
635.99301
636.19094
636.24253
636.26552
636.87231
637.05234
637.05501
637.05861
637.08662
638.06237
638.16705
638.17362
638.18139
638.25256
638.77881
638.80950
638.82933
639.47239
639.48214
639.57874
640.19715
640.26651
640.28942
640.29915
641.73684
641.73844
642.25480
642.27185
643.19231
643.19453
643.20825
643.21992
643.22550
643.28442
643.30558
644.03656
644.04033
644.05567
644.70914
644.72970
644.73182
644.74843
645.39717
645.49879
645.50628
645.92442
645.92668
645.95915
645.96602
646.34327
646.37890
646.40427
646.40633
646.42375
646.42504
646.45520
646.73963
646.85655
646.85939
646.86136
646.86309
646.86480
646.86873
646.87016
646.93375
647.08577
647.49338
647.52891
648.10305
648.32017
648.32303
648.33814
648.44565
648.59587
648.61387
649.51781
649.51937
652.02318
652.15068
652.33593
652.41542
653.38196
653.43581
653.45933
654.23445
654.25668
654.27692
654.27979
655.10211
655.11253
655.76435
655.76954
655.88012
655.89478
656.77388
656.81265
656.81650
656.86760
656.87096
656.87507
656.87660
656.89551
656.92329
657.17546
657.20264
657.20423
657.21097
657.21300
657.87075
657.90370
657.94503
658.53773
658.60373
659.91555
659.92084
659.98636
660.25310
660.28012
661.30353
661.32189
661.32356
661.32884
661.33769
662.51024
662.74838
662.74978
663.66501
663.69398
664.42686
665.68081
665.68750
665.73316
665.82419
665.83703
665.92089
666.20241
666.21261
666.22156
666.22837
666.25403
667.42799
667.51492
668.12072
668.54000
668.55814
668.62203
668.62473
668.63748
668.66564
668.67080
669.01689
669.06053
669.08474
669.15793
669.17071
669.17723
669.18421
669.21744
669.22364
669.23341
669.24050
669.25208
669.26181
669.26688
669.27561
669.29419
669.33579
669.45680
669.76560
669.77199
669.94813
669.96055
669.96984
670.00365
670.00821
670.05814
670.20505
670.22047
670.44343
670.44591
670.65064
670.69965
670.70136
671.26521
672.70076
672.70460
672.73415
672.92121
673.96625
674.31070
674.40596
674.81899
674.83784
674.85477
675.15515
675.64791
676.10455
676.36279
676.93027
676.93917
676.99349
677.01465
677.87263
677.90766
678.24838
678.26487
678.27261
678.29195
678.99168
678.99347
679.00474
679.00765
679.02079
679.61716
679.63064
679.82074
679.88710
679.93183
680.49428
680.51690
681.27215
681.27415
681.27597
681.30491
681.34860
681.65156
681.65802
681.75023
681.75919
681.76306
682.04235
682.05297
682.77144
683.22940
683.40546
683.44647
683.45145
684.23251
684.43915
685.54898
685.55165
686.11915
686.18046
686.31195
686.31337
686.31648
686.33507
687.05106
687.07681
687.10261
687.10984
687.13813
687.47057
689.40436
689.40765
689.40897
689.91012
690.02342
690.02881
690.87224
690.87402
690.87706
690.88977
690.92073
690.97471
691.30828
691.31205
691.31451
691.31774
691.35428
691.35678
691.73059
691.74272
691.77872
691.79890
691.84135
692.03981
692.12114
692.12531
692.16359
692.16817
692.24008
692.25017
692.34577
692.43891
692.44005
692.45600
692.50055
692.80669
693.02164
693.02326
693.05480
693.06091
693.07029
693.08053
693.10863
693.11739
693.48049
693.48814
693.51732
693.70322
693.70671
693.98139
694.15039
694.60790
694.60962
694.62614
694.63762
694.65682
694.67248
694.68147
695.68490
696.74393
696.75412
696.76971
697.01727
697.77136
698.87117
699.04007
699.05829
699.10361
700.06093
700.06605
700.07350
700.09125
700.10026
700.10985
700.12702
700.27730
701.25309
701.25584
701.26886
701.28324
702.72754
702.93318
702.94331
702.98280
702.98734
702.99403
703.01087
704.04392
704.05661
704.58369
704.58689
704.58815
704.59505
704.59701
704.60124
704.61554
704.61763
704.62252
705.18756
705.22475
705.26113
706.62032
706.64918
706.71223
706.91151
707.21710
707.23118
707.77120
707.82495
708.69884
709.56387
709.65297
710.47631
710.49173
710.51448
710.52943
710.53335
711.14466
711.14709
711.14880
711.15080
711.17054
711.18413
711.19282
711.21372
711.94566
711.94770
711.95883
711.98738
712.53425
713.10793
713.13737
713.13944
713.52516
713.63369
713.66104
713.66710
713.67067
713.79613
713.80463
713.85260
713.95929
714.13459
714.13796
714.14673
714.16358
714.16708
714.33075
714.55154
714.57372
714.93480
714.95158
715.11801
715.13051
715.13397
715.19041
715.19149
715.19471
715.19661
715.80152
715.80769
715.86824
717.66331
717.67644
717.92110
718.54204
718.54432
718.54605
720.41011
720.47936
720.76354
720.84609
721.00637
721.01169
721.05216
721.07227
721.25021
721.26765
721.99191
722.00748
722.01450
722.01679
722.08073
722.63550
722.65778
722.70827
723.45287
723.46915
723.50492
724.87713
724.88024
724.88709
724.92611
724.94672
724.94903
724.95280
725.13122
725.13710
725.15100
725.24985
725.42920
725.81718
725.82605
726.27104
726.30934
726.58076
726.87549
726.90278
727.36101
728.50350
728.88527
728.90198
728.98062
729.72725
729.77252
729.88778
730.22006
730.22901
730.25473
730.26688
730.29056
730.84545
730.86250
731.84390
732.07536
732.37714
732.51425
732.55786
734.06580
734.29455
734.63529
734.63925
734.64089
734.64612
734.84691
734.86755
734.90885
735.53502
735.95041
736.03551
736.25488
736.26509
736.26652
736.27377
736.31671
737.77508
737.91314
738.32908
738.33325
738.33732
738.34376
738.35161
740.08003
740.41330
740.41799
740.42981
740.43082
740.44593
740.46621
740.47233
740.47745
740.62667
740.63144
742.96555
743.08440
743.09869
743.65754
744.31563
744.31922
744.33097
744.34664
744.36544
744.38561
744.67161
744.68998
744.88362
744.88466
745.05519
745.08382
746.88897
746.89312
746.89954
746.91522
746.94075
746.98579
747.00342
747.28143
747.30103
747.30480
747.31063
747.31282
747.61928
747.62294
747.64106
747.69716
747.82471
747.82755
747.92228
748.04825
748.06382
748.27297
748.32468
748.51388
748.59976
748.87090
748.88990
749.07144
749.29094
749.62650
749.81535
749.96881
749.98122
750.00767
750.02727
750.25177
750.28258
750.29850
750.82520
751.61493
752.45180
754.15887
754.18332
754.22924
755.10595
755.12092
755.12983
755.13845
755.76901
755.77329
755.82077
756.92684
757.35666
757.35957
757.48695
757.52019
757.61671
757.83731
757.87896
757.88595
757.90055
758.29308
758.31145
758.32240
758.57661
758.86357
758.87091
759.01002
759.43554
759.45964
759.46346
759.46566
759.46797
759.48757
760.20409
761.46135
761.46407
761.47131
761.48436
761.49340
761.53352
761.58066
762.64118
762.65005
762.67370
762.68621
762.70125
763.03746
763.06106
763.07025
763.11509
763.16836
764.37430
764.86851
765.06242
765.09061
765.83716
766.30944
766.59611
766.61313
766.61953
767.09896
767.33918
767.60643
767.72813
767.73000
767.86069
768.08299
768.14946
768.15970
768.22686
768.23367
768.23864
768.24086
768.29605
768.30044
768.30361
768.30871
768.32261
768.32498
768.32900
768.34090
768.34520
768.34736
768.35748
768.40946
768.52903
768.53359
768.54200
768.81780
769.02771
769.04118
769.18103
769.21160
769.22177
769.32737
769.32924
769.51972
769.52936
770.79860
770.85144
772.25437
772.29163
772.63082
772.88816
772.97278
773.07435
773.57769
773.57926
773.73273
773.74910
773.75292
775.38399
775.42561
775.42907
775.44754
775.97460
775.98457
775.98656
775.99647
776.01268
776.53263
776.58338
777.19248
777.20660
777.21432
777.21634
777.22920
777.32065
777.33000
777.34821
777.86007
777.97419
777.98756
778.33900
778.34111
778.34405
778.46398
778.75372
778.75676
778.76398
778.80154
778.90809
779.07225
779.07589
779.27536
779.37447
779.64890
779.83394
779.90124
779.95069
779.95938
779.96714
780.33388
780.51094
780.51386
780.56236
780.56507
780.58040
780.73585
780.74929
780.87664
780.92900
781.33802
781.34175
781.35524
781.35764
781.35892
781.71244
782.62026
783.34447
783.34917
783.47465
783.53465
783.54297
784.36347
784.38075
784.38278
785.41936
785.42845
785.80242
785.81358
785.82724
786.46885
786.52937
786.55070
786.88579
787.09771
787.11566
787.46931
787.48094
787.49377
787.53871
787.55619
788.03651
788.04923
788.87594
788.88112
788.88268
788.88624
788.91847
788.93572
788.95307
788.95586
789.21606
789.24320
789.90769
789.98145
789.98649
790.28464
790.81648
791.28180
791.34220
791.37707
792.67475
792.70318
793.49240
793.49402
793.95988
793.97138
794.63989
794.65251
794.65356
795.26851
795.83078
795.85656
795.88578
796.62184
796.62893
796.67649
797.10997
797.13007
797.18134
798.57151
798.64176
798.74480
798.80559
799.94466
799.95149
800.00917
800.05002
800.19194
800.21180
800.37984
800.41908
800.45119
800.56407
800.56658
800.57200
800.57564
800.58273
800.58391
800.62775
800.73038
800.74102
800.86101
800.86250
800.86523
801.06247
801.13905
801.36042
801.61555
801.84494
801.84992
803.59287
804.79670
804.81656
806.49816
807.64979
808.14146
808.81388
809.18235
809.19205
809.77154
811.31565
811.70361
811.70876
811.71073
811.75427
811.75662
811.76124
812.68460
813.95439
813.96561
813.96817
814.09672
814.28356
814.29032
814.33495
814.93692
814.95142
815.54905
815.62818
816.03869
816.04103
816.72811
816.73981
816.74192
816.74390
816.75285
816.75787
817.84203
817.86133
817.90164
818.43930
818.47495
819.12738
819.14432
819.14595
819.15592
819.16316
819.16733
819.18303
819.19091
819.44920
819.46378
819.52567
819.73764
820.87515
821.05230
821.05873
821.09428
821.11908
821.14947
821.30809
821.33949
821.34192
822.60488
822.60838
822.61135
822.64443
822.65019
822.65394
822.69122
822.69664
822.70108
822.70294
822.71623
823.01869
823.02317
823.06208
823.08193
823.09261
823.09849
823.33701
823.42308
823.53494
823.53927
823.54624
823.55001
823.91117
823.95898
823.96210
823.96623
823.97212
823.97950
824.30915
824.31358
824.31550
824.40669
824.41273
824.41415
824.58210
824.58624
825.02546
825.03883
825.08001
825.09416
825.10164
825.11073
825.87627
825.87854
825.88177
825.88747
825.96860
826.30541
826.32195
826.33180
827.79289
828.00589
828.78419
828.95233
829.43420
829.94614
829.95955
832.68920
832.98477
833.16003
833.23735
833.34017
833.41425
833.41975
833.71075
833.76070
833.76897
833.78059
834.09685
834.09910
834.10169
834.12715
834.13517
834.15873
835.64072
836.21022
836.21742
836.22181
836.22344
836.23057
836.23308
836.89173
837.83460
837.93321
838.67328
838.67600
838.68098
838.69414
839.60361
839.98637
840.27677
840.28105
840.76501
840.76813
842.58608
842.63523
842.65593
842.68966
843.08174
844.76068
844.76275
844.80963
844.81646
844.82083
844.82792
844.84712
844.85397
844.86414
844.86902
844.87078
844.87807
845.17059
845.19167
845.20962
845.22317
845.22603
845.23461
845.23619
845.24987
845.49395
845.69346
845.69553
845.79008
845.79339
846.06144
846.38595
846.73638
846.73871
846.82704
847.09596
847.15803
847.20380
847.24621
847.43779
847.64884
847.66605
847.75808
848.12304
848.14215
848.92877
848.96266
849.10459
850.28082
850.40118
851.15954
851.19946
851.60925
851.64176
851.66111
851.68380
851.68545
852.38224
852.93620
853.99372
854.05592
854.80339
854.81054
854.81339
855.90073
855.92551
855.93427
855.94716
855.94975
856.14711
856.15553
856.16960
856.17929
856.20835
856.25601
856.26039
856.41416
856.56409
856.59107
856.62327
856.83064
857.61050
857.62364
857.62902
857.64293
857.64833
857.65181
857.71674
858.10395
858.37201
858.37444
858.38055
858.39166
858.39346
858.39611
858.41639
858.42338
858.42577
858.44069
858.46437
859.60425
860.37669
860.40858
861.00046
861.00237
861.02691
862.18993
862.27023
862.85264
862.85681
862.86046
862.86467
863.05084
863.61543
864.63433
864.64484
865.70709
865.94492
866.40915
866.41305
866.41489
866.41652
866.43860
866.46389
866.47292
866.48057
866.48947
866.51025
867.44614
867.49208
867.50028
867.51262
868.07443
868.08947
868.14224
869.16783
869.21661
869.37939
869.38167
869.79474
869.81066
869.82387
871.16073
871.16786
871.69918
871.70118
871.70769
871.72939
872.99877
873.00477
873.02297
873.96374
873.96797
873.98179
874.01153
875.44598
875.46794
875.47187
875.71296
875.76018
875.83461
875.88928
876.07670
876.08199
876.08901
876.11149
876.11787
876.12828
876.13053
876.13230
876.13483
876.13825
876.14696
876.15112
876.15505
876.16586
877.32738
877.32888
877.33815
877.36473
877.37943
877.39532
877.40984
877.78131
877.80766
877.83170
877.92432
877.94077
877.94204
878.01255
878.01919
878.03789
878.12154
878.39722
878.40140
878.40818
878.42541
878.43578
878.43740
878.44209
878.51493
878.51781
878.74234
878.74806
878.74977
878.75552
878.92814
878.98777
879.10082
879.10562
879.22422
879.22711
879.42455
879.42668
879.44090
880.10759
880.12734
881.24150
881.24493
881.35986
882.26781
883.21938
883.23639
883.27646
883.27818
883.29319
883.29732