2.09458
4.35634
4.56304
4.82914
5.20630
5.39656
5.42680
5.49934
5.63644
5.90290
6.54892
6.84898
9.23878
9.86956
12.80488
15.75826
15.77830
15.91516
15.99772
16.05484
16.08478
18.03454
19.41100
19.42522
21.82750
23.25292
24.90382
25.04332
25.50994
26.56606
27.17164
27.52630
28.65940
29.31856
29.36302
29.37316
30.34006
32.40154
32.50576
32.86594
35.12554
36.35116
37.95088
37.98172
38.39020
38.68498
38.79400
38.85052
39.20806
39.24124
39.44098
39.48622
40.18330
40.22656
44.93692
45.92302
46.50280
49.25518
49.32502
49.57186
50.76172
50.95822
52.04482
52.25716
52.84456
54.64402
55.55338
58.73608
59.69752
59.73262
60.08992
61.24240
61.55494
62.01814
62.14438
62.20168
62.66074
62.71210
62.93506
63.51100
63.85138
64.10800
64.19824
64.59874
67.81720
68.23684
69.39376
69.72004
70.69270
72.02308
72.07078
72.79234
72.82336
75.44908
75.85366
78.79168
79.78894
79.98448
81.81478
82.37398
82.96954
83.56474
83.75758
83.90278
83.90728
84.15118
86.82820
87.60088
90.82372
91.01422
92.16412
92.30086
93.88042
98.93278
100.99948
102.49336
102.49648
102.50572
102.74632
102.95326
103.03990
103.07632
103.55968
105.23842
105.27910
106.81516
107.13832
107.53180
108.17158
108.30946
114.23560
114.34462
114.38200
114.68770
114.76606
115.14988
115.54966
115.89220
116.41816
117.40468
117.97540
119.79784
122.53066
124.37056
126.74140
127.06408
127.51792
127.87084
128.36404
128.56102
128.57764
130.42762
130.80136
131.37322
132.19114
135.86428
136.47736
136.53700
137.10772
137.14426
139.11538
142.09414
143.35360
143.76502
144.26710
148.33630
148.64356
149.09398
149.16358
150.05794
150.37726
152.34376
153.08650
158.26066
158.53030
158.63374
158.68042
158.71342
158.79100
160.98214
164.72722
165.87058
167.27086
170.23816
170.41858
172.02136
174.60544
174.60982
175.26214
175.43602
176.96968
179.00080
180.19366
180.65476
180.75592
182.13034
182.27062
183.49726
183.93550
186.75130
188.05156
188.99140
189.12502
189.13204
189.58516
189.81916
193.93312
194.75230
197.01712
197.05366
198.11482
198.15076
200.72056
201.37744
201.97258
203.94904
204.82888
207.74926
208.14538
208.87864
210.05266
210.53608
210.88288
210.95614
211.44580
215.44450
217.00324
217.49602
221.92000
221.94088
221.95372
222.01942
228.88978
233.11234
233.12644
233.67934
234.10234
234.63376
234.82660
236.63002
239.47876
240.49006
243.30862
244.41544
245.76112
245.78476
245.80846
246.07228
246.11860
246.81100
246.86806
247.37116
253.06690
254.60314
255.66328
255.66952
258.70900
260.46364
262.33642
265.02190
265.04152
266.64136
266.80120
266.86762
267.74062
269.51410
270.03040
271.04704
271.13998
272.53954
274.97014
276.86278
278.44306
279.02158
279.13846
281.62102
281.72362
283.39504
284.85118
285.45820
285.51802
285.90424
287.55358
287.56546
292.62688
295.78600
296.73634
298.31902
298.70968
299.69296
300.41248
300.68620
301.47892
304.15210
304.64944
304.68238
304.68574
308.51218
308.59204
308.83282
311.70130
312.96826
314.26126
314.69530
315.57574
318.04522
318.78220
319.62556
320.50546
321.75874
321.98242
323.03176
325.78840
325.81540
327.03856
328.33690
328.34860
331.30066
331.44142
332.91694
333.19090
333.89344
339.93238
342.61558
342.68644
342.80320
343.45612
344.79880
347.10568
347.26036
349.52524
349.95568
352.03906
352.85872
352.89154
352.90822
354.07162
356.01850
357.05062
360.92800
360.94672
361.21396
361.23826
361.24390
363.24676
364.45654
366.66016
366.84886
366.87706
367.99114
369.27940
371.73604
371.82874
373.19980
373.94620
380.54230
380.66152
382.08640
382.22806
383.48896
384.10180
384.88162
385.74436
385.74946
386.54464
387.45490
392.01094
392.02750
392.56840
393.26848
395.12758
398.54542
399.06514
400.16506
401.29420
403.06198
403.74436
406.62526
407.80156
408.06538
409.38448
409.57528
409.61818
409.74400
409.78468
409.79422
411.02518
413.58460
413.71510
415.60444
415.90120
416.83150
416.84644
418.75072
418.92970
418.94704
423.17620
423.93958
425.86966
426.63562
429.41890
430.08166
430.75840
431.01988
433.50484
435.28096
438.28690
438.79390
442.56316
442.61950
442.87198
443.79598
448.26796
449.26786
449.77432
451.82668
452.28634
452.33602
452.36014
452.42350
452.55364
452.93278
454.95454
455.00476
458.79418
463.14070
463.44082
463.66072
464.70424
465.21772
465.45760
466.34998
469.68796
472.94950
473.47378
473.47648
473.51302
473.57074
473.58316
476.11612
476.56342
477.87982
479.69938
480.46390
482.49046
484.05412
484.06384
485.10712
485.67856
486.87328
488.32300
488.32606
488.75620
489.94918
490.01590
490.26586
490.66558
493.62256
494.57494
495.57238
495.62902
498.29788
501.00394
501.01126
506.73040
507.68356
507.83392
512.61232
514.65946
515.40226
521.34100
521.34442
521.41168
522.70096
526.57636
526.63366
528.44278
528.84256
528.88018
529.06930
529.51648
529.72582
534.47950
534.62536
536.44246
536.90968
537.01606
538.42984
539.32096
541.86868
545.07328
545.79208
548.03278
548.84956
549.17992
549.44644
549.65914
550.23916
559.82698
559.84066
559.84576
561.68080
563.24842
564.53866
564.64642
568.32712
570.83794
571.21492
572.35528
572.98246
573.15820
573.89500
575.77162
575.79142
577.51186
579.69538
581.40574
582.56716
582.60046
585.22978
588.07504
591.75412
592.20706
593.05894
598.24774
600.36448
600.63862
602.36494
603.02932
604.28518
604.49158
604.71478
605.14882
607.98100
608.64760
612.46174
612.96448
615.87142
616.50478
616.74832
616.77484
617.52394
618.81802
626.43424
627.12430
628.50040
630.39610
631.94482
632.40526
632.47846
636.69172
636.83524
637.46872
637.57462
637.60180
637.97788
638.73484
638.91832
638.99710
639.03472
639.08500
639.26824
639.61534
640.25122
640.70398
641.08450
641.35120
644.99800
649.01620
649.04272
649.12750
649.37752
650.01424
651.47734
655.83316
657.94972
657.96622
658.11340
658.70284
659.35210
660.65890
660.85234
667.11514
668.31802
671.56270
672.61498
673.56772
676.50178
677.91778
677.92444
679.50034
679.50766
681.56824
682.02448
687.01804
688.64938
689.58502
689.60578
690.69898
692.71528
692.78626
693.93910
693.97510
694.37188
695.80336
696.26098
696.50800
696.52006
698.74168
699.30784
701.85562
703.94122
703.97488
703.99858
704.35276
705.70804
706.60822
708.28204
708.33682
710.44138
712.47250
713.03932
715.09168
715.31584
715.43482
716.46610
716.51608
718.16920
719.69248
719.69692
719.69992
720.12634
723.07354
725.28856
725.40070
727.65130
727.99348
728.29384
733.38826
734.04496
735.17158
736.48588
736.83286
736.87216
737.49604
737.78602
738.02644
738.14662
740.53360
741.77470
743.12836
745.22788
746.54752
746.61532
747.27166
747.55036
747.70552
748.26490
748.83106
748.95226
749.64814
749.75278
749.96206
751.14844
751.21264
752.44222
754.35688
757.66048
758.05012
759.70072
763.61860
768.30016
768.32932
768.34264
768.90304
769.81960
771.05740
773.81500
776.07802
776.85232
776.94388
776.94742
780.28828
787.85692
788.44276
790.67122
791.01730
791.34046
791.80732
792.27778
793.32094
793.41460
797.87446
797.90824
799.82548
800.09206
804.62650
804.77638
805.98400
811.89220
811.91158
811.91596
814.34590
815.90308
816.70018
817.85092
819.60364
823.21432
823.33078
823.45786
825.96904
827.80822
828.49822
829.13140
830.37826
830.52904
831.01528
832.92580
834.03910
836.17258
836.33926
839.63710
839.88244
841.99912
842.34934
842.99260
843.06292
843.95638
844.05364
844.11316
845.65648
846.73264
847.64686
852.91042
853.55728
855.52168
855.82102
856.60336
858.94114
859.09384
859.81582
859.82794
860.09806
860.71258
861.00544
865.30864
867.01204
867.06592
868.02850
868.16872
868.96882
869.41234
869.51242