0.03184
0.09262
0.29488
0.33832
0.36910
0.68782
0.79816
0.83830
0.90220
0.96628
1.12720
1.14406
1.18402
1.23862
1.39834
1.41766
1.46470
1.59544
1.68916
2.00842
2.10262
2.29624
2.31520
2.35162
2.36836
2.60194
2.61964
2.63884
2.70142
2.91814
3.06862
3.14494
3.40444
3.46330
3.89224
3.92062
3.96022
4.00390
4.02358
4.18888
4.31770
4.44940
4.53568
4.59058
4.67266
4.99510
5.07784
5.09902
5.21848
5.26486
5.41426
5.47030
5.51890
5.58766
5.64154
5.70094
6.03376
6.16480
6.20152
6.27820
6.32524
6.34210
6.46804
6.48124
6.62152
6.66172
6.81196
7.01986
7.09882
7.30528
7.43734
7.49242
7.53478
7.78240
7.80148
7.88716
7.94494
7.95400
8.00116
8.13436
8.30344
8.47786
8.50126
8.58112
8.66392
8.76592
8.80516
8.93488
9.01090
9.12496
9.29164
9.40636
9.42454
9.55378
9.60058
9.62788
9.65452
9.71566
9.72214
9.76174
9.82300
9.82804
9.85390
9.99052
10.00420
10.09474
10.11442
10.36102
10.48834
10.61470
10.80118
10.92142
11.15794
11.16946
11.46922
11.56690
11.68462
11.76550
11.84398
11.89852
11.90392
11.96752
12.19060
12.46114
12.61684
12.92026
13.06408
13.16416
13.22422
13.25392
13.28764
13.37152
13.45102
13.47196
13.49176
13.53190
13.59040
13.64512
13.66720
13.71406
14.02342
14.28820
14.36260
14.39410
14.43760
14.47768
14.48038
14.64448
14.72704
14.73748
14.74360
14.79106
14.81104
14.99410
15.26404
15.38998
15.40114
15.55108
15.77722
15.82798
15.84460
15.98704
15.99628
16.13674
16.21438
16.47340
16.81420
17.06512
17.22016
17.52484
17.63092
17.70370
17.74462
18.08218
18.24454
18.27766
18.50314
18.51436
18.60082
18.62068
18.72424
18.78682
18.98224
19.21048
19.44844
19.54342
19.61854
19.63708
19.78162
19.83850
20.03548
20.10478
20.18398
20.21044
20.34742
20.38672
20.45032
20.50366
20.62012
21.12340
21.16792
21.20338
21.21082
21.30646
21.44734
21.83188
22.11466
22.21996
22.26070
22.37788
22.45366
22.50328
22.56988
22.76086
22.81078
22.81924
22.84384
22.88344
22.93864
23.06398
23.39692
23.68540
23.80774
23.92432
23.98588
24.04114
24.13642
24.23728
24.31462
24.67696
24.68764
24.84214
24.99430
25.45108
25.45408
25.54258
25.56388
25.74466
25.83670
25.89484
25.93192
25.95748
26.06236
26.10028
26.15728
26.23780
26.27488
26.45038
26.55106
26.64850
26.76688
26.82124
27.09286
27.19846
27.23980
27.27346
27.55006
27.57100
27.70660
27.81322
28.00054
28.07332
28.09060
28.16698
28.20748
28.23772
28.37578
28.49134
28.51090
28.51414
28.55086
28.76704
29.26114
29.39758
29.54032
29.58694
29.65708
29.98348
30.04624
30.06472
30.10378
30.29398
30.39472
30.51082
30.59158
30.72226
30.77200
30.88696
30.92242
30.97762
31.03360
31.05382
31.16410
31.46704
31.55296
31.60402
31.72450
31.93006
31.99966
32.03782
32.13676
32.15716
32.16022
32.35378
32.37454
32.60350
32.62606
32.64382
32.66206
32.77450
32.97394
33.04246
33.13726
33.22828
33.46864
33.48616
33.62644
33.71038
33.72970
33.74068
33.75688
33.82060
33.92404
34.04680
34.15348
34.24906
34.30132
34.40716
34.47646
34.54678
34.67980
34.75798
34.85590
35.10442
35.18734
35.28442
35.29672
35.34274
35.59678
35.97058
36.02812
36.18604
36.36340
36.56776
37.06018
37.49302
37.59394
37.64284
37.76680
37.76950
37.82974
37.84780
37.88134
37.99990
38.07214
38.18584
38.22052
38.55364
38.62672
38.72698
39.01852
39.05866
39.10516
39.29620
39.59608
39.64750
39.76234
39.85054
39.86794
39.90700
40.06240
40.15534
40.35394
40.39186
41.03782
41.06620
41.12710
41.18368
41.21950
41.24326
41.36632
41.86960
41.90788
42.04282
42.15922
42.30946
42.32572
42.40420
42.48670
42.73192
42.85012
42.93652
42.95368
43.04746
43.15690
43.17376
43.18630
43.22032
43.23928
43.79296
43.83004
43.86622
44.07400
44.09374
44.51626
44.84932
44.93116
45.52984
45.57196
45.62392
45.73414
45.79612
45.83932
45.85864
45.91924
46.01674
46.21288
46.35346
46.45900
46.47364
46.59538
46.89064
46.99048
47.51716
47.63122
47.98636
48.10306
48.33106
48.37444
48.68650
48.77728
48.78646
48.86116
48.98500
49.36204
49.46686
49.69306
49.83694
49.86358
50.14156
50.19994
50.22040
50.29912
50.58358
50.73130
50.91382
50.96920
51.09970
51.28636
51.41722
52.00864
52.12786
52.17328
52.48018
52.48696
52.57852
52.67266
52.85458
52.93354
52.95340
53.09704
53.13940
53.15884
53.34442
53.37472
53.51206
53.62528
54.00844
54.21520
54.40150
54.66532
55.15708
55.38448
55.59220
55.85392
55.87078
56.12584
56.16052
56.22088
56.27092
56.39836
56.49526
56.68126
56.88472
57.03832
57.25300
57.27148
57.34762
57.38782
57.76816
58.10770
58.20886
58.23106
58.25704
58.29178
58.46488
58.54534
58.56454
58.61758
58.90846
58.95424
59.10838
59.29378
59.31250
59.39818
59.59852
59.63800
59.72146
59.73052
59.77156
60.05266
60.15208
60.17392
60.51244
60.55234
60.56722
60.76120
60.76558
61.03534
61.06816
61.17574
61.24570
61.69930
61.77598
61.90546
61.94164
62.15290
62.16508
62.33500
62.49802
62.55250
62.56594
62.62036
62.76544
62.85952
62.86336
63.13984
63.23152
63.30430
63.42712
63.78010
63.81208
63.86950
63.96760
64.04530
64.31818
64.37296
64.42414
64.46320
64.57882
65.24128
65.34004
65.39614
65.55994
65.57146
65.72284
65.74408
65.85658
65.98000
66.03676
66.15634
66.22324
66.26662
66.34396
66.40780
66.54838
66.57118
66.72058
66.79606
66.84232
67.00360
67.09486
67.11220
67.34434
67.38706
67.47736
67.64722
67.77742
67.85782
67.89304
68.15074
68.35834
68.37730
68.53552
68.57584
69.05386
69.11098
69.28834
69.33370
69.39424
69.48880
69.70456
69.91438
70.00438
70.07062
70.30744
70.54414
70.60372
70.73062
70.81096
70.84708
70.88620
70.98772
71.04304
71.05450
71.17360
71.27242
71.31796
71.33764
71.38762
71.92534
72.01354
72.04744
72.05338
72.12178
72.13924
72.36232
72.45892
72.51058
72.52852
72.62488
72.65518
72.93628
72.96250
73.10020
73.22980
73.31170
73.32526
73.41052
73.67992
73.69924
73.79386
73.86844
73.96438
74.01754
74.11846
74.13220
74.25166
74.26546
74.45794
75.05824
75.21538
75.23020
75.37594
75.55894
75.56416
75.77542
75.88888
75.91222
76.07296
76.12228
76.17874
76.22932
76.44556
76.75594
76.93654
77.02024
77.08894
77.25106
77.28898
77.36290
77.58934
77.62312
77.63590
77.70004
77.71486
77.83420
77.86618
77.87974
78.00862
78.19984
78.24958
78.26056
78.64030
78.67966
78.74158
78.86644
79.21306
79.26004
79.31608
79.35958
79.58314
79.93894
79.96180
80.06452
80.33014
80.42266
80.44276
80.56198
80.57956
80.58328
80.65906
80.93998
81.03118
81.12490
81.40318
81.52000
81.52312
81.68542
81.69634
81.93052
81.98374
82.07512
82.16986
82.31968
82.43812
82.69354
82.91284
83.07310
83.18086
83.21620
83.32150
83.38684
83.42452
83.59594
83.65840
83.79316
84.00784
84.09016
84.11134
84.38098
84.44380
84.50800
84.57412
84.59992
84.69754
84.73666
84.88996
85.07980
85.65064
85.65496
85.71760
85.84060
85.90780
86.17744
86.21704
86.24098
86.44708
86.59066
86.66980
86.74738
86.77102
86.92102
87.03646
87.10660
87.16672
87.30124
87.39586
87.43468
87.49468
87.87082
88.25644
88.33270
88.37104
88.41136
88.42522
88.61884
88.67152
88.75696
88.92520
89.17528
89.23246
89.63572
89.67436
89.74918
89.78542
90.49012
90.56998
90.83854
90.99286
91.07854
91.21588
91.61110
91.71166
91.71898
91.87540
92.11060
92.16220
92.25928
92.38948
92.40538
92.47204
92.48470
92.50528
92.57512
92.68900
92.74090
92.74378
92.75866
92.86180
92.95222
93.06604
93.08440
93.13978
93.19534
93.31780
93.36718
93.67318
93.82840
93.88438
93.98620
94.10956
94.12894
94.28902
94.34770
94.48900
94.51342
94.56856
94.85746
94.88464
95.31214
95.38996
95.43604
95.48104
95.59168
95.84170
95.85400
95.89858
95.91940
96.27958
96.32296
96.34660
96.48964
96.50974
96.52252
96.53530
96.59554
96.79504
96.81604
97.00282
97.15744
97.52140
97.59238
97.61860
97.67356
97.84000
97.85536
97.93564
98.48476
98.86324
98.90236
99.03274
99.13636
99.28582
99.52246
99.96598
100.00228
100.02238
100.20268
100.31614
100.52338
100.68922
100.71922
100.94596
101.04592
101.08462
101.29984
101.31508
101.41234
101.43256
101.54638
101.65960
101.84584
101.92198
101.99572
102.06826
102.24226
102.62818
102.71122
102.87592
102.89248
103.08430
103.09972
103.12144
103.37170
103.37482
103.42852
103.48282
103.58266
103.92682
104.26270
104.65222
104.66692
104.86150
105.57556
105.85978
105.87838
106.49098
106.66888
106.78198
106.85476
106.99072
107.23156
107.36782
107.54158
107.84776
107.88400
108.12148
108.27778
108.32362
108.39880
108.58972
108.73180
108.81070
108.89080
108.90844
108.93178
109.01074
109.17922
109.21216
109.44448
109.46698
110.11330
110.19208
110.20432
110.34478
110.36374
110.47396
110.56006
110.65762
110.67712
110.95042
111.07420
111.18868
111.19402
111.29458
112.05790
112.07668
112.38160
112.65274
112.67080
112.91530
113.37682
113.39356
113.43706
113.44336
113.56792
113.63770
113.79076
114.08740
114.55420
114.64672
114.69916
114.72718
114.74734
114.78400
114.78760
114.83866
114.89488
115.15714
115.17556
115.55332
115.67014
115.73062
115.85992
116.05990
116.22022
116.63716
116.65660
116.67898
116.77270
117.05674
117.14056
117.23626
117.40246
117.73648
117.84790
117.98896
118.01404
118.05382
118.10260
118.16920
118.20994
118.27174
118.28998
118.30666
118.63978
118.88986
119.05456
119.07652
119.33362
119.49226
119.55454
119.64064
119.94058
120.03802
120.39898
120.44206
120.44830
120.49294
120.51034
120.59008
120.81310
121.10206
121.12570
121.48216
121.56286
121.73362
121.77532
121.79410
121.87042
121.91158
121.93450
122.03212
122.09266
122.16688
122.38582
122.44006
122.50456
122.51878
122.57926
122.58940
122.66878
122.70088
122.85196
122.85964
122.93872
123.01990
123.31564
123.36052
123.40192
123.41254
123.43846
123.51820
123.55198
123.55786
123.81562
123.93016
124.02730
124.04134
124.20166
124.31488
124.50844
124.61524
124.65898
124.78612
124.86820
125.37148
125.39566
125.51278
125.53510
125.61478
125.83822
125.99992
126.09628
126.41476
126.60070
126.82426
126.94996
126.96484
127.18180
127.19530
127.23160
127.40950
127.45126
127.58020
127.64164
127.78024
127.85860
128.06134
128.22478
128.38006
128.56438
128.60140
128.75926
128.79946
128.81650
128.86732
129.02116
129.09130
129.12106
129.15394
129.33736
129.47758
129.51976
129.55708
129.64036
129.69034
129.77404
129.82906
129.86668
130.30180
130.32076
130.51744
130.67032
131.21992
131.28754
131.47246
131.49610
131.55100
131.65894
131.85004
132.21292
132.36598
132.40066
132.43636
132.70354
133.21936
133.28272
133.36546
133.45948
133.49998
133.64638
133.78966
133.89202
134.19166
134.28370
134.36938
134.39602
134.93548
135.00940
135.09238
135.34738
135.48862
135.72526
135.78160
135.85822
135.88840
135.90160
136.31230
136.31506
136.32640
136.35508
136.46752
136.83082
137.03200
137.04514
137.46124
137.69542
137.78812
137.80486
137.82556
137.85466
138.02134
138.11470
138.45292
138.47200
138.55192
138.56818
138.74752
138.74920
138.88126
138.90148
139.17556
139.23166
139.38160
139.50124
139.57810
139.67776
139.71562
139.75498
139.79902
139.85122
139.86274
139.88458
139.95820
140.01586
140.08174
140.34034
140.59150
140.66806
140.75392
140.87998
141.17926
141.29782
141.37786
141.40066
141.50320
141.60526
141.68992
141.69802
141.77428
141.78028
141.78670
141.87814
142.17244
142.28974
142.32964
142.34710
142.39000
142.64728
142.71718
143.10712
143.18776
143.47390
143.48062
143.66050
143.83372
143.84260
143.90050
144.04282
144.42874
144.47680
144.48784
144.51958
144.69628
144.84052
145.00018
145.09690
145.15060
145.30072
145.32700
145.64362
145.95334
146.23534
146.33566
146.36290
146.72878
147.05716
147.11908
147.42370
147.55228
147.80278
147.82888
148.35610
148.45516
148.49578
148.75234
148.84198
148.88920
148.89724
149.06614
149.31598
149.56426
149.69296
149.70484
149.74852
149.76982
149.90338
150.02482
150.06430
150.31894
150.34258
150.57574
150.57898
150.66454
150.70756
150.81172
150.81874
151.22884
151.31686
151.36162
151.56472
151.57588
151.68058
151.71310
151.73776
151.78528
151.86220
151.99678
152.16310
152.16532
152.18476
152.48350
152.69206
152.89486
152.98168
153.00880
153.03490
153.06808
153.11494
153.38872
153.41044
153.42802
153.48910
153.77884
153.85216
154.04986
154.21828
154.26502
154.33900
154.46416
154.71556
154.79920
154.91290
155.39854
155.52400
155.54896
155.57104
155.80930
155.87038
155.88538
155.97364
155.99488
156.03532
156.32602
156.48544
156.70924
156.72802
156.91774
156.94780
157.02160
157.26088
157.38394
157.68154
157.70170
157.72102
157.73842
157.74172
157.74424
158.19004
158.24494
158.30326
158.34124
158.36176
158.50450
158.51362
158.53204
158.57128
158.58796
158.61070
158.79322
159.11416
159.13342
159.15328
159.31666
159.38746
159.40798
159.44776
159.55018
159.72682
159.87742
159.93478
159.99772
160.01212
160.02412
160.23748
160.39738
160.41946
160.55608
160.57552
160.61794
160.67656
160.72072
160.88350
160.90234
161.12062
161.12650
161.28304
161.34724
161.39320
161.60476
161.74630
161.87386
162.08926
162.31072
163.16530
163.24666
163.28272
163.29904
163.46104
163.52332
163.87570
163.90324
164.05540
164.21578
164.23270
164.23792
164.45980
164.57584
164.58970
164.66890
164.75614
164.82340
164.90284
164.92606
165.00244
165.12214
165.16372
165.55618
165.57232
165.69316
165.79324
165.82276
165.97288
165.97612
166.05892
166.29568
166.37662
166.57072
166.64782
166.76116
166.97404
167.03176
167.04328
167.05060
167.06554
167.51152
167.55778
167.67622
167.73826
167.76880
167.77894
167.93128
168.38068
168.61078
168.65788
168.85846
169.03012
169.34554
169.40800
169.47262
169.51138
169.62778
169.81360
169.83328
170.16814
170.39392
170.41516
170.51338
170.73730
170.89942
171.02098
171.17326
171.17734
171.18424
171.30088
171.50692
171.68086
171.78118
171.92344
171.92602
171.94618
172.40368
172.60984
172.62016
172.87036
172.99636
173.11618
173.13346
173.19958
173.49052
173.55610
173.83750
173.91982
174.03688
174.22258
174.43912
174.84460
174.92272
175.20574
175.29208
175.36252
175.56874
175.58650
175.60540
175.64224
175.70944
175.93528
175.97548
176.03596
176.05966
176.08492
176.23822
176.33848
176.59564
176.61922
176.73862
177.06586
177.08686
177.12844
177.20548
177.36592
177.42388
177.49552
177.49918
177.53806
177.79924
177.84598
177.96574
178.22452
178.46866
178.56592
178.88404
178.92196
178.99678
179.03182
179.08948
179.27758
179.77138
179.84830
179.96734
180.00922
180.22480
180.23422
180.29824
180.31630
180.39508
180.42766
180.43882
180.48154
180.53902
180.62080
180.64156
180.76744
180.90136
180.97984
181.02220
181.06516
181.07698
181.13440
181.18162
181.45354
181.50100
181.53106
181.71064
181.74808
182.54362
183.17074
183.19114
183.20650
183.22672
183.36394
183.65350
183.65944
183.97294
184.18048
184.32382
184.36474
184.38526
184.55962
184.60000
184.78018
184.78276
184.94008
185.13604
185.29744
185.48518
185.52580
185.61040
185.82556
185.86312
185.88238
185.92090
186.12526
186.22216
186.28288
186.52330
186.62296
186.69616
186.70126
186.84652
186.92560
186.95308
186.99292
187.14898
187.18630
187.26262
187.28002
187.37626
187.48228
188.35246
188.59480
188.78194
188.79934
188.85892
189.05590
189.08224
189.09892
189.11566
189.33790
189.35884
189.57646
189.61798
189.69118
189.70804
189.73120
189.83830
189.85786
189.93742
189.96094
190.29844
190.42762
190.62436
191.06038
191.10148
191.13772
191.25730
191.56834
191.58814
192.13066
192.40234
192.42376
192.53794
192.56476
193.32598
193.51450
193.81186
193.85734
193.92058
194.13052
194.35216
194.41132
194.57758
194.73772
194.75038
194.82052
194.89468
195.31846
195.40174
195.74500
195.91642
196.07962
196.37938
196.66378
196.71718
196.89730
197.23690
197.42074
197.46082
197.58970
197.75998
197.85016
197.93242
197.94904
197.96914
198.22384
198.28924
198.72040
198.87610
198.90676
199.07050
199.21942
199.30432
199.59562
199.67188
199.68868
199.78540
200.06164
200.13826
200.23408
200.40586
200.58586
200.59126
200.72914
200.79946
200.81986
200.82298
201.04882
201.15238
201.24550
201.35488
201.45538
201.51250
201.78190
201.84220
201.93310
202.33228
202.39924
202.45870
202.68592
202.76464
202.80934
202.83556
202.97860
203.17108
203.22802
203.33818
203.39794
203.41138
203.48800
203.49616
203.63788
203.65186
203.81458
203.84506
203.93158
203.96236
203.97118
203.97766
204.03112
204.10828
204.19210
204.28468
204.29212
204.39478
204.70486
204.74980
204.91894
204.94486
205.05808
205.40368
205.43458
205.44748
205.48486
205.50598
205.54840
205.74490
205.85842
205.90102
206.15428
206.23468
206.25352
206.40736
206.45506
206.51482
206.82556
207.32470
207.53068
207.53758
207.59386
207.69448
207.91672
208.02064
208.03744
208.22050
208.41730
208.51072
208.67338
208.75084
208.88404
208.95778
209.02354
209.06308
209.12662
209.27062
209.40304
209.44432
209.52028
209.53810
209.78722
209.84704
210.10804
210.17146
210.22762
210.38032
210.40354
210.51580
210.57568
210.66436
210.84826
210.96352
211.00732
211.06792
211.39792
211.50358
211.77454
211.81738
212.08468
212.35702
212.59126
212.80096
212.86042
212.90080
212.97322
213.05314
213.10372
213.15040
213.28636
213.34588
213.59704
213.62722
213.66064
213.76978
213.81370
213.86974
213.89038
213.95566
214.06036
214.25338
214.28908
214.55356
214.74268
215.18590
215.25418
215.26420
215.39002
215.51980
215.98438
216.29848
216.61816
216.72586
216.90568
217.15654
217.19482
217.23586
217.25752
217.48414
217.49956
217.75024
218.04598
218.13160
218.15878
218.42224
218.48656
218.50720
218.58988
218.70376
218.71666
218.78608
218.98294
219.14812
219.16624
219.40618
219.56986
219.68944
219.87172
219.89194
219.91486
219.93604
219.95572
220.12546
220.29016
220.37308
220.45936
220.50214
220.58524
220.60960
220.98964
221.55184
221.68936
221.75602
221.84290
221.96638
222.02566
222.18628
222.22606
222.36574
222.42484
222.56968
222.68998
222.76618
222.86740
222.92872
223.17100
223.31140
223.34524
223.43446
223.48912
223.58590
223.69666
223.73518
224.08060
224.57872
224.64136
224.68972
224.82190
224.90884
225.23572
225.28156
225.33898
225.46948
225.60934
225.65140
225.91768
225.93430
226.09930
226.41238
226.61164
226.65910
226.81678
227.30254
227.51776
227.55166
227.86318
227.90128
228.12484
228.14476
228.16384
228.34498
228.36412
228.76102
228.83848
228.84178
228.89824
228.99352
229.08232
229.25848
229.37776
229.55134
229.65094
229.66792
229.76176
229.97182
229.99078
230.01088
230.42824
230.55100
230.69770
230.71816
230.73724
230.74792
230.77462
230.77714
231.11752
231.20488
231.32788
231.42514
231.50428
231.64462
231.78172
232.07008
232.42462
232.48174
232.54546
232.58404
232.68220
232.70092
232.78174
232.80154
232.88680
232.89862
232.99852
233.05060
233.38174
233.44354
233.71540
233.73682
234.03106
234.07762
234.21088
234.33166
234.41050
234.64120
234.65782
234.67366
234.68704
234.78382
234.97204
235.35124
235.56220
235.67254
235.67854
235.68778
235.79008
235.80076
235.91734
236.60464
236.71012
236.91052
236.98414
237.62050
237.63388
237.71680
237.75418
237.96370
238.10416
238.12378
238.22068
238.46674
238.50364
238.51660
238.88098
238.88356
238.99984
239.21674
239.31850
239.57632
240.02686
240.06664
240.12358
240.26416
240.37636
240.41782
240.54358
240.87700
240.89446
240.91384
240.93562
241.18072
241.35418
241.40080
241.42324
241.68340
241.74340
241.79980
242.20366
242.25694
242.33350
242.51716
242.55994
242.70976
242.92108
243.12652
243.12994
243.22210
243.24352
243.36688
243.40732
243.42382
243.44062
243.46006
243.91618
244.05034
244.23616
244.52398
244.52746
244.84696
244.90834
244.92598
244.98316
245.06290
245.07802
245.27266
245.29366
245.37370
245.60608
245.77012
245.85028
245.88748
245.97340
246.03718
246.07708
246.13576
246.27724
246.37414
246.71644
246.80698
246.90376
247.01608
247.04986
247.34182
247.42528
247.46386
247.93384
248.05072
248.08726
248.09386
248.15068
248.15356
248.28280
248.49028
248.70436
249.03868
249.15358
249.20932
249.23008
249.29350
249.34546
249.35422
249.62644
249.68866
249.78928
250.04662
250.06612
250.23016
250.37698
250.43686
250.49542
250.55332
251.04730
251.16634
251.20612
251.59018
251.78290
251.81878
251.92810
251.93968
251.97934
252.09670
252.25384
252.28666
252.29344
252.32332
252.37600
252.53680
252.76054
252.82930
252.90232
252.98326
253.07986
253.09462
253.16908
253.29076
253.73098
253.76608
254.04490
254.09332
254.14684
254.24968
254.26894
254.34622
254.44306
254.54146
254.77828
254.80402
254.95732
255.01678
255.35992
255.36670
255.44200
255.50254
255.61630
255.63550
255.79462
255.81682
256.03804
256.11382
256.18522
256.19626
256.24378
256.26664
256.29718
256.52074
256.64308
256.68298
256.70356
256.72012
256.93780
257.05420
257.30470
257.48116
257.49736
257.50108
257.82268
257.94346
258.03034
258.06706
258.16444
258.18676
258.42034
258.86698
258.95704
259.00480
259.13752
259.36246
259.56814
260.02684
260.16826
260.19412
260.42716
260.45086
260.90920
261.25714
261.30022
261.38386
261.73396
261.85390
262.05268
262.09276
262.17292
262.36600
262.42372
262.44622
262.64434
262.80022
262.94728
262.98496
263.03050
263.10856
263.17006
263.20750
263.34502
263.38684
263.39416
263.54140
263.57950
263.87326
263.95816
264.09370
264.18832
264.19150
264.21766
264.29770
264.57742
264.61720
264.63892
264.72148
264.91168
265.08430
265.30084
265.31458
265.41490
265.51462
265.52194
265.78474
265.84492
265.93852
265.96468
266.17558
266.48734
266.56294
266.71888
266.72818
266.73184
266.82874
267.14638
267.16570
267.19486
267.24502
267.49126
267.54364
267.92212
267.99154
268.17784
268.35238
268.39222
268.39840
268.47484
268.58746
269.20168
269.31538
269.61682
269.98528
270.00238
270.27868
270.29644
270.52546
270.66886
270.93910
271.01968
271.25278
271.25950
271.44850
271.66102
271.78312
271.84318
271.98520
272.08114
272.10232
272.14108
272.38912
272.67754
272.75518
272.94538
272.96884
273.32692
273.41596
273.42532
273.59878
273.67618
273.70246
273.88282
273.94192
274.01992
274.05016
274.19590
274.43584
274.51882
274.69354
274.89004
275.09038
275.14606
275.28874
275.34982
275.46196
275.57170
275.61310
275.69260
275.71066
275.85286
275.87548
275.96362
276.48652
276.55012
277.27654
277.33618
277.41040
277.44718
277.87372
278.00536
278.08276
278.29036
278.59660
278.61664
278.71978
278.72260
278.96446
279.20302
279.24028
279.57574
279.79990
279.83686
279.85720
279.90046
280.06702
280.16692
280.36114
280.60984
280.68328
280.70404
280.73860
280.84756
280.90336
280.99576
281.35330
281.50360
281.58190
282.15058
282.18016
282.20068
282.51664
282.71698
282.87028
282.88042
282.89506
282.96004
283.10038
283.39726
283.47034
283.63210
283.95466
284.06380
284.21512
284.30734
284.56414
284.71108
284.84476
284.91622
284.98726
285.12166
285.71908
285.79804
286.13596
286.28050
286.34068
286.43998
286.64068
287.01598
287.20084
287.21734
287.23714
287.29474
287.48452
287.49178
287.97346
287.99542
288.05902
288.48760
288.52810
288.72778
288.90796
289.08490
289.12480
289.22686
289.26796
289.28482
289.42114
289.81480
289.89196
289.96816
290.06842
290.21968
290.22580
290.26900
290.38174
290.43868
290.47660
290.53468
290.59168
290.62852
290.71960
290.74816
290.77756
290.78764
290.79862
290.82076
290.87170
291.40474
291.50680
291.64168
291.67102
291.69082
291.71212
291.89554
292.12102
292.17088
292.28140
292.49512
292.53934
292.77070
292.80124
293.13112
293.15062
293.19232
293.23246
293.39326
293.69020
294.39970
294.42166
294.53830
294.59836
294.98134
295.11532
295.15918
295.30876
295.45582
295.49848
295.62886
295.66756
295.70338
295.76176
295.80424
296.03788
296.05900
296.29912
296.32000
296.43538
296.58478
296.66554
296.73814
296.88820
297.20326
297.20530
297.34756
297.37900
297.38812
297.43108
297.56932
297.75520
297.92434
297.98596
298.14820
298.22500
298.28614
298.36246
298.41064
298.47184
298.49494
298.54516
298.56946
298.73146
299.12272
299.16088
299.24284
299.27578
299.31850
299.49730
299.53918
299.68966
299.78692
300.08206
300.22798
300.23926
300.49648
300.61852
300.65794
300.88162
301.02880
301.10152
301.20934
301.27564
301.33672
301.37572
301.97176
301.97380
302.11540
302.17138
302.25502
302.38876
302.89732
303.01774
303.07246
303.07702
303.24232
303.24550
303.26158
303.40546
303.41098
303.55318
303.61552
303.82204
303.96280
303.99238
304.04008
304.09936
304.15060
304.17604
304.20544
304.48576
304.59136
304.67944
304.71556
304.88002
304.90288
305.00842
305.07940
305.33884
305.44894
305.47162
305.51926
305.64964
305.91250
305.95030
306.55276
306.63424
306.90040
306.95008
306.97336
307.00642
307.08520
307.14244
307.15912
307.19686
307.66756
307.71586
307.71922
307.94872
307.97638
307.98250
308.10856
308.14264
308.29954
308.32246
308.33914
308.42224
308.58616
308.97502
309.15964
309.28030
309.37750
309.61600
309.77494
309.79360
309.85048
309.85576
309.88918
310.03840
310.30486
310.46716
310.47970
310.59310
310.80130
311.21626
311.23288
311.25340
311.33932
311.68216
311.88442
311.92498
312.06034
312.12352
312.12652
312.22504
312.64912
312.76240
312.77686
313.01602
313.15582
313.31518
313.43938
313.46992
313.83016
313.91122
314.02750
314.08618
314.15032
314.16952
314.18896
314.27350
314.29300
314.43004
314.48758
314.81182
314.83378
315.00730
315.11410
315.17368
315.39934
315.61966
315.66274
315.69622
315.76162
315.82708
316.02646
316.05646
316.24222
316.26112
316.30018
316.38886
316.60054
316.86064
316.89412
316.89682
316.94620
317.12272
317.15248
317.18494
317.30284
317.40004
317.45950
317.64358
317.68042
317.75566
317.79874
317.89390
317.89906
318.33958
318.50020
318.62998
318.75394
318.89704
319.00246
319.39780
319.46608
319.60900
319.71964
319.75570
319.77712
319.85368
319.93378
319.97776
320.16298
320.24362
320.47264
320.63620
320.84242
320.86372
320.90578
320.91982
320.94580
321.15922
321.32734
321.45988
321.49636
321.50182
321.57586
321.71788
321.79972
321.87952
321.90382
321.94294
322.23010
322.27300
322.37398
322.42408
322.56322
322.65430
322.67368
322.73650
322.97908
323.05348
323.08000
323.12254
323.17108
323.21218
323.28784
323.47942
323.69902
324.57514
324.59452
324.70210
324.81310
324.86278
324.94360
325.14160
325.20088
325.39588
325.58560
325.80574
325.92754
326.03242
326.12842
326.20984
326.30572
326.49364
326.61988
326.93380
326.93662
327.32638
327.36496
327.38602
327.40612
327.42724
327.58600
327.70348
327.71236
327.75544
327.83320
327.85000
328.18630
328.26310
328.27996
328.34020
328.37218
328.48678
328.61584
328.83160
328.89262
328.93708
328.95622
328.97680
329.07292
329.21032
329.23114
329.28400
329.37298
329.55622
329.61940
329.81632
329.90266
330.30316
330.39592
330.39934
330.54928
330.65158
330.67138
330.87304
330.99286
331.07104
331.13296
331.15348
331.38154
331.62040
331.67992
331.75726
332.01076
332.05318
332.18764
332.24356
332.43922
332.46022
332.52124
332.54344
332.61046
332.62270
332.63266
333.11026
333.11590
333.14968
333.19264
333.28450
333.32104
333.34534
333.40642
333.52018
333.61492
333.90076
334.01668
334.20550
334.57792
334.59838
334.70650
334.77712
334.92670
335.00344
335.00644
335.24206
335.36662
335.71984
335.98984
336.09532
336.17536
336.23692
336.29722
336.51970
336.60766
336.74860
336.76162
336.82546
336.88312
336.92302
336.96262
336.98980
337.28224
337.38940
337.45036
337.48786
337.49056
337.51036
337.63282
337.63672
337.70356
337.83700
338.04874
338.17426
338.19040
338.47492
338.54698
338.58982
338.88352
339.12052
339.23050
339.64120
339.80014
340.00606
340.02550
340.08868
340.16392
340.25614
340.26388
340.34050
340.37134
340.37638
340.46998
340.74730
340.85002
341.05084
341.23990
341.34268
341.40124
341.47930
341.70094
341.74630
341.82310
341.89954
341.94214
342.01660
342.02782
342.03100
342.41062
342.48322
342.52840
342.68344
342.70216
343.07890
343.13848
343.25782
343.39048
343.42702
343.51732
343.55722
343.67026
343.78342
344.00428
344.16358
344.20360
344.24740
344.28124
344.46388
344.85130
345.04294
345.25750
345.39988
345.49432
345.59740
345.62800
345.64738
346.15720
346.21438
346.25644
346.32004
346.37776
346.43674
346.53706
346.82326
347.01808
347.16664
347.18662
347.28376
347.55142
347.63992
347.68372
347.76586
347.95336
348.14902
348.16066
348.31654
348.33982
348.42754
348.59014
348.63358
348.82294
348.96232
348.98194
349.25638
349.44106
349.65604
349.68076
349.68514
349.76392
349.90672
350.15740
350.19388
350.21194
350.21422
350.44384
350.58724
350.64670
350.66584
350.78026
351.02800
351.15394
351.31078
351.37204
351.38422
351.51292
351.55606
351.71110
351.77398
351.92134
352.48402
352.66162
352.70206
352.74334
352.89208
352.90924
353.02078
353.08324
353.10244
353.16112
353.18554
353.32732
353.35702
353.38672
353.64670
353.66416
353.74672
353.87488
353.88892
353.95078
354.18082
354.43558
354.72412
354.76072
354.95350
355.00450
355.01266
355.03120
355.07206
355.16128
355.22002
355.24426
355.59292
355.64734
355.70752
355.73326
355.83328
356.14468
356.17648
356.18764
356.20726
356.30176
356.40166
356.52784
356.66056
356.80084
356.86780
357.01870
357.07408
357.43438
357.56650
357.89650
357.99772
358.05436
358.15732
358.16164
358.39516
358.41190
358.55590
358.59568
358.67524
359.15542
359.31844
359.38342
359.58850
359.89684
359.90446
360.15520
360.21910
360.32902
360.52228
360.66490
360.86212
361.44166
361.45822
361.49722
361.51816
361.88842
361.90828
362.07568
362.12950
362.15872
362.28214
362.32306
362.35786
362.52898
362.58178
362.61844
363.32566
363.33394
363.68812
363.70666
363.76570
364.49044
364.61452
364.63396
364.65034
364.90918
365.21872
365.38150
365.44540
365.45188
365.56624
365.58574
365.63566
365.70376
365.71234
365.80948
366.38284
366.38962
366.53290
366.81124
366.83080
366.93310
367.30888
367.31326
367.35916
367.56478
367.65400
368.25226
368.27416
368.41144
368.43280
368.47030
368.58574
368.68012
369.38314
369.51328
369.56614
369.59242
369.63604
369.69652
369.73684
369.79570
369.84280
369.93304
370.02634
370.13164
370.20634
370.24396
370.67284
370.78228
370.88470
371.24890
371.32816
371.54908
371.59126
371.61682
371.68678
372.19702
372.36976
372.38632
372.52678
372.68332
372.74656
372.78682
372.94564
373.04662
373.06354
373.14370
373.16596
373.21876
373.24390
373.26400
373.51012
373.62922
373.72714
373.80286
373.81000
373.90168
373.96396
374.11060
374.18998
374.35012
374.47162
375.05008
375.23362
375.27664
375.79372
376.26376
376.51444
376.60678
376.77358
376.78102
376.98448
376.99780
377.07802
377.08132
377.12146
377.21200
377.26168
377.27458
377.49214
377.57428
377.61064
377.86708
377.99014
378.13054
378.51748
378.53092
378.79438
378.86158
378.97138
379.00882
379.06522
379.28398
379.31476
379.34242
379.43764
379.61710
379.64032
379.85188
380.15638
380.19448
380.21572
380.63860
380.70340
381.21574
381.92794
382.04230
382.08490
382.25218
382.37686
382.47214
382.56832
382.69654
382.86574
382.88170
383.13250
383.36590
383.61190
383.65174
383.69584
383.77228
383.86888
383.92360
383.99278
384.01552
384.05254
384.10858
384.15250
384.51898
384.55528
384.70576
384.72598
384.95566
385.03264
385.18798
385.27660
385.31926
385.66204
385.66810
385.70260
385.74502
385.99972
386.00260
386.15164
386.24986
386.50024
386.94814
387.03550
387.05452
387.28330
387.34660
387.45232
387.48928
387.63478
387.70876
387.75166
387.88282
387.90328
387.94300
388.00942
388.08628
388.20070
388.42864
388.47064
388.62940
388.75924
388.86682
388.90702
388.95016
388.97116
389.00662
389.16970
389.20990
389.35540
389.68822
389.80300
389.97028
390.06274
390.15322
390.27142
390.42658
390.46246
390.46642
390.55252
390.57556
390.74626
390.82972
390.91324
391.03336
391.17490
391.22272
391.25764
391.44346
391.48048
391.66414
391.86928
391.92712
392.04964
392.23876
392.35612
392.66296
392.99998
393.02182
393.12244
393.34366
393.34702
393.63670
393.69916
393.77890
393.87706
394.02250
394.09336
394.24048
394.28164
394.31920
394.35646
394.41910
394.68262
394.73686
394.78816
394.80964
394.90882
395.11330
395.27644
395.38966
395.46070
395.68930
395.70652
395.93428
396.01252
396.20200
396.41296
396.46774
396.72778
396.85384
397.19572
397.54612
397.71358
397.89916
398.00308
398.33860
398.43172
398.47432
398.56558
398.80318
398.94928
399.08362
399.10600
399.18352
399.23650
399.27718
399.40024
399.46354
399.48736
399.57694
399.60382
399.65338
399.68356
399.80038
399.84070
399.89620
400.03642
400.19944
400.27834
400.28470
400.29574
400.45336
400.49884
400.61308
400.73638
400.75360
400.77922
401.05624
401.28730
401.34388
401.36962
401.38840
401.49292
401.55988
401.58034
401.61124
401.66320
401.73970
401.88394
401.92972
402.12898
402.16912
402.26314
402.28444
402.32098
402.36460
402.37732
402.87820
402.95296
403.03312
403.05016
403.13218
403.28728
403.37188
403.45258
403.65580
403.78048
403.98724
404.20726
404.27410
404.40814
404.52988
404.85100
404.86426
405.08572
405.09982
405.13450
405.20152
405.27844
405.28948
405.30010
405.68302
405.72928
405.74956
405.81244
406.20352
406.22338
406.30384
406.36450
406.61746
406.65784
406.67806
406.77430
406.79722
407.26270
407.28070
407.38708
407.46928
407.58724
407.69302
407.74420
408.20962
408.25084
408.51988
408.61192
408.84772
409.13074
409.37740
409.57702
409.71046
409.74904
409.85302
410.19676
410.23462
410.27314
410.37532
410.47066
410.64334
410.65048
410.68294
410.82094
410.88988
411.18982
411.24142
411.28414
411.32416
411.52120
411.66940
411.69760
411.70756
411.86746
412.03366
412.05106
412.42600
412.43440
412.61692
413.02690
413.06716
413.09710
413.17750
413.24938
413.32378
413.47348
413.48908
413.52556
413.54422
413.57752
413.62024
413.68378
413.69392
413.79436
413.96254
414.40504
414.42352
414.50320
414.51850
414.57724
414.70396
414.78130
415.28710
415.36444
415.57696
415.67992
415.71922
415.78054
415.85086
415.96168
415.98328
415.98658
416.05132
416.25550
416.46070
416.52754
416.56396
416.79706
416.88070
416.98732
417.36070
417.78172
417.78418
418.01068
418.08124
418.31074
418.44940
418.50148
418.56892
418.79674
418.87354
418.99534
419.01574
419.12074
419.13490
419.19646
419.47546
419.63968
419.65150
419.69422
420.13030
420.23338
420.25642
420.45352
420.48460
420.50110
420.50770
420.54676
420.70780
421.04410
421.08040
421.18624
421.26730
421.33078
421.42348
421.49068
421.52992
421.85116
422.03068
422.09080
422.15278
422.56858
422.62486
422.90362
422.99008
423.07396
423.15682
423.23386
423.40942
423.59080
424.14118
424.27486
424.31182
424.31470
424.43512
424.50766
424.58764
424.60438
424.78030
424.80112
424.82050
424.84420
424.88416
425.05696
425.06800
425.30266
425.36356
425.38180
425.48098
425.60104
425.64232
425.70694
425.80414
425.94472
426.10114
426.11296
426.33772
426.35902
426.61948
426.72286
426.87352
426.88432
426.93478
427.03792
427.17772
427.26424
427.51354
427.60336
427.73164
427.99066
428.07088
428.09164
428.10832
428.33092
428.34040
428.35414
428.51224
429.08830
429.10696
429.14086
429.14698
429.32512
429.39088
429.58714
429.60412
429.63016
429.66454
429.94198
429.98626
430.11040
430.28470
430.34806
430.56754
430.60132
430.60810
430.61080
430.61416
430.63390
430.86778
430.94824
430.96756
431.35828
431.37616
431.41048
431.52418
431.58544
431.64352
432.36358
432.48598
432.85666
433.02052
433.08706
433.74106
433.78042
433.97338
434.07340
434.54596
434.67646
434.74516
435.17686
435.26632
435.41278
435.92680
436.02022
436.05790
436.13842
436.25734
436.26016
436.31740
436.55512
436.56292
436.61992
436.64638
436.94686
437.09350
437.15314
437.25034
437.27026
437.33938
437.35414
437.41552
437.51314
437.54428
437.66728
437.85982
437.93290
437.97328
437.98192
438.07666
438.08374
438.17944
438.23992
438.39916
438.58552
438.89626
439.07386
439.12978
439.14772
439.29412
439.43080
439.46848
439.48660
439.65508
439.84006
439.92040
440.02636
440.12386
440.31010
440.41798
440.44636
440.72998
440.74900
440.88640
440.91286
441.14974
441.25060
441.29290
441.31300
441.71296
441.72952
441.97660
441.98980
442.60306
442.87960
442.92310
442.94248
442.96312
443.04022
443.09590
443.17426
443.21098
443.31058
443.43256
443.46322
443.51164
443.53690
443.61004
443.72842
443.83990
444.32650
444.37294
444.38428
444.41302
444.46678
444.59326
444.77278
445.00666
445.21312
445.25314
445.46038
445.63042
445.78690
446.09734
446.29378
446.44060
446.50480
446.70574
447.07828
447.49012
447.50980
447.59002
447.83212
447.91618
448.03264
448.07482
448.18066
448.18996
448.23322
448.46848
448.58446
448.62484
448.66744
448.70170
448.79944
449.01550
449.18368
449.28532
449.41252
449.59654
449.93956
450.03964
450.11698
450.19582
450.21694
450.23674
450.48682
450.62956
450.64318
450.71806
450.74080
450.81244
450.84292
451.07572
451.49560
452.05852
452.46226
452.61754
452.65624
452.79808
452.87962
453.30562
453.36682
453.38890
453.44728
453.46876
453.56866
454.17802
454.25704
454.26670
454.31140
454.44304
454.52326
454.56022
454.73206
455.00848
455.06722
455.13418
455.22628
455.33668
455.39920
455.72536
455.76712
455.78320
455.86714
455.87560
455.95264
456.13588
456.26494
456.36610
456.55912
456.76138
457.17538
457.19644
457.30678
457.34404
457.38424
457.48522
457.60672
457.70236
457.70590
457.86526
458.03458
458.11648
458.14078
458.20762
458.29546
458.54056
458.59954
458.61814
458.67322
458.71306
458.94922
459.08272
459.20968
459.31456
459.45070
459.63520
459.64756
459.70432
459.80248
459.99058
460.01170
460.12198
460.19326
460.24234
460.29940
460.46188
460.57660
460.94260
461.00500
461.21932
461.72812
461.96212
461.98210
462.03856
462.21526
462.29872
462.33700
462.42232
462.55822
462.59524
462.94456
462.96520
463.04902
463.15882
463.23562
463.30492
463.34836
463.38280
463.46776
463.54498
463.88230
464.19892
464.40238
464.74228
464.79778
464.83828
464.85640
464.87110
464.87482
464.94532
465.22624
465.26614
465.47410
465.66454
465.67642
465.90010
465.98302
466.06330
466.13224
466.13728
466.37152
466.58062
466.63504
466.65502
466.69684
466.75192
466.80166
466.81852
466.91578
466.97494
466.99426
467.03248
467.03728
467.37502
468.05632
468.17692
468.21070
468.25378
468.41512
468.54802
468.90556
469.11706
469.13752
469.24066
469.74520
470.02138
470.04502
470.08150
470.12224
470.18932
470.32390
470.45764
470.55382
470.61778
470.64640
470.67328
470.69380
470.70082
470.79400
470.84104
470.85412
471.14824
471.23074
471.24844
471.40672
471.51412
471.52678
471.55858
471.65626
471.84130
472.05748
472.07326
472.26496
472.37368
472.62418
472.66504
472.68712
472.72816
472.84840
472.87480
472.91752
472.94380
472.96462
473.02324
473.04394
473.22730
473.24680
473.26048
473.33476
473.34508
473.37418
473.58040
473.65054
474.09058
474.24712
474.57388
474.87394
474.93676
475.10068
475.13716
475.17754
475.25050
475.33894
475.39618
475.51426
475.51630
475.67650
475.72462
475.85386
476.08408
476.09716
476.33110
476.52922
476.55118
476.81122
477.00586
477.17680
477.27490
477.28420
477.29512
477.41674
477.83218
477.95584
478.04482
478.15264
478.27066
478.38346
478.41256
478.57144
478.68610
478.78618
478.93024
479.06692
479.11660
479.23096
479.39920
479.41060
479.71396
479.83024
480.08770
480.10810
480.34726
480.42742
480.48628
480.56620
480.59368
480.63334
480.75868
480.77722
480.81946
480.82342
480.88096
480.98896
481.06564
481.08352
481.12096
481.33576
481.43518
481.44622
481.67470
481.71562
481.77898
481.83988
482.03566
482.15800
482.23552
482.37934
482.50738
482.58868
482.63908
482.71624
482.87878
482.90944
482.93026
482.98234
483.14866
483.20974
483.32368
483.45916
483.66586
483.72232
483.82618
484.02640
484.34002
484.53568
484.54672
484.88206
484.94362
484.94692
485.14228
485.16496
485.18200
485.34130
485.55244
485.59378
485.78620
486.06208
486.31012
486.47494
486.60052
486.75178
486.77500
486.98212
487.03882
487.29418
487.31506
487.43134
487.62616
487.89274
488.07130
488.09746
488.15764
488.24074
488.38720
488.41786
488.72176
488.75776
488.84128
488.94778
489.16264
489.21466
489.21784
489.79048
489.84802
489.88792
490.06834
490.10662
490.30168
490.37926
490.87132
491.12746
491.27344
491.32324
491.64622
491.77774
491.82064
491.98108
492.09718
492.15610
492.17644
492.30046
492.50356
492.52318
492.81064
493.08442
493.24978
493.38976
493.52740
493.59952
493.70350
493.70698
493.79362
493.95622
493.97122
494.16490
494.18962
494.49994
494.58172
494.78620
494.82268
494.85274
494.96668
495.07084
495.20026
495.28558
495.29614
495.70330
495.84940
495.87496
496.00990
496.03198
496.04644
496.22650
496.45258
496.56658
496.65238
496.76890
496.80868
496.81516
496.94440
497.08798
497.41000
497.49514
497.74840
497.83888
497.97886
498.07600
498.08854
498.11740
498.20164
498.26536
498.44398
498.48340
498.52834
498.56704
498.65452
498.74524
498.78136
499.13830
499.27834
499.45192
499.58716
499.71412
499.99510
500.29816
500.43034
500.60158
500.77372
500.80102
500.89822
500.96134
500.98744
501.00388
501.06034
501.25372
501.26128
501.36658
501.47014
501.77464
501.78736
501.93454
501.96772
502.13974
502.29436
502.63378
502.71184
502.77328
502.79092
502.84096
502.84684
502.86604
502.99726
503.04070
503.26360
503.34058
503.35786
503.39986
503.41726
503.53630
503.67226
503.68618
503.79256
503.85298
503.91052
503.95228
503.98636
504.28060
504.39730
504.41584
504.55576
504.68668
504.72712
504.82318
504.83602
504.88966
505.42972
505.49068
505.77604
505.89586
505.95484
505.99006
506.14354
506.18050
506.41894
506.56276
506.61982
507.05260
507.13504
507.21208
507.68272
507.75262
508.12120
508.35202
508.45270
508.51612
508.78648
509.38522
509.43382
509.55880
509.91880
510.35818
510.51682
510.75568
510.77242
511.48510
511.48894
511.56574
511.57252
511.60720
511.64506
511.68142
511.76746
511.82470
511.87516
511.92472
511.97824
512.24512
512.32240
512.62198
512.81140
512.89102
512.98306
513.11122
513.17416
513.32812
513.66886
513.67126
513.72586
513.76564
513.82936
513.85336
513.93448
513.94462
513.96178
514.27786
514.38370
514.42774
514.45804
514.50766
514.52014
514.58068
514.69432
514.76110
514.78096
514.89880
515.01850
515.25112
515.32732
515.49484
515.55010
515.79604
515.81734
515.93710
515.97478
516.13780
516.18736
516.20806
516.33382
516.77278
517.04296
517.06402
517.13194
517.29496
517.49110
517.60582
517.61074
517.75738
517.99072
518.05054
518.18380
518.36656
518.42902
518.50096
518.55766
518.91754
519.00448
519.08692
519.12694
519.17134
519.19456
519.50218
519.59476
519.60412
519.71668
519.85258
520.17382
520.53316
520.57090
520.58812
520.70392
520.83970
520.93648
520.99318
521.03494
521.15968
521.17996
521.36614
521.41696
521.48254
521.70676
521.76328
521.93902
521.98954
522.00340
522.11608
522.17584
522.33736
522.50614
522.64354
522.70654
522.74632
522.88606
522.92332
522.93256
522.95194
522.96268
522.98074
523.04404
523.09354
523.18966
523.31350
523.54456
523.61950
523.73872
523.79842
523.86550
523.87324
523.98862
524.00734
524.04406
524.18872
524.21134
524.48830
524.58256
524.66278
524.69524
524.87686
524.97202
525.13960
525.15646
525.16246
525.46762
525.52306
525.70618
525.75358
525.88942
526.06516
526.42642
526.48306
526.51558
526.97470
527.04562
527.19586
527.27560
527.31856
527.45098
527.45566
527.53702
527.78170
528.00226
528.00520
528.04822
528.05872
528.06292
528.39958
528.40546
528.45256
528.56578
528.78010
528.85726
528.99784
529.02004
529.13116
529.14244
529.20220
529.37638
529.39816
529.64632
529.71856
530.16520
530.28160
530.31814
530.32198
530.59318
530.87932
531.04744
531.08512
531.22534
531.39250
531.43024
531.46612
531.48466
531.53500
531.75328
531.79420
531.86260
532.11400
532.15654
532.40476
532.46590
532.72264
532.76836
532.84888
533.05762
533.10034
533.17816
533.21092
533.50126
533.50750
533.72728
533.76748
533.81008
534.21724
534.22090
534.35890
534.40090
534.42010
534.49708
534.61372
534.77728
534.81628
534.86434
534.91390
535.39432
535.66456
536.00704
536.03500
536.24218
536.28598
536.31490
536.34574
536.40844
536.55754
536.70562
536.92618
537.00934
537.12334
537.30868
537.36964
537.40420
537.48712
537.58582
537.68620
537.74392
537.78046
537.88090
537.90970
538.06744
538.23412
538.47040
538.49644
538.55860
538.58716
538.78750
538.80784
538.81966
539.17306
539.19058
539.37376
539.44534
539.71720
539.84014
539.86066
540.27088
540.39784
540.50128
540.54388
541.09354
541.21894
541.48480
541.50676
541.58692
541.66618
541.68304
541.70098
542.39374
542.45350
542.57014
542.57278
542.74624
542.75620
542.86918
543.01360
543.06274
543.20044
543.45232
543.47656
543.49516
543.70276
543.95686
544.26340
544.28710
544.42372
544.57246
544.58728
544.60300
544.69306
544.71454
545.24554
545.26240
545.30362
545.37652
545.44114
545.54302
545.85004
546.24238
546.24598
546.55246
546.65902
547.08568
547.20952
547.62370
548.11504
548.13004
548.24584
548.27008
548.29210
548.40322
548.65780
548.77444
548.79088
548.81212
548.88658
548.92114
548.92348
548.94628
549.10456
549.15322
549.23308
549.40984
549.64582
549.78328
550.02322
550.31350
550.39312
550.51672
550.55422
550.57372
550.82596
550.85350
550.91722
550.95832
550.97584
551.11672
551.24914
551.51578
551.66848
551.71180
551.73622
551.75620
551.77516
551.90680
551.97160
551.99326
552.08854
552.23152
552.33580
552.53728
552.59908
552.82996
552.83278
552.91756
553.01890
553.03582
553.07746
553.11826
553.25578
553.31512
553.37902
553.53628
553.70824
553.78876
553.93966
554.05978
554.27260
554.33620
554.41090
554.44594
554.45428
554.54296
554.77552
554.83510
554.91424
555.00028
555.38464
555.50428
555.55264
555.56938
555.64210
555.72232
555.78904
555.92896
556.04626
556.09798
556.26658
556.35610
556.56946
556.57870
557.02552
557.14306
557.15266
557.24506
557.59996
557.61928
557.97316
558.03748
558.15142
558.19240
558.25984
558.33628
558.47872
558.58084
558.64786
558.88570
558.98638
559.24510
559.30198
559.39504
559.61788
559.65220
559.74988
559.78606
559.91200
559.96186
560.10982
560.17162
560.29258
560.31328
560.39272
560.55232
561.06160
561.26182
561.29650
561.31564
561.35788
561.48232
561.62176
561.77854
561.89368
561.93388
562.36918
562.44250
562.45504
562.71826
562.79176
562.84120
563.08948
563.12890
563.24254
563.65246
563.90692
563.97628
564.55048
564.76540
564.77926
564.85534
565.13488
565.25758
565.28236
565.47136
565.52992
565.64548
565.80118
565.86664
565.87210
565.88878
565.94974
566.09470
566.12836
566.31214
566.60980
566.73742
566.78578
567.36628
567.40564
567.46708
567.57910
567.68482
567.70684
567.77842
567.79234
567.81046
567.85570
567.98830
568.02664
568.04662
568.15972
568.28356
568.30816
568.36642
568.78126
568.79626
568.81984
569.09128
569.23156
569.27116
569.33098
569.39074
569.41216
569.47180
569.69446
569.77498
569.94292
570.00268
570.12976
570.15172
570.16060
570.16942
570.30700
570.52354
570.54430
570.58312
570.58696
570.64072
570.65548
570.79822
570.93868
570.95284
571.06504
571.10878
571.22236
571.33474
571.37608
571.41892
571.62478
571.68838
571.76206
571.83304
572.05930
572.30416
572.62606
572.65048
572.67274
572.68024
572.70832
572.79262
572.97262
573.29188
573.45730
573.49654
574.36672
574.40224
574.52662
574.66618
574.92970
575.05588
575.20198
575.30452
575.32612
575.34088
575.43892
575.45926
575.48182
575.74420
575.76712
575.95954
576.03202
576.06838
576.07288
576.11290
576.49588
576.57658
576.65578
576.74026
576.88342
577.08586
577.14844
577.32928
577.39006
577.41382
577.42306
577.48924
577.68304
577.72678
577.80322
577.92922
577.94368
578.12908
578.26234
578.52928
579.22174
579.28642
579.30658
579.36208
579.68884
579.75406
579.79948
579.93910
579.98182
580.02214
580.03366
580.04284
580.14376
580.14598
580.20490
580.46302
580.50358
580.56604
580.68916
580.72588
580.82428
581.02660
581.06902
581.19598
581.23600
581.38312
581.40616
581.48662
581.74618
581.78014
581.80252
581.84602
582.07378
582.64984
582.91840
583.19332
583.31722
583.48636
583.62796
583.67038
583.85668
583.89658
583.92490
583.96312
584.09374
584.32912
584.37160
584.59846
584.64004
584.78326
584.94346
585.47932
585.67348
585.69322
585.89116
585.92674
585.95290
586.03312
586.53622
586.58050
586.74640
586.86430
587.32222
587.78344
587.81716
587.83918
588.14008
588.27700
588.48910
588.55336
588.59668
588.61768
588.62026
588.71890
588.91612
588.92410
588.98158
589.11964
589.15024
589.27438
589.37080
589.55008
589.76422
590.00674
590.20816
590.22730
590.24446
590.34304
590.41036
590.54110
590.57908
590.71660
590.74582
591.07912
591.31990
591.36328
591.39622
591.55624
591.64990
591.71890
591.73642
591.73984
591.76282
592.06252
592.08316
592.42612
592.50268
592.64350
592.78954
592.91320
592.98928
592.99300
593.09956
593.16070
593.22598
593.25562
593.33278
593.48386
593.54398
593.78530
593.82952
593.89318
594.07270
594.27946
594.34648
594.61960
594.81976
594.97426
595.14292
595.75612
595.82344
596.05948
596.25946
596.58022
596.74660
596.80348
596.95312
597.00280
597.05188
597.08662
597.19846
597.25768
597.31918
597.42634
597.64330
597.64948
598.11490
598.15558
598.20298
598.37890
598.47928
598.49938
598.74718
598.87912
598.94284
598.99546
599.01238
599.16238
599.37118
599.50756
599.55262
599.60644
599.71348
599.75194
599.94706
599.96836
600.06634
600.63958
600.66334
601.29238
601.39300
601.39900
601.45450
601.56196
601.64716
601.85692
602.12284
602.26258
602.37370
602.47900
602.49922
602.56276
602.67598
602.86942
603.04660
603.12706
603.30904
603.72040
603.92896
604.13680
604.22110
604.27564
604.29826
604.57870
604.60042
604.69570
604.82116
604.98682
605.03620
605.08210
605.22874
605.25304
605.26894
605.47270
605.54038
605.55934
605.57992
605.63578
605.66056
605.79670
605.95930
606.09646
606.37726
606.70534
606.90532
607.00546
607.27450
607.29232
607.37284
607.39762
607.47976
607.60558
607.65196
607.77364
607.86112
607.92208
608.10394
608.17240
608.76196
608.82130
608.91970
609.00238
609.10690
609.25306
609.25996
609.43516
609.51592
609.53560
609.58498
609.68980
609.98908
610.18888
610.47136
611.09926
611.58094
611.60932
611.76604
611.77606
611.79556
611.93506
612.14950
612.31804
612.37384
612.49060
612.52690
612.54532
612.58582
612.76198
612.84382
612.86542
612.92206
612.99532
613.31248
613.42048
613.72588
613.76410
613.87924
614.09170
614.37604
614.76862
614.90290
615.08332
615.09592
615.13954
615.39682
615.45766
615.49516
615.55624
615.59542
615.74092
615.78160
615.86350
615.92932
616.28536
616.55722
616.72606
616.88122
616.91932
617.07874
617.18014
617.19952
617.30308
617.31622
617.67616
617.68528
617.72902
617.78362
617.84656
617.89330
617.94286
617.94580
618.32638
618.38158
618.75898
618.81928
618.88648
618.91972
618.94096
619.62700
619.63378
619.70986
619.74706
619.76968
619.85242
620.05606
620.07286
620.13538
620.21566
620.33338
620.47948
620.80978
620.89000
621.01342
621.02230
621.08896
621.25960
621.44620
621.61234
621.97966
621.98596
622.42648
622.46740
622.51150
623.11012
623.12950
623.16778
623.23288
623.39536
623.43202
623.64124
623.66788
623.88172
623.90062
623.91298
623.94430
624.39112
624.45196
624.49336
624.51766
624.62074
624.84778
625.05040
625.19332
625.25308
625.31302
625.37440
625.51156
625.56772
625.65082
625.90042
626.15596
626.19550
626.64688
626.72074
626.76352
626.85094
626.86984
627.20422
627.22786
627.35686
627.39076
627.65746
627.84010
627.86398
628.29130
628.31086
628.42984
628.47394
628.55374
628.67428
628.71454
629.03218
629.09338
629.13052
629.71984
629.82016
629.88772
629.90740
629.98414
630.08572
630.24082
630.39502
630.55504
630.63790
630.77434
631.22998
631.27486
631.54750
631.68784
631.91830
632.06908
632.09740
632.13850
632.15776
632.25040
632.30956
632.40742
632.54146
632.60206
632.61874
632.73658
632.86546
632.93104
632.99110
633.12568
633.60628
633.81142
634.07872
634.30468
634.34152
634.47520
634.52554
634.59538
634.99840
635.04196
635.12254
635.20426
635.22478
635.65618
635.65894
635.77348
635.78200
635.96260
636.00190
636.22264
636.39754
636.43588
636.46522
636.51940
636.58234
636.74842
636.77116
636.96160
637.11178
637.33192
637.36534
637.47400
637.70356
637.79980
637.84318
637.86304
637.92736
637.98754
638.08198
638.12512
638.16712
638.40502
638.57302
638.69260
638.87608
638.92978
638.93914
639.24664
639.32026
639.46690
639.56842
639.64030
639.80284
640.04494
640.06822
640.18348
640.27924
640.32040
640.45978
640.52596
640.58614
640.80880
641.07274
641.16640
641.54920
641.90470
641.93014
641.93350
642.28000
642.30724
642.38986
642.44476
642.48406
642.55858
642.58876
642.77644
642.79984
643.01002
643.06216
643.08244
643.35412
643.48786
643.49386
643.63078
643.74910
643.76860
643.83304
643.85986
643.99990
644.04010
644.18728
644.53480
645.18418
645.34966
645.51070
645.52084
645.57322
645.59380
645.63046
645.69604
645.88216
645.98176
646.42060
646.48750
646.51648
646.55044
646.68982
646.81024
647.51056
647.51362
647.61118
647.88652
647.90080
648.07324
648.53086
648.57334
648.69208
649.03084
649.42678
649.58806
649.77982
649.87618
649.93516
650.00722
650.13820
650.25472
650.36722
650.38510
650.55970
651.05380
651.23422
651.32422
651.49144
651.50104
651.56272
651.60778
651.63118
651.81988
652.30420
652.34458
652.74178
652.78120
652.88698
652.90816
653.02162
653.14492
653.16430
653.32954
653.34196
653.51134
653.71216
653.78128
653.85742
653.88166
653.91520
653.93020
654.02776
654.22750
654.25594
654.52756
654.57856
654.67480
654.85966
654.94054
655.01794
655.29940
655.51756
655.59682
655.65502
655.82218
655.83004
655.93882
656.10262
656.11822
656.27518
656.29234
656.33464
656.57062
656.68960
656.72986
657.42496
657.86152
657.87838
658.04206
658.11976
658.17832
658.25608
658.62556
658.98256
659.02528
659.08540
659.14588
659.44618
659.68402
659.82616
660.07516
660.09568
660.13270
660.21220
660.44302
660.50176
660.52300
660.83926
661.09900
661.23076
661.29196
661.30978
661.52968
661.67152
661.93642
662.05576
662.41222
662.57632
662.66836
662.81218
662.90656
663.07552
663.19780
663.41926
663.45508
663.52006
663.75568
663.85228
664.07332
664.17514
664.23580
664.27360
664.33612
664.49350
665.19514
665.23312
665.25058
665.42740
665.44222
665.56264
665.63914
665.74984
665.75680
666.10252
666.16048
666.54952
666.55306
666.68620
666.82366
666.84274
666.90640
666.91030
666.92272
667.17448
667.34632
667.43746
667.45732
667.48024
667.57840
667.63636
668.04424
668.08132
668.14096
668.27794
668.30374
668.36398
668.42440
668.54674
668.81896
668.83048
668.85358
668.87008
668.99806
669.02110
669.09418
669.10432
669.18490
669.43684
669.76360
669.92776
670.01428
670.44244
670.52302
670.55512
670.57804
670.60834
670.62514
670.69030
670.79512
670.99426
671.11162
671.15440
671.81452
672.11896
672.14056
672.20740
672.44554
672.60466
672.71872
672.89056
673.04266
673.10428
673.12582
673.24210
673.42438
673.52476
673.54348
673.55254
673.56754
673.74772
673.94842
674.01124
674.10904
674.17174
674.28544
674.30236
674.40502
674.42584
674.64862
674.70490
674.84248
675.13600
675.32044
675.34270
675.40042
675.40960
675.66580
675.72382
675.93862
676.16812
676.20826
676.30264
676.50862
676.73284
676.75366
676.86022
676.93660
676.97254
677.00170
677.23912
677.31976
677.58640
677.69710
677.72872
677.83612
677.87902
678.12574
678.38710
678.53650
678.59872
678.61870
678.64210
678.65980
678.78850
678.88342
678.95950
678.98050
679.01806
679.03930
679.18714
679.23808
679.34722
679.41346
679.43092
679.52956
679.56766
679.64932
679.74742
679.76530
679.80802
679.82968
680.06338
680.15026
680.16286
680.30128
680.34220
680.40022
680.74036
680.76094
680.77870
681.19078
681.21130
681.25450
681.29080
681.33382
681.38650
681.63400
681.66202
681.74386
681.86362
681.88024
682.50748
682.68160
682.71532
683.04052
683.08948
683.09506
683.35084
683.57836
683.63770
683.98642
684.07852
684.15088
684.27892
684.28822
684.32530
684.40282
684.72856
684.95788
685.07824
685.21816
685.33834
685.48264
685.81930
686.13688
686.27476
686.31274
686.42284
686.44024
686.75848
686.80924
686.87236
686.90866
687.39514
687.44404
687.49306
687.51880
687.88354
687.92518
688.10260
688.58272
688.60342
688.64260
688.76254
688.82272
688.86640
689.01214
689.12770
689.16610
689.43238
689.48026
689.57554
689.63632
689.79820
689.83012
690.20278
690.30772
690.40750
690.43636
690.44686
690.79678
691.10632
691.21720
691.45306
691.71616
691.88800
691.94038
691.96246
692.00722
692.09332
693.00664
693.14068
693.33736
693.41434
693.59812
693.67798
693.73810
693.81790
694.18390
694.24426
694.32112
694.37266
694.46104
694.51048
694.56058
694.62472
694.81384
695.15080
695.70430
695.73760
695.92012
695.96626
696.02248
696.85552
697.17538
697.24504
697.25824
697.56364
697.62916
697.74898
698.07268
698.24518
698.53246
698.54602
698.55298
698.63278
698.69554
698.71960
698.88784
699.16174
699.16630
699.26800
699.52264
699.76846
699.92536
700.29982
700.38364
700.43332
700.50958
700.71670
700.77448
700.80622
700.93486
700.94986
700.97476
700.99582
701.07646
701.10640
701.37586
701.61028
701.63956
701.77660
701.77924
701.90956
701.98234
702.00250
702.16720
702.19300
702.24970
702.60388
702.61312
702.80206
702.82444
702.96736
702.99934
703.02286
703.17970
703.21972
703.23712
703.26022
703.36552
703.71376
703.74136
703.75624
703.82488
703.86334
703.87924
703.95784
704.06044
704.48518
704.62336
704.92990
705.02986
705.06376
705.11032
705.44728
705.46342
705.50434
705.53662
705.54724
705.59842
705.66124
705.80122
705.84406
705.85858
705.96292
706.10554
706.41664
706.49680
706.53034
706.91098
706.94788
707.07700
707.15800
707.34010
707.35804
707.49712
707.68276
707.71708
707.76022
707.88466
707.90668
707.91400
707.92618
708.03628
708.10414
708.12430
708.16342
708.18664
708.47764
708.60358
708.65854
708.79750
708.83806
708.88480
709.00744
709.27438
709.30150
709.41352
709.48546
709.50880
709.55158
709.68124
709.97860
710.03338
710.06044
710.39062
710.47144
710.67412
711.10210
711.31414
711.37096
711.51436
712.01950
712.54750
712.73512
712.77412
712.89172
713.11882
713.16112
713.39152
713.54116
713.96692
714.03094
714.33118
714.35104
714.51496
714.53380
714.55816
714.61708
714.66946
714.77452
714.83770
714.92836
714.96604
715.22266
715.25266
715.26946
715.28146
715.36126
715.93762
716.03164
716.03782
716.05456
716.11180
716.18206
716.20606
716.41468
716.58850
716.82118
716.87572
717.01582
717.03736
717.41272
717.81916
717.89938
717.97924
717.99664
718.14556
718.33708
718.57912
718.66318
718.75876
718.90756
718.92940
718.94920
718.95922
718.96966
718.99798
719.03404
719.07964
719.28652
719.46982
719.53606
719.61580
719.71918
719.83270
719.95240
719.95552
720.13756
720.19894
720.23860
720.47920
720.49216
720.73696
720.75256
720.76210
720.85390
720.93244
720.95854
720.97624
721.37884
721.39936
721.49668
721.57882
721.65316
721.69354
721.78594
721.82818
721.87498
721.99342
722.16568
722.16940
722.29396
722.42566
722.44276
722.52514
722.56426
722.68606
722.74948
722.77768
722.81950
722.87614
722.92012
722.98282
723.04942
723.15238
723.18952
723.19468
723.34696
723.48490
723.52636
723.58978
723.71290
723.74146
723.84448
723.85576
724.19656
724.46668
724.59904
724.63630
724.71604
724.86568
724.88668
725.34892
725.37064
725.53474
725.54686
725.63518
725.66584
725.69530
725.83732
726.01324
726.09646
726.38308
726.44356
726.49012
726.68398
726.96124
727.03954
727.07926
727.48066
727.53544
727.54498
727.60690
727.88998
728.10988
728.27344
728.30518
728.35006
728.51254
728.68654
729.08308
729.19678
729.20008
729.49972
729.53950
729.66280
729.70696
729.77128
729.81154
730.13758
730.24792
730.40950
730.53520
730.77076
730.88920
730.91494
731.10508
731.42356
731.45428
731.50072
731.52112
731.62714
731.66194
731.67946
731.84620
731.97844
731.99962
732.10000
732.22162
732.26188
732.30388
732.32410
732.38596
732.39688
732.64990
732.90448
733.03084
733.05022
733.22572
733.52608
733.70008
733.85782
733.96654
733.97356
734.01382
734.04352
734.16646
734.29264
734.58370
734.68960
734.72566
734.76412
734.82676
735.16666
735.24724
735.42184
735.46426
735.48064
735.51070
736.25626
736.43968
736.48336
736.54606
736.75144
736.77310
736.78786
736.92112
737.02732
737.36686
737.44090
737.74348
737.84356
737.91340
738.20680
738.72712
738.79372
738.85462
738.91138
738.95248
739.16608
739.45018
739.53304
739.60414
739.71952
739.81906
739.88482
740.09770
740.33290
740.39758
740.59078
740.68954
740.71060
740.79958
740.83978
740.92678
740.99290
741.13726
741.38332
741.47788
741.63994
741.72406
741.78058
741.96076
742.62982
742.66642
743.12560
743.13556
743.62276
743.77234
743.87062
743.89042
743.91034
743.95084
743.97292
744.29692
744.34954
744.47566
744.59764
744.68896
744.78040
745.16260
745.42294
745.44544
745.49002
745.62988
745.74898
745.92310
745.96660
746.04634
746.17558
746.29594
746.37562
746.47720
746.57626
746.60974
746.92792
746.98270
747.02176
747.39160
748.11664
748.38364
748.60126
748.63504
748.89250
748.94098
748.96768
749.42956
749.64190
750.00646
750.05314
750.28870
750.61282
750.65638
751.01950
751.13242
751.18282
751.23196
751.28980
751.50856
751.56484
751.87912
751.93678
751.97284
752.16934
752.25460
752.43940
752.75218
753.01240
753.06034
753.23194
753.24790
753.26998
753.68308
753.81250
753.85834
754.20238
754.30534
754.54222
754.59280
754.72510
755.18200
755.63176
755.95744
756.00208
756.18292
756.74038
756.84184
756.95590
756.97624
757.24738
757.32910
757.38424
757.39150
757.48852
757.49806
757.73884
757.78006
757.90186
758.06176
758.12482
758.24812
758.34178
758.50210
758.62846
758.69122
758.82190
758.85964
758.99056
759.23866
759.24874
759.27754
759.34252
759.38122
759.42208
759.55390
759.60526
759.80494
760.07770
760.15918
760.27792
760.36282
760.49536
760.66630
760.76848
761.13850
761.31118
761.66434
761.76406
762.22798
762.32704
762.42508
762.61396
762.69898
762.72580
762.84094
762.88990
763.04320
763.08064
763.33180
763.41052
763.49656
763.55164
763.68022
763.70086
763.72096
763.84420
763.93714
764.02894
764.18098
764.47174
764.57002
764.66974
764.72104
764.74966
764.80732
764.96380
765.00748
765.04978
765.19972
765.51094
765.54034
765.61606
765.76474
765.83062
765.96730
766.02724
766.12084
766.41880
766.68802
766.77082
766.85398
766.95712
767.07718
767.10322
767.12452
767.18044
767.43718
767.89132
768.01030
768.09094
768.48976
768.56692
768.67198
768.77314
768.79498
769.00690
769.07044
769.21006
769.33570
769.37902
769.39366
769.73662
769.84300
769.92406
770.17330
770.24770
770.31880
770.34010
770.45338
770.48704
770.62000
770.74708
770.76700
771.40600
771.40978
771.49336
771.65614
771.69616
771.83824
771.91888
771.96046
771.98260
772.13236
772.16362
772.51246
772.51972
772.53640
772.73020
772.87576
772.91020
772.97770
773.03920
773.20414
773.24278
773.28232
773.48362
773.62012
773.72968
773.78980
773.79364
774.00988
774.18442
774.33490
774.35650
774.41122
774.43942
774.56302
774.60136
774.62722
774.70864
774.83320
775.10800
775.22656
775.36714
775.38970
775.41976
775.52632
775.70284
775.74598
775.76380
775.92964
775.94644
776.00752
776.06824
776.10772
776.83624
776.92378
776.95312
777.11014
777.15640
777.26740
777.31042
777.36988
777.66682
777.68500
777.75376
777.77974
777.86722
777.92896
778.01638
778.07950
778.14340
778.25716
778.29022
778.42066
778.61710
778.66912
778.81786
778.85380
778.87732
779.01850
779.16016
779.41096
779.47324
779.49658
779.92306
780.19312
780.27154
780.43384
780.51736
780.53248
780.69724
780.82636
781.09024
781.20670
781.38214
781.45162
781.47328
781.51324
781.53364
781.69678
781.76038
781.79632
782.10370
782.45644
782.49388
782.61652
782.70088
782.74492
782.85712
783.01780
783.10696
783.26338
783.35722
783.76162
783.83842
783.94348
784.11070
784.34428
784.42036
784.44418
784.76158
784.77478
784.93054
784.94926
785.03278
785.04802
785.34790
785.39710
785.46532
785.67700
785.85586
786.09208
786.49168
786.77746
786.87898
786.91798
787.11304
787.17358
787.25770
787.40710
787.48432
787.65430
787.76398
787.81816
787.95112
788.07124
788.12206
788.18512
788.24176
788.28796
788.41486
788.55682
788.92792
788.98498
789.17506
789.25162
789.28804
789.38992
789.50482
789.68356
790.08520
790.16722
790.40932
790.43740
790.44856
790.54732
790.57378
790.61422
790.62700
790.82974
790.89100
790.99474
791.10664
791.22418
791.49928
791.59810
791.68174
791.78056
791.99068
792.11164
792.13348
792.25828
792.47620
792.82132
792.91624
793.01680
793.27402
793.35250
793.44910
793.50412
793.56472
793.66972
793.73518
793.75426
794.09470
794.09818
794.28124
794.75836
795.07216
795.54202
795.82258
795.98218
796.13596
796.19242
796.31566
796.62916
796.93186
796.97302
797.01730
797.17504
797.23240
797.42524
797.49754
797.51776
797.53222
797.62888
797.70910
797.78956
798.01294
798.03700
798.14344
798.21544
798.22660
798.57010
798.67492
798.77602
798.91594
799.19866
799.23850
799.33654
799.35532
799.39558
799.42024
799.48030
799.54786
799.58836
799.88182
800.06344
800.12632
800.14558
800.36932
800.43130
800.54794
800.63152
800.69638
800.74936
800.84374
800.99626
801.20956
801.38014
801.41350
801.52702
801.76618
801.82354
802.15420
802.17652
802.29304
802.30894
802.31986
802.36936
802.72756
802.82752
802.96336
803.07640
803.18080
803.20348
803.69668
803.73964
803.79628
803.92654
803.96620
804.23020
804.33328
804.38272
804.39520
804.49888
804.55702
804.65950
804.73102
804.84712
804.92962
805.08850
805.19320
805.35130
805.44724
805.51054
805.68820
805.85104
806.08540
806.14378
806.39134
806.41672
806.56696
806.68660
806.70142
806.72440
806.72686
806.78680
806.90440
806.97220
807.05962
807.14002
807.41452
807.45676
807.56554
807.57322
808.01926
808.22686
808.26400
808.28314
808.48948
808.49728
809.58424
809.68774
809.70946
809.75332
809.84056
810.03748
810.16042
810.26416
810.31528
810.46804
810.48814
810.66502
810.84052
810.88774
811.11694
811.15078
811.25128
811.71034
811.79686
812.04628
812.06458
812.22808
812.44204
812.83390
813.00094
813.09574
813.11038
813.11860
813.15094
813.43258
813.66154
813.86512
813.89464
813.95086
813.98452
814.43770
814.50496
814.59076
814.71568
814.73680
815.15602
815.35762
815.68426
815.73802
815.80108
815.86780
816.31792
816.58564
816.64894
816.70108
816.79588
817.05214
817.06798
817.15798
817.63690
817.68448
818.19478
818.36908
818.45578
818.47630
818.52238
818.68510
818.85838
818.94598
818.95126
819.07798
819.24850
819.37276
819.47740
819.53818
819.72976
819.74926
819.85708
819.89836
819.91816
819.96010
820.01830
820.03882
820.12612
820.52182
820.56502
820.62718
820.89838
821.09824
821.14582
821.45296
821.51272
821.61610
821.63464
821.72836
821.74858
821.75644
821.82772
821.88220
821.88772
822.54880
822.74860
822.77890
822.80188
822.88516
822.95152
823.01326
823.32868
823.52098
823.60294
824.06896
824.28370
824.50174
824.95894
824.96836
825.26866
825.37882
825.44140
825.48232
825.65332
825.74242
825.80452
825.96820
826.04824
826.22272
826.24030
826.29358
826.52296
826.61848
826.63636
826.67962
826.76728
826.92832
827.20294
827.20606
827.32900
827.40202
827.42074
827.69860
827.76616
827.82892
827.90182
828.27862
828.34252
828.50152
828.53950
828.58360
828.60958
828.62524
828.68566
828.68794
828.71854
829.09972
829.12372
829.13230
829.16602
829.18600
829.61650
829.67932
829.69954
830.18116
830.57896
830.59924
830.95588
830.99314
831.09532
831.11848
831.12922
831.13936
831.21766
831.23578
831.56254
831.59380
831.62650
831.68386
831.73930
831.84232
832.53316
832.59634
832.61632
832.65292
832.67818
832.74022
832.80316
832.92382
833.03026
833.03602
833.23570
833.29612
833.69890
833.74228
833.84542
833.86612
833.90650
834.39964
834.50644
834.72982
834.74626
835.04020
835.11304
835.28734
835.30666
835.31656
835.56268
835.75402
835.86682
836.00332
836.16100
836.24002
836.38390
836.46766
836.62252
836.68282
837.11350
837.17626
837.28456
837.30268
837.37066
837.43090
837.46024
837.47896
837.79024
838.06348
838.29412
838.62424
838.76992
838.80748
838.81048
838.89364
839.11690
839.35018
839.43004
839.57668
839.58922
839.65288
839.74294
839.94208
840.02734
840.04552
840.19612
840.25072
840.49942
840.83626
841.02022
841.29592
841.34638
841.49434
841.51672
841.60000
841.62364
841.65622
842.06068
842.22982
842.24398
842.72638
842.76946
842.87392
842.90998
843.02374
843.14032
843.20416
843.52618
843.58048
843.75094
843.75592
843.92386
844.27426
844.29814
844.34788
844.49296
844.57594
844.79404
844.96870
845.08450
845.21368
845.22886
845.52004
845.72578
845.74720
845.76796
845.89672
846.01354
846.28678
846.78682
846.83176
847.20784
847.27276
847.39360
847.41544
847.63276
847.98220
848.23342
848.62414
848.83696
848.85766
849.41704
849.42010
849.72598
849.74344
849.85036
849.97996
849.99118
850.07290
850.09648
850.39408
850.42108
850.58740
850.66708
850.67008
850.85338
850.88152
850.91764
851.05726
851.16604
851.20156
851.22394
851.30416
851.33140
851.45290
851.52736
851.57578
851.59822
851.84038
852.03118
852.16528
852.23866
852.39964
852.41956
852.45334
852.65266
852.83650
852.89632
852.91456
852.93370
853.11424
853.20712
853.22602
853.24642
853.27720
853.53304
853.55368
853.88350
853.92964
853.99054
854.40322
854.48332
854.54398
854.58382
854.60632
854.67964
854.87710
854.97364
855.01360
855.17338
855.51322
855.79054
855.86518
855.92356
856.26964
856.27960
856.36930
856.45990
856.58590
857.06728
857.08426
857.14354
857.16646
857.44072
857.49316
857.55226
857.74342
857.78314
857.86294
858.11242
858.32950
858.51532
858.55024
858.65758
858.70384
858.72700
858.89926
858.93880
858.96280
858.99046
859.00684
859.08334
859.16578
859.20532
859.56172
859.62226
859.81894
859.91536
859.94044
860.00194
860.32042
860.57164
860.78572
860.81884
861.08908
861.12430
861.21940
861.22636
861.37204
861.45502
861.49606
861.57634
861.75364
861.89896
862.28962
862.31392
862.47868
862.51660
862.60120
862.64560
862.70224
862.86928
862.96852
863.17240
863.18986
863.46880
863.96824
864.00886
864.13270
864.17344
864.34846
864.57670
864.63490
864.71854
864.79942
864.81952
864.99178
865.00936
865.09018
865.33540
865.37728
865.47892
865.65946
865.71880
865.78294
865.81990
865.83940
865.98892
866.61580
867.00184
867.09088
867.10882
867.25360
867.29578
867.41182
867.45628
867.72286
867.96172
868.05166
868.29484
868.44478
868.55194
868.63510
868.65592
868.69150
869.00182
869.08552
869.20858
869.36440
869.41558
869.44684
869.57578
869.80888
870.20542
870.30472
870.66562
870.78214
870.85708
870.87790
871.01530
871.01842
871.34224
871.42900
871.59364
871.63168
871.70914
871.94002
872.08474
872.09860
872.19670
872.23816
872.46178
872.55292
872.86192
872.94202
873.14188
873.21190
873.33190
873.58762
873.60742
873.70492
874.05358
874.14538
874.40614
874.42456
874.56286
874.58248
874.66468
874.68580
874.71514
874.80832
874.83214
874.89880
875.13724
875.15152
875.20006
875.24224
875.60542
875.62546
875.64148
875.75998
875.88628
875.98606
876.09460
876.11872
876.14080
876.27490
876.31834
876.49624
876.58258
876.86668
876.88798
876.90916
877.01572
877.03876
877.22182
877.27090
877.35124
877.38172
877.48444
877.64524
877.73932