0.07354
0.15646
0.71398
1.73794
2.33770
2.64376
2.97022
2.98714
3.50464
3.88750
6.25210
6.54694
6.83026
7.46074
8.43418
8.85796
8.86324
11.59072
12.45754
12.93772
14.00986
14.81656
15.55390
16.48054
17.44084
18.59902
18.89110
21.03820
23.82850
24.34618
24.43192
24.63826
24.77524
25.25584
25.85260
26.49094
26.56264
26.91970
28.20640
29.77954
30.68302
30.73678
30.82282
32.65054
33.13828
33.26734
33.91084
33.95374
35.45500
36.69856
37.20550
37.25596
37.68526
38.40568
38.62852
39.99304
40.81630
42.10288
42.35974
42.40318
42.70300
44.68450
45.99760
46.07482
46.09174
47.33512
47.63842
47.67874
47.72128
47.93548
48.06454
48.30508
48.53626
48.57910
48.63532
49.17958
49.30522
49.52272
50.05900
52.13920
53.08270
57.41446
58.04146
58.70116
59.87254
60.38260
60.80848
62.55298
62.71630
63.37600
63.67630
63.71926
63.93370
64.14304
65.43484
66.23332
66.67072
68.09404
68.39416
68.43154
68.43742
68.69446
68.99482
69.41566
69.80146
70.45870
70.53898
72.34012
72.54334
73.24618
74.25034
74.31310
74.55412
74.91364
75.17098
75.77140
76.23508
76.27780
76.45762
77.05798
77.82196
78.12226
78.93154
81.34966
81.97960
82.23982
82.37638
83.39758
83.92066
84.34126
84.76714
84.90712
85.04122
85.10788
85.11040
85.23388
85.76488
85.85062
88.63552
89.11582
89.41366
89.65966
89.88220
89.89294
90.31126
90.48304
90.64618
91.62400
91.68346
91.98394
92.06986
92.92744
93.01324
93.09070
93.13384
94.07722
94.88386
94.88686
94.94356
95.75806
95.84380
96.74470
97.04488
97.07116
98.83822
98.91856
99.99622
102.00640
102.02020
102.64960
102.69844
102.70642
103.42720
103.56418
103.60720
103.86430
103.99294
104.67130
108.14236
109.44028
109.52590
109.63300
110.41276
110.46952
110.76958
111.92782
112.44772
112.47718
112.68328
113.08606
113.51464
113.52022
113.64370
114.75844
115.26502
115.37548
116.34238
116.58880
116.59168
116.64544
118.83304
119.04736
119.73376
120.76324
121.43266
122.90734
124.31170
125.60968
126.33892
126.63904
128.26348
128.99794
129.02422
130.91716
131.43412
132.20110
132.81496
133.11526
133.15840
133.84426
134.17924
135.26542
135.34564
136.24612
136.49542
136.63252
138.11998
138.17638
139.32052
139.36366
139.72078
141.85150
141.86494
143.32612
143.70922
143.78674
143.82406
144.85030
145.07344
145.25326
146.15374
146.45686
147.29494
147.61210
147.98170
148.04104
148.64164
148.98472
149.28502
150.14266
150.60634
151.04890
151.72972
151.99276
153.05944
153.31642
154.18348
154.56010
154.81762
156.36160
157.09078
157.55428
157.64836
157.67776
157.69162
157.93492
157.99144
158.03476
158.07760
158.37778
159.05830
159.14932
159.74446
159.92170
159.96448
160.25104
160.30216
162.10906
162.87550
163.95328
164.52754
165.23968
165.89626
168.15658
168.40000
168.71404
169.14034
169.78642
170.00092
170.37310
170.77294
170.94430
170.96056
171.28768
171.54448
173.94688
174.16102
174.84736
175.10446
175.49074
175.61416
175.74778
175.91404
177.32110
177.67816
178.52776
178.57060
178.62172
180.29452
180.75772
182.11198
182.12170
182.66632
184.64242
184.99870
185.69884
186.04186
186.11902
186.16210
186.25594
186.51346
186.59908
187.67146
188.57224
188.76982
189.77314
190.07326
190.19914
190.41628
190.50190
192.24418
192.30376
192.52348
192.89020
192.97642
194.19070
194.27638
194.47384
194.53378
194.69980
194.72680
195.20344
196.15024
196.16356
197.10724
197.45056
197.66488
198.39376
199.98082
200.10418
200.23804
200.36704
201.56806
202.14148
202.58848
202.94026
203.78470
204.34198
204.35566
204.78484
205.02820
205.03096
205.34230
206.62876
207.47842
207.87256
208.00162
208.25890
208.55902
209.24524
210.13486
211.04662
211.73302
212.37610
212.54764
213.13984
213.48310
213.53410
213.70258
213.87706
214.90660
215.46436
216.19348
216.45052
216.53644
216.62224
216.69988
216.83380
216.83650
216.94372
217.05100
217.13656
217.47988
217.77982
219.06694
219.45310
220.17364
220.26778
220.56802
220.91122
222.14710
222.52432
222.58396
223.53058
223.54372
223.61314
223.98220
224.06392
224.38540
224.51398
224.72830
225.02080
225.92098
227.04448
227.08744
227.15932
227.41666
227.64472
227.73082
227.76850
227.91508
228.96112
229.01218
229.05208
230.29852
230.32900
230.81878
231.71944
231.76240
232.64590
232.66294
232.69774
233.41048
233.99266
234.29254
234.42178
235.44544
235.70530
235.78600
236.60890
238.79626
238.83892
240.06652
241.26220
241.36984
241.43896
241.45558
241.57654
242.61322
243.72898
243.98602
244.07206
244.32922
244.37206
244.67248
245.35864
245.39590
245.52988
245.57266
245.83600
246.17344
246.46576
246.72238
246.85948
246.90280
247.80316
247.88908
249.03910
249.43306
249.68230
250.36294
250.41952
250.54816
251.94232
252.30664
252.99310
253.37890
254.36548
254.61448
254.70850
254.86918
254.90938
255.16678
255.25252
255.90964
255.93880
255.99526
256.25248
256.87906
257.28184
257.40514
257.66278
257.92570
258.18256
258.55174
258.86872
258.95464
259.12918
259.16932
259.21216
259.29760
259.39204
260.02162
260.45578
260.70490
260.79082
261.31378
261.52798
262.17154
262.48486
262.48822
263.09800
264.48754
264.53056
264.78772
265.13110
265.20850
265.64536
266.63200
267.10360
267.31816
267.44698
268.34752
268.69114
268.99084
269.97736
270.10606
270.27766
270.40630
271.04944
271.12426
271.18696
271.35016
272.50768
272.59378
272.84302
272.89390
273.59338
273.63652
274.08358
274.16692
274.62280
274.65268
274.86694
274.95280
275.25286
275.59618
276.92560
277.48312
277.73260
277.82632
278.21236
278.27146
278.33266
280.48522
280.52848
280.82854
281.55766
282.11518
282.18424
282.20116
282.41554
282.44500
283.12768
283.35100
283.44490
283.70530
283.71796
283.74502
283.83118
284.41486
285.11764
286.31002
287.13370
287.55412
287.69110
287.81410
288.01696
288.76324
289.04986
289.06354
289.74964
289.87000
289.89946
290.59924
290.99350
291.03670
291.68002
292.19422
292.36588
292.70938
293.51572
293.65276
294.55336
294.72496
294.84838
294.93934
295.66846
295.83166
296.22586
296.26894
296.61226
297.25558
297.64132
298.40506
298.61434
298.62802
298.97116
299.57146
300.28726
300.37288
300.84964
301.31674
301.32994
301.53052
301.58758
301.93042
302.34622
302.57968
303.34606
305.15254
305.35294
305.61916
305.66206
305.74792
306.21928
306.46894
306.81670
307.24882
307.59220
308.57842
308.62120
309.12766
309.33394
309.50866
311.48992
311.62378
311.76124
312.77662
313.03378
314.10292
314.92630
315.39268
316.03594
316.51324
316.63324
317.74876
318.18580
318.31468
319.21540
319.55800
320.91724
320.97370
320.98174
321.74554
322.26058
322.94128
323.50396
323.66716
323.89006
323.92810
324.57628
324.91966
326.63512
326.84974
327.62152
327.92188
328.16548
328.17904
328.51408
329.20852
329.23786
329.59468
330.78730
330.96730
331.98790
332.63992
333.09772
333.54028
333.66928
334.26946
334.31266
334.52674
335.03350
335.16238
335.21308
336.79972
336.95788
336.97174
337.90132
338.21542
338.38672
339.64786
340.20472
341.60692
342.84226
342.89002
342.97630
343.25968
344.56858
344.64892
344.82052
344.99200
345.19834
345.77002
346.17628
348.28090
348.63742
350.01028
350.64010
350.69674
350.77378
350.99668
351.23698
351.29662
352.10362
352.61290
352.62658
352.62934
352.93966
353.01268
353.39326
354.89950
355.10596
355.32886
355.67200
355.86946
355.92598
356.18632
356.44360
356.69260
357.55876
358.57150
358.58512
358.91494
359.27458
359.43778
359.53192
359.61766
360.51826
361.89370
361.96804
361.97656
362.14798
362.47690
362.92024
363.19354
363.22858
363.47776
364.29256
364.47682
364.49344
364.75078
365.35966
366.26548
366.82312
366.86914
367.07236
367.20922
367.91182
368.92468
369.22498
369.73948
370.15138
370.16800
371.01802
371.15464
371.36926
371.58394
372.47068
373.17052
373.21378
375.18658
375.44398
377.18890
377.67448
378.12910
378.18886
378.40336
378.96130
379.21834
379.30432
379.86178
379.90468
380.77066
380.93398
381.01114
381.19120
381.22072
381.57742
381.87748
382.68382
382.72690
383.28454
383.33602
383.59330
385.30870
385.56604
385.89262
386.25232
386.63842
386.86570
387.88216
389.33734
389.38654
389.81194
390.54124
390.62704
390.91402
391.04758
391.31020
391.47664
391.74202
391.85710
391.90000
391.91356
391.95670
392.08528
392.21410
392.29960
392.50888
392.59948
392.64256
393.32908
394.65856
394.70164
394.86490
394.91596
394.95880
395.42218
395.85958
395.98552
396.11686
396.24526
396.28840
396.97486
397.40356
397.44688
397.66078
397.77286
398.28724
398.34706
398.85346
399.33358
399.37660
399.41656
399.71968
400.36288
400.61242
401.76502
401.90704
402.03580
402.88540
404.52328
405.33832
405.42718
406.06720
406.07014
406.09678
406.11028
407.21674
407.63284
407.64610
407.85232
408.12916
409.06144
410.12464
410.18476
411.21430
411.76690
412.37206
412.58662
412.92988
413.73922
414.28876
414.30244
415.02334
415.51906
415.71790
416.63428
416.96164
417.00406
417.09010
418.03696
418.32052
418.33366
419.66344
419.67982
420.04960
420.05254
420.35272
420.43570
422.15140
422.41150
422.42518
422.61748
422.66572
423.30100
423.43786
424.81042
424.93360
425.06740
427.34938
427.48288
427.72180
427.98466
428.31886
428.91964
430.25770
430.55758
431.93020
431.96752
432.48754
432.72370
432.99694
433.56310
434.45242
434.46040
434.54632
434.54908
434.96266
436.13296
436.17616
436.19248
436.42822
436.51936
436.57882
436.80580
438.53500
438.66388
440.20762
442.00942
442.48108
442.69552
443.55640
443.85340
445.14298
445.22584
445.44058
445.48318
445.64956
445.86928
446.33290
446.72710
446.76160
447.02746
447.22504
447.22816
447.24178
447.28480
447.58504
448.22842
448.44256
449.20156
449.51782
449.55766
449.94394
450.62182
451.70212
451.74496
452.38858
452.84362
453.12094
453.24640
454.87636
455.33944
456.24886
456.44938
456.97234
457.19236
457.49290
457.87876
458.81110
458.85976
459.97474
460.15192
460.32886
460.73830
460.78132
461.05216
461.60458
461.68192
461.78140
462.68752
463.06846
463.15408
463.36846
463.49680
463.50514
463.57468
463.78078
464.48368
465.16978
465.51322
466.23388
466.67956
466.95748
466.96306
467.05738
467.70058
467.78638
468.64372
468.72988
469.15042
469.17202
469.70242
470.14504
470.18278
470.40256
470.44558
471.34888
471.38908
473.31886
473.36200
473.39974
473.66218
473.94568
474.60544
474.77752
475.63504
477.00736
477.25162
477.47926
477.82258
477.98884
478.71784
480.22426
480.33574
480.48172
480.81106
482.84080
483.05500
484.16734
485.67706
485.97142
486.40060
486.61486
486.95788
487.02730
487.04404
487.50742
488.19364
488.28760
488.37364
489.66022
491.20408
491.24686
491.59024
491.80468
492.31936
492.39958
492.93298
493.22020
493.24936
493.26304
493.87684
493.90642
494.33506
494.54956
495.23026
496.13662
496.22248
497.23570
497.33776
497.97550
498.45256
498.78208
499.30222
499.98838
500.71768
501.71242
502.33888
502.65568
503.37154
503.38468
504.31498
504.87226
504.97210
505.61482
507.20188
507.54520
507.63112
508.01692
508.87474
508.92070
509.00362
509.54434
509.86144
509.94724
510.16138
510.20458
510.36790
510.54748
510.55030
511.82056
512.94388
513.06124
514.31350
514.95130
515.09662
515.20582
515.39386
515.76328
516.02356
516.12370
517.10422
517.32400
517.75288
518.43922
518.48218
518.65360
518.65672
519.25090
519.96976
520.06894
520.64800
520.69570
520.71256
520.91890
521.25652
522.59974
523.45750
523.74952
523.87234
523.88620
523.97206
524.29912
524.61544
524.94502
525.56194
525.60208
525.88882
525.94504
526.41670
526.50238
526.75186
528.13222
528.17542
528.50470
529.16170
529.20460
529.74844
530.87716
530.96314
531.04354
531.09172
531.90682
531.94444
532.16428
532.50730
532.51042
533.05114
533.06458
533.11078
535.55236
536.10988
536.96776
537.59734
537.65410
538.68334
538.98358
539.82796
540.89992
541.42288
542.06644
542.67226
543.55894
544.24546
544.30210
544.33948
544.60222
545.67748
546.03886
546.11194
546.17512
546.53500
547.21828
547.25212
547.26706
547.34164
547.50526
548.29090
548.41960
548.80558
549.01984
549.68452
551.43760
552.10792
552.40804
552.75082
553.05136
553.48042
553.78072
553.82368
553.86640
556.18264
556.18792
556.22020
557.08630
557.81230
557.98390
558.15538
558.40744
559.22260
559.60546
559.65652
560.67214
560.72884
560.80912
561.07216
562.40140
562.44448
563.03134
563.04526
563.38792
565.36120
566.21848
567.11146
567.57784
567.93430
568.13500
570.23674
570.29668
570.72220
570.72502
572.70334
573.36772
573.75034
574.66804
575.58010
575.78326
575.82622
576.28426
576.47272
576.81304
577.41298
577.49368
577.58440
577.62718
578.36956
578.44276
578.51968
578.65696
578.91424
579.30058
579.84418
579.98998
580.45816
580.93006
581.01046
581.05858
584.02666
584.31286
584.75032
585.47638
585.51940
585.77668
585.81940
586.03660
586.37698
586.40680
587.06296
588.65032
588.73618
588.97672
589.12192
589.54282
589.59382
590.07886
591.26644
591.35260
591.95296
592.59592
595.32928
595.33288
595.55554
595.79926
595.81654
596.75632
596.79922
596.82556
597.44284
597.78574
598.00030
598.02958
598.40272
598.95238
599.35912
599.58688
600.00256
600.27346
600.60280
600.61648
601.24618
601.34584
601.54336
602.36980
602.54668
603.10420
604.42006
604.55692
604.56232
604.96996
605.03434
605.76346
606.10972
606.30748
606.53002
607.03624
607.05292
607.39330
607.82218
608.03644
608.32282
608.98006
609.28042
610.17658
610.18150
610.60984
610.65292
610.86730
611.23666
611.46784
613.10314
613.41946
613.82656
613.95544
614.46976
614.51296
617.00032
617.04346
617.38666
617.72980
618.37318
618.75358
619.01620
619.31650
619.40266
619.40572
619.78342
619.95982
620.00290
621.63280
622.17646
622.27600
622.70476
623.00518
624.24892
624.59236
624.63508
624.71614
625.44976
625.53556
626.56504
626.80876
626.82226
627.46552
629.56744
630.16768
631.19746
632.09758
632.44084
633.29062
633.81376
634.01422
635.05708
635.91850
636.12982
636.51022
637.63054
638.91724
639.56080
640.03246
640.07578
640.26322
640.28992
640.67590
641.56300
641.61964
641.71840
641.74306
642.00538
642.21982
642.29206
643.36954
643.93564
644.69362
644.70742
645.14968
645.45838
645.76240
648.52474
649.47118
649.71196
649.81132
649.81468
650.15212
651.01186
651.14398
652.68496
652.77088
653.27182
655.63078
655.94440
656.63080
656.88814
658.94668
659.93350
659.97664
660.52036
660.77764
660.83410
660.87694
660.92014
661.12078
661.17712
661.22032
661.26322
661.30066
661.30612
662.62744
663.09400
663.19300
663.23626
663.75064
663.95722
664.02424
665.32660
665.41000
665.53852
665.79592
665.80960
665.85232
666.35902
666.40978
668.06926
668.85466
669.06910
669.98260
670.39876
670.78480
671.04220
671.63446
671.99416
672.55174
672.65830
673.27210
673.65838
674.16928
674.73034
674.98768
675.29380
675.61756
675.63688
676.61776
676.70362
677.22694
677.34694
677.81884
679.23400
679.26328
680.10028
680.52052
680.55010
680.80714
681.20704
681.33268
681.72148
681.89308
683.29996
683.86606
683.90920
684.20944
684.76684
686.03998
686.91106
687.19468
687.28924
687.46918
687.93226
688.09888
688.57570
688.65634
688.69924
688.96492
689.35642
689.44186
689.67298
689.98282
690.04240
690.42820
690.98572
691.02886
691.07182
691.28296
691.52656
692.95876
694.17280
695.18914
695.40622
696.33010
696.47578
696.51868
696.81856
696.86182
696.95554
697.03312
698.36284
699.00604
699.04912
699.34930
699.73534
699.85576
700.16476
700.67920
701.15626
701.23660
701.40838
701.64880
701.99194
702.00856
702.43768
702.59206
702.62272
703.68148
704.43928
704.62474
705.16870
705.18250
705.26818
705.56860
705.68908
705.77476
707.15560
707.22736
707.54164
707.78500
707.88454
708.26536
708.36502
709.21426
709.71508
710.41492
710.62420
710.71528
711.08440
711.70174
711.70738
712.04506
714.48142
715.09042
715.55068
717.44098
717.53470
717.70636
718.25038
718.26700
718.86436
719.15656
719.75698
719.97970
720.53710
720.83740
720.92344
721.08046
721.48048
721.68658
721.75420
722.97364
723.07078
723.31678
723.83962
724.05406
724.50412
724.64626
724.65988
725.00626
725.21206
725.72674
726.66208
726.69646
727.01338
727.17700
728.04286
728.68924
728.77216
729.49594
731.16574
731.46892
732.10906
732.21232
732.60244
732.68818
733.17868
733.36138
733.86220
733.86484
734.20222
734.30482
734.69914
734.94820
735.06874
735.24820
735.42838
735.59176
736.62106
737.47852
737.54776
737.56462
738.02800
740.07814
741.68740
742.91764
743.12644
744.34408
744.34666
744.46984
744.47272
744.72718
746.66284
746.70016
747.30034
747.36964
747.64366
748.07260
748.59580
749.08828
749.37232
749.68858
751.28938
751.75270
751.76110
751.97548
752.01850
752.13898
753.15970
754.57534
754.80610
754.83262
754.84906
755.23486
755.91838
756.12766
756.86536
757.46548
758.05792
759.65836
759.82438
760.08172
760.38154
760.81084
761.36830
762.22648
762.34120
762.48340
762.69784
763.04104
763.12702
763.24774
764.19094
764.79982
765.09712
765.09970
765.30634
766.34356
766.97338
767.33026
767.65948
767.67328
767.71630
768.35392
768.44242
768.65974
768.81010
768.91708
769.45294
769.54924
769.77490
771.01042
771.15292
772.34854
773.71270
773.75560
773.89216
774.23548
774.83572
774.92194
775.26484
775.44160
776.11450
776.46556
777.49504
777.66694
777.79510
777.96688
778.64206
778.64482
780.28300
780.54028
781.94434
781.99030
782.51350
782.92084
783.23170
783.31108
783.45682
783.95032
785.12944
785.77294
785.81548
785.85892
787.04260
787.44574
787.83184
787.99498
788.02936
789.16138
790.35406
790.70518
792.33532
792.49822
792.51148
792.71788
793.03438
793.44196
794.33716
794.74036
796.24378
797.31034
797.95090
798.16792
798.46000
798.59398
798.65356
799.58362
799.63468
800.39320
800.99068
802.49998
802.54294
802.75744
802.80004
803.48650
804.25036
804.47320
804.73006
804.77314
804.85924
805.07326
805.11628
806.10292
806.86642
808.28998
808.79152
808.80214
810.34906
810.69178
810.94936
812.27908
812.49856
814.89532
814.98124
816.22474
818.06896
818.96458
820.12798
820.21348
820.33126
820.42768
820.55674
820.77112
820.81402
821.45746
821.96374
822.10054
823.38742
823.54738
823.55326
824.32270
825.26362
825.32044
825.78892
828.70564
829.55542
829.60666
830.07838
830.18560
830.72182
830.96194
831.27880
831.36508
831.40240
831.40780
831.53656
832.51492
832.58176
833.63812
833.76682
833.77516
835.15804
835.22500
835.52524
835.65400
835.69720
835.89766
835.91134
836.46082
836.80372
838.27018
838.91368
839.07718
839.36074
839.85724
839.98612
840.06334
840.97216
841.52986
841.91608
842.17312
843.15976
843.20284
843.48586
843.70906
844.02604
844.48918
844.66078
845.14882
845.47558
846.16144
846.58240
847.49152
847.79164
847.83184
847.87774
848.90704
849.20734
849.59032
850.31392
850.36006
850.67374
852.67324
852.89572
853.32994
854.50906
854.65126
854.69716
854.82568
854.86888
855.46936
855.51208
855.67534
855.72946
855.85510
856.15516
856.58434
857.12848
857.85766
858.51436
858.94318
859.11466
859.24360
859.92136
860.26450
860.44420
860.68534
861.38776
861.47368
861.70468
862.07404
862.76002
863.06068
863.25358
863.44678
863.48986
863.61010
863.73004
863.95312
865.03354
865.67686
865.71994
865.92598
866.31208
867.00640
867.17836
868.33606
868.65256
868.76518
869.52874
869.62294
870.00880
870.05188
870.05482
870.69484
871.20148
871.79668
872.28184
872.32498
872.87410
872.88244
873.32470
873.35440
873.64090
873.69748
874.04044
874.08340
874.42684
874.81282
875.06986
875.62762
875.71318
876.65668
876.69964
877.04272
877.30000
877.56292
877.68634
877.77214
877.85764
878.02930
878.07226
878.15278
878.47966
879.05890
879.35884
879.65890
880.58896