0.14278
1.41652
2.37694
2.57698
5.78386
5.89954
7.43872
8.85268
10.37176
10.54750
11.32150
14.03938
14.07796
14.77138
15.29944
15.57592
15.68284
17.12128
17.21842
17.80864
19.23502
20.63758
21.50536
22.33198
24.55708
25.13116
26.46136
26.50456
26.85952
27.18052
27.65704
27.76216
28.93378
29.01454
29.01952
31.11658
31.25902
32.29474
38.46556
42.92434
44.23450
45.00112
45.79768
46.37428
46.92670
47.57506
50.46208
50.82412
50.86780
50.87374
50.88154
51.32158
51.32524
51.75322
54.26146
55.15108
55.90096
56.31934
57.16798
57.42916
57.56134
58.20820
58.84840
61.10938
61.16548
62.18602
62.38924
64.16860
64.80838
65.96860
66.17248
67.73920
68.48188
69.18616
70.15264
71.45266
72.22360
72.57358
72.73606
72.74002
73.64278
73.70026
74.59372
75.96988
78.40534
79.69120
81.07702
81.22720
81.86314
82.73524
83.07730
83.45806
83.47126
84.44446
89.04874
89.16820
89.70880
90.71170
91.22362
91.49920
92.78662
93.02866
94.14436
97.44028
100.84732
100.89772
105.51928
105.65620
105.65896
108.83104
108.84256
109.70956
110.19184
111.25720
111.84976
114.74404
114.75016
116.11480
116.91712
116.92222
117.96478
118.09906
118.42618
121.19956
121.65106
122.54488
122.67544
123.44632
125.12572
128.72878
128.88316
128.94568
129.00682
129.22876
129.73510
132.05650
133.12912
133.90228
133.90948
136.34062
136.82650
138.65014
138.77662
139.00114
139.60030
139.64620
140.08612
141.88204
142.07692
143.17708
144.79654
145.21324
145.21522
145.49398
148.45618
148.47028
149.06482
149.16370
149.25592
150.00868
150.04852
150.28036
150.30604
150.46096
150.71734
151.19470
151.34734
152.15632
153.06520
154.13092
155.16136
155.68720
155.89180
156.37408
157.51450
158.09272
159.45172
160.59514
161.61466
161.89198
161.98762
162.01462
162.27850
162.95866
163.76614
164.98912
165.34060
166.94560
167.48524
169.89070
171.75100
171.93856
172.48360
174.11260
174.49870
175.17592
175.67182
177.24592
177.98224
179.73352
180.45238
180.85810
181.21768
182.65972
183.30820
183.36982
183.96610
184.34398
185.10052
186.80116
188.32324
188.37292
189.22396
189.69784
192.85900
192.98074
193.22710
194.12578
195.11386
199.94848
200.35012
200.57584
200.92318
202.97326
205.88356
206.20672
206.20978
208.85620
209.99752
213.61090
213.73990
214.24408
214.29190
215.31796
215.51362
215.91982
216.11752
217.42960
219.01654
219.06628
220.06780
220.22578
222.48334
224.12554
226.91710
227.61136
227.83102
227.91172
228.67348
230.57854
231.88144
231.94066
232.38148
234.52042
235.50862
237.59626
237.61852
238.15588
238.76242
240.11002
242.68324
244.36972
246.43990
246.95956
248.03854
248.15032
248.84620
253.63282
256.31224
256.65592
257.30650
259.26976
259.32940
259.62322
259.78852
260.20678
260.53996
261.49660
263.08750
264.02482
264.27376
264.30718
264.61492
264.62800
265.69966
266.42770
266.69710
267.51406
267.53482
268.55782
269.40934
269.59762
271.40254
273.11992
274.88560
276.32554
276.32956
277.26298
278.74216
279.57298
279.63994
279.85000
280.50904
281.02330
282.48730
282.54394
283.55626
283.78690
283.96648
284.43130
285.34378
288.60292
289.31056
289.70770
289.95760
293.34142
294.66712
295.65316
295.99144
296.99446
298.99438
299.31094
299.63410
299.68816
300.04156
300.78484
301.04206
301.48918
304.14448
305.38438
305.57776
305.95060
306.29170
306.55396
306.62776
306.93802
307.07200
308.81236
313.83388
314.98438
315.24910
315.28444
315.31744
315.62926
316.93180
317.24212
317.35984
317.55796
317.64988
318.12076
318.57478
321.78748
322.74778
322.83292
324.34186
325.53034
326.03830
327.79288
328.33642
328.89646
328.91872
329.41918
330.13480
330.66988
330.95638
331.66606
332.35348
334.34854
334.81288
336.17230
337.79146
339.35776
340.37158
341.30224
341.59612
341.79742
342.69490
343.39684
344.96326
346.72018
347.23978
348.87292
348.88318
349.42276
350.00602
350.35162
359.72062
361.58152
363.20764
364.43374
365.12398
366.89902
368.43544
370.09060
371.12728
371.73526
371.98900
372.31558
372.51268
373.66798
375.20314
376.64032
376.65718
377.64484
379.48360
380.61040
381.35650
382.63636
383.58652
383.66068
383.82244
384.08938
385.02664
385.39132
385.82176
390.80476
390.88732
393.35428
393.88414
394.47472
394.64122
394.91950
394.96462
395.36326
397.00630
397.07842
397.59640
397.86280
399.51886
400.79980
402.64486
403.94134
404.23414
405.01426
405.06736
405.08992
406.02628
407.78638
408.03862
408.48160
413.14606
413.60908
416.49568
417.00172
417.06172
417.23866
419.41702
420.09748
420.84112
424.79752
425.80384
426.42502
427.43710
427.80604
428.31334
428.95288
429.82018
430.60312
430.61206
431.76304
432.16954
432.20314
432.22870
432.45040
432.88882
433.53244
433.70254
434.77186
435.44386
436.38802
438.27220
438.67726
439.43092
439.44376
442.17736
442.18162
442.56118
446.44408
446.86210
450.60880
451.40860
452.44324
452.58586
452.58886
453.51274
454.22530
455.47492
455.48698
457.68250
458.53534
459.21274
460.21264
461.64610
461.65498
462.54526
465.39370
467.09206
469.02172
470.84806
472.62136
473.43886
473.44372
473.91178
474.18790
474.19432
474.33718
474.77638
474.99508
477.94066
478.75624
478.82314
479.03344
479.48458
479.71816
480.24736
482.61760
482.97028
484.11472
484.92700
485.00386
486.07762
486.12310
488.81518
489.87232
491.53936
492.30544
492.32392
493.78990
494.03296
494.10076
494.36662
494.47342
495.42208
496.20742
496.28254
496.88974
499.80580
502.70884
505.45510
505.56832
509.58550
511.70716
512.18392
512.91448
512.94532
513.40990
516.51724
516.78196
516.93118
517.13134
517.49794
518.26186
518.29894
518.44882
518.65798
518.79118
518.98846
523.68574
524.32132
524.95702
525.79216
525.91672
526.53970
526.54252
526.71622
527.70724
528.68620
528.74920
530.43316
531.08806
532.98322
534.18082
535.50556
536.56936
536.85796
538.22050
540.12484
540.40672
540.94870
542.55838
545.72878
546.76216
547.39558
548.67148
549.00880
549.41362
550.11874
550.86436
550.88542
552.58960
553.58554
555.42814
555.76150
557.13544
557.18338
558.54784
560.50474
561.22372
562.75870
564.95194
566.89672
567.25390
567.52834
567.53500
568.42834
568.69504
569.40160
571.87234
572.50570
573.45682
573.67006
573.68626
574.27930
574.35106
575.42980
575.82850
576.69010
579.35752
579.85060
579.85762
584.81140
587.19574
589.01284
589.81270
590.16718
591.84772
592.37764
592.60822
594.22492
594.73366
594.79006
595.07380
595.30678
595.40452
595.75510
595.90462
596.30464
598.82224
601.99876
603.67174
603.69442
605.11798
605.65282
606.40552
606.43228
606.68932
607.13908
607.70248
607.81936
607.86274
608.65006
609.17848
610.63822
611.68180
613.87918
613.88800
615.26650
617.24956
617.55592
617.68696
617.85622
617.86636
618.25972
622.58074
622.90810
623.79790
624.22198
625.10560
626.07484
627.43186
627.76534
627.82012
630.58276
631.45270
636.12274
637.93768
639.39034
639.39460
639.47020
643.34752
643.68808
643.79464
646.13788
646.87678
647.31928
647.34100
649.11610
651.20026
651.79288
652.26658
652.71472
656.49178
656.98990
657.84232
658.06186
658.96714
659.30668
659.72428
660.05344
660.12484
660.40408
660.84364
660.97432
660.97846
661.81540
661.89682
662.28790
662.61538
662.81896
665.26864
666.39340
666.67978
666.94132
668.00728
668.04298
668.20750
668.26168
668.68468
669.69784
670.02598
670.04530
671.18188
671.93254
671.98096
674.28118
675.59548
676.23448
676.24192
677.91460
677.92108
678.53314
679.48108
679.51942
680.57734
680.72446
681.78838
682.06150
682.41118
682.95268
683.27860
683.80960
684.02140
684.16222
684.89872
685.95706
686.34646
686.45284
686.48296
686.53900
692.16064
693.40354
693.58282
694.37038
694.65706
695.26618
695.60326
695.66686
696.96784
697.39048
700.17724
701.42812
702.92842
704.31706
705.46000
705.57910
705.60508
705.82930
706.19608
706.60666
706.69420
706.70086
707.03452
708.23284
708.31480
712.11262
712.45582
713.25892
714.08872
714.58000
715.33006
716.24572
716.62672
717.41710
717.61372
717.64078
717.64786
717.90052
718.19374
719.43166
719.46478
722.00908
722.38492
723.85294
725.70262
726.03706
726.82216
726.90400
726.90790
727.40626
727.41736
727.69696
728.50864
728.60332
728.83678
730.03786
732.66286
732.68434
736.11826
740.41546
740.69392
740.79886
741.54610
742.72510
745.48144
745.76128
746.08282
746.69050
746.69962
748.69516
748.87474
749.54692
750.25480
750.44434
750.54844
750.99664
751.31698
751.66114
752.33680
753.96940
754.66312
755.29810
757.61608
758.52394
758.52994
758.91760
759.20056
759.98014
760.45048
760.48546
760.54414
760.60972
761.48650
761.78440
762.80656
763.28476
764.57764
764.60158
767.43016
768.42064
769.85614
769.89856
770.08534
771.30760
771.31474
771.40144
771.43072
775.52182
776.25928
776.88454
778.65448
779.78278
781.22896
781.95610
782.29054
782.46526
782.91640
782.93314
783.67282
784.96252
787.68676
788.74252
791.06614
791.61964
792.16594
792.18970
792.49390
793.16650
793.23664
793.79044
794.13322
795.04660
795.05980
795.59032
797.37370
797.94304
797.96374
799.24942
799.31374
799.42234
802.96648
803.87110
804.73828
804.88594
804.93352
807.71056
808.43356
810.17446
810.69070
816.75130
817.19128
818.14162
821.84422
821.85646
824.37166
824.90488
824.96110
825.45808
826.30456
826.59148
826.78174
826.81774
826.95106
829.36402
830.26804
830.52880
830.69020
830.74768
832.11460
832.68016
833.56006
834.64960
835.49056
836.18038
836.30626
836.95594
837.14932
837.37600
840.12238
841.37260
842.00956
842.07232
843.98836
844.51540
845.30524
846.00496
847.59712
847.76146
848.40712
848.67790
849.19150
849.48754
853.51090
853.59316
854.48422
854.54944
854.67142
855.99586
856.38190
856.74844
857.07280
857.18968
857.85610
859.42690
859.64926
860.74294
860.76676
861.08662
863.44540
864.04942
865.44256
865.70584
865.72384
866.00554
866.01184
866.41936
867.86200
868.20298
868.22500
868.48630
869.01238
871.64320
872.00614
872.38630
873.17272
873.72886
875.76262
875.94994
877.22284
877.88974
878.87626
879.41524
880.07752
880.37980