0.11806
0.17506
0.21550
0.43216
0.43816
0.69892
0.71842
0.79288
0.80458
0.82750
0.91870
0.93568
1.21876
1.39336
1.40224
1.40488
1.42528
1.45180
1.59586
1.60498
1.61896
1.62484
1.70512
1.72564
1.92778
1.98244
1.98562
2.00230
2.10514
2.23930
2.26252
2.28574
2.30530
2.56288
2.73202
3.18604
3.19222
3.37510
3.37822
3.43252
3.44938
3.45244
3.86914
3.90628
3.93262
3.97828
4.01284
4.05274
4.12660
4.35034
4.45000
4.62946
4.82224
4.83604
4.92214
4.96954
5.17624
5.22976
5.36230
5.43586
5.73670
5.93632
6.76348
6.83152
6.89542
7.04056
7.39540
7.78030
8.21308
8.23642
8.26000
8.45308
8.69350
8.69644
8.74720
8.75020
8.76190
8.93026
8.93662
8.95354
9.27658
9.33940
9.42016
9.44698
9.81412
9.83698
9.83968
9.84328
9.84586
10.01740
10.09726
10.30360
10.46314
10.50040
10.78066
10.78360
10.79788
10.80658
10.94002
11.04382
11.12920
11.25808
11.39608
11.57518
11.90398
11.91280
11.92702
12.27334
12.33316
12.57334
12.62716
12.65392
13.35406
13.50832
13.57450
13.57726
13.85434
13.92838
13.97110
14.22868
14.27200
14.32990
14.37400
14.47480
14.61478
14.71462
14.72092
14.80132
14.98150
15.02086
15.04138
15.05800
15.06136
15.22390
15.64444
15.70468
15.90442
15.97594
15.98464
16.12384
16.20142
16.28788
16.40482
16.60756
16.88800
17.01658
17.08804
17.09110
17.58838
17.64574
17.71114
17.72302
17.75482
17.91118
17.92012
17.95738
18.33208
18.63208
18.68500
19.21552
19.53574
19.70506
19.70800
19.76152
19.82854
19.94740
20.06194
20.18812
20.20486
20.44360
20.44564
20.60512
20.70526
20.76550
20.90794
21.09154
21.10534
21.59152
21.59494
21.62608
21.73474
21.76576
21.93790
21.97204
22.45516
22.45840
22.49554
22.73500
22.97878
22.99906
23.03884
23.07220
23.25856
23.31568
23.32990
23.33278
23.43886
23.57890
23.63650
23.83594
23.89954
24.52252
24.63670
24.70240
24.80866
25.08910
25.30558
25.30864
25.48642
25.56616
25.59820
25.64200
25.87534
25.93162
26.08918
26.65576
26.85604
26.95600
26.99218
27.06664
27.21262
27.23332
27.25612
27.46222
27.48160
27.50182
27.79930
28.05634
28.13308
28.33954
28.35352
28.47598
28.62280
28.67170
28.72564
28.73980
28.79992
28.93558
29.18308
29.19268
29.38300
29.44336
29.62672
29.96956
30.01246
30.08320
30.47296
30.77314
31.07284
31.07584
31.13638
31.15642
31.25644
31.28974
31.39936
31.43614
31.45624
31.55644
31.62580
31.63996
31.64266
31.65658
31.66294
31.75138
31.75654
31.92316
32.24254
32.30650
32.46544
32.72590
33.18628
33.35500
33.43000
33.60370
33.62344
33.63232
33.63556
33.88996
33.90682
34.08688
34.08982
34.10668
34.12678
34.13002
34.18102
34.20412
34.28998
34.39258
34.46842
34.47340
34.51570
34.53280
34.53586
34.59022
34.75648
35.05948
35.45938
35.55364
35.57380
35.63098
35.83120
35.83384
36.14908
36.40282
36.56326
36.60640
36.64906
36.71470
36.84034
37.00360
37.00696
37.02364
37.09798
37.26592
37.30378
37.81024
37.83010
38.01886
38.43040
38.45056
38.65708
38.89042
38.92666
39.09040
39.23398
39.57694
39.74038
39.94042
40.01428
40.03726
40.05730
40.08418
40.65724
41.03548
41.10712
41.89330
41.90452
41.96776
42.15034
42.26494
42.38776
42.65386
42.76510
42.85714
43.09390
43.11760
43.15732
43.35442
43.36006
43.37416
43.94056
43.96012
43.99468
44.14066
44.17438
44.18026
44.21746
44.22298
44.58094
45.15736
45.20734
45.71020
45.75742
45.82414
46.46782
46.49368
46.69984
46.79086
46.86820
46.97398
47.09098
47.21164
47.34472
47.44066
47.47420
47.59702
47.69098
47.79466
47.79742
47.83174
47.84374
48.05752
48.09754
48.32122
48.36928
48.45070
48.82120
48.86140
49.18792
49.20760
49.39864
49.52746
50.17432
50.30764
50.37442
50.40772
50.58814
50.59126
50.64226
50.67430
51.17710
51.45748
51.55768
51.58606
51.59500
51.59764
51.62458
52.12438
52.14370
52.59100
52.90126
52.96150
52.98196
53.00170
53.04424
53.59384
53.70178
53.71060
53.73100
53.79394
53.87860
53.88802
53.89096
53.89384
54.09382
54.12430
54.17092
54.17440
54.19102
54.48802
54.67420
54.77122
54.97450
55.03468
55.07440
55.22434
55.36048
55.42714
55.70782
55.72708
55.75474
55.75792
55.94098
56.05798
56.21824
56.32432
56.99860
57.10792
57.15028
57.20476
57.24772
57.40768
57.59092
57.62182
57.66184
57.68152
57.76690
57.98500
58.21078
58.21984
58.23760
58.28482
58.31770
58.62460
58.67140
58.74760
58.77166
58.77742
58.79128
58.83796
58.85788
59.17768
59.19160
59.27734
59.47468
59.47738
59.49154
59.58376
59.65786
59.66854
59.67502
59.68498
59.95798
60.16420
60.36700
60.42178
60.71086
60.82480
61.10794
61.22488
61.34128
61.35088
61.39150
61.51390
61.68514
61.69402
61.69684
61.71976
61.77466
61.90528
61.99402
62.00818
62.01988
62.09434
62.10820
62.29732
62.31712
62.37748
62.41144
62.44156
62.45194
62.45812
62.76898
62.78884
62.88922
62.93752
62.95210
62.99452
63.29524
63.52468
63.54154
63.56134
63.56464
63.77494
64.02460
64.14142
64.41790
64.45324
64.66750
65.01118
65.31910
65.33422
65.38534
65.62504
65.66248
65.68558
65.69464
65.80570
66.10852
66.11146
66.11470
66.95836
67.10104
67.47796
67.59208
67.74478
67.75552
68.06452
68.14198
68.50876
68.57056
68.64220
68.65870
68.69920
68.87566
68.90896
69.01150
69.14218
69.24610
69.34246
69.42820
69.48616
69.54226
69.78598
69.81946
69.82282
69.83998
69.84616
69.90886
69.91156
69.93514
70.19248
70.37590
70.42288
70.57570
70.59526
70.60906
70.76620
70.82368
70.91842
71.10928
71.11222
71.17576
71.37574
71.40928
71.41258
71.49532
71.91202
71.95906
72.08500
72.34510
72.45928
72.55936
72.65920
72.93010
72.97366
73.31986
73.33984
73.63162
73.64566
74.00338
74.13514
74.14588
74.94958
74.99014
74.99290
75.07270
75.10966
75.19294
75.26134
75.28972
75.37018
75.53302
75.63586
75.66736
75.67648
75.67912
75.73354
75.73696
75.80776
75.97918
76.15084
76.15366
76.17004
76.19080
76.35370
76.74316
76.76278
76.79332
76.83424
76.95952
76.97680
76.99996
77.02000
77.03998
77.04322
77.06278
77.25976
77.50012
77.52364
77.71384
77.83456
78.13846
78.40384
78.73558
79.03582
79.11010
79.27360
79.28482
79.42966
79.49656
79.61320
79.79356
79.89364
80.01166
80.17972
80.19376
80.50270
80.57980
80.75122
80.87968
80.89642
81.03730
81.07978
81.23734
81.24340
81.26068
81.30418
81.46660
81.66058
81.73774
81.86938
81.94108
81.94396
82.24402
82.53784
82.56130
82.71046
82.76764
82.86082
83.17738
83.82754
83.92498
84.09688
84.49114
84.51484
84.67750
84.69436
84.85780
85.30612
85.34086
85.36102
85.62928
85.75456
85.75786
85.90330
85.90660
86.18452
86.26396
86.33062
86.41120
86.68456
86.90452
87.02482
87.28210
87.32794
87.43066
87.52798
87.60220
87.68800
87.69454
87.81400
87.82798
88.11124
88.11418
88.12804
88.18558
88.28062
88.61386
88.71136
89.15776
89.27806
89.54752
89.59498
89.66152
89.77816
90.01552
90.14776
90.16408
90.23842
90.31174
90.33514
91.22848
91.34506
91.52524
91.73116
91.74508
91.77832
91.80856
92.01166
92.02846
92.03110
92.21458
92.28880
92.34010
92.48854
92.63746
92.75524
92.81194
92.82604
93.09214
93.09532
93.12100
93.17836
93.42838
93.71578
93.77854
93.96190
94.05544
94.16494
94.56478
94.57372
94.64524
94.69546
94.76218
94.91374
94.94788
94.99516
95.14804
95.26204
95.33914
95.34280
95.34544
95.36224
95.53432
95.66608
95.68582
95.75440
95.82868
95.91208
96.02866
96.32878
96.62896
97.22092
97.29538
97.32880
97.37284
97.49848
97.53898
97.64542
97.68904
97.82128
97.87882
97.94212
98.22184
98.23912
98.27896
98.29078
98.60218
98.66524
98.67892
98.74558
98.96248
98.98264
99.02248
99.22894
99.63802
99.64570
99.65188
99.68554
99.70888
99.72886
99.94864
99.96622
100.20928
100.21252
100.23214
100.25248
100.46908
100.50634
100.62892
100.95250
101.08972
101.09566
101.09878
101.19574
101.20978
101.36152
101.42134
101.47876
101.49568
101.53318
101.53630
101.64700
101.67922
101.75338
101.79580
101.82184
102.00208
102.03286
102.07912
102.09592
102.29602
102.33370
102.49936
102.73984
102.74242
102.76252
102.93364
103.04566
103.11694
103.24852
103.25164
103.25488
103.36276
103.44832
103.51534
103.65484
103.82614
103.95484
103.98946
104.01262
104.11210
104.11534
104.25490
104.34910
104.60644
104.60950
104.61250
105.05296
105.19876
105.24958
105.27310
105.41278
105.45610
105.47596
105.52168
105.68176
106.07176
106.07680
106.10242
106.24858
106.56274
106.73986
106.79728
106.83688
106.83982
106.86238
106.87948
106.92616
107.06542
107.08600
107.29588
107.39398
107.53216
107.56258
107.72926
107.75242
107.82316
107.89888
107.94340
107.97232
107.98630
108.01528
108.02932
108.22930
108.24094
108.25228
108.39616
108.53242
108.60652
108.89596
109.07032
109.07320
109.36282
109.37932
109.61272
109.67938
109.68208
109.79602
110.05648
110.07670
110.16268
110.16550
110.18212
110.57164
110.84002
110.84608
111.04300
111.04906
111.17446
111.24622
111.37486
111.66418
111.70672
111.74884
111.91288
111.92074
112.02952
112.28650
112.28932
112.30672
112.31014
112.32676
112.32946
112.55638
112.57312
112.57954
112.59010
112.62700
113.15956
113.17978
113.19622
113.30512
113.43352
113.49916
113.57302
113.72542
113.76568
113.77642
113.77966
113.85790
113.97976
114.05686
114.06580
114.20998
114.27982
114.51376
114.76312
114.82588
114.84640
114.84928
114.90022
114.92344
115.28608
115.44658
115.45792
115.50310
115.67200
115.73254
115.76290
115.84336
115.88656
115.92136
116.02654
116.41588
116.53726
116.54002
116.55298
116.76706
116.81068
116.91610
117.12214
117.19654
117.39964
117.54646
117.84016
117.98002
117.99364
118.46596
118.55692
118.56046
118.80352
118.96630
119.01328
119.10700
119.16052
119.16622
119.22364
119.42998
119.43262
119.47240
119.69308
119.96146
120.04678
120.11332
120.11992
120.31606
120.36274
120.53002
120.59650
120.59944
120.63922
120.76762
120.91990
121.09672
121.34932
121.36354
121.39678
121.41340
121.42282
121.49674
121.89676
122.14024
122.35984
122.36332
122.84662
123.34954
123.41638
123.46984
123.48688
123.80692
124.07020
124.15858
124.18780
124.24180
124.41346
124.54198
124.55860
124.65352
124.65952
124.71370
124.79674
124.79956
125.09950
125.35708
125.39698
125.55988
125.66608
125.68024
125.94934
125.96344
126.04312
126.06346
126.24364
126.29650
126.34684
126.54676
126.77236
126.88696
126.92110
127.10710
127.12708
127.13008
127.33006
127.35046
127.46998
127.63012
127.63888
128.01622
128.19652
128.51086
128.60560
128.68276
128.79670
128.82010
129.07402
129.48274
129.50584
129.56008
129.61060
129.74014
129.74308
129.76336
129.86044
129.94636
130.07212
130.27750
130.28884
130.31794
130.32100
130.42996
130.74652
130.78906
131.12386
131.19004
131.34682
131.35036
131.95984
131.97376
132.01324
132.08248
132.27970
132.28264
132.29644
132.32776
132.56572
132.74896
132.77692
132.87076
132.89140
132.90550
132.96298
132.96592
133.07674
133.12354
133.21714
133.93216
134.00662
134.00998
134.32102
134.62966
134.89000
134.91004
134.91286
134.96416
135.12958
135.22966
135.29620
135.44992
135.61552
135.77956
135.97954
136.07932
136.25926
136.54876
136.92916
137.12926
137.42020
137.61268
137.62942
137.78392
137.83828
137.93230
138.09520
138.15874
138.17320
138.19576
138.21250
138.41542
138.42430
138.43846
138.59608
138.99316
139.15612
139.56244
139.77916
139.98220
140.02294
140.11936
140.16244
140.26252
140.32528
140.58844
140.89180
140.90608
140.92612
140.96908
141.12892
141.20614
141.75838
141.89548
141.99574
142.29844
142.39558
142.69564
142.88788
143.64538
143.88544
144.08560
144.10894
144.24820
144.30280
144.32890
144.73192
144.87208
144.98908
145.47232
145.87882
146.13886
146.33878
146.43634
146.61562
146.63902
146.64202
146.84500
146.91958
146.93902
147.10192
147.23122
147.32836
147.35956
147.60850
147.64504
147.66166
147.81466
147.82528
147.83128
148.03444
148.08868
148.45162
148.47490
148.67824
148.89484
149.37538
149.53876
149.56150
149.70394
149.76142
149.81830
149.83882
150.07798
150.08500
150.12826
150.14488
150.16156
150.36154
150.42820
150.74776
150.75646
150.97036
150.99112
151.02814
151.20874
151.61416
152.08876
152.10544
152.12014
152.14630
152.19766
152.21158
152.33494
152.47480
152.48092
152.49502
152.60404
152.61106
152.84938
152.88094
153.22816
153.27808
153.57052
153.58714
153.61030
153.64486
153.84478
154.02802
154.16434
154.21396
154.44790
154.53070
154.64464
154.70212
154.82176
155.01376
155.06830
155.08846
155.53198
155.60338
155.79736
155.95792
156.24610
156.41800
156.45178
156.47518
156.47770
156.53812
156.79486
156.96142
157.12420
157.14742
157.40434
157.42786
157.63360
157.93066
157.94752
157.95370
158.02804
158.16790
158.37802
158.42788
158.61130
158.94472
159.03976
159.17464
159.20530
159.82918
159.93706
160.15246
160.15516
160.18684
160.26124
160.40134
160.45504
160.64458
160.64728
160.65094
160.72150
160.74142
160.74466
160.86130
160.96420
161.09848
161.24458
161.72782
161.80204
162.69460
162.71152
162.71428
162.73696
162.78850
162.81424
163.08532
163.10860
163.11142
163.12336
163.32346
163.35748
163.36906
163.46134
163.46428
163.88692
163.94734
163.96138
164.03206
164.08960
164.18086
164.25814
164.27806
164.28706
164.54740
164.55826
164.74762
165.08782
165.61144
165.62806
165.68164
165.70210
165.70504
165.88822
165.93100
165.94252
165.95140
166.13428
166.15810
166.22488
166.23094
166.87816
166.89478
167.29498
167.56438
167.61154
167.65510
167.86126
167.89240
167.97820
167.98984
168.11830
168.37804
168.46156
168.48442
168.66148
168.68458
168.80440
168.83308
168.89482
168.92506
169.42834
169.52818
169.60864
169.61134
169.98574
169.99462
170.00542
170.02558
170.25154
170.41150
170.52052
170.61418
170.73706
170.87830
171.02098
171.11428
171.20656
171.33502
171.35512
171.49486
171.76414
171.77200
171.80674
171.81814
171.83836
171.84472
171.94768
172.13854
172.25836
172.72186
172.80496
172.92190
172.93096
173.14498
173.16514
173.20246
173.42524
173.55106
173.80486
173.80810
173.86810
173.88580
173.89750
174.12028
174.12304
174.18076
174.22804
174.29728
174.30898
174.47812
174.68050
174.72796
174.77788
174.81130
175.19764
175.28848
175.43824
175.47238
175.87024
176.04466
176.06128
176.06770
176.34148
176.42782
176.63062
176.77798
176.87914
177.04450
177.04816
177.07786
177.16780
177.37162
178.25164
178.26634
178.40098
179.41372
179.57002
179.61070
179.62138
179.75320
179.75602
179.82760
180.06478
180.17020
180.17326
180.41086
180.60454
180.71356
180.98518
181.01728
181.07092
181.27726
181.59412
181.62004
181.66084
182.18626
182.39674
182.44378
182.74678
182.75302
182.77996
182.87236
182.88946
182.94664
183.00082
183.20458
183.20734
183.22090
183.34390
183.88756
184.17076
184.18750
184.19398
184.21060
184.35394
184.40794
184.41646
184.42486
184.69372
184.79374
184.84528
185.06002
185.07976
185.09368
185.10046
185.10268
185.23372
185.45728
185.46040
185.71474
185.84392
185.97208
186.02692
186.22960
186.60394
186.62098
186.79618
186.89002
187.33714
187.38454
187.49386
187.58584
187.79356
187.83616
187.94776
188.20246
188.84866
188.96308
189.01036
189.05716
189.07720
189.36040
189.64912
190.04368
190.36684
190.51780
190.52962
190.57006
190.57348
190.62712
190.64386
190.66402
190.69360
190.73272
190.76416
190.76728
190.81036
190.81972
190.91056
191.02180
191.05024
191.09602
191.19358
191.32186
191.37304
191.49370
191.59090
191.69656
191.80156
191.92228
191.93050
191.98000
191.99386
191.99662
192.09376
192.40270
192.47980
192.49372
192.53116
192.91720
193.24744
193.33474
193.33762
193.34668
193.59046
193.84072
194.21476
194.54644
194.59366
194.66728
195.11038
195.31948
195.38482
195.39376
195.51058
195.53392
195.71086
195.81064
195.83362
195.85708
195.87718
196.06810
196.07092
196.19668
196.21126
196.27714
196.45714
196.46044
196.47712
196.49746
197.16340
197.19790
197.42722
197.46700
197.64670
197.65762
197.72098
197.74390
197.92714
198.05554
198.22720
198.24118
198.25870
198.42724
198.52714
198.68740
198.81322
198.82738
198.83350
198.83602
199.09678
199.11724
199.19098
199.37062
199.87996
200.15734
200.27440
200.48620
201.04384
201.31726
201.35776
201.48598
201.52978
201.72388
201.92722
201.99688
202.01326
202.02088
202.15540
202.28728
202.69660
202.93402
203.33092
203.37424
204.11452
204.26326
204.43486
204.43750
204.44632
204.52720
204.54064
204.54382
204.59812
204.61498
204.79792
204.81826
204.84394
205.34686
205.64686
205.80442
205.85728
206.12734
206.15086
206.34772
206.38768
206.59084
207.01972
207.09130
207.19114
207.27700
207.33142
207.33406
207.35140
207.35416
207.44422
207.45304
207.62842
207.77740
208.02646
208.03762
208.05442
208.16308
208.17736
208.24096
208.43488
208.44400
208.47796
208.52080
208.73914
208.78624
208.82098
208.82992
208.84414
209.04400
209.28148
209.34412
209.36764
209.75296
209.98756
209.99380
210.00436
210.30292
210.49378
210.54778
210.57088
210.59122
210.95428
211.08016
211.11712
211.57474
211.67728
211.71754
211.91752
212.26060
212.49790
212.54404
212.58430
212.72716
212.85292
212.94112
212.96962
213.11848
213.15298
213.22090
213.37096
213.58990
213.91348
213.94792
214.01068
214.28002
214.69672
214.74418
214.88272
214.89676
214.90000
214.90288
214.91986
215.10316
215.16064
215.25460
215.28622
215.33386
215.68342
215.74390
215.98636
216.07738
216.24070
216.40432
216.52972
216.84118
217.04158
217.08412
217.08718
217.27030
217.52740
217.85086
218.37724
218.38768
218.51710
218.69398
219.57430
220.04668
220.05802
220.44400
220.57708
220.62724
220.73014
220.78768
220.83028
220.91338
220.94392
221.14426
221.17348
221.18494
221.18734
221.20174
221.21032
221.23618
221.26336
221.48410
221.62726
221.73100
222.11704
222.15982
222.19102
222.29686
222.31678
222.39418
222.76072
222.86632
222.94384
223.08022
223.13752
223.15444
223.19494
223.28650
223.34074
223.46956
223.50064
223.52740
223.56094
223.66942
223.74412
223.74664
224.30458
224.60452
224.61328
224.86462
224.89066
224.90458
224.91064
225.58006
225.75454
226.23406
226.35178
226.55452
226.62856
226.76056
226.87750
226.88632
226.96348
227.42086
227.44384
227.48380
227.64676
227.74396
227.95804
228.58918
228.63616
228.76456
228.79372
228.96040
228.98734
228.99394
229.09396
229.36522
229.67404
229.67716
229.67974
229.77982
230.00032
230.04088
230.05156
230.13340
230.14654
230.16016
230.26318
230.35162
230.42692
230.57986
230.73778
230.76964
230.86036
231.12370
231.14368
231.32416
231.32692
231.39268
231.42712
231.42982
231.44398
231.61024
231.62692
231.72370
231.74728
231.81298
232.01026
232.21312
232.29046
232.29364
232.45336
232.54804
232.71034
232.83952
232.85692
232.93714
233.09632
233.13964
233.15398
233.74354
233.85040
233.87680
233.92036
233.96314
234.00616
234.12286
234.35206
234.36040
234.37240
234.50386
234.54058
234.63004
234.82690
234.96928
235.11016
235.14088
235.21018
235.26916
235.40122
235.60408
235.61002
236.01022
236.03344
236.08756
236.57944
236.65702
237.22282
237.25720
237.43408
237.46012
237.62302
237.64342
237.64618
237.67690
237.95512
238.10362
238.20928
238.22662
238.34104
238.56646
238.57186
238.62676
238.74718
238.80112
238.98058
239.12944
239.41018
239.63374
239.70730
239.78566
239.90992
239.92414
239.97028
240.19336
240.37366
240.37678
241.03720
241.06006
241.46014
241.54606
241.66894
241.82656
241.89736
242.10376
242.12674
242.48926
242.60356
242.60722
242.61010
242.61598
242.70388
242.72656
242.80396
242.92690
243.01282
243.17668
243.29338
243.39022
243.41020
243.51892
243.52774
243.53038
243.77986
244.07668
244.37680
244.66288
244.67668
244.81006
244.81726
244.90894
244.91980
245.44474
245.54350
245.62960
246.33850
246.49336
246.63580
246.76006
246.77686
246.82132
246.84460
246.86758
246.88138
246.88468
246.99310
247.19350
247.29346
247.45390
247.66438
247.67926
247.81030
247.89358
247.99108
248.09362
248.12044
248.72680
248.80288
248.84644
248.87998
248.93176
248.93488
249.06028
249.16936
249.34384
249.56644
249.69046
249.80128
249.95272
249.96676
250.12420
250.30420
250.32688
250.62724
250.90714
250.93882
251.09374
251.11342
251.11954
251.34388
251.35042
251.39110
251.39644
251.41090
251.71948
251.83756
252.21466
252.29692
253.01056
253.11202
253.17736
253.44706
253.73818
253.84702
253.86748
254.04706
254.07010
254.08132
254.49880
255.01846
255.22786
255.36496
255.47104
255.51136
255.59728
255.61408
255.61750
256.19764
256.30816
256.51444
256.60018
256.67812
256.85152
257.34760
257.56462
257.68090
258.27832
258.34516
258.35890
258.68518
258.92518
258.94516
259.14520
259.22554
259.34818
259.52566
259.52866
259.62250
259.77490
259.85998
260.28874
260.33182
260.43784
260.49574
260.52616
260.85496
261.09580
261.11236
261.11530
261.13564
261.38956
261.77626
261.77920
261.91882
261.96166
261.98194
262.01272
262.14196
262.50790
262.65646
262.67674
262.76566
262.99900
263.04274
263.04886
263.07658
263.26288
263.41558
263.64898
263.66278
263.66614
264.04654
264.06304
264.10366
264.24004
264.39928
264.44656
264.60988
264.73846
264.82366
264.84364
264.97252
265.05832
265.42660
265.48306
265.62688
265.63012
265.89340
266.19940
266.21620
266.49358
266.51362
266.77402
266.79700
267.03046
267.04828
267.08494
267.14014
267.15586
267.19990
267.22624
267.46678
267.48358
267.48982
267.78052
267.96652
268.40614
268.66684
268.68412
268.68700
268.73074
268.86694
269.02456
269.23072
269.88856
269.92198
269.97910
269.98462
270.13966
270.15382
270.21424
270.22510
270.23098
270.40804
270.71134
270.91438
271.02628
271.53130
271.58092
271.69792
271.99804
272.13118
272.56774
272.59840
272.60146
272.82460
272.88424
273.16492
273.34840
273.37870
274.32868
274.33486
274.52884
274.66540
274.77448
274.89478
275.03200
275.30032
275.35162
275.38618
275.64616
275.90950
276.69622
276.80368
276.80980
276.99910
277.06738
277.25602
278.09644
278.18560
278.36608
278.39686
278.46010
278.58304
278.75224
278.76628
278.85238
279.06334
279.24664
279.46918
279.49960
279.88978
280.09990
280.14670
280.16656
280.18972
280.51792
280.73368
280.83340
280.90780
280.97332
281.03362
281.13352
281.21944
281.24002
281.34796
281.42884
281.45932
281.46262
281.59408
281.60026
281.91712
282.21718
282.23410
282.28072
282.82900
283.00978
283.13830
283.32916
283.34686
283.34962
283.39582
283.41082
283.44964
283.48804
283.56742
283.58704
283.60366
283.66432
283.68406
283.89868
283.91038
283.92964
284.20774
284.36746
284.40484
284.65846
284.90122
284.90788
285.05128
285.27070
285.29374
285.30238
285.45112
285.46810
285.70384
285.85138
286.28758
286.31170
286.33168
286.63486
286.66210
286.78384
286.82098
286.82392
286.90150
287.31808
287.57818
287.61832
287.88520
287.99578
288.48802
288.79570
289.16248
289.36864
289.37662
289.41904
289.76602
289.80208
290.01154
290.05228
290.16898
290.18866
290.40616
290.54950
290.55244
290.72950
291.11320
291.32974
291.60724
291.61294
291.69298
291.71314
292.33630
292.65580
292.83922
293.11966
293.53318
293.53636
293.60320
293.63164
293.92924
293.93956
293.96644
294.05128
294.11506
294.18052
294.54364
294.58666
294.64378
294.77032
294.93340
295.26142
295.35052
295.38406
295.76410
296.34784
296.73730
296.85100
297.42088
297.67102
297.71944
298.30138
298.59814
298.81222
298.85866
298.86382
298.87564
298.94092
298.98442
299.10754
299.51440
299.58820
299.60482
299.70502
299.79862
299.96518
300.00490
300.14836
300.16552
300.18844
300.20500
300.31414
300.31690
300.39118
300.68536
300.77452
300.85516
301.05514
301.35544
301.35802
301.47190
301.53460
301.60060
301.68886
301.95256
302.43892
302.45572
302.49280
302.50168
302.51314
303.11614
303.32248
303.44434
303.56488
303.57646
303.57940
303.59968
303.61642
304.02532
304.12288
304.26274
304.49422
305.08954
305.20900
305.40922
305.72326
306.29014
306.35662
306.59890
306.67336
306.85048
306.89320
306.89626
307.17610
307.25032
307.45972
307.47976
307.75396
307.75720
307.95982
308.31118
308.54830
308.55112
308.55970
308.58304
308.59168
308.62636
308.64940
309.84958
309.94084
309.98770
310.12696
310.34986
310.49854
310.77448
311.01652
311.11792
311.13130
311.14822
311.20786
311.21956
311.42230
311.62474
311.67490
311.80846
312.37468
312.53152
312.73216
312.96094
313.02472
313.42486
313.48714
313.69168
313.73848
313.74166
313.88980
313.92502
313.98544
314.14156
314.72518
314.72812
314.80204
314.83408
314.99128
315.32524
315.48862
315.59470
315.62524
315.62830
315.66880
315.91762
316.94206
316.97542
317.02960
317.05276
317.14960
317.17534
317.25574
317.64148
317.65888
317.66158
317.66446
317.67844
317.69860
317.74216
317.95882
318.16180
318.22216
318.45886
318.51916
318.82234
319.25140
319.55206
319.56310
319.59514
319.66300
319.80892
319.84570
319.89238
319.98028
320.19244
320.31802
320.49256
320.67580
320.77270
320.91190
320.93542
320.98612
321.19222
321.67588
321.67864
321.86200
321.93040
321.93628
322.12234
322.14520
322.35916
322.42264
322.65904
323.04544
323.12296
323.25154
323.32594
323.64262
323.64556
323.68024
323.80912
323.88358
323.91808
324.19540
324.20920
324.21220
324.26638
324.51310
324.77572
324.86974
324.97582
325.27588
325.29952
325.35304
325.57588
325.99900
326.16568
326.34004
326.50918
326.54254
326.54944
326.74552
326.76226
326.77978
326.78284
326.84020
327.18640
327.28798
327.31180
327.58792
327.66904
327.79804
328.01224
328.06324
328.39834
328.41604
328.63288
329.07880
329.84554
329.95696
330.15646
330.29296
330.31720
330.33286
330.50188
330.54268
330.63640
330.84280
331.04290
331.06612
331.36642
331.80964
331.98964
332.03284
332.36950
332.60950
332.67604
332.71570
332.87290
332.88208
333.07312
333.21970
333.25936
333.27610
333.35050
333.38512
333.65932
333.67366
333.94282
333.96970
333.99280
334.20304
334.54264
334.55956
335.00314
335.69278
335.87602
335.89270
336.09556
336.16990
336.45952
336.49294
336.52888
336.81328
336.85204
336.94564
337.04272
337.75942
337.80280
337.82614
337.90912
337.94278
337.97614
338.40934
338.42308
338.87572
339.02332
339.11848
339.13498
339.49270
339.49552
339.69244
339.75292
339.77608
340.17862
340.37320
340.44586
341.03644
341.03974
341.29948
341.35936
341.36230
341.52292
341.55472
341.65942
341.71978
341.76844
341.80300
341.81176
341.83744
341.90326
341.92006
341.92348
341.99002
342.04594
342.05194
342.11218
342.32620
342.34276
342.36964
342.38020
342.61840
342.62338
342.66994
342.71224
342.79546
342.97630
343.01230
343.10950
343.22728
343.26724
343.37620
343.37902
343.85944
343.89022
343.93294
343.93648
343.97614
344.07892
344.27614
344.29558
344.31616
344.34274
344.34544
344.55328
344.57314
344.86372
344.92882
344.96854
345.18280
345.18886
345.23974
345.52000
345.82612
346.02610
346.05448
346.08946
346.11244
346.15954
346.27906
346.57912
346.64932
346.66990
346.93294
347.02102
347.19274
347.33296
347.47324
347.70304
347.76994
347.99914
348.05638
348.09280
348.14278
348.15952
348.38530
348.80944
348.84286
348.89734
348.95428
349.14298
349.95796
350.23306
350.48656
350.59270
350.97904
351.13300
351.37618
351.67894
351.87310
352.07908
352.51114
352.51396
352.63978
352.64278
352.71724
352.76854
352.84576
352.89700
352.89976
353.12632
353.18362
353.66050
354.08542
354.11248
354.58510
354.59296
354.78712
354.97612
354.97876
354.99304
355.03318
355.09036
355.21246
355.50082
355.50958
355.66246
355.77640
356.16268
356.84314
356.85976
356.98414
357.00088
357.00616
357.06604
357.14296
357.72754
357.94324
358.00366
358.20676
358.26094
358.41664
358.55506
358.59328
358.64992
358.68688
358.79584
358.80226
359.05630
359.37676
359.57956
359.65348
359.73982
360.11278
360.12010
360.19726
360.26008
360.26884
360.54310
360.54610
360.56302
360.70240
360.73744
360.74026
360.76336
360.76912
360.78040
360.95992
361.42378
361.42684
361.54024
361.99324
362.00992
362.10982
362.61298
362.66002
362.68726
362.89348
362.96776
363.07660
363.16732
363.17056
363.31300
363.35404
363.57676
363.61306
363.63682
363.64342
363.65410
363.65758
363.85690
363.87682
364.32034
364.56010
364.98376
365.02414
365.14354
365.14642
366.17980
366.25042
366.39628
366.41020
366.47080
366.59350
367.05370
367.06006
367.07362
367.41412
367.45126
367.45990
367.94320
368.20048
368.57470
368.61778
368.76016
368.80354
368.84356
369.00382
369.15256
369.35368
369.37690
369.61312
369.99970
370.11640
370.41310
370.73080
370.73908
370.92646
370.97686
371.21662
371.26036
371.53456
371.57662
371.76034
371.81164
371.95984
372.20332
372.52402
372.53734
372.54070
372.72688
373.17352
373.48732
373.92988
373.98658
374.24344
374.38570
374.45086
374.49040
374.57980
374.67670
374.69356
374.72800
375.54616
375.56020
375.84634
376.02058
376.14634
376.31788
376.64980
376.72666
376.76404
376.90684
377.00716
377.16658
377.20696
377.23036
377.29036
377.45320
377.47672
377.67052
377.67670
377.68708
377.69332
377.79310
377.87380
377.89330
378.09334
378.19342
378.93688
379.34320
379.35994
379.54318
379.55218
379.85482
379.92946
380.16646
380.22646
380.39314
380.81860
380.83552
381.09580
381.11902
381.21664
381.29284
381.33316
381.35650
381.35938
381.36730
381.65956
381.67942
381.68272
381.69964
381.87130
381.95956
382.29970
382.66228
382.73974
383.21230
383.24284
383.25628
383.29282
383.61214
383.65570
383.71216
383.87890
383.89276
384.25948
384.95938
385.09930
385.30558
385.42744
385.48474
385.51954
385.87858
385.88482
385.92574
386.26288
386.34286
386.54248
386.62858
386.80312
386.98624
387.14266
387.20290
387.38626
388.19248
388.27576
388.87276
388.87882
389.11960
389.25910
389.34496
389.37682
389.39632
389.60260
389.66866
389.70892
389.81686
389.93476
390.28894
390.30892
390.37852
390.46546
390.90898
391.02208
391.02556
391.04578
391.06576
391.12702
391.27552
391.43218
391.47844
391.48588
391.49218
391.70926
391.73602
391.87540
392.10166
392.14138
392.17558
392.30470
392.35576
392.39908
392.43610
392.91916
392.98612
393.04216
393.08452
393.29986
393.82258
394.11946
394.13464
394.14904
394.22056
394.29490
394.39234
394.69234
394.79230
395.08180
395.20642
395.27818
395.55274
395.60878
395.93584
395.94202
396.23908
396.32548
396.44206
396.58906
396.62530
396.75112
396.88294
396.92548
397.20196
397.50244
397.79224
397.90882
398.18914
398.39200
398.49202
398.51284
398.67550
398.71888
398.76982
398.89852
399.24190
399.34672
399.56170
399.65866
399.72916
399.77548
399.88474
400.03306
400.15888
400.18504
400.18858
400.23922
400.43902
400.52794
400.73410
400.74190
400.75882
400.82524
401.14192
401.72878
401.81158
401.88592
402.06898
402.22042
402.41548
402.71530
402.75556
402.77800
402.89842
403.15576
403.28452
403.42522
403.44190
403.44472
403.56478
403.56754
403.58428
403.60570
403.63582
403.74196
403.74472
403.84186
403.91650
404.04208
404.12800
404.45116
404.45440
404.62168
404.62522
404.64196
404.69986
404.71126
404.72794
404.77120
404.80864
405.00874
405.18568
405.33844
405.34486
405.56896
405.67528
405.69454
405.70078
406.07194
406.10068
406.27270
406.27534
406.36132
406.47526
406.65820
406.66126
406.75864
406.82524
406.85218
406.94188
407.00506
407.15344
407.32504
407.40988
407.41606
407.51878
407.54446
407.57776
407.60188
407.80864
407.94472
408.33424
408.50830
408.52804
408.73906
408.87952
408.91144
409.11136
409.11754
409.13176
409.17184
409.17520
409.49182
409.50844
409.67518
409.71772
409.95538
410.10856
410.17528
410.53252
410.58712
410.60392
410.75230
411.07522
411.12184
411.18454
411.46282
411.48400
411.54460
411.71908
411.81148
412.10848
412.15462
412.20832
412.38526
412.40860
412.67530
413.00590
413.27794
413.47504
413.49184
413.55532
413.67226
413.76088
413.78092
414.14422
414.36472
414.38206
414.42160
414.59608
414.92200
414.92770
415.04452
415.11118
415.22500
415.32484
415.86490
416.26864
416.27488
417.15814
417.25210
417.36082
417.37756
417.38410
417.66100
417.86722
417.92770
417.94162
418.09534
418.60474
419.13370
419.71966
419.77768
419.97754
420.06544
420.19120
420.31186
420.57742
420.58366
420.71176
420.84118
420.84388
420.94882
421.13506
421.15180
421.24420
421.35478
421.36954
421.37224
421.37566
421.44106
421.50802
422.10154
422.13364
422.80792
422.87110
423.25138
423.47164
423.82444
423.87154
424.04116
424.05148
424.42456
424.75798
424.85806
424.92124
425.10124
425.10778
425.14366
425.41840
425.53336
425.64466
425.71798
425.82712
425.96836
425.98498
426.13054
426.16504
426.41056
426.62446
426.69100
426.69730
426.86956
426.91678
426.97132
427.11724
427.60786
427.69114
427.76044
427.77442
428.16052
428.38336
428.59792
428.71798
428.94766
429.06682
429.15154
429.32710
429.50098
429.50476
429.61642
429.69388
429.82204
430.29412
430.32454
430.48516
430.50790
430.55134
430.63648
430.79122
430.89124
430.90132
431.21722
431.60002
431.90026
431.92360
432.18094
432.24394
432.29800
432.54388
432.65014
433.12726
433.14100
433.22176
433.50778
434.07460
434.08174
434.26546
434.36476
434.50012
434.54470
434.73136
434.87440
434.89408
435.04012
435.05776
435.20320
435.65800
435.67444
435.93478
436.04116
436.34770
436.38454
436.64134
437.12440
437.30746
437.31664
437.36740
437.41066
437.64766
437.69368
437.81932
437.89090
438.29092
438.45640
438.59104
438.78334
438.80272
438.87130
438.93106
439.27408
439.29778
439.35484
439.87432
439.92418
439.96036
440.10730
440.22112
440.34988
440.59858
440.77780
441.20764
441.28474
441.45418
441.74218
441.74560
441.87124
442.17430
442.33456
442.33708
442.39066
442.45120
442.57666
442.58002
442.58284
442.65736
443.17696
443.22658
443.42404
443.42686
443.84068
445.10722
445.27084
445.27372
445.79044
445.82026
445.87408
445.92526
445.94044
446.00698
446.28400
446.31736
446.74048
446.76052
446.77054
446.83246
446.95480
447.02098
447.23260
447.33268
447.68410
447.84706
448.17088
448.39024
448.41340
448.79020
448.93354
448.97638
449.15674
449.54020
449.65696
449.74294
450.02320
450.04006
450.04306
450.12052
450.30958
450.99610
451.10674
451.29004
451.49290
451.50688
452.22982
452.38228
452.59012
452.65054
452.67982
452.77708
452.92030
452.97934
453.02608
453.36562
454.15198
454.19956
454.22332
454.32328
454.63240
455.14684
455.25580
455.40370
455.44726
455.48992
455.83666
456.20632
456.23974
456.24280
456.30502
456.32566
456.59254
456.91948
456.92572
456.93982
457.07314
457.23988
457.47574
457.52314
457.76284
457.78324
457.78966
457.80646
458.06644
458.08960
458.32024
458.36368
458.45926
458.49244
459.24106
459.35614
459.37294
459.38962
459.42010
459.73294
459.81340
459.95614
459.96262
460.14226
460.15624
460.36246
460.39996
460.42258
460.53928
460.72252
460.72582
460.94254
460.96018
461.68930
461.79100
461.89222
461.98624
462.00592
462.30340
462.33274
462.33910
462.35248
462.55864
462.57250
462.57574
462.94198
462.95602
463.15594
463.15882
463.27240
463.46998
463.52242
463.91914
463.94218
464.06782
464.88298
465.19498
465.77518
465.99826
466.23544
466.41808
466.44166
466.49266
466.64170
467.11306
467.13862
467.16190
467.19916
467.40496
467.60806
467.77972
467.90518
467.96230
468.09640
468.35662
468.56554
468.57172
468.57472
468.82306
468.85492
468.86896
468.94894
469.19488
469.77178
469.99876
470.32150
470.35006
470.43190
470.57848
470.59846
470.62162
470.67958
470.77138
470.83810
470.93050
471.19096
471.21100
471.78820
472.06810
472.29466
472.55134
473.02120
473.22118
473.24062
473.50408
473.52418
473.53786
473.72140
474.00130
474.02122
474.06490
474.32134
474.38758
474.40456
474.42742
474.62398
474.63034
474.65074
474.65362
474.66784
474.92800
474.96214
475.08766
475.27390
475.34782
475.37122
475.71100
475.75360
475.75732
475.81108
475.83448
475.84042
475.85152
475.98754
476.31484
476.74660
476.93500
476.97814
477.49804
477.50416
477.58750
477.98758
478.15672
478.38742
478.55422
478.58746
478.80490
478.82800
478.87966
479.76280
479.79760
480.02314
480.23716
480.30058
480.58384
480.59212
480.88714
481.15822
481.18720
481.28998
481.41850
481.52422
481.54744
481.60678
481.74184
482.25364
482.29342
482.63068
482.87386
482.87704
483.20038
483.80338
483.99190
484.07008
484.08682
484.10374
484.13416
484.16398
484.26622
484.28068
484.36396
484.37008
484.40332
484.44088
484.61248
484.86616
484.94716
485.04700
485.13304
485.42404
485.44708
485.46994
485.66506
485.85616
485.91982
486.17668
486.19066
486.41362
486.43384
486.43666
486.47710
486.57304
486.70324
486.90592
487.00588
487.05334
487.08052
487.20310
487.20604
487.24882
488.45314
488.64676
488.68660
488.69314
488.94694
488.95312
488.95600
489.01330
489.39298
489.63010
490.17952
490.44028
491.26624
491.30302
491.56078
491.88916
492.10966
492.17038
492.22666
492.46090
492.49534
492.58138
492.69562
492.71842
492.73612
492.73912
492.86440
492.95290
492.97240
493.34524
493.37872
493.45996
493.49650
493.61932
493.69660
494.60548
494.67220
494.82634
494.88616
494.92630
494.96338
495.31186
495.34954
495.36946
495.43270
495.54934
495.57214
495.82642
495.82978
495.85288
495.86632
495.86956
496.03642
496.33630
496.69870
496.75588
497.13604
497.62216
498.14626
498.58624
498.95524
498.97216
499.17226
499.36618
499.43290
499.57240
499.59250
499.63630
499.70944
499.82974
500.30974
500.33626
500.45590
500.47600
500.51602
501.05560
501.31672
501.44512
501.70276
501.72586
501.74962
501.77350
502.10290
502.18630
502.37860
502.57204
502.60300
502.84624
503.26960
503.34676
503.50390
503.53648
503.76946
503.96968
504.25594
504.42244
504.51346
504.63316
504.63640
504.63922
504.69646
504.95926
505.31074
505.49992
505.66288
505.90582
505.91980
505.98352
505.98628
506.04682
506.20612
506.40316
506.74678
507.75316
507.77272
507.97888
508.09360
508.09606
508.53628
508.83676
508.95352
508.95634
509.34700
509.38048
509.64334
509.70328
510.00346
510.10330
511.15612
511.17292
511.71016
511.75096
512.01034
512.15368
512.32300
512.57026
513.05098
513.11434
513.23980
513.74608
513.82018
514.00354
514.02652
514.20658
514.28092
514.28398
514.42030
514.56976
514.57570
514.67452
514.97044
515.17036
515.17324
515.22718
515.55658
515.79664
516.03070
516.05386
516.05686
516.07060
516.25384
516.31408
516.55660
516.60004
516.69370
516.71434
516.72052
517.33720
517.40392
517.44040
517.45768
517.66048
517.99786
518.00416
518.09032
518.30146
518.32408
518.35624
518.57272
518.60452
518.62696
518.62990
518.81584
518.89024
518.90692
519.00130
519.33010
519.48772
519.52108
519.75376
520.08766
520.42810
520.43122
520.43452
520.62826
520.63456
520.65136
520.65436
520.83154
521.21776
521.24086
521.54068
521.78950
521.79802
521.80078
522.14092
522.16408
522.30418
522.36058
522.44140
522.47140
522.72160
522.77560
522.80764
522.92428
522.99880
523.00468
523.01902
523.34218
523.50496
523.70770
523.79116
524.05132
524.07160
524.09128
524.29720
524.39752
524.47174
524.52328
524.66296
524.67472
524.68324
524.97478
525.07828
525.17962
525.25240
525.26428
525.43522
525.45802
525.47200
525.50110
525.64768
526.02466
526.46452
526.51564
526.53262
526.67434
526.77226
526.81612
526.83910
526.91692
526.92268
526.93618
526.98778
527.04520
527.41618
527.42224
527.62240
527.64562
527.79952
527.83732
527.88166
527.92516
528.19174
528.20572
528.37534
528.38038
528.47536
528.56608
528.66340
528.70582
528.80584
528.83542
529.15600
529.35868
529.45570
529.47274
529.52932
529.55266
529.68940
529.75600
529.80982
529.83322
529.88440
530.00614
530.09602
530.35318
530.37604
530.57314
530.73040
530.82298
530.95678
531.27310
531.27946
531.41962
531.42586
531.47326
531.47980
531.50008
531.51418
531.53950
531.65944
531.73972
532.25674
532.30642
532.32622
532.42336
532.42600
532.44022
532.74016
532.74682
532.80058
532.82080
533.02654
533.14390
533.54140
533.64676
533.69914
533.74426
533.78434
534.05848
534.06484
534.31630
534.67384
534.77074
534.95722
535.07416
535.09060
535.13686
535.15708
535.55080
535.55440
535.73782
535.75138
535.94092
536.01784
536.14096
536.15758
536.25754
536.26048
536.31772
536.40298
536.53480
536.66068
536.70778
536.84374
536.85784
536.94394
536.97730
537.04750
537.22738
537.23338
537.43036
537.74464
537.81586
537.94126
538.02466
538.09918
538.20814
538.22482
538.36828
538.58794
538.60804
538.61116
538.68526
538.69138
538.77760
538.85524
538.90546
539.02498
539.03134
539.16838
539.17990
539.20048
539.26858
539.27488
539.30518
539.47186
539.47786
539.58910
539.65552
539.72542
539.80354
539.93944
540.09196
540.46486
540.65872
540.75556
540.78700
540.82822
540.93574
540.96958
540.97270
541.06144
541.21648
541.26166
541.39222
541.39846
541.49992
541.56172
541.58152
541.62550
541.65262
541.78438
541.82542
541.82830
541.91932
541.93324
542.13910
542.36182
542.37556
542.38450
542.40550
542.40874
543.53500
543.84268
544.30174
544.42720
544.69696
544.89670
544.93504
545.06212
545.06428
545.17906
545.46250
545.62240
546.13942
546.19606
546.41998
546.55966
547.07944
547.12948
547.16002
547.42642
547.42948
547.53082
547.70986
547.81258
547.82338
547.85206
547.87198
548.00986
548.40232
548.70004
548.74708
548.78722
548.81026
548.90368
548.99614
549.02998
549.41020
549.75298
550.11934
550.37980
550.46290
550.67710
550.87714
550.95748
550.99084
551.28010
551.29750
551.42716
551.47732
551.49790
551.52112
551.52736
551.57206
551.62114
551.63014
551.81464
552.16984
552.21562
552.23008
552.27070
552.36988
552.50734
552.53026
552.74440
552.92764
553.38826
553.68826
553.88680
553.91398
554.13688
554.22466
554.33470
554.37178
554.49460
554.52802
554.61148
554.80858
555.03706
555.05836
555.35854
555.48730
555.56170
555.59482
555.61150
555.84886
555.93850
556.01818
556.06174
556.48480
556.48768
556.53880
556.57828
556.74502
557.13472
557.20546
557.24818
557.25508
557.43130
557.47894
557.60572
557.66596
557.77882
557.79664
557.92900
558.05494
558.18556
558.29830
558.38662
558.52894
558.63178
558.70900
558.71242
558.72280
558.75610
559.07284
559.24864
559.27270
559.41232
559.57576
559.62640
559.81894
560.35642
560.60476
560.67928
560.71900
560.77192
561.36274
561.36550
561.37732
561.41290
561.43996
561.62056
561.74902
561.76588
561.80626
561.85684
561.86278
562.03996
562.06330
562.41304
562.62970
562.97974
563.11018
563.39002
563.39326
563.57002
563.63008
563.97376
564.12226
564.24658
564.30724
564.53692
564.85108
564.91372
565.05124
565.12234
565.21354
565.28794
565.42012
565.43704
565.48018
566.08054
566.24104
566.26648
566.36392
566.41384
566.56660
566.57776
566.72044
566.73016
566.74078
566.96116
566.96434
566.98486
566.99110
567.04732
567.14752
567.34738
567.63238
567.67066
567.73858
567.98218
568.01704
568.03378
568.10632
568.15378
568.23100
568.31056
568.41118
568.43092
568.79704
568.81708
568.83712
568.83988
568.85458
568.86310
569.09740
569.11450
569.12902
569.23390
569.50060
569.51434
569.86702
569.91742
569.94394
569.98108
569.98402
570.01210
570.02176
570.18124
570.24142
570.25540
570.32110
570.34108
570.43468
570.47818
570.58696
570.70696
570.73900
570.76750
570.83152
570.84160
570.99790
571.39810
571.42144
571.51486
571.63924
571.66504
571.71766
571.80232
571.92148
571.94794
571.96768
572.06458
572.08816
572.10238
572.11894
572.16172
572.16514
572.17138
572.36494
572.42284
572.50522
572.53174
572.61160
572.94820
572.99566
573.13438
573.39208
573.42898
573.62914
573.63202
574.11526
574.42438
574.43506
574.45828
574.54870
574.55890
574.63864
574.70452
574.70788
574.71550
575.11558
575.19892
575.20774
575.38912
576.11728
576.15178
576.19678
576.25210
576.36856
576.46582
576.66856
576.70222
576.97792
577.09924
577.12288
577.14628
577.28926
577.34944
577.35208
577.40326
577.49206
577.76896
577.83274
577.83550
577.84948
578.04676
578.14966
578.29918
578.53288
578.64652
578.82688
578.97046
578.97328
579.26650
579.27004
579.29056
579.29374
579.39970
579.51652
579.62512
579.62842
579.65668
579.73006
579.85150
580.11988
580.34992
580.57726
580.60012
580.72024
580.74892
581.04394
581.30986
581.66680
581.70022
581.70706
581.76364
581.95312
582.02746
582.46480
582.89308
582.89668
583.24150
583.33666
583.41736
583.44436
583.45078
583.53154
583.67740
584.13412
584.48428
584.76742
584.78416
585.33430
585.35758
586.02166
586.16494
586.18792
586.36762
586.37098
586.62496
586.67074
586.86160
586.92790
586.94254
587.16184
587.20510
587.34862
587.59084
588.12880
588.26488
588.33166
588.33502
588.35488
588.55462
588.59500
589.13530
589.13800
589.14430
589.22506
589.23208
589.23538
589.38418
589.40410
589.44418
589.49866
589.50214
589.51264
589.74208
589.91890
589.98184
590.19460
590.22052
590.22250
590.24182
590.25604
590.33620
590.37922
590.39986
590.54224
590.61580
590.62156
590.83180
590.90524
591.03688
591.07696
591.15124
591.18568
591.27952
591.29956
591.38308
591.38596
591.64930
591.66946
591.70264
591.72970
592.03870
592.08616
592.26928
592.30924
592.47202
592.58596
592.82974
592.84960
592.90558
593.05264
593.25286
593.33014
593.38108
593.45578
593.46184
593.48626
593.77894
593.79346
593.83018
593.84686
593.85316
594.13396
594.13648
594.21652
594.21982
594.22870
594.33376
594.38782
594.64558
594.90628
595.04572
595.33414
595.44352
595.62310
595.78276
595.80346
595.86064
595.96006
596.01760
596.18992
596.50390
596.54662
596.59000
596.90368
596.92822
596.96398
596.98708
597.22468
597.24448
597.48748
597.83122
598.02364
598.07080
598.20424
598.25386
598.27390
598.28494
598.29154
598.45732
598.63750
599.19178
599.32384
599.33782
599.41630
599.51398
599.59180
599.76358
600.00730
600.08122
600.44980
600.82432
600.94612
601.00804
601.01500
601.07926
601.08442
601.12804
601.15912
601.23808
601.27288
601.35892
601.38214
601.40230
601.53640
601.66570
601.67926
601.73626
601.77964
601.88830
602.30812
602.36566
602.36902
602.37952
602.51440
602.64160
602.68864
602.70262
602.89780
603.28888
603.32350
603.45550
603.46600
603.72352
603.73288
604.05568
604.07584
604.09564
604.58152
604.64194
604.65304
604.79338
604.83622
604.94206
605.13922
605.26510
605.33932
605.46532
605.48572
605.50624
605.53936
605.72290
605.75626
606.07282
606.43198
606.52558
606.78976
606.88312
607.14880
607.38706
607.52002
607.56970
607.68340
607.81564
607.90642
607.91278
608.02954
608.07604
608.20174
608.28700
608.37322
608.49010
608.58514
608.59906
608.72734
608.89924
608.95372
608.97070
609.10696
609.24220
609.37072
609.77080
610.23754
610.38646
610.40014
610.44046
610.65724
610.87660
611.00074
611.88166
611.88682
611.94442
611.96752
612.03022
612.19072
612.47392
612.54052
612.66178
613.27408
613.29394
613.73122
613.85752
614.10754
614.14084
614.16034
614.19376
614.45752
614.72122
614.88964
615.13348
615.41800
615.42712
615.64738
615.70114
615.70762
615.71812
615.82444
615.82708
616.02130
616.03468
616.06180
616.13356
616.14766
616.19380
616.19884
616.20748
616.22428
616.50472
616.63342
616.99114
617.09086
617.29114
617.36818
617.39998
617.57122
617.59396
617.67430
617.67706
617.69128
617.71444
617.73490
617.92432
618.32434
618.33466
618.33820
618.36694
618.39538
618.73786
618.86068
618.95554
619.54402
619.60138
619.84120
620.12458
620.13622
620.16502
620.18788
620.20798
620.21176
620.48800
620.60788
620.83090
620.99410
621.20182
621.30292
621.31714
621.53752
621.61456
621.89734
621.91474
621.95182
622.09798
622.66702
622.86994
622.92442
623.05300
623.21272
623.31826
623.52472
623.64418
623.72170
623.73904
623.87128
624.04804
624.21088
624.28216
624.35104
624.61702
624.71458
625.15450
625.17454
625.35808
625.37758
625.45498
625.45810
625.64122
625.79800
626.02108
626.12938
626.13670
626.22472
626.25172
626.64808
626.69860
626.82736
626.99854
627.02722
627.04156
627.16996
627.20176
627.22768
627.24142
627.43678
627.47074
627.54514
627.72778
628.09444
628.70050
628.78900
629.27176
629.55208
629.84146
629.97784
630.20074
630.25810
630.87490
630.90478
631.10482
631.48816
631.82248
631.94140
632.00812
632.11096
632.20828
632.44144
632.48836
632.62486
632.73526
632.89420
632.95804
633.00826
633.25834
633.86104
634.03810
634.55128
634.60180
634.92172
635.13370
635.23366
635.30818
635.36236
635.60506
635.60806
635.82598
635.96080
636.22474
636.41428
636.72070
636.77764
636.98098
636.98776
637.03516
637.33228
637.35814
637.53118
638.02150
638.15008
638.19094
638.22448
638.39392
638.40736
638.70784
639.13672
639.16534
639.16834
639.17722
639.39382
639.89422
640.73212
640.76656
640.77424
641.04382
641.14084
641.26672
641.60128
641.72416
641.98450
642.00748
642.10762
642.31030
642.47056
642.77098
643.27396
643.34806
643.45720
643.53724
643.65094
643.67164
643.68292
643.80088
643.85434
643.92868
644.22670
644.24044
644.42362
644.42644
644.46376
644.72668
644.93734
645.26734
645.40690
645.40978
645.42364
645.48418
645.63268
645.70696
645.72724
646.05670
646.15708
646.19026
646.21576
646.35076
646.48252
646.49914
647.88076
647.90056
648.60670
649.19020
649.38964
649.97326
650.28334
650.33950
650.43976
650.47030
650.71684
650.90662
650.93980
651.53998
651.72310
651.99250
652.29226
652.38964
652.57288
652.86982
653.40754
653.60644
653.88688
654.41710
654.61996
654.74860
654.84244
655.17316
655.26322
655.68970
655.90642
655.92676
656.29258
656.35918
656.43952
656.65000
656.81866
657.18958
657.23620
657.37294
657.43948
658.09876
658.22302
658.59742
658.62022
658.72564
659.23642
659.28070
659.33974
659.81290
659.83294
660.06280
660.10342
660.23866
660.55618
660.57934
660.79612
660.79972
660.88186
661.01002
661.33966
661.35334
661.39408
661.40506
662.32576
662.42578
662.68336
662.90620
662.98336
663.18640
663.47296
663.48712
663.82702
664.24990
664.75606
664.93948
664.97602
665.37280
665.42782
665.53696
665.99998
666.42286
666.60892
666.87568
666.88630
667.10284
667.10626
667.16644
667.29574
667.52548
667.68142
667.69702
667.87288
668.12278
668.38930
668.39212
668.41912
668.44300
668.53936
669.05968
669.14818
669.63160
669.78010
670.05598
670.37248
670.96642
671.04964
671.05588
671.08906
671.31256
671.34694
671.35588
671.58898
672.25570
672.25894
672.27634
672.59956
673.10596
673.32844
673.40572
673.62244
673.70356
673.70596
673.81492
673.91620
674.22898
674.85268
675.17242
675.47248
675.88906
675.91612
675.99922
676.41634
676.60846
676.75090
676.79848
677.40280
677.43328
677.58898
677.78902
678.65266
678.79564
678.81850
678.83902
678.89590
678.95848
679.25278
679.47268
679.63288
679.75858
679.83898
679.92544
680.22514
680.22820
680.29924
680.50552
680.55706
680.70556
680.92240
681.38302
681.94090
681.99190
682.03900
682.07230
682.19824
682.45810
682.53898
682.68130
682.82254
683.05576
683.25562
684.13276
684.22246
684.26494
684.63910
684.77506
684.82234
684.98614
684.98902
685.11484
685.50856
686.15554
686.77612
687.00544
687.80548
687.84532
688.12516
688.37212
688.58884
688.76026
688.79176
689.09170
689.94154
690.76486
690.98866
691.07650
691.18570
691.23646
691.27678
691.30834
691.57210
692.14636
692.14888
692.49154
692.51752
692.96320
693.25240
693.77524
694.11850
694.22242
694.25044
694.55554
694.62208
694.96828
695.02222
695.09662
695.40832
695.50264
695.57032
695.66566
695.70574
695.70844
695.72608
695.75962
695.76304
695.90860
695.96566
696.14926
696.16594
696.56602
696.94804
696.96616
696.99538
697.20964
697.58674
697.76974
697.80994
698.23900
698.97250
699.02548
699.08920
699.69334
699.70876
699.98608
700.01476
700.05226
700.11940
700.41490
700.81264
700.83934
700.99222
700.99564
701.17240
701.29840
701.33908
701.59312
701.70220
701.84206
702.05620
702.18514
702.23950
702.25624
702.42274
702.49360
703.03936
703.28944
703.60912
704.32972
704.47582
704.49250
704.97292
705.05638
705.26224
705.40132
705.53026
705.86542
706.41670
706.60258
707.70322
707.70658
707.72962
707.94004
707.98336
708.32608
708.87616
709.37944
709.57342
709.59352
709.65022
709.65652
709.75396
709.78198
709.78840
709.85662
709.85938
710.44000
710.71990
711.44890
711.52312
711.70678
711.74014
712.10068
712.16728
712.18672
712.75372
712.78732
712.86712
712.89310
712.95040
713.58256
713.79694
714.07348
714.20938
714.35680
714.37102
714.37372
714.40846
714.44032
714.45970
714.53716
714.59278
714.72094
714.74038
715.08286
715.12372
715.20430
715.32364
715.37752
715.53244
715.72672
715.82368
715.90978
715.91308
715.93306
716.10988
716.19034
716.20084
716.20726
716.20990
716.60704
716.68156
717.07378
717.07642
717.32740
717.64828
717.77392
718.04038
718.04314
718.30708
718.35436
718.46866
718.47388
718.69750
718.94056
718.94344
719.25754
719.54086
719.72716
720.02686
720.12100
720.14080
720.20116
720.44734
720.50740
720.91642
721.57426
721.87126
721.95736
722.62426
722.68642
722.76088
722.77720
722.85778
722.94376
723.04096
723.04426
723.30112
723.34114
723.45388
723.52426
723.72442
723.90772
724.95544
725.05774
725.12476
725.29852
725.51698
725.55808
725.67154
725.81722
725.88142
726.04594
726.07486
726.11764
726.25792
727.01848
727.61884
727.71604
727.93114
727.96150
728.02516
728.52790
728.94196
729.08566
729.20560
729.30868
729.33442
729.38572
729.68860
729.71566
729.74878
729.89482
730.19998
730.35562
730.99222
731.17840
731.35906
731.54236
732.42232
732.43966
732.53992
732.74284
732.92602
733.02274
733.24258
733.29250
733.60930
733.70932
733.90936
733.91230
733.92616
733.93240
734.12302
734.12896
734.18968
734.19580
734.48974
734.77006
734.79304
734.90968
735.07024
735.55336
735.68200
735.90202
736.45384
736.54330
736.55980
736.80238
737.23744
737.74348
738.17800
738.20122
738.25534
738.36046
738.46936
738.51310
738.52720
738.72712
738.78496
738.90724
738.91012
739.21948
739.52722
739.53370
739.55422
739.80790
740.07754
740.19394
740.45146
740.91448
741.09436
741.15784
741.16102
741.16390
741.36394
741.55828
741.67162
741.85786
742.14748
742.16716
742.30186
742.31926
742.98460
743.02510
743.03716
743.04478
743.24494
743.31436
743.44510
743.51164
743.74516
743.83108
744.30292
744.58882
744.59536
744.61186
744.62884
745.01200
745.67566
745.91872
746.40484
746.60482
746.67418
746.99338
747.02608
747.31960
747.46522
747.56260
747.59386
747.72952
747.84880
747.86284
748.08880
748.10032
748.16290
748.34884
748.36576
748.44628
748.44922
748.63270
748.82968
748.88998
749.10664
749.33998
749.36398
749.38408
749.51308
749.62984
749.71894
749.82406
750.30736
750.31654
750.33004
750.52408
750.59950
750.63286
750.65650
750.65932
750.67384
750.69688
750.69970
750.73660
750.79672
751.12264
751.19386
751.21132
751.49710
752.18038
752.19724
752.20000
752.72080
752.88352
753.10036
753.42400
753.43072
753.45058
753.53824
753.66682
753.96442
754.22482
754.64758
754.72510
755.03404
755.45434
755.75458
756.00106
756.17212
756.44056
756.69826
756.99850
757.05562
757.06978
757.19836
757.50874
757.55608
758.46808
758.54236
759.02596
759.62632
759.63250
759.86974
760.03240
760.14130
760.15798
760.28962
760.31602
760.41886
760.46596
760.77268
760.95574
761.11588
761.29588
761.29924
761.31616
761.34940
761.66884
761.80228
761.82304
762.83956
763.00282
763.20628
763.86064
763.86670
764.08354
764.46970
764.63758
764.94142
765.43396
765.43654
765.73654
766.05958
766.42000
766.53148
766.72018
767.14492
767.30062
767.70112
768.20122
768.38746
768.94174
769.18492
769.42216
769.58488
769.76836
769.93666
770.00548
770.06848
770.45476
770.51170
770.55196
771.45214
771.61240
771.73822
771.79534
772.02160
772.06882
772.07566
772.09582
772.29886
772.34878
772.57918
772.82536
772.86316
772.86988
772.89040
773.76640
773.86570
773.90866
773.94874
774.16612
774.18616
774.20278
774.26056
774.40960
774.67732
774.75970
774.96940
775.07848
775.18636
775.37566
775.47256
775.52980
775.65556
775.70314
775.85590
775.91308
776.36974
776.42764
776.69656
776.73658
777.20800
777.40342
777.61354
778.50376
778.55764
778.72690
779.00374
779.12950
779.38714
779.45782
779.50414
779.52736
779.56624
779.61016
780.37336
780.40714
780.84772
781.15420
781.91770
782.16094
782.30698
782.42110
782.80702
782.84680
782.88772
782.94688
783.09070
783.20428
783.38794
783.46162
783.67132
783.68452
783.70450
783.88738
784.44844
784.82242
784.83190
785.00776
785.04844
785.54116
785.57440
785.64880
785.65522
785.85196
785.85502
786.06844
786.60112
787.73884
787.82218
788.08246
788.18170
788.68534
788.80540
789.08902
789.55228
789.69178
789.73888
789.97234
790.09810
790.18672
790.20682
790.33264
790.33906
790.65592
790.70560
790.75570
790.97248
791.08132
791.23894
791.43922
791.72488
791.73910
791.75116
791.82256
791.99950
792.00556
792.00838
792.12238
792.12520
792.32530
792.32830
792.49660
793.07248
793.29208
793.57258
793.70122
794.10964
794.15224
794.15584
794.33284
794.51626
794.53912
794.85580
794.87914
795.45586
795.46216
795.48568
795.52246
795.82246
795.84556
796.09186
796.18912
796.23160
796.35718
796.38022
796.38292
796.48930
796.70584
796.73182
796.80874
796.88914
797.01514
797.52946
797.71924
797.72956
798.05578
798.15580
798.73912
798.74218
799.31920
799.40572
799.52242
799.60582
799.60870
800.28910
800.35582
800.87506
800.94970
801.01492
801.07252
801.07522
801.08896
801.17500
801.28924
801.31246
801.34660
801.47530
802.34176
802.37602
802.44772
802.55854
802.83274
803.00554
803.00836
803.08552
803.23888
803.28550
803.28898
803.30560
803.69140
803.79178
803.92858
804.08896
804.22018
804.34918
804.59548
804.60238
804.85228
805.05526
805.31584
805.53862
805.55236
805.67872
806.14156
806.30800
806.58814
806.63878
807.50140
807.89734
808.77178
808.97464
808.98130
809.21182
809.21866
809.23852
809.62444
809.67172
809.69836
809.79574
810.38188
810.40480
810.54580
810.77134
811.00462
811.11130
811.34848
811.45726
811.72156
812.04064
812.89564
812.99824
813.02140
813.05164
813.32422
813.38782
813.64492
813.68782
813.77104
813.79060
813.98794
814.39366
814.67092
814.72804
815.34424
815.80048
815.83774
815.85748
816.06682
816.30418
816.38158
816.53782
816.92392
817.00438
817.20130
817.38766
817.77370
818.50696
818.92072
819.01744
819.15412
819.22750
820.12084
820.30384
820.50406
820.50706
820.56442
820.64470
820.69036
821.17054
821.29894
821.59948
821.65402
822.10546
822.16042
822.22714
822.41716
822.42352
822.66298
822.67060
822.73732
822.74092
822.77764
823.01764
823.05760
823.24000
823.28698
823.30672
823.56382
823.60684
823.65856
823.70038
824.17318
824.49652
824.65108
824.77324
824.88706
825.27940
825.30826
825.33094
825.49402
825.87934
826.00384
826.13710
826.18018
826.20358
826.35370
826.52314
826.61746
827.20690
827.41258
827.58202
827.66728
827.89156
827.98990
828.45634
828.48706
828.54748
828.57040
829.05376
829.33972
829.37386
829.39690
830.28310
830.29726
830.32984
830.52052
830.62912
831.38998
831.64714
831.87022
831.95050
832.15048
832.57930
832.83592
832.87060
833.12614
833.16724
833.23984
833.25358
834.04012
834.08050
834.48694
834.50086
834.53968
834.68410
834.93244
835.00378
835.77040
835.79626
836.57116
836.76310
837.04024
837.28414
837.52072
837.81160
837.96052
838.19752
838.34116
838.36042
838.58710
838.60402
838.74022
838.80154
838.80412
838.86784
838.90660
838.92352
839.00422
839.18716
839.30428
839.50408
839.51050
839.74132
839.76466
839.81482
839.83930
840.06478
840.15082
840.18772
840.38080
840.59092
841.02094
841.07122
841.10860
841.27756
841.43770
841.53448
841.55452
841.78786
841.95460
842.13802
842.16358
842.52112
842.63782
842.89576
843.25486
843.46486
843.80782
843.87928
844.28842
844.31524
844.43074
844.82632
844.96156
845.22322
845.23222
846.32446
846.59140
846.63868
847.32502
847.60564
847.62526
848.20564
848.28892
848.38588
848.67514
848.79184
849.25564
849.30562
849.30874
849.32620
849.32914
849.33574
849.34066
849.46960
849.66940
849.67270
849.67564
849.78130
850.25584
850.75600
850.90894
851.11630
851.12278
851.44216
851.65630
852.22312
852.30886
852.90934
853.20910
853.42300
853.77310
854.14750
855.09028
855.25960
855.67354
855.69706
855.82576
855.95392
856.16872
856.20310
856.34020
857.06098
857.53750
857.74042
857.74702
857.94322
857.95690
857.97382
858.16720
858.20728
858.39052
858.69058
858.78454
859.35742
859.41982
859.69732
859.93456
860.15740
860.32402
860.43454
860.64076
861.12442
861.30730
861.39484
861.40144
861.62722
861.65782
861.70132
861.90766
861.94762
862.07446
862.46056
862.47718
862.89406
863.24116
863.95774
864.02458
864.05152
864.25780
864.59506
864.61828
864.71074
864.72736
865.02736
865.33858
865.48498
865.54426
865.55782
865.81840
865.84162
865.89154
866.02486
866.31070
866.41876
866.66830
866.89150
867.49162
867.71512
867.72178
867.75196
867.97486
867.98380
868.17496
868.39156
868.45822
868.56718
868.69174
868.73560
868.80196
868.81720
868.94158
869.12182
869.12776
869.14132
869.14432
869.42182
869.50708
869.62774
869.63554
869.74180
870.06130
870.50848
870.59950
870.62002
870.70462
870.72502
870.90610
870.92776
871.03678
871.07500
871.30060
871.30864
871.60066
871.67236
871.68172
871.75846
871.80880
871.88950
872.20546
872.39176
872.45836
872.65852
872.81908
872.91616
873.12532
874.20244
874.20856
874.29184
874.41124
874.67518
874.78294
874.79200
874.99162
875.11750
875.20858
875.30848