1.00378
1.23370
1.25668
1.38202
2.84794
2.86678
3.67450
4.00840
4.07206
4.13356
4.24684
4.42330
4.46398
4.60168
4.70140
4.89250
5.36116
5.39140
5.42014
5.45410
5.50204
5.99284
7.40554
7.88686
7.92274
7.95928
7.98232
8.19610
8.75686
9.37324
9.39886
9.43114
9.50758
9.67162
9.81676
10.26382
11.39440
12.28828
12.30838
13.67734
13.70350
13.74790
13.91884
14.05312
14.08912
14.20876
14.39632
14.43028
14.56912
14.61898
15.29770
15.45742
15.50488
16.35028
16.36696
16.47616
16.82530
16.86862
19.04386
19.67272
21.83506
23.19142
23.26474
23.29564
23.42038
25.09012
25.10992
25.15660
25.42150
25.53742
25.54648
25.60864
25.66654
26.01418
26.27278
26.39410
26.41648
26.48200
26.95822
27.02440
27.05824
27.22492
27.42376
31.18678
31.23568
32.47378
32.57650
32.61826
32.70052
33.20476
33.36904
33.64240
33.69184
34.32868
34.91314
35.28400
36.29896
36.33742
36.55396
36.57796
36.60760
36.84136
36.88294
36.97594
37.02976
37.31020
37.65052
38.00086
38.04982
38.09554
38.23360
38.30200
38.36458
39.09022
39.19048
40.42750
40.68022
41.44480
42.82216
43.17094
43.98226
44.09782
45.15826
45.40186
45.42040
46.23472
46.27108
46.49950
46.92148
47.13982
47.58100
47.60572
47.77246
47.92486
48.27100
48.81322
48.84358
49.29946
50.53186
50.81896
50.85754
50.89234
51.35698
51.38008
51.39904
53.12632
53.19598
53.22946
53.26780
53.31844
53.34934
54.62182
54.70126
55.61260
55.64110
55.81144
56.12146
56.51626
56.55178
56.98366
57.05134
57.63250
57.66670
58.24672
58.30192
58.31884
58.40758
58.85410
59.08288
59.11270
59.26876
59.30434
59.59978
59.65894
60.20104
60.22780
61.51654
61.91884
62.41504
62.42866
63.18076
63.18814
63.89008
65.09362
66.37336
66.82342
66.92854
67.57678
68.62732
68.66116
68.68336
68.72674
68.78200
69.10714
69.18862
69.51124
69.64570
69.85546
70.24834
70.29370
70.32130
70.39648
70.43902
70.47430
70.64290
70.66006
70.91548
71.00200
71.14210
71.15644
71.21104
71.22808
71.63470
71.87050
72.04498
73.02982
75.00820
76.28830
76.31794
76.40320
77.11810
77.13220
77.28436
78.26968
78.39250
78.96388
79.02928
79.19206
79.22386
79.29262
79.42018
79.55932
80.06056
80.09464
80.12704
80.51524
80.86750
82.39666
83.50354
83.90464
84.89524
84.93748
84.96910
85.00522
85.02364
85.04380
85.89394
85.97056
85.99978
87.52204
87.55882
88.17034
90.42766
90.47920
91.12354
91.69948
92.15434
92.32252
92.62978
92.98612
93.27472
93.32080
94.80328
94.88632
95.03674
96.13312
96.15520
97.35550
98.52760
101.57878
102.64564
102.83044
103.04716
103.09582
103.14178
103.15972
103.18294
103.83988
103.87030
103.96918
103.98334
104.10508
104.13676
104.15764
104.17846
104.36332
104.66428
104.91064
104.92660
104.95546
105.55366
105.59158
105.92914
106.20250
106.23004
110.07604
110.09014
110.19256
110.20894
110.74444
110.88262
110.92198
114.03154
114.08662
114.11332
114.13876
114.17230
114.27340
114.37942
114.52288
114.67630
114.85732
115.06714
115.34242
115.37428
115.41298
116.79232
116.93626
116.95942
118.58086
119.64754
119.82670
120.07792
120.10816
120.29698
120.92212
122.74966
123.58624
124.66846
124.69330
124.83472
124.87672
124.92922
125.75008
126.03508
126.07606
126.37852
126.78388
126.84964
127.10332
127.14442
127.54306
127.58686
127.64242
127.82530
129.53488
129.56530
129.59746
129.64540
129.72388
129.98116
130.61740
130.68376
130.71646
131.64604
131.67538
131.70268
133.62070
133.75204
133.87762
133.88890
134.03344
135.09346
135.15796
135.23086
136.67434
136.70950
136.83214
137.00782
137.27008
137.34730
137.69404
137.75170
138.19486
139.37692
139.40968
139.45948
139.56268
139.87558
140.55670
140.56906
141.33268
141.41626
142.11160
142.14784
142.87936
143.05864
143.58448
143.61598
144.59836
144.65008
145.84486
146.17414
146.30296
147.03376
147.04744
147.91366
147.93724
148.04818
148.07158
148.13008
148.19704
148.29814
149.05414
149.11396
149.54746
149.56930
149.62708
150.20998
150.50404
151.27534
151.72000
152.63146
153.16666
153.52000
154.75486
154.83058
154.86508
155.26876
155.29162
156.29434
156.65278
156.97186
157.04644
157.08292
158.61466
158.78692
159.51640
159.91540
160.25806
160.28092
160.30102
160.41100
160.57978
160.60294
160.63816
160.74238
160.77736
161.03626
161.05120
161.23144
161.31196
162.58396
162.65812
162.66856
164.74432
165.79402
167.32672
167.35180
167.37904
167.42218
168.48142
168.57238
168.60232
168.62620
170.45806
170.62240
170.79274
171.46942
171.49522
171.52456
171.60550
171.78778
172.08640
172.12456
172.23184
172.26700
172.86358
172.91824
173.05990
173.40286
174.06598
175.98760
176.03848
177.62590
178.17034
178.20760
178.32304
179.14600
179.18296
179.23246
179.93014
180.10378
180.30190
181.27504
181.29748
181.34080
181.37680
181.92430
182.54890
183.31714
183.39622
183.46432
183.58846
183.64318
184.14208
184.38226
184.39900
184.45336
184.59124
184.76062
184.81804
184.86118
184.91056
185.40748
185.44102
185.47228
185.67988
185.70946
186.86626
188.70286
188.73808
188.82328
189.09334
189.12802
189.76150
189.83782
190.04830
193.35610
193.37902
193.67362
193.79176
193.91830
194.15764
194.32804
194.48056
194.96314
195.24502
196.30768
197.07472
197.09176
197.12548
197.12884
197.14318
197.15788
197.17816
199.13980
199.24336
199.64416
200.45938
203.22406
203.26942
203.94262
204.36544
204.38134
204.69784
204.76108
205.26562
205.30696
205.45414
206.17900
206.21092
206.24128
206.47846
208.74742
208.82272
208.84924
208.89298
209.69542
209.72686
209.75818
210.02608
210.90274
212.33110
212.45884
213.04996
213.39250
213.82084
214.19884
214.22566
214.43566
214.63846
214.67284
215.55634
215.61652
215.64796
216.09250
216.12802
217.15684
218.41756
219.74884
219.76978
219.79474
219.81016
221.10502
221.20240
221.23216
221.26708
221.31526
221.76868
221.80918
221.86330
221.88688
221.92150
222.38356
222.41728
222.53602
222.58174
222.64654
225.22708
226.11340
226.15366
226.22800
226.24600
226.32964
226.61092
226.64170
227.08912
227.13202
227.21104
227.47066
227.78350
227.82208
227.83828
227.86648
227.93668
230.59762
230.63410
230.66782
230.68702
230.79184
230.93344
231.78412
232.41172
232.49464
232.67218
236.10064
236.11450
236.21506
236.32324
236.38144
236.40430
236.42380
236.74012
236.96236
237.01930
237.14458
237.42634
237.57694
239.37466
239.44486
239.49898
239.52088
239.54440
239.82388
241.49506
241.67098
241.69636
241.86256
241.88302
242.05456
242.83180
243.45292
244.35058
245.63938
245.69950
245.88724
247.54672
247.61278
247.62628
247.86004
248.09692
248.59504
248.66956
249.55798
249.59560
251.27236
253.83466
254.85298
254.89402
256.12750
256.14520
257.34232
257.38546
257.72476
257.75116
257.78884
257.82922
257.84362
258.35860
258.51616
258.57886
258.60928
258.62668
258.77740
258.89386
259.58374
259.58632
259.60768
259.62664
260.05420
260.09626
260.12926
260.29264
260.65432
260.93740
260.96704
262.23334
263.96734
263.97616
264.03190
264.66088
266.06572
266.08690
266.10400
266.15680
267.71464
267.78946
267.80386
268.04980
268.08070
268.33918
268.35682
268.37062
269.04148
269.07070
269.11390
269.12266
269.50366
269.61904
269.68324
269.77498
269.81656
269.84650
269.86678
269.91064
270.45028
270.62194
270.64534
274.41868
275.45488
275.50294
275.55706
275.59738
275.64100
276.42484
276.47284
276.48670
276.50260
276.53050
276.62644
279.15112
279.38554
279.39604
279.43270
279.51706
279.89392
279.94990
279.96334
280.42996
280.89418
280.92352
282.12028
282.34126
282.84394
282.86962
283.37656
283.58980
284.04646
284.06374
285.17836
286.72936
286.78102
286.80916
288.50728
289.06408
289.55380
289.56928
289.59526
289.69108
289.84588
289.91284
289.95322
290.14696
290.33950
290.43064
290.74714
290.86978
291.11878
291.18640
293.46994
294.06340
294.16354
294.19102
295.52806
295.63294
295.65742
296.16166
296.35504
296.39380
296.46772
296.73352
298.98334
300.76630
300.84658
300.86662
300.88474
300.91294
301.03552
301.06840
301.14616
301.80184
302.47798
302.49796
303.17530
303.20476
303.22192
303.23788
303.26530
304.48180
305.58436
307.32862
307.39918
307.44910
307.60252
309.06592
310.54456
311.49706
311.58346
311.61478
311.94574
311.97514
312.11128
312.28030
312.38554
312.43966
312.62074
314.87200
316.36408
317.12938
317.15092
317.38690
319.92490
320.86318
321.43918
321.45850
321.68962
321.73858
321.76876
321.89968
321.93148
322.40542
322.60252
322.68208
322.99342
323.96194
324.17872
324.20266
325.10686
325.45948
325.55800
325.82704
326.63920
326.64844
327.15778
327.89668
327.98704
328.03126
328.07068
328.65604
328.70062
328.77460
330.34564
330.38548
330.41914
330.93040
331.86976
331.89352
332.17252
332.83162
332.86090
332.89696
332.91694
332.96986
333.25240
333.88024
334.29112
334.57264
334.59082
334.60054
334.61368
335.05672
335.17336
335.30200
337.59472
337.60834
338.94502
340.48858
342.29026
342.40300
342.42346
342.43072
342.77998
342.80932
342.84328
343.09804
343.35244
343.77880
343.79956
343.89874
344.26774
346.25740
346.32208
346.66474
346.68550
346.85056
349.62190
350.32324
350.36386
350.37952
350.97406
351.41350
353.22442
353.24734
353.28574
353.32150
353.36272
353.61664
353.67496
353.73892
353.74324
353.88442
353.92012
353.96332
354.00418
354.01690
354.67012
354.73324
355.32190
355.82662
358.12792
359.65840
359.68690
359.74144
360.58684
360.63808
361.03282
362.03326
362.04982
362.06962
362.12008
362.40064
362.93140
363.96232
364.01986
364.03570
364.26502
364.31164
364.33708
364.37392
364.41328
364.46422
365.27860
365.33092
365.81056
365.88706
365.92456
366.02944
367.24114
367.44178
368.12092
368.16124
368.19754
368.55214
368.58244
368.59810
368.63368
369.99880
370.07920
370.92058
371.96062
372.01048
373.48102
373.54552
375.28120
375.33616
375.35446
375.39886
375.69148
376.08712
376.10320
376.11502
376.13056
376.15786
376.18354
376.33984
376.36774
376.52902
376.55458
376.56976
376.99258
377.06104
377.27548
377.46736
377.84182
378.39496
378.44326
378.52594
379.68316
379.70656
379.73050
379.96774
382.02124
382.03912
382.05706
382.08328
383.78776
384.58282
384.72052
385.51528
385.64488
385.69288
385.80868
386.72668
386.78194
387.23488
387.68134
387.68788
387.74536
388.13812
388.23862
388.69936
389.38066
390.27580
390.80776
390.83836
390.86884
390.89764
393.21328
393.22522
393.40786
394.40896
394.43266
394.46122
394.83244
394.86814
395.01022
395.39752
395.45212
396.25564
397.25794
397.99630
398.03602
398.79580
398.97514
399.03130
399.07012
399.08356
399.16738
399.20704
399.26452
399.32050
399.36010
399.51466
400.01860
400.03960
400.07860
400.73068
401.42932
401.45602
401.49580
404.57182
405.87958
407.07724
407.70280
408.40258
408.42346
408.46822
408.50788
408.53434
408.58420
408.71908
408.97282
409.48552
409.54852
409.58050
409.60612
409.62784
409.65316
409.66342
410.01382
412.73866
412.82050
413.66296
414.46756
414.57742
414.59572
415.94620
416.00968
418.82770
418.87048
419.77858
419.90896
420.00646
420.04648
420.05686
420.08506
420.15304
420.21304
420.22984
420.27058
420.96844
421.82710
421.85608
422.06254
423.31636
423.34648
423.54580
423.57544
425.96710
426.10828
426.11734
430.29544
430.33600
430.34656
430.37248
430.42252
431.40214
431.43550
431.67796
431.71258
431.76124
431.85010
432.61168
433.12084
434.14942
434.19940
434.21668
434.25790
434.93452
436.94770
438.84196
440.12356
440.15728
441.44260
442.06834
442.10176
442.19566
442.21552
442.26274
442.40332
442.44826
442.97944
443.01070
444.38158
444.58198
444.77308
448.09582
448.15054
448.16998
448.23340
448.29190
449.15956
452.03908
452.20018
452.27764
452.35006
452.55280
452.61166
452.63470
452.65474
452.67160
452.69170
452.71504
453.34384
453.39466
453.45094
453.68806
453.72364
454.29052
455.49988
455.70502
457.28608
457.30330
458.12806
459.60358
461.53690
462.86722
462.93370
462.96118
463.07488
464.15242
464.20204
464.28460
464.31940
464.36392
464.51776
464.56462
464.59282
464.69476
464.85634
465.65938
465.69160
466.90132
467.00764
467.44690
467.54782
469.09462
469.15120
469.24000
470.25664
471.08596
471.12940
471.86830
471.88684
471.91936
471.99496
472.15696
472.17766
472.85320
472.90780
472.92898
473.15812
473.45452
474.62578
474.65614
475.24750
475.28242
475.30708
475.34182
475.38400
475.42654
475.65232
476.08618
476.19880
476.83636
476.86168
476.90272
477.23080
478.37356
480.91216
482.55130
482.61052
482.70898
482.72266
482.86714
483.44146
484.44094
484.46818
484.74850
485.14462
485.17444
485.19202
485.23258
485.26060
485.68528
486.16354
486.19486
486.69760
486.77002
488.89390
489.88924
489.89476
489.93346
489.95194
490.09114
490.94380
493.56136
493.70074
495.31000
495.33856
495.35908
495.37738
495.58522
495.68764
495.88714
496.00978
496.05304
496.90762
498.76456
499.37086
499.47796
500.88574
501.96418
501.98764
502.45294
505.06270
505.34194
506.70874
507.13036
507.21832
507.45940
507.65764
507.68662
507.71554
507.74464
508.01170
508.08934
508.50430
508.79188
508.81222
508.85536
509.36782
509.65810
510.61204
510.65398
510.68452
511.49632
511.52464
512.13946
512.17414
514.62058
516.32092
516.65158
516.92236
518.23336
518.27128
518.36428
518.76466
519.17002
519.20578
519.47284
519.53716
519.58324
519.61624
519.66382
520.55182
521.19292
521.22514
521.42176
521.88088
521.91640
523.02796
523.42750
523.45564
524.99758
525.13018
526.03096
527.48014
527.71306
529.40482
529.80214
530.00734
530.05258
530.30056
530.32780
531.25768
531.26806
531.29008
531.29962
532.65238
532.95166
532.97416
533.80228
533.82406
533.84968
535.07704
535.34734
536.50408
536.56630
536.64340
537.23500
538.44514
538.49626
539.57800
539.65546
539.67586
540.70558
540.72832
540.74056
540.79276
540.94828
541.25872
541.38184
541.43446
541.47358
541.87132
542.34088
542.42812
542.44978
542.58334
544.73086
544.83868
544.96138
545.15998
546.38704
549.09370
549.85738
550.97662
552.07936
552.09478
552.10792
552.86338
553.42966
553.63402
553.66804
553.69930
553.74274
554.76616
554.79322
555.59644
555.63592
557.16742
557.91388
558.19618
558.24268
558.38512
558.51754
560.34028
560.42620
560.52634
561.42244
561.50224
562.20082
562.37374
562.41892
562.47124
563.44204
563.47486
563.51512
563.56096
563.75992
563.77960
563.84278
564.29236
564.83872
564.86398
564.88414
564.90070
565.15330
565.80850
566.01094
567.52522
569.84116
571.67200
573.26704
573.98086
574.13872
574.22386
574.36414
574.39222
574.94344
575.15800
575.84788
575.91328
575.96614
576.14998
576.20638
576.25006
578.32510
578.85700
578.88730
578.94226
580.10980
580.34086
580.39042
582.16468
582.18370
582.81310
583.43320
584.53096
584.58226
584.85940
585.36496
586.20358
586.47730
586.50226
586.53538
587.09656
587.13592
587.15824
588.29104
588.60058
589.99390
590.20672
591.38014
591.76552
593.54020
593.82178
593.86132
593.90488
593.92636
594.85678
594.91378
595.06012
596.13328
596.14900
596.16862
596.20354
596.25340
596.38576
596.42062
597.05734
597.14992
597.48922
598.83634
601.06798
601.75600
601.79428
601.84168
601.87396
603.02422
603.10120
603.10366
603.17296
603.21754
604.24600
605.09572
605.14720
605.28010
605.36116
606.42976
607.13296
607.81822
607.91794
608.23006
608.25658
608.39056
608.79058
609.23002
609.26116
609.31348
609.69766
609.75214
612.26338
615.32068
616.20724
617.17858
617.23036
617.25940
617.27362
617.28430
617.29876
617.36086
617.40586
619.18414
619.29142
619.31650
619.37098
619.49596
620.84704
621.29770
623.28514
623.30314
623.36428
623.38852
624.79144
626.59522
629.80756
630.12442
630.59428
630.93982
631.10326
631.18522
631.61974
634.17856
634.26526
634.32022
634.33396
634.35328
635.69866
636.30232
636.35686
637.42090
637.43926
637.46656
637.49854
638.44978
639.37546
639.52420
640.43710
640.97170
640.98028
641.01982
641.04550
641.07658
641.30056
641.77690
641.85466
641.93698
641.96458
642.97642
643.02112
643.08190
643.73734
644.45518
644.47966
645.04270
645.79582
646.39192
646.54888
647.63632
647.69614
647.76184
649.52014
649.55044
649.58518
649.81210
651.12070
651.19024
652.04800
652.54948
652.79800
653.18758
653.48266
653.77528
654.20320
654.27322
654.31018
655.46182
656.42374
657.07990
657.74968
657.76888
659.34202
659.43070
662.37982
662.47768
662.49736
662.80228
663.36010
663.39994
663.79198
664.13836
664.23898
664.27840
664.32766
664.40908
664.41538
664.44946
664.47550
664.49068
664.66210
664.84000
665.09344
665.71204
665.77426
665.89012
665.98486
666.24430
669.70420
669.77674
671.96266
673.90816
674.79670
674.87386
674.93056
674.96188
674.99380
675.01492
675.55054
675.72352
675.98392
676.51420
676.75504
676.77802
676.90912
677.64106
679.12834
679.15576
679.23466
679.81600
682.60234
682.73134
683.12788
683.86738
684.37984
684.46114
684.48850
684.71494
684.73102
684.77164
684.78706
684.81256
685.21234
685.26970
685.32208
685.78768
685.80682
686.08978
686.35072
689.32204
689.34598
690.63778
690.79354
691.63018
691.80646
692.77774
692.98162
693.00952
693.77770
694.45168
694.67842
694.75360
694.80676
694.98508
695.03176
695.09974
695.13784
695.57608
695.99380
697.90738
697.92094
698.59636
698.61640
699.60598
699.62152
699.68662
701.01532
701.03890
702.20992
702.73942
702.75844
703.24618
703.28668
705.74266
705.78148
705.82786
706.09204
706.12660
706.17814
706.66264
707.13250
707.17180
707.19616
707.24560
707.65312
707.67730
707.84620
708.70042
709.35016
710.12500
710.38948
710.41108
712.16440
713.32036
714.44170
714.49666
714.95008
715.33912
715.81996
716.32876
716.48818
716.61472
716.68930
716.74228
717.59332
720.34480
720.35962
721.21600
721.30906
722.53786
722.59822
722.65534
724.48816
724.54912
724.58674
725.01148
725.08600
726.51856
726.68536
728.01712
728.07556
728.17192
728.19094
728.22100
728.30788
728.39320
728.59876
728.63692
728.75854
728.80804
728.99458
729.03490
729.07792
729.48784
729.56206
729.75448
730.47526
730.51462
730.62646
732.75496
732.85486
734.16940
735.15898
735.79528
736.94914
738.14320
738.34720
738.42166
738.48718
738.99244
739.11910
739.15876
739.19776
739.22902
739.25230
739.81888
739.86004
739.90174
739.92790
739.95730
739.97380
740.00170
740.02318
740.03362
740.85136
741.00736
741.06862
741.11182
742.43338
742.77526
744.63358
744.66550
745.66552
745.81828
747.20398
747.35920
748.64044
749.04826
751.06636
751.73854
751.75204
752.42008
752.49238
752.80222
752.82352
752.84296
753.18082
753.29434
757.08346
758.02084
760.22104
760.31284
760.41400
760.47622
760.52488
760.59340
761.76160
761.79316
761.81734
761.84110
764.64550
764.67286
765.93184
766.96870
766.98046
767.03242
767.06440
767.17720
769.12618
769.16140
769.18636
770.24518
770.98216
771.01708
771.04234
771.07786
771.10246
771.29158
771.40696
771.51898
771.68134
771.76678
772.03000
772.48432
772.54108
773.17546
773.25730
773.61688
775.65034
777.62794
777.67486
777.69676
778.30384
778.34536
778.74316
778.86736
778.88752
779.02240
779.69422
779.72116
781.08202
781.10962
781.89322
781.94602
782.30320
782.33704
782.36446
782.38708
782.39776
782.59504
782.67820
782.76172
782.81848
783.00886
783.22774
783.26026
783.63880
783.66334
783.69958
783.73270
784.11310
786.18724
786.24610
786.92410
786.95374
787.89628
788.03500
788.22724
789.34942
789.42196
789.44992
790.04902
790.06594
790.08754
790.11358
790.68958
790.74412
790.83616
791.50684
792.81064
793.96288
793.96558
793.99606
794.23774
794.28952
794.53882
795.78940
795.82294
795.84148
795.86866
796.84120
796.93534
796.95862
797.33524
798.77842
799.12942
799.16362
800.88778
801.55078
802.44772
803.70424
804.60280
804.64918
804.72166
804.83230
804.87550
804.90802
805.05310
805.08220
805.44724
805.47844
806.02852
806.07712
806.11882
806.23780
807.57286
807.64078
807.72562
807.77140
807.86674
809.34484
809.73262
809.78188
809.82310
810.61126
810.76390
811.07578
811.11346
811.82110
812.64076
813.10264
813.13492
815.77738
815.79916
815.81308
815.86888
815.91250
816.03040
816.54442
816.55774
816.59338
816.62056
816.65758
816.70090
816.72514
816.74476
816.91258
817.11178
817.62952
817.68778
818.28982
818.32942
818.48236
820.49266
821.24314
821.27062
821.33326
821.95696
822.72526
823.77958
823.84648
823.88302
825.73582
825.76834
825.79936
827.06890
827.08612
827.12224
827.58142
827.84602
827.89450
827.91364
828.02272
828.04936
828.35926
828.40528
828.89902
828.95266
829.34950
829.39018
829.40896
831.04714
831.06982
831.10858
831.53626
831.80002
831.97750
833.55586
834.66058
834.82144
834.86596
835.56010
835.60702
835.67698
837.15592
837.80170
838.57918
838.65778
838.68118
838.76134
838.81012
838.85314
838.89304
839.19028
839.26288
839.69608
839.97796
840.04150
841.34290
841.44292
843.47362
844.32484
844.34668
844.37170
845.15080
846.29704
846.32254
846.33838
846.35092
846.36970
847.68994
848.53006
849.56356
849.71422
851.13022
851.15062
851.16970
851.21716
851.23528
851.26210
851.32258
851.36872
851.41234
851.43112
851.47888
852.10786
852.57892
852.79078
853.51792
853.63384
854.64778
854.71156
855.29836
855.47578
856.12186
856.14706
857.00314
857.33254
858.69022
858.71800
858.74488
858.81628
859.85044
861.06628
861.08548
861.11338
861.16570
861.26974
861.44104
861.45928
861.80488
862.06564
862.58602
863.31400
863.52754
863.58058
863.62396
863.65204
864.80008
865.10752
865.59610
865.65454
866.39560
866.45206
866.48488
866.51062
869.35108
869.71438
870.68362
871.86796
872.39830
872.72638
873.25942
873.28972
873.63508
873.66430
873.72208
874.05442
875.23306
875.35276