2.51728
3.14164
4.01524
4.07218
4.36726
4.37392
4.40812
4.46002
4.47832
4.81840
4.83076
4.83604
4.84828
4.85386
4.86070
4.87018
4.88428
5.12788
5.13670
5.16508
5.18194
5.33044
5.35102
5.58526
5.72050
5.73310
5.88814
5.89402
5.89996
5.98822
6.01468
6.39394
6.40510
6.53350
6.58876
6.60082
6.67432
6.82474
6.83074
7.28674
7.30462
7.33240
7.54210
11.19016
12.56080
12.64354
14.40088
14.61010
14.64340
14.66950
14.73592
14.78062
15.34744
15.52012
15.70354
15.76720
15.76882
15.94486
15.95668
15.97282
16.09732
16.14316
16.20328
16.44064
16.53958
17.13046
17.21980
17.27674
18.15316
19.46512
20.16514
20.32882
20.55970
20.61220
23.22856
23.41984
23.49034
24.39958
24.40498
24.42148
24.45532
24.89650
25.04956
25.09966
25.26382
25.57390
26.47708
26.48722
26.70010
26.95432
27.06784
28.35958
28.37092
28.73728
28.97224
29.34112
29.39896
30.20578
30.35104
30.61774
30.71464
31.07086
31.15390
32.92246
32.99554
32.99842
34.38934
34.45018
36.20320
36.28726
36.51706
37.99210
38.35666
38.38114
38.55664
38.58430
39.24406
39.68254
39.98290
40.00864
40.19020
40.84936
40.90654
41.84830
41.96110
42.12358
42.19534
42.97312
43.04470
43.34128
44.32432
44.43220
44.57062
44.97160
45.95482
46.51516
47.26780
47.67628
47.90332
47.92744
47.97466
48.58156
49.25962
49.30168
49.53712
50.28196
50.75464
50.76742
51.41590
51.51766
52.30588
52.34884
52.44022
52.44628
52.45912
53.43412
53.59738
53.63278
53.68822
54.25228
55.32694
55.33540
55.50838
56.50852
56.54218
56.72656
56.77228
57.42706
57.44746
57.47650
58.56514
58.58920
58.62496
58.63066
59.47780
59.67040
61.23730
61.25872
61.26928
61.31560
61.47634
61.48906
61.60312
61.60924
61.61662
61.62466
61.65442
61.66744
61.70578
61.92304
61.93606
61.95346
62.01412
62.04604
62.09212
62.13628
62.20546
62.25070
62.26300
62.29246
62.54596
62.55016
62.55406
62.69056
62.70448
62.87704
62.94916
63.01648
63.30280
63.37234
63.68254
63.68716
63.85330
64.07392
64.07578
64.08760
64.27162
64.32034
65.93980
66.10648
66.47290
68.16910
68.23066
68.30980
68.35324
68.64862
69.38926
69.66586
69.71086
69.78622
69.82534
70.33198
70.33798
70.76788
72.05116
72.11224
72.21520
72.31804
72.36610
73.06708
73.14490
73.75516
75.94702
76.00018
76.69726
76.79452
77.24044
77.50036
77.97682
79.42996
79.46926
79.95664
82.18978
82.26352
82.59250
82.73158
82.75228
82.91830
83.16352
83.23786
83.66650
83.85688
84.01576
84.06136
84.98482
85.46860
86.09146
86.12032
86.87104
86.88484
86.90962
86.96338
87.59590
89.39008
89.40154
89.40616
89.42938
90.64294
90.84784
90.88030
90.95332
91.66804
91.69366
92.20546
92.24602
92.25352
92.27698
93.47554
93.52798
93.71962
94.45630
94.48792
94.64956
94.89412
95.84596
96.43312
96.60844
96.79228
96.83236
98.27494
98.28580
98.30272
98.31466
98.31910
99.22468
99.30952
99.79846
100.94458
100.95820
100.97182
101.03416
101.25766
102.12130
102.43264
102.46972
102.48832
102.89164
103.00006
103.00180
103.11154
103.51864
103.66648
103.68064
103.85758
103.88422
103.97800
105.26974
105.94786
105.94960
105.98758
107.28472
107.36812
108.29416
109.07446
109.12084
109.35364
109.46770
109.61248
109.69672
110.43436
110.69386
111.66820
112.38850
112.44736
113.24524
113.44402
113.66752
113.93356
113.96440
113.96698
114.09250
114.13402
114.14590
114.19900
114.39892
114.40360
114.59380
115.13008
115.51300
116.45818
117.96934
117.98854
118.36162
119.11342
119.77300
120.91624
120.95056
122.13784
122.16214
122.55442
122.76982
123.04732
124.25740
124.28812
124.33966
125.21992
125.27386
125.39842
125.40946
125.66632
125.70124
125.75530
125.95690
125.96908
125.97544
126.05224
126.07642
126.28414
126.29314
126.31048
126.32266
126.55012
126.60910
126.75160
127.38886
127.41346
127.92232
128.09482
128.11078
128.13616
128.46826
128.65300
128.77414
128.79034
129.50014
129.59728
129.98122
130.12606
130.88626
131.39602
131.43622
132.10426
132.17662
132.18778
132.22720
132.91726
133.00618
133.54666
133.55992
134.02552
135.22612
135.82570
135.90004
136.51072
137.97490
138.04558
138.55048
138.57964
139.26466
139.30600
139.33408
139.35502
139.39516
139.74034
139.87672
140.05432
140.51638
140.57380
140.60536
141.39202
141.62602
142.01584
142.05970
142.08538
142.36480
143.27206
143.42938
143.44942
143.80624
145.05658
145.69504
145.77076
146.21956
147.06670
147.10240
147.15394
147.49648
147.71182
148.04122
148.05832
148.38760
148.47388
148.57366
148.62220
148.65622
148.72330
148.95394
148.97686
149.04814
149.12056
149.12932
149.16934
149.33812
149.67862
149.71798
149.80816
149.84050
149.95048
150.09478
150.14206
150.46444
150.51448
150.53854
150.54418
150.71278
150.76930
151.06360
152.21440
152.26618
152.70676
153.84016
154.23226
154.75894
154.80562
155.08000
158.11264
158.16736
158.19064
158.42896
158.47582
158.59138
158.89300
159.21460
159.50152
159.60184
159.84964
160.31314
160.90354
160.97242
161.58982
161.61694
161.67730
162.32518
162.85978
162.86182
163.08880
163.58176
163.96702
164.75626
165.16612
165.28582
165.46228
165.68002
167.78896
169.04338
169.15636
169.17592
169.19434
169.29106
169.31806
169.45198
169.93078
169.97296
170.17234
170.19616
170.46994
171.29800
171.81676
172.02424
172.04416
172.78378
172.98958
173.54020
173.54296
174.64018
174.64666
175.30150
176.94820
177.00736
177.33826
177.89482
177.91312
179.22814
179.23228
179.40814
179.46454
179.50114
179.75650
179.76196
179.77282
179.78182
179.79538
179.80618
179.82022
179.84404
180.08170
180.17002
180.29428
180.45268
180.51718
180.64210
180.66898
180.67336
180.70240
180.71008
180.73840
180.79804
180.83776
180.85270
181.10104
182.11876
182.14552
182.21602
182.23432
182.24848
182.28784
182.36746
182.48986
182.78920
182.85364
183.52510
183.53056
183.96826
185.16718
185.45794
185.64862
186.63424
186.64288
189.07318
189.07774
189.15238
189.57946
189.75892
189.77860
191.32588
192.01204
192.27184
192.28516
192.35464
192.71770
192.74572
192.77986
193.16740
193.18720
193.75210
193.78084
193.86454
194.83450
196.45462
197.06830
198.23008
198.52846
199.48966
199.52620
199.56424
200.65636
200.66614
200.76652
200.91982
200.94772
200.95186
201.05002
201.06934
201.13576
201.34936
201.44212
202.02196
203.75422
203.79508
204.87718
205.31302
206.05846
208.16512
210.01936
210.65158
210.78736
210.82480
210.83440
210.93646
211.07440
211.61128
211.80250
212.50048
214.14778
214.28584
214.29238
214.32514
214.45834
215.46490
216.21478
217.06096
217.34212
218.52844
218.53522
220.36480
221.52388
221.55526
222.00220
223.66486
224.24140
224.30884
224.31448
224.31652
226.55530
226.60498
227.14984
227.52082
227.55244
227.56924
228.39064
228.90178
228.98536
229.37566
229.45942
230.60722
230.70682
230.80390
232.13494
232.19236
232.40374
232.40728
232.40962
232.65526
233.27506
233.32528
233.56432
233.67094
234.09898
234.66430
237.09550
237.10108
237.13498
238.05796
238.15876
238.45840
238.49704
238.53460
239.60320
240.63154
240.77068
240.85174
242.90602
243.33688
243.38026
243.51040
243.81070
244.12252
244.42510
244.43398
244.80640
245.13778
245.15044
245.16292
245.17366
245.20594
245.22250
245.24332
245.27212
245.28058
245.48248
245.54920
245.60044
245.69770
246.03802
246.09070
246.23038
246.24544
246.49534
246.51694
246.78772
246.85378
247.03282
247.47496
247.47946
247.63348
247.87822
248.97166
249.00490
249.02326
249.72646
249.72886
249.74296
251.69680
251.86960
252.35248
252.50860
253.31614
253.36570
253.61560
255.39856
255.44002
255.45994
255.56326
255.57286
255.76750
255.78472
255.79588
256.05520
256.71502
256.84150
256.85212
256.88182
256.88668
257.65492
258.56266
259.15930
260.46166
260.57212
262.55110
263.49016
263.52118
263.55004
264.71362
265.04944
265.06324
265.07398
265.07770
265.17010
266.33146
266.35348
266.49406
266.51326
266.61316
266.70898
266.98360
267.15388
267.37894
267.40426
267.66958
268.06348
268.11358
269.63308
269.66224
269.98186
270.01030
270.01330
270.33886
270.40372
271.04368
271.11880
271.88164
272.06842
272.11516
272.55304
272.59156
272.61472
273.36748
273.40012
273.49858
273.54106
274.74490
275.30764
275.98816
276.03814
276.06538
276.85798
277.55260
278.02402
278.22520
278.29426
278.67628
278.87764
279.06142
279.15826
279.19312
279.67348
279.67948
280.46338
280.61992
281.67172
281.73238
281.75110
282.25894
283.33372
283.38964
284.83204
284.91358
285.39922
287.06566
287.06848
287.10586
287.61622
287.64922
287.67250
287.76178
289.32334
290.75668
291.57388
292.67536
292.69168
292.70470
293.20360
293.68036
293.81410
293.82154
293.83822
293.84836
294.48040
294.59218
295.75168
295.76806
295.77142
295.77340
295.89262
297.78478
297.97258
298.01380
298.05826
298.32268
298.39612
298.73692
298.83502
298.99924
299.03674
299.05864
299.06752
299.13988
299.25352
299.36362
299.65048
299.81194
299.81698
300.49876
301.19482
301.21066
301.21264
301.43362
301.91782
302.72050
303.43438
304.10836
304.70626
306.03694
306.20350
306.37438
306.43156
306.58000
307.64632
307.74412
308.54968
310.08304
310.09498
310.09678
310.15072
312.28438
312.32476
312.95680
313.83172
314.19280
314.68684
314.72980
314.73736
315.00496
315.03070
315.15760
315.15994
316.56274
316.56430
316.57810
317.64046
318.26992
319.52422
319.55722
320.48542
320.79052
321.08524
321.18766
321.25492
321.67024
321.69994
321.71740
321.72100
321.85054
321.93076
322.12666
322.46776
322.47652
322.83358
322.84948
322.86466
322.89760
322.95304
324.11980
324.19318
325.42144
326.97784
327.03334
328.39984
328.40746
328.41226
328.42420
328.74382
329.59318
330.62098
331.23670
331.25764
331.87918
331.88320
331.88998
331.92172
331.93642
332.17774
332.18866
332.19892
332.20762
332.26954
332.31886
332.39380
332.52430
332.59084
332.76010
332.78584
332.84062
332.94160
332.96134
332.97814
333.21958
333.45526
333.63640
333.68956
333.79192
334.06588
334.37236
335.52046
335.54128
335.58892
337.62616
338.42326
338.96506
340.42438
340.57900
340.61272
340.62148
340.64242
342.52072
342.53698
342.57166
342.80938
342.82786
343.42120
343.51438
343.55428
345.79054
345.81736
345.87490
346.20934
347.10976
347.14102
347.30662
347.32636
347.34970
347.63782
348.74506
348.76144
349.16854
349.90468
349.97308
350.23786
350.33398
350.71816
350.84278
352.02106
352.52326
352.87948
352.92076
353.12038
353.13106
353.23630
353.35348
353.53882
353.82514
353.99704
354.12058
354.48016
356.60212
356.61352
356.68966
356.70358
357.14926
357.67534
358.41310
358.60684
358.61770
358.69930
358.80400
360.94870
360.96316
361.21012
361.73794
361.76668
361.81936
362.17942
362.19934
362.61532
362.63326
363.16636
363.20980
363.22594
364.42414
364.86910
365.83180
365.88544
365.97886
366.89242
367.64194
369.34804
369.35704
369.38092
369.53044
369.77770
371.09476
371.76028
371.83456
372.04384
372.05866
372.22372
373.14736
373.86430
373.98238
374.10154
374.15842
374.51536
374.60578
374.61670
374.86342
376.01560
376.04116
376.09048
376.44916
378.04162
378.81976
380.16088
380.16352
380.56798
382.07914
382.09822
382.16746
382.31920
383.47078
383.97232
383.97970
384.05728
384.80338
384.80566
384.82048
384.88912
385.12090
385.27666
385.30510
385.73668
386.09908
386.12338
386.14012
386.17168
386.21626
386.24020
386.41666
386.42830
386.45482
386.55310
386.63254
387.20950
387.82012
387.87580
387.87778
387.88678
387.88918
387.89632
388.41310
388.41922
388.59460
388.61980
389.12230
390.00652
390.54508
390.54784
390.61300
390.62680
390.63316
391.12672
392.05288
393.19804
393.23602
393.79018
394.41448
395.11468
396.15562
396.16264
396.17500
396.19360
397.31536
397.63738
397.84330
397.85602
397.86046
398.00038
398.82166
399.14332
399.25786
399.53872
400.42234
400.54486
401.22508
401.26954
402.26458
402.30346
402.93316
402.96688
403.00810
405.36028
405.60022
405.63610
406.57402
406.80274
406.89010
406.97362
408.00214
408.01558
408.28318
408.60892
408.92434
409.71136
409.75006
410.59606
410.98108
411.71416
411.74854
411.77176
413.38888
413.52880
413.62318
413.72356
413.80348
415.68268
415.78300
416.83918
416.86018
417.48142
417.52390
418.23676
418.71862
418.91926
418.99204
420.48190
420.81598
420.83788
421.59670
421.61380
421.70056
421.70932
423.17044
423.17356
423.19168
423.19606
423.22516
423.94684
425.96164
429.40480
429.40756
429.43648
429.47410
430.05418
430.45408
430.57372
430.75288
430.77646
430.85422
430.86652
430.89784
430.93768
430.96264
430.96750
431.15524
431.15710
431.35876
431.54272
431.57602
432.20926
432.22312
432.53278
432.56002
432.89776
432.90016
432.91084
432.94330
433.04458
433.45642
434.50750
435.32650
437.00974
438.40810
438.41608
438.65884
438.96616
439.27930
439.33462
440.43376
441.49720
441.55054
441.62170
441.85792
441.89254
442.68760
442.74268
442.77526
443.09218
443.69842
443.80438
443.88046
445.30366
445.55062
445.67032
445.77040
449.82598
449.88124
449.88436
450.53068
450.78436
450.79510
450.86176
451.76818
451.80184
451.91002
451.92478
451.93672
451.95676
452.16028
452.17270
452.24866
452.52760
452.56096
452.95450
453.54136
453.54502
453.63106
453.66772
453.98440
454.22074
454.92004
454.92418
457.53328
457.73374
457.85704
457.86832
458.00014
458.06242
458.10712
458.60944
458.78338
459.02608
459.85042
460.12030
460.24096
461.10964
461.15116
461.47828
461.56402
461.58658
461.61184
462.59944
462.60976
463.59856
463.60750
463.61446
463.62808
463.62970
463.71280
463.86604
463.93810
464.08516
464.28286
464.29264
464.67154
464.67820
464.69464
464.69812
464.70088
464.82460
465.20752
465.20920
465.23542
465.26512
465.36832
465.37222
465.41494
465.51298
465.57250
465.60874
465.62974
465.64804
465.65596
466.06096
466.07092
466.15186
466.30588
466.32742
467.87194
468.48232
469.63882
470.50588
473.06944
473.08480
473.11810
473.11978
473.50522
473.53468
473.54278
474.82978
474.84184
476.08804
476.12290
476.13868
476.53684
476.53870
476.60764
477.82006
477.87208
478.51822
479.69218
479.76280
479.82718
480.47230
480.63904
480.75874
480.87568
481.53640
482.36242
482.39134
482.43634
483.19774
483.21832
483.40798
483.91672
484.10158
484.12558
484.38124
484.41472
484.46416
484.46830
484.49026
484.52410
484.70704
484.75504
484.82116
484.83130
485.14006
485.15464
485.19664
485.19856
485.62192
485.65276
485.68594
485.82862
486.10990
486.52168
486.52780
486.52942
487.06774
488.17174
488.39044
488.40124
488.47828
489.90106
489.92578
489.97486
490.82152
490.83850
491.75740
491.81608
491.84470
491.96008
493.42348
493.46890
493.48786
493.55014
494.56834
494.58094
494.59480
494.61718
494.61940
494.88118
495.25642
495.51184
497.70862
497.77660
500.16268
500.32048
500.97238
500.99572
501.05290
501.09442
501.71284
502.68604
502.69120
503.14576
503.16550
503.22430
503.96278
504.93544
505.05988
505.79668
505.83016
505.95634
506.24032
506.24200
506.33464
506.39032
506.40880
506.62294
506.69038
506.69206
507.16792
507.20248
507.38284
507.72136
507.82852
507.84100
507.85468
507.87562
509.73580
509.86438
511.37512
511.43530
511.66732
511.78096
512.15134
513.44392
513.81730
513.82048
514.50448
514.51816
514.52752
515.27146
515.42020
515.45758
516.04042
516.33868
516.36718
516.38980
517.66900
517.69678
517.71292
517.72000
517.72228
517.75570
518.75710
518.77216
518.79364
520.56262
520.62208
521.32546
521.34598
521.34886
521.36410
521.41960
522.00664
522.65800
522.71638
522.77020
524.13262
524.18272
524.68504
524.93176
525.39520
525.41212
526.67068
526.69930
526.94188
527.10592
528.09586
528.09814
528.45076
528.45802
528.47788
528.50350
528.51076
528.77422
528.96718
528.98122
528.98980
529.13050
529.20574
529.32772
529.35694
529.41820
529.53376
529.55170
529.55380
529.57570
529.57750
529.78888
529.82470
529.83496
530.17012
530.21692
530.23822
530.26474
530.26888
530.79430
534.52612
534.54538
535.27462
535.31794
535.51258
536.76538
537.00514
537.03748
537.06808
537.62752
538.59544
538.84258
538.89418
538.90762
538.95418
538.96996
539.02570
539.03380
539.04466
539.05582
539.25772
539.26450
539.33416
539.42656
539.54518
539.81080
539.82742
539.83996
539.84374
540.12430
540.19726
540.26806
541.72774
541.76536
543.06442
543.91558
544.01350
544.04542
544.05496
544.16176
545.09830
545.77396
547.96090
548.00086
548.89132
549.02098
549.37384
549.39388
549.41830
549.45310
549.63538
550.80502
551.21494
553.46272
553.51162
553.73548
554.24458
554.29414
555.47044
555.79222
556.59172
556.65838
557.35336
557.53834
557.56144
558.36262
558.36934
558.39496
558.44086
558.45400
558.46966
558.49942
558.65830
559.85806
559.92046
559.97992
561.01048
561.02584
561.70144
561.73534
562.93774
563.00194
563.77060
564.67552
565.26520
565.29274
565.67326
565.68640
565.76674
566.57488
567.36256
568.15210
568.31266
568.32208
568.76542
569.18146
569.65696
569.88532
571.18384
571.20652
571.22656
571.26550
571.31326
571.51588
571.52812
571.54780
571.58668
571.59040
571.64170
571.74742
571.85596
571.86970
571.87894
571.90408
572.28304
572.28508
572.29012
572.30686
572.31466
572.98924
573.09550
573.66454
573.66832
573.74350
573.79054
573.92446
573.95164
574.20658
575.38360
575.80384
575.82700
575.83402
575.84692
575.85700
577.48732
577.53448
577.57282
577.68442
579.77320
579.92086
579.92464
580.42696
580.53910
580.54942
580.62304
581.09122
582.47710
582.64402
582.64828
582.79642
582.81658
582.82474
582.83194
582.84046
582.99892
583.01536
583.03990
583.09036
583.19200
583.28038
584.02348
584.40712
584.45992
584.70952
584.71192
584.73844
585.19228
585.37564
586.21996
586.24480
587.51950
587.54332
588.70654
589.06366
589.13548
589.51570
590.08090
590.56564
591.36682
592.26544
592.36018
592.99672
592.99924
593.01904
593.03092
593.03548
594.75364
594.79696
595.21330
595.29652
595.39624
595.44604
595.46080
596.16304
596.46076
596.59420
597.61642
597.68650
597.98974
598.17682
598.18762
598.19368
598.21966
598.22320
598.58986
598.77454
600.64450
600.68716
601.21528
601.39048
602.35978
602.37412
603.03796
603.73708
604.04998
604.12006
604.12480
604.15318
604.26748
604.29874
604.31044
604.31284
604.31998
604.32898
604.34902
604.36390
604.45966
604.49848
604.76386
605.13484
605.30032
605.36668
605.65612
605.71108
606.79822
607.04362
607.29640
607.67932
607.87090
607.96024
607.98454
609.51364
609.57112
610.61494
612.00982
612.90646
613.04992
613.08676
613.48228
613.93588
613.94650
615.61294
615.63724
615.71308
615.75478
615.77404
615.99646
616.03960
616.04170
616.40086
616.78642
617.26612
617.94790
618.78760
618.78994
618.81262
618.82462
619.72174
619.75216
620.77222
621.10540
621.51940
622.36906
622.84240
623.05528
624.15820
624.76582
625.75306
625.83220
626.40004
626.47276
627.01474
627.07096
627.07378
627.12244
627.13018
627.13864
627.49072
628.50256
629.53288
629.67046
630.41572
631.31368
632.02258
632.36122
632.36782
632.41210
632.42512
633.48166
633.82816
633.85768
634.53028
634.53802
634.61998
635.02702
635.31940
637.59010
638.06686
638.37820
638.41348
638.69218
638.69902
638.77972
638.80156
638.90242
638.93842
638.96440
639.01414
639.02764
639.06142
639.45208
639.45838
639.46408
639.47044
639.47818
639.49972
639.57934
639.71446
640.13272
640.14418
640.15516
640.15756
640.16908
640.26418
640.28842
640.33732
640.61920
640.64470
640.72894
640.74550
640.83052
640.84492
640.85980
640.87888
640.95364
640.95838
641.09758
642.40936
643.28278
643.29454
643.31890
643.33084
643.35802
644.45932
644.70040
646.13860
646.19014
646.83910
646.91296
647.88508
648.79852
648.81016
649.05316
649.05832
649.13794
649.17904
649.18912
649.19500
649.20910
649.24642
649.25062
649.35556
649.43530
649.49578
649.70140
649.92082
650.10238
650.20900
652.79092
653.14810
654.32818
654.95542
656.54158
656.62780
658.11748
658.68550
658.71088
658.72114
659.07850
659.08774
659.09110
659.10262
659.11702
659.12878
659.38006
659.39452
659.41738
659.59264
659.80426
660.12898
660.14788
660.25642
660.46156
660.66406
660.68776
661.12006
661.12426
661.40272
661.53400
661.53658
661.58314
661.67812
661.74082
661.78552
663.01006
663.10426
663.38938
664.25764
664.28398
664.89550
664.91386
665.70892
665.90488
667.22950
667.71742
668.32696
668.38738
668.51656
668.75890
670.23406
670.52362
670.85956
671.44276
671.97328
672.50242
672.75568
673.58050
674.86408
675.07744
675.43384
675.47092
675.75652
677.19982
678.40726
678.42094
679.08028
679.12360
679.51000
679.53856
680.67688
680.72704
680.85448
680.99500
681.02110
681.46882
681.47404
681.49090
681.50878
681.65068
681.67042
681.72586
681.73246
681.98242
682.00852
682.20844
682.30426
682.46386
682.63780
682.78582
683.65018
685.27684
685.28794
685.98082
686.07784
686.15050
686.63584
687.05584
687.81526
687.83278
687.89494
688.66000
688.66402
688.71016
689.88376
690.80746
692.76652
692.77114
692.78020
692.79706
694.96696
695.65768
696.20770
696.31186
696.52774
697.65814
697.71046
697.80112
699.39682
700.21798
700.26358
700.30396
700.49500
700.90696
703.06918
703.07668
703.09522
703.13608
703.80862
703.81360
703.94968
704.01760
704.34370
704.34952
704.35564
704.36266
704.37268
704.42596
704.63344
704.68528
704.69464
704.75980
704.76478
704.87494
705.01846
705.23422
705.24652
705.25882
705.44302
705.45238
705.46834
705.63604
705.90406
706.11064
706.12114
706.16344
706.83328
706.86184
706.87540
706.94674
706.96360
707.37976
707.70064
708.39334
708.41176
709.93420
710.07382
710.43334
710.46010
710.48440
710.48788
711.04510
711.31804
711.36658
711.42634
713.76724
713.80276
714.40330
714.43480
714.97354
714.98068
714.98440
714.98926
714.99814
715.00714
715.45948
715.74766
715.76914
715.80130
718.39096
718.65352
719.72026
720.24448
720.44752
720.53554
720.97954
721.14448
721.61836
721.99876
722.29450
723.97612
723.98740
724.03900
724.39270
724.41130
724.56832
724.58584
724.62982
725.27998
725.33536
725.36116
725.37244
727.58974
727.73668
727.74340
728.00644
728.60320
728.72830
729.17350
729.17644
729.19060
729.19606
729.21364
729.24478
729.26410
729.40330
730.32472
731.48110
731.55058
731.58982
731.60446
733.39828
733.46638
733.51324
734.25766
734.61544
735.81076
736.31428
736.56412
736.58068
736.60750
736.74766
736.79092
736.81420
736.82098
736.88206
736.99696
737.03782
737.26090
737.38744
737.71138
737.76520
738.44692
738.93130
740.08288
740.13868
740.14252
740.21974
741.10588
743.59036
743.61874
745.32688
745.51324
746.53504
746.56036
746.57266
746.69410
746.85718
746.92552
746.98678
747.26980
747.32668
747.56002
747.58678
747.61624
747.69184
747.78022
747.79738
748.31854
748.35322
748.35826
748.38268
748.40866
748.48366
748.52782
748.59970
748.64704
749.04652
749.05456
749.05744
749.05954
749.74330
749.76190
750.22174
750.23956
750.30400
750.48028
751.13788
751.14256
751.18420
751.18798
751.40794
752.50048
752.58814
753.09772
753.13588
754.16230
754.22500
754.32586
754.79746
754.82194
755.35126
755.60506
756.02704
756.09388
756.51562
756.59518
757.67758
757.96618
757.97044
758.03272
758.28052
758.36662
758.74660
758.74966
758.94910
759.23218
759.24934
759.39346
759.43840
759.54340
759.79084
759.93280
759.93442
759.94354
760.62466
761.22364
761.65450
762.26854
763.09552
763.16440
763.71136
764.25808
766.30780
767.24500
767.29186
767.30134
767.32078
767.32894
767.34160
768.37234
768.83092
768.96832
769.49956
769.58770
769.68544
769.71850
769.72018
769.84210
769.94488
770.00830
770.48488
770.50384
770.88514
771.03778
772.10632
772.38082
772.46194
773.29030
773.30560
773.73268
773.80720
773.82232
774.19624
774.89818
774.99622
775.66498
775.67596
776.19688
776.86552
777.39700
777.41668
778.69234
778.70074
778.79752
779.45074
780.27790
780.28030
780.28270
780.28540
780.31618
780.33100
781.90192
781.93108
782.33020
782.34730
782.57146
782.93158
783.59842
783.80002
783.87160
783.89704
784.24150
785.35900
786.08218
786.74104
787.87684
787.87882
788.73970
788.76478
789.86518
789.93556
789.94360
790.42234
790.43578
790.49374
790.60024
790.69378
790.72492
791.04088
791.37976
791.38906
791.39884
791.65612
791.66266
791.66428
791.68300
791.71924
791.78128
791.83144
791.93188
792.04588
792.06304
792.25132
792.29104
792.41860
792.44512
792.45304
792.46984
792.48226
792.49264
792.49450
792.55030
792.96292
792.97240
793.10554
793.13302
793.13968
793.15162
793.43674
793.76716
793.80208
793.81342
793.83238
793.84876
793.85584
793.89886
793.90492
793.96582
794.09290
794.10370
796.14016
796.70200
796.71076
796.93330
797.90314
797.96710
798.66952
798.77572
798.87190
798.93820
800.95216
801.08140
801.11092
801.19060
801.23524
801.24724
801.26380
801.28834
801.34006
801.34582
801.36484
802.19830
802.25536
802.54618
802.66780
802.91740
803.44744
803.45080
803.45362
803.67784
804.44674
804.47224
804.47932
804.50890
804.76432
805.04446
806.18230
806.68648
806.72308
808.17460
808.20202
809.05030
809.29594
809.72998
809.94058
810.37666
810.55714
811.66732
811.67854
811.75342
811.75738
811.76548
811.84600
811.92604
811.99810
813.39148
814.26556
814.30042
814.32352
814.44472
814.71142
814.76788
815.22358
815.23108
815.23372
815.25178
815.76598
816.63880
816.71608
816.85588
817.61242
817.87870
817.93534
819.09550
819.53884
820.17598
820.19614
820.20514
820.23838
821.74126
821.77282
821.83246
822.26602
822.60322
822.66754
822.73408
822.87862
822.97834
823.29334
823.33636
823.55590
823.61314
823.88620
824.31022
824.45746
824.61316
825.36964
825.88726
825.90592
825.91360
826.29664
827.66380
827.81368
828.14854
829.14418
829.17802
829.20394
829.20676
829.86826
830.35828
830.37334
830.41546
830.44708
830.90176
831.68536
831.74266
831.84070
831.92722
831.93814
831.95260
831.95902
832.00744
832.03978
832.97794
833.82784
834.38554
834.39574
834.42808
834.50002
835.57762
836.32774
837.54832
837.80980
837.90892
837.93418
838.94212
838.97860
838.98418
839.69368
839.81938
839.94208
840.03148
841.12522
841.34332
842.49562
843.06490
843.41944
843.93418
844.00234
844.08826
844.19308
844.21492
845.27440
845.65180
845.66812
845.70274
846.22480
846.24412
846.25834
846.27496
846.31948
846.33934
846.49000
846.51820
846.54514
846.84508
846.85522
846.88750
847.21810
847.27420
847.31776
847.49818
847.53190
847.82716
848.03578
848.42560
848.42926
849.34360
849.49882
849.53446
849.54220
849.77866
850.16068
850.78666
850.86298
851.59684
851.68012
852.15172
852.83656
852.84124
852.89608
853.11256
853.24144
853.57240
854.66284
854.69884
855.60886
856.27396
856.29928
856.35580
856.44586
856.45960
856.53718
856.57012
857.03284
858.04954
858.05644
858.06874
858.09622
858.12190
858.36046
858.36766
858.37606
858.38422
858.42406
858.44314
858.45160
858.46438
858.57976
858.76138
859.10986
859.12840
859.14226
859.16632
859.17088
859.42786
859.78624
859.80634
859.81732
859.92226
860.01682
860.05300
860.47600
860.48476
860.51992
860.52994
860.64016
860.68870
860.69044
861.18022
862.08322
862.09996
863.76232
863.87356
863.94388
864.04036
864.97132
864.99328
865.00822
865.13668
865.15210
865.24408
866.00062
866.04736
866.76412
867.45490
868.02340
868.18180
868.29460
868.86118
868.87990
868.93984
869.21146
869.21794
869.36524
869.39368
869.44726
869.52058
869.53852
869.63410
869.72734
869.94040
870.20788
870.33862
870.42220
870.67246
872.87602
872.90146