0.88342
2.92084
3.34090
3.52420
3.71500
3.74512
3.79108
3.81172
3.93844
4.30510
5.17492
6.35632
7.00948
7.78702
8.07670
8.10970
8.67706
8.69068
8.84356
9.27430
10.09156
10.16512
10.37500
11.05528
11.17558
12.02854
12.12598
12.17590
12.69988
12.72622
13.62664
13.66288
13.81270
14.19370
14.54752
15.94168
16.06390
16.54210
16.66438
16.67806
16.73086
17.70550
18.28162
18.84574
19.62964
20.29672
21.09976
21.11644
21.23050
21.26086
21.38056
22.53112
23.50102
24.33868
24.44884
24.85912
24.90790
25.53922
25.69948
25.94968
25.95226
27.33340
27.48358
28.01974
28.06738
28.07356
28.79764
29.35120
29.74150
30.22108
30.80872
30.98788
31.60222
32.55538
32.60950
33.50308
33.51970
34.48666
35.23714
35.27062
35.87710
35.90074
36.02356
36.12076
36.35446
37.00156
37.25476
37.47418
38.31166
38.59132
38.62210
39.41890
39.42208
41.12560
41.66980
41.76676
42.83686
42.87610
43.84042
43.85722
44.32420
46.05826
46.07824
47.79214
48.00232
49.25926
50.32660
51.61714
51.69646
52.09384
52.80322
52.97104
53.67142
54.21136
54.25810
54.85858
55.57840
55.87558
55.97878
56.37904
56.67610
56.92252
57.75580
57.84880
58.16272
58.32940
58.60060
58.71298
60.46378
61.93102
62.06698
63.10090
63.83170
63.88450
64.34854
64.68196
66.12610
66.22960
66.56608
66.93274
67.23922
67.43302
67.53028
68.03314
68.03998
68.04982
69.05014
69.11062
70.17424
70.18642
70.64068
71.03416
71.15356
72.36778
73.70158
74.53498
75.44212
77.71966
78.58666
79.93078
79.93714
80.00644
80.15638
81.55390
81.70696
82.07110
82.37416
82.45126
82.92148
83.87458
84.28852
84.30250
85.05286
85.05832
85.06006
85.50568
85.80868
86.37256
86.58922
86.97970
87.20884
87.82306
88.29226
89.04016
89.59948
90.82678
92.59096
92.87458
92.98126
94.04134
94.11832
94.12492
95.40880
95.61148
96.48250
96.49876
96.62836
97.27612
97.28626
97.34284
97.58272
98.36644
98.42884
98.66224
99.32260
99.35710
99.47680
99.73564
99.85012
100.96042
102.17764
102.84442
102.85138
103.04182
103.86406
104.36182
106.05244
106.27900
106.32916
107.25268
107.37958
107.71294
107.79628
107.96284
108.46336
108.89962
109.14946
109.21348
109.59706
109.74370
109.83034
109.91650
109.92412
109.93054
110.58076
110.63068
110.64106
111.20464
111.43108
112.11448
112.78168
113.66530
113.80282
114.83500
114.84220
116.16898
116.90236
117.18328
117.20272
117.21922
118.28356
119.00044
120.08128
121.08442
121.13140
122.03728
123.32860
123.33526
123.35200
123.42136
123.42544
124.23952
126.76966
127.85614
129.72088
131.21128
131.22130
131.95204
133.85602
134.97292
135.86320
136.01698
136.02088
138.00472
138.04702
138.68110
139.02448
139.80802
140.02732
140.04802
140.60818
140.61508
141.67792
141.71134
142.09186
142.11274
142.89244
143.19514
143.32570
143.64904
144.66232
144.79282
145.78702
146.50756
146.52394
146.56294
147.62734
148.02742
148.33048
149.01106
149.11384
149.90158
149.97820
150.02206
150.49480
151.23526
151.24492
151.36198
152.34532
153.26236
153.80920
154.04266
154.16290
154.17472
154.62964
154.65304
154.66270
154.89634
155.84662
156.72742
156.93010
158.83072
159.18364
159.20434
160.33102
160.38124
160.75066
160.91458
162.06508
163.35124
163.43476
163.49860
163.72528
163.78198
164.20810
166.14262
166.35226
166.43956
166.61626
167.89678
168.28336
171.00052
171.57022
171.63424
171.70084
171.95086
171.99118
172.93144
172.95394
173.32984
173.89516
174.30838
174.45550
174.86206
175.74208
177.03844
177.06916
179.02390
179.43904
179.95606
180.73678
181.87288
182.20348
182.50366
183.75424
183.78766
183.79744
185.21362
185.65462
185.65726
186.35464
186.58804
186.62776
186.94102
187.09498
187.19098
187.35766
187.77442
187.78834
188.58850
188.74132
188.85520
189.22180
189.75550
189.85558
189.90550
189.92224
189.93886
190.04182
190.08220
190.90564
191.23900
191.62528
191.72236
193.67278
193.84936
193.86274
195.12010
195.12298
195.17980
195.22306
195.72580
195.95656
196.38982
196.70656
196.83982
196.94002
197.00032
197.03986
197.40670
197.92318
198.00682
198.34288
199.18000
199.67362
199.75990
199.77370
200.68048
203.70754
204.44086
204.47086
205.13074
205.23076
206.46796
207.22720
207.30790
207.42454
207.77464
208.72468
208.80508
209.75836
209.86486
210.27478
211.71526
212.14444
212.37184
212.77786
213.25900
213.89206
214.30528
214.54492
215.80918
216.16594
218.07886
218.90962
220.15996
220.37656
220.99606
221.06008
221.06248
222.65032
222.71314
223.02712
223.07998
223.36024
225.22732
226.04416
226.09432
226.15462
226.22770
226.26364
226.66114
227.66416
227.79454
230.49532
230.55538
230.59522
230.79184
230.80198
230.91214
232.82902
233.03914
234.19270
234.31288
236.43010
236.54938
236.61364
238.44988
238.70656
239.08732
239.09728
239.16688
239.56702
239.75032
239.84764
239.91424
239.99482
240.63382
243.06778
243.91510
245.55184
245.55802
245.58232
248.13322
248.21644
248.84992
249.76666
250.56424
250.58644
251.50030
251.53402
251.60350
254.90794
254.96818
255.15436
255.15826
255.21820
256.19188
256.32118
256.33528
256.35472
256.37512
256.58794
257.18794
257.64538
257.97574
259.69252
259.69894
259.83598
260.62624
261.01636
261.16942
262.01626
262.29340
262.89976
263.01994
264.58984
264.68980
264.71392
264.83734
265.20388
265.21762
266.64040
266.85430
267.42502
267.44452
267.45448
267.47146
267.47818
267.96784
268.55494
269.42872
269.50516
269.51878
269.57488
269.94556
269.98864
270.70276
270.80560
270.85852
271.22920
271.29580
271.60600
271.77250
271.83010
271.84870
272.85874
272.87260
273.03322
273.07300
273.72592
274.37350
274.50664
275.04016
276.92422
278.62384
278.80810
278.91094
279.50836
280.37194
280.64188
281.19454
281.27932
281.42542
281.77552
281.79196
282.20884
283.05904
283.19248
284.40922
284.41954
286.11952
286.67128
287.16232
288.25984
288.43324
288.44338
289.97662
290.16016
290.19358
290.25004
290.28346
290.31412
290.80690
290.84128
290.84356
291.86728
291.95704
292.30048
292.30324
292.31752
293.29822
293.30092
295.22794
295.25134
295.93492
296.59486
296.68828
296.71144
297.51850
297.54772
298.26178
298.46440
299.04502
299.07856
299.16844
299.36446
299.41210
300.22882
300.23578
300.31198
300.36892
301.27900
301.72402
302.21254
302.79568
303.80014
303.80998
303.84868
303.87958
304.04890
304.71292
305.01562
305.50678
306.06334
306.71344
306.98284
306.99364
307.37698
308.70394
308.79808
309.06382
309.18340
309.53074
311.46826
312.04810
312.23428
313.18468
313.28152
313.56520
313.92178
314.68456
314.70526
314.75554
314.93188
315.26524
315.29860
316.23232
316.24912
316.94932
317.20180
318.48292
319.14964
320.95660
321.98332
322.31698
323.01946
323.36026
324.26728
324.32008
324.37780
324.38668
324.80350
325.21762
325.30072
325.38406
325.83424
326.35108
326.44456
326.45116
326.59132
328.04164
328.68754
329.54176
331.67560
331.70464
332.21890
333.00496
334.98604
335.25544
336.01948
336.35302
336.71980
337.28638
337.70338
337.73656
338.22274
338.58952
338.67934
338.95618
339.22012
339.45358
339.65626
339.77044
340.20376
340.22782
340.23682
340.50352
340.98994
341.02066
341.02336
341.10664
341.53750
343.05406
343.22368
344.42122
344.92102
345.72136
345.87418
348.10816
348.23878
348.39526
348.49546
348.68878
348.79546
349.15570
349.22896
349.49188
349.83910
350.17540
350.20564
350.22256
350.30596
350.43964
350.52274
350.57266
350.95294
351.45640
352.84018
353.09014
354.95416
354.95848
355.00420
355.13788
355.19770
355.20742
355.52704
355.77430
356.87440
357.87184
357.92506
358.25560
359.05876
359.21566
359.27806
360.06166
360.17866
360.30604
360.39232
360.40162
360.40654
360.40924
361.05922
361.30936
361.77328
363.23338
363.31006
365.07430
365.09068
365.12728
365.87770
366.61126
366.62146
366.70486
367.54504
369.27580
369.34534
369.86254
369.98182
370.04584
370.36252
370.38592
371.55976
371.68660
371.87962
372.10666
372.36328
372.94960
373.50100
376.94788
377.74822
378.78598
379.01800
379.94110
379.99834
380.46814
381.40312
382.03528
383.56270
383.80990
383.82322
383.84686
383.96914
384.05230
384.84982
386.58604
386.88640
386.96692
388.00078
388.71994
389.56726
389.72008
389.98096
390.78430
390.79042
391.25362
391.70098
392.27038
392.68462
393.83752
393.85150
394.18486
394.19530
395.06830
395.20180
395.20858
395.63494
395.64184
395.72248
395.75170
396.28786
396.75466
398.12536
398.20852
398.23522
399.48832
399.51868
399.99922
400.00228
401.16928
401.21920
401.48584
402.20272
402.30538
402.35260
402.90268
402.94618
403.18612
403.74316
403.75576
403.80298
404.08000
404.21968
404.23906
405.06928
405.15970
405.68656
405.96982
407.38672
408.41014
408.43690
409.53706
409.75054
410.10382
410.17042
410.20642
410.21392
411.46738
411.72322
411.75400
411.83980
411.87064
412.50376
413.05666
413.75638
414.40384
414.85384
415.42090
416.41792
416.79010
416.87362
416.98744
417.13738
417.18124
417.53434
417.58774
418.03768
418.08424
418.62106
418.80694
420.12100
420.92104
422.37136
422.64064
422.70880
422.71372
425.00782
425.15500
425.17822
425.20768
425.27860
425.83534
425.83840
426.02896
426.84028
426.87196
427.04242
427.66162
427.88596
428.80246
428.81182
428.83882
430.52236
431.24920
431.26924
431.48896
431.57512
432.54934
433.04200
433.10272
433.10848
434.45614
434.92276
435.44626
435.56302
435.59380
435.88966
437.79256
439.68370
439.72636
440.39680
440.42356
440.47348
440.96734
441.08542
441.26740
441.29032
442.77688
442.96012
443.14744
443.18098
443.69080
443.77438
444.59380
445.42732
445.54390
445.87456
446.51488
446.55112
446.75782
447.39826
447.43126
447.45172
449.30824
449.63800
449.65840
450.35836
450.52498
451.08142
451.99162
452.00842
452.19460
453.95836
454.96132
455.64190
455.66524
455.67520
456.67252
456.84220
457.45234
457.47538
457.56904
457.60894
458.34214
458.35906
458.57830
458.72560
459.54508
459.55258
459.56188
459.67576
459.76912
460.13266
460.48216
460.58248
460.92580
461.34250
461.57248
462.00916
462.15892
464.30278
464.59522
465.70936
465.91978
465.99538
467.61628
467.94274
468.05944
469.01224
469.16224
469.30936
469.51216
470.19280
470.97610
471.05650
471.07612
471.12280
471.12610
471.13978
471.17650
471.26362
472.45972
472.62904
472.70962
473.05966
473.72626
474.22894
474.27634
474.32638
474.36622
474.79312
475.27648
476.10664
476.22340
476.27662
476.37628
476.38348
476.40970
477.18352
477.50992
477.80218
478.61650
478.65988
479.34592
479.42674
479.44600
480.16930
480.19606
480.34984
480.36652
480.42028
480.66004
480.81694
481.67674
481.72954
483.56002
483.79336
484.11010
484.54984
485.14618
486.26290
486.92668
487.39354
487.66696
487.70692
490.33384
490.36048
490.36318
490.57696
490.64374
490.70398
490.82710
490.84648
491.32702
491.62396
492.12994
492.54802
492.58000
492.61024
492.77734
493.31050
493.42708
493.72090
493.89388
494.41054
494.41342
494.88484
495.96688
495.98008
496.45408
497.10442
497.13046
497.90614
498.01768
498.16096
501.59494
502.89454
502.89790
503.09188
503.14480
503.83468
504.02542
504.67816
505.14754
505.79494
505.81180
506.51188
507.17836
507.18502
507.84514
508.76182
508.84960
509.38120
510.56194
511.24192
512.24542
512.45860
514.18120
514.72822
515.30536
515.35936
515.81194
515.84782
515.91616
515.96446
516.21178
517.17850
518.33104
518.36152
518.53126
520.09468
521.36152
521.37160
521.96794
524.28826
524.29498
524.31136
525.94492
526.00510
526.16152
526.36168
526.76164
526.84480
527.09506
527.18488
527.59786
527.86156
529.62094
529.74502
530.12848
530.24506
530.41192
530.83504
531.81208
531.83518
532.61206
532.62556
532.75540
533.36902
533.37862
533.89558
534.21874
534.22246
534.96502
536.10880
536.37574
537.51250
537.69586
537.91924
538.71268
539.31532
539.32912
539.51536
540.60976
540.72586
540.77266
541.66276
541.88584
542.58202
542.97610
543.04612
543.56254
544.27624
545.02960
545.32966
545.79310
547.63222
548.03218
548.06260
548.64592
548.74606
549.56962
549.59590
549.64876
550.42906
550.66534
550.75294
552.06514
552.85216
552.85924
553.81522
554.46226
554.51902
554.69248
556.31938
556.74814
556.90864
557.12560
557.22898
557.43136
558.27556
558.69556
559.07608
560.94520
561.80206
561.89536
561.97864
562.21180
562.58512
563.16616
563.91166
565.37824
565.48492
565.86442
566.31172
567.24754
567.52840
569.26420
569.29786
569.37508
570.22498
570.24790
571.07212
571.20502
571.91164
571.96138
573.22072
573.26428
573.34762
573.36466
573.37864
574.71436
575.07850
576.55234
577.08874
577.09510
577.11178
578.62870
578.71186
578.80906
579.03562
579.13852
579.99208
580.13554
580.36906
582.00184
582.51496
582.91504
583.87876
583.88536
583.92880
584.39572
584.51242
585.94270
587.89834
588.48568
589.43314
589.51504
590.54536
590.63158
590.75200
590.75860
590.90182
591.76180
591.97576
591.98110
592.21192
592.57852
592.87570
593.63098
593.67838
594.34018
594.49480
595.39492
595.41130
595.58080
596.03032
596.23066
596.37778
596.56372
596.79436
596.88028
597.33490
597.81100
598.19728
598.21366
598.26088
598.26364
598.61062
598.78030
598.81756
598.91344
598.99678
599.16064
599.24668
599.27734
599.75062
600.44098
601.26298
601.85020
602.32630
602.60980
602.84566
602.97916
603.28630
603.44980
603.49006
603.77872
603.80938
604.47610
605.12842
605.96158
606.27556
606.34210
606.69592
607.31830
607.46128
608.55850
608.97502
609.12142
609.13474
609.94114
610.97842
611.97700
612.47074
613.35436
613.64320
613.66420
613.84456
614.78062
614.79016
614.82394
614.95414
615.85696
616.35958
617.42608
617.43982
617.87584
618.25648
618.38956
620.47246
620.90560
621.07252
621.09550
622.18888
623.30782
623.42464
624.85492
624.97150
625.75186
625.75450
625.77148
625.80754
626.57170
626.59474
628.14190
628.18780
628.20142
628.20436
629.65690
630.25678
630.50674
630.51388
631.38688
632.12020
632.14378
632.15302
632.42002
633.25336
633.65590
633.77680
633.98602
635.10970
635.19982
635.48872
637.22194
638.38828
638.79214
638.86894
639.37174
640.65196
641.55202
643.26844
643.85158
644.58730
646.15618
646.23724
646.30132
646.47454
646.93738
647.28436
648.00424
648.03454
648.09106
648.83884
648.84094
649.82428
649.85356
650.15752
650.18080
650.61754
650.71750
651.11746
651.29062
651.65050
652.07428
652.47016
653.08672
653.37760
654.75700
654.76030
655.76968
656.32714
656.36692
657.23584
657.71380
657.82348
657.93328
658.68334
658.90258
659.39998
659.85658
659.86906
660.66658
660.77986
660.83296
660.84964
661.10260
661.14688
661.15240
661.31362
661.37692
662.54950
664.56262
665.89276
665.92600
667.00168
667.91824
668.19892
669.33610
669.38206
669.51520
669.93832
670.15768
670.34836
670.59832
671.31772
671.46508
671.51776
671.68426
671.89174
671.94820
672.92152
673.19506
673.78798
674.30050
676.37404
677.28688
677.79682
677.89048
678.11620
678.62308
679.08016
679.83898
681.02974
681.19306
681.20242
681.23224
681.31294
682.21258
682.76278
683.32606
683.33608
683.44864
683.60284
683.67256
685.05232
685.13164
685.81204
686.37868
687.61462
688.98106
688.98856
689.69488
690.34234
690.96448
691.22836
691.61158
691.87156
692.94454
693.12532
693.35206
693.37828
694.00822
694.14472
696.53068
696.54742
696.96106
696.97798
696.99124
697.96768
698.16382
700.33402
701.84410
702.01066
702.17986
702.67708
703.24810
704.24632
704.41306
704.44354
704.69098
704.96932
705.02038
705.65740
706.24606
706.29346
706.44358
706.49986
706.92658
707.77300
707.82646
708.37342
709.22620
709.33000
709.39312
709.71226
709.74940
709.76644
710.70196
711.63280
712.07884
712.09552
713.00638
713.44288
714.56620
714.94552
715.80940
716.21224
716.98948
719.31640
719.45962
719.56612
719.86240
720.69334
720.72316
723.49348
723.51718
723.71926
724.28356
724.29364
725.84068
725.96032
726.34054
727.02388
727.41082
727.82740
728.64100
729.54442
731.17114
731.17792
731.36134
731.76802
732.38470
733.61416
733.80154
734.01154
734.16166
734.74486
735.11434
736.59766
737.03512
737.49238
737.63842
738.39454
738.96154
739.21432
739.39468
740.21152
740.29492
740.31142
740.51158
741.34486
741.84754
743.24464
743.37328
743.67820
743.81140
744.01834
745.04782
745.14784
746.16616
746.29774
746.41162
747.15178
747.56182
747.77536
747.78136
748.29514
748.32508
749.08534
749.46148
749.47084
749.47852
750.86188
750.87592
750.89794
750.92866
751.74532
752.01220
752.29534
754.05250
754.36240
756.71290
757.05628
757.11256
758.09914
758.16298
758.16592
758.66308
758.76328
758.78002
759.66604
760.31344
760.61026
761.21374
762.56668
762.92728
762.98062
764.11408
765.42790
766.64830
766.77484
766.78408
767.29792
767.30218
767.31478
767.48116
767.91232
767.99836
768.16492
768.68452
768.75268
768.75520
768.99868
769.19848
769.26520
769.28878
769.33192
769.48204
769.88512
769.89892
769.90168
770.13214
770.33518
771.74932
771.78508
772.18276
772.18978
772.28290
773.36896
774.31672
774.80020
775.26670
775.85056
776.15056
776.58172
776.63668
776.80066
777.51760
778.39468
778.51786
778.88464
778.89868
779.75830
779.78740
779.88478
780.12106
781.35202
781.65478
782.86918
782.93848
783.43846
784.15000
784.93660
784.98646
785.07688
785.80984
785.82682
785.98948
786.52702
786.63688
787.62736
787.65400
787.83982
788.98756
790.10464
790.35160
790.35442
790.60480
790.85464
791.56858
791.75932
792.35536
795.44242
795.45616
795.63634
796.99264
797.57032
797.92642
799.02388
801.05740
801.47392
801.50470
801.50728
801.86470
803.12446
803.32462
803.86108
803.87470
805.36138
805.49878
806.40862
806.60890
806.72830
807.51178
808.40902
808.74946
808.76206
808.94236
808.94530
808.99516
809.29936
809.37892
809.84242
809.84944
809.97616
810.47620
810.90322
810.90946
811.62322
811.62922
811.67662
811.70704
811.74328
811.84312
811.85974
812.24338
812.25016
812.45368
812.47348
812.52658
812.59336
812.61262
812.63344
812.75998
812.77678
813.02668
813.22972
813.26296
813.45040
813.66016
813.81028
814.19380
814.22704
815.02726
815.34652
815.64412
816.64426
816.97102
817.00444
817.76116
818.19460
819.14470
819.64762
819.67834
820.47838
820.70500
821.68558
821.71888
821.82220
822.39820
822.51490
822.76498
823.15558
823.55902
823.64698
823.71262
823.74850
823.89856
825.64294
825.64624
826.26280
827.33254
827.46304
829.39960
829.77376
829.94704
830.01358
830.04694
830.08024
830.21356
830.76382
832.63324
832.63708
832.68046
832.83064
832.84066
833.29750
833.43346
833.48068
833.69746
834.18106
834.31804
835.09090
835.36420
835.69108
836.49766
836.55442
836.84782
837.27088
837.29818
837.31702
837.36424
838.03534
838.06444
839.01736
839.38120
839.47816
840.51754
840.57796
841.11496
841.39192
841.70842
841.87666
842.74840
842.78188
843.91810
844.13230
845.18224
845.19400
845.35144
845.35558
845.43892
845.56546
845.84884
846.43912
846.53878
846.70588
847.08250
847.66582
847.68520
847.74910
848.46112
848.46622
848.48950
848.64940
850.29946
851.43778
851.49988
851.61958
851.68612
851.73730
852.15028
852.48076
852.60298
852.70318
852.71716
853.22470
853.28386
853.53646
853.75066
853.81732
853.85056
854.97442
855.00766
855.44440
855.97048
857.51818
857.60446
858.86860
860.28790
860.49904
860.78554
860.81908
860.83564
861.66910
862.63966
862.89016
863.34544
863.51182
863.70292
863.83612
863.92240
863.96962
864.88654
865.80982
866.07430
866.08024
866.12014
866.13676
866.22256
866.77000
866.78332
867.28696
867.48052
867.48370
867.82042
868.86070
869.09392
869.40400
869.73742
870.20398
870.20686
870.22078
870.29440
870.32734
870.33760
870.38746
870.97714
871.05442
871.07380
871.09048
871.47118
871.50424
871.70434
871.85452
872.15902
872.17510
872.17810
872.23804
872.57122
872.72140
872.90482
872.92408
873.03790
873.11800
873.23038
873.30478
873.48808
873.57148