0.25102
0.45328
1.44622
1.86268
2.20324
4.08640
4.11688
4.53382
5.56708
7.50718
7.61878
9.05038
9.76648
10.64980
11.00980
11.30710
12.18310
14.35966
14.87374
14.92870
17.46844
20.42572
20.61202
21.97516
22.34014
23.42236
26.78548
26.96542
28.35154
29.83582
29.98810
30.91132
31.42294
32.07244
33.11878
36.16114
36.35842
37.64494
37.94548
38.73466
39.16816
41.60830
41.96122
43.82140
44.72152
46.65850
47.94178
48.19936
49.22806
49.31176
49.70872
54.45796
55.65316
56.52982
56.63956
58.85392
59.39014
59.54644
59.93020
60.94636
61.49746
63.63070
64.10488
64.16902
65.51452
67.37122
67.94356
68.41510
69.52552
72.23944
72.46636
72.96580
75.19018
75.96400
76.48204
76.80730
77.41744
77.99068
78.04414
78.08728
78.21886
79.56220
79.78528
80.75200
81.57586
81.96832
82.06138
82.34230
83.70568
83.86618
84.30622
85.69840
85.93384
87.26620
89.62732
90.08656
90.12754
90.13360
90.13660
92.41906
92.44090
92.54728
93.50770
93.53392
95.85760
97.73698
98.63164
99.42742
104.17048
104.81938
104.89660
109.38538
109.95754
110.04316
110.43592
111.71932
111.92440
113.34298
113.88256
114.45214
114.92956
115.31188
117.14506
117.59860
118.05820
119.91112
120.48412
126.77374
126.83704
129.42214
130.58146
130.94860
131.31448
132.49774
134.12770
134.57080
134.62822
134.83678
135.09748
136.81600
137.15344
143.71522
143.82292
146.06206
146.55184
146.66542
147.36136
148.27798
148.98760
149.48806
149.50474
149.94358
150.47668
150.95104
152.36416
153.65338
155.89282
155.97040
156.44716
156.67324
157.54048
158.20882
158.89210
159.27868
159.76444
160.42558
163.38160
166.22056
166.31710
166.39762
166.59718
167.42326
168.45640
168.48616
169.58992
172.95670
173.12560
175.28206
176.09428
176.21998
177.27712
177.72718
178.95670
180.74542
181.50958
182.15920
184.22176
186.45070
187.92346
188.96422
189.30346
193.25914
195.38170
195.55210
195.92836
196.00546
197.88196
198.86542
198.89830
199.76386
208.29814
210.82600
211.36144
213.56896
213.97474
214.68544
216.22738
217.61488
218.80426
222.43078
224.97430
225.59530
225.84316
227.05318
227.17348
227.87068
228.25414
228.38680
229.33342
230.26666
232.03726
233.48668
234.24958
236.48932
236.94934
238.32544
240.85840
243.06604
244.55884
245.23270
246.68488
247.32544
247.67464
247.78840
247.79170
248.04880
248.74228
248.83798
251.14528
252.69526
253.48120
253.63636
253.70794
254.36554
256.04146
256.22266
256.28368
256.49878
262.28314
263.28328
264.68002
264.95656
267.67336
267.82960
270.25786
270.48100
272.59666
272.69788
274.77820
274.84408
274.85104
275.46502
276.41404
277.31746
277.69228
278.16118
279.63514
280.81606
281.65258
282.22198
282.68356
282.87532
284.61940
284.62852
287.81350
288.19294
288.68008
288.68320
291.59722
293.33968
293.56306
294.24694
294.47992
296.12452
297.30082
300.35350
300.39508
302.91658
303.39142
304.63750
304.81792
307.91356
309.35008
310.85158
311.89750
312.26698
312.54484
312.62206
312.86428
314.02318
314.40832
321.22732
321.86824
324.06460
325.08850
325.39108
325.77106
327.26122
327.44434
328.42054
328.82854
330.26404
330.88450
332.02798
334.05850
337.72528
338.82496
339.01810
339.36460
340.05952
342.37852
343.21486
346.66756
346.91902
348.43222
348.51544
349.72894
351.11944
354.32284
354.51946
354.85612
355.50628
355.66942
357.75652
358.07632
358.70014
359.96980
360.38320
360.39304
365.12716
365.26702
365.88868
366.10024
366.47476
367.02856
370.43194
373.06516
374.06572
375.69514
376.45822
379.94638
379.95010
382.68358
383.55310
384.12388
384.37426
384.40750
384.41380
384.49702
388.28572
388.38718
389.46598
389.58808
389.78128
390.07204
391.05262
391.83442
392.16586
393.23746
393.47074
396.97396
398.30152
399.06484
399.54544
401.06578
403.33126
403.60876
403.62844
405.34078
405.98482
405.99052
406.46182
407.49196
410.36230
412.62580
413.13880
414.51640
414.62284
414.94588
417.81880
418.72630
418.89544
419.45542
420.29248
421.90570
422.43916
422.63602
424.07212
426.57202
426.84160
427.49860
428.41264
429.92044
430.02904
430.81492
432.13876
433.09072
433.26874
435.80500
435.95566
435.97108
440.56624
440.86762
441.55408
443.60230
444.88234
446.07106
446.23798
447.63760
447.65158
449.09500
449.89828
450.01144
450.80458
451.12822
451.60426
452.74864
454.28458
454.44718
455.73382
456.59464
456.67462
456.83746
456.92074
456.97174
457.70398
458.25214
459.55390
461.39050
461.75662
461.81788
462.13702
466.67068
469.23874
471.04864
471.33160
471.47314
472.47370
472.64182
474.77152
476.58160
479.22184
481.02286
481.97752
482.43226
484.56766
487.35376
490.82410
494.14102
495.45886
496.10272
496.12792
497.30074
498.32692
498.96664
499.23970
499.65940
499.83646
500.81200
504.76876
505.44904
506.51836
507.17086
507.76690
508.24354
509.06020
509.85034
510.10060
510.67300
510.87628
512.68672
513.16666
513.89068
514.64266
514.83604
514.91926
515.52256
516.54910
516.55252
516.57304
516.80608
519.04240
520.25500
521.66794
522.80602
523.83430
525.94432
526.57108
527.53498
529.85350
530.19076
532.24936
533.67958
534.87226
534.98884
535.05568
535.85218
535.95634
537.18214
537.44578
537.78232
538.72906
539.19232
539.49826
541.29682
542.71492
544.54204
545.23768
545.81800
546.47212
547.17082
550.17766
550.18072
550.37722
553.72084
555.36730
556.27702
557.26390
557.56720
557.82106
558.06394
560.80804
560.86354
561.11770
564.07774
564.37138
565.50772
567.03718
567.29422
567.76540
567.88684
569.13406
569.60986
573.08074
573.31888
575.98852
577.84498
582.02992
582.79198
583.05964
583.60432
583.74214
584.57848
584.72848
584.74756
585.17854
585.26800
586.27576
586.55908
587.95810
592.97512
593.14786
593.75398
595.28356
595.76158
597.33430
597.71878
597.74860
597.78550
598.29784
599.37550
599.45860
599.49094
600.55660
601.19134
605.27074
605.67706
606.39124
606.67066
608.21428
610.37800
611.27098
613.67056
613.70362
614.91112
616.47724
618.13126
618.24352
623.56030
629.05264
629.32390
629.87662
630.71938
631.54324
632.19232
632.74708
633.84724
634.38346
635.10052
635.83510
636.02122
636.60394
637.16764
641.48494
641.66500
642.74560
642.95188
643.40818
644.25928
644.57896
644.89900
645.79174
646.81558
647.54944
648.54634
649.22284
649.37986
651.01252
651.69274
653.39290
653.60026
654.71692
655.08034
655.16968
655.25806
655.34380
655.45036
655.57648
655.61722
655.70272
656.67022
657.05704
657.40000
657.69712
658.34338
659.80096
660.25408
660.56770
662.56780
663.76852
663.96826
664.87486
665.14438
665.74510
667.21936
668.00908
668.04256
670.57618
671.13028
671.56324
673.32454
673.59208
675.27706
676.00762
678.86170
679.28596
680.09818
680.21986
682.80340
683.63218
684.12982
686.95132
688.45774
689.09830
689.13832
692.19220
692.51848
693.55312
697.37614
699.43210
699.90796
700.07512
703.55548
706.32154
706.86688
707.72950
710.10268
711.01570
711.91942
712.93300
714.66334
716.11594
716.20036
716.27704
716.89732
717.62320
718.53718
718.85392
719.16700
719.35696
721.10698
721.47112
721.59802
721.84468
722.54692
723.24556
723.68446
726.51190
727.30468
728.89804
729.15178
730.26160
730.36096
731.13412
731.34838
732.84244
733.00858
733.27240
736.74928
737.88010
739.60846
739.79788
740.91268
741.15496
742.01200
743.76142
744.00934
744.18154
744.72988
748.33276
750.16384
751.59172
751.72084
752.86816
753.35074
755.13844
755.16694
755.86660
757.82680
758.77264
759.49042
761.84296
762.71878
762.79630
765.18568
767.21704
768.02890
768.64828
768.86494
769.64920
771.44806
772.37362
772.60840
773.22124
773.89804
774.72082
774.89938
776.50876
776.57842
777.06892
777.19486
778.36468
779.20528
779.25952
779.52550
779.82868
780.92590
781.99876
783.14890
783.19588
783.36550
784.26232
788.81314
789.55630
790.37590
791.48296
795.56434
796.10656
797.68984
797.98792
798.85450
799.38058
800.35858
800.43814
801.15454
801.60796
802.32250
802.65814
802.73836
802.93156
803.99800
804.17938
805.11886
807.55840
809.52568
809.62564
810.86026
813.21640
813.26224
813.40012
813.61942
814.68034
817.03354
817.44310
818.17648
819.56422
819.83080
821.65078
823.22182
824.44306
824.46274
825.97780
827.37016
829.29376
829.81114
832.06792
832.10872
834.22804
836.65888
836.70610
837.27832
838.12762
838.31602
838.75846
839.08810
839.12548
839.89474
839.95234
840.70912
840.73834
841.15240
841.21516
842.47324
846.79912
847.08574
847.84474
848.27872
852.31720
853.84870
854.34760
855.55780
856.07200
856.46860
857.40472
860.25460
860.70118
861.12796
862.88890
863.31460
867.97648
868.47670
869.37736
870.72526
871.28074
872.79046
872.93710
874.58410
874.68400
876.96748