0.73108
0.73786
0.80176
0.89032
1.64830
1.65232
1.69822
2.34574
2.36758
2.39572
2.39854
2.43610
2.43808
2.44582
2.50948
2.55778
2.99122
3.53872
3.66334
3.74932
3.92008
4.11994
4.27324
4.38046
4.74094
4.80760
4.86394
5.47828
5.50336
5.73772
5.74774
5.78566
5.83108
6.31132
6.36460
7.85560
7.90534
7.93558
7.94872
8.74936
8.75590
8.80888
9.03268
9.04948
10.21924
10.22374
11.04700
11.12380
11.15434
11.30026
11.97424
12.01444
12.02038
12.70768
12.77080
13.54162
13.55188
13.57108
13.81546
13.82260
13.95598
14.13508
14.47174
14.51404
14.60212
14.66896
14.73076
14.81602
14.82202
14.82946
15.40516
15.41920
15.48310
15.52360
15.56314
15.96322
17.54080
17.57662
18.23998
18.25894
18.51046
18.52084
18.59926
19.49422
19.50736
19.53808
20.22172
20.27428
20.33842
20.35186
20.36530
20.39098
20.70520
21.09298
21.12532
21.48916
22.36252
23.50906
23.64010
23.69422
24.39748
24.39928
24.40234
24.44050
24.49156
24.52858
24.57034
24.65020
24.82816
24.87406
24.89056
25.17394
25.54792
25.72414
25.87450
25.93600
25.96384
25.97452
26.14786
26.19124
26.69152
27.41110
28.02190
28.81600
29.67910
29.69098
29.69284
29.81566
29.82526
30.75826
30.88648
30.91312
31.57438
31.57732
31.63420
31.71532
32.46136
32.47804
32.48206
32.48776
32.59432
33.51136
33.53116
33.64492
33.66166
33.66592
33.72190
34.39522
34.45678
34.47982
34.55668
34.61200
34.62520
34.75174
34.75696
35.13160
35.89852
35.92696
35.94112
35.99602
36.15496
36.93376
37.41490
37.43254
37.49614
37.51972
38.21596
38.34664
38.79652
38.83330
39.38044
39.40024
39.40600
39.41380
39.42820
39.48070
41.09800
41.18530
41.21356
41.36152
41.36740
41.79838
41.80498
42.82552
42.86572
44.03638
44.30866
44.32612
44.48572
45.41320
46.08334
46.21636
46.21930
46.30882
46.51666
46.82728
46.83616
46.90270
47.11702
47.34694
47.35978
47.36728
47.40706
47.51422
47.62024
47.97388
48.62134
48.65086
49.23430
49.35682
49.42066
50.70160
50.83156
50.89852
51.58294
51.61198
51.69004
51.71608
51.75238
51.77296
52.28560
52.78600
52.79758
52.83886
53.08606
53.68510
53.71678
53.76958
53.81662
54.21712
54.23884
54.24292
54.29650
54.86524
55.02010
55.02742
55.54738
55.61716
56.28250
56.28442
56.28976
56.34142
56.34376
56.41060
56.62072
56.73244
56.80396
56.94982
56.96788
57.69454
57.90454
58.20154
58.57522
58.68190
59.28856
59.32156
59.35516
60.50236
61.37230
61.38928
61.93936
62.07478
62.10628
62.11954
62.12284
63.15904
63.18256
63.21076
63.87982
63.92620
63.99292
64.00354
64.12354
64.60684
66.12832
66.26098
66.34348
66.64090
66.72670
66.82690
66.83770
66.88594
67.20784
68.09176
68.11756
68.30362
68.64178
68.66554
68.80828
69.10222
69.17986
69.25144
70.20544
71.03866
71.10940
71.79268
72.19528
72.35470
73.65214
73.75984
73.78072
73.84330
74.35882
74.37952
74.46502
75.44398
76.99432
77.18734
77.24446
77.34112
77.64760
77.65672
77.70388
77.71078
78.52162
78.66802
78.94912
78.97942
79.95574
79.96216
80.12404
80.15206
80.23834
81.37954
81.65632
81.72412
81.73330
81.76264
82.53406
82.55536
82.59364
82.64152
82.82380
83.04652
83.33344
83.34358
83.34664
84.13300
84.19978
84.28294
85.06384
85.13332
85.16680
86.46436
86.55454
86.61712
86.66878
87.04786
87.10840
87.21604
87.39508
87.92836
88.19530
88.35988
88.37164
88.47544
88.66492
88.95502
89.05852
89.06962
89.07844
89.26276
89.58838
89.61796
89.69152
89.92870
89.94238
90.33214
90.54424
90.57268
90.69892
91.03252
91.11970
91.13218
92.64280
92.75620
92.79568
92.91304
92.92870
93.26620
93.39982
94.03834
94.64692
94.68352
94.75018
94.83364
95.66200
96.47110
96.47644
97.32712
97.38232
97.62070
98.35006
98.35576
98.37250
98.39104
98.40898
98.55148
98.64640
99.31102
99.31546
99.44866
99.46840
99.67744
99.85606
100.85230
101.88274
101.88580
101.93968
101.98576
101.99032
102.06928
102.15250
102.40282
102.76966
102.82234
102.84028
102.99796
103.00264
103.01632
104.37028
104.38948
104.53954
105.16738
105.25408
105.25744
105.26566
105.29362
105.90412
106.06414
106.09126
106.18720
106.27102
106.28272
106.55416
107.15164
107.15446
107.78884
107.81146
108.15490
108.84496
108.90124
108.90280
108.91888
108.92458
108.95800
109.02838
109.05520
109.11214
109.15822
109.19098
109.23526
109.40512
109.82206
109.96558
110.60086
110.64268
111.11260
111.15346
112.08952
112.13476
112.16824
112.20334
112.79266
112.90666
113.82796
113.88742
113.92360
114.47398
114.72406
114.75832
114.88072
115.57816
115.79110
115.81792
115.92448
117.07486
117.10198
117.14548
117.18778
117.93880
117.95884
118.27528
118.79206
118.93582
119.09872
119.14846
119.73568
119.94826
120.00652
120.14272
120.20602
120.27874
120.33274
120.34522
120.34708
120.43060
120.67600
120.91612
120.96694
121.08022
121.14004
121.31698
121.47616
121.53382
121.55614
121.56994
121.57150
121.73326
122.67190
123.34372
123.35410
123.57988
124.24648
125.09122
125.13442
125.16796
125.91406
125.97484
125.97784
126.01114
126.02098
126.25438
126.78268
126.80362
126.83104
128.00260
128.31232
129.27958
129.28990
129.29326
129.36946
129.39874
129.74602
130.36282
130.72732
130.86052
130.87978
131.27980
131.28652
131.30686
131.96326
131.97382
132.04684
132.13690
132.14698
132.25990
132.30628
132.36634
132.96064
132.99994
133.18330
133.82602
133.83358
133.93096
134.61148
134.70076
134.70586
134.71456
135.64180
135.65500
135.68158
135.69496
135.72436
135.73162
135.88840
135.89314
136.10998
138.01138
138.11596
138.70210
138.73678
138.88540
138.92980
138.94888
139.03558
139.10722
139.81300
139.82002
139.89376
139.89970
139.95778
140.02990
140.33998
140.56924
140.60440
140.63614
140.64256
140.65258
140.67850
140.68354
140.93350
141.68956
141.76054
141.80044
142.08358
142.10752
142.11736
142.22614
142.86520
142.99762
143.01730
143.21368
143.21740
143.21914
143.35078
143.52154
143.68204
143.79112
143.96908
144.36058
144.78724
144.99688
145.68964
145.76842
145.83892
146.55178
146.62150
147.88576
148.16434
148.16902
148.18384
148.29730
148.38100
148.98904
148.99924
149.03602
149.10784
149.83768
149.87260
150.85018
151.27006
151.28008
152.80036
152.94412
152.95396
153.28108
153.40090
153.44926
153.46330
153.66100
153.85726
153.86428
153.87106
153.87388
154.26466
154.27540
154.95778
155.28838
155.39218
155.83834
155.86648
155.88832
155.92144
155.94268
155.96128
156.67888
156.76162
156.78364
156.84514
156.90196
157.40686
157.42204
157.43854
159.29584
159.35560
159.99226
159.99826
160.10614
160.10860
160.20118
160.33276
161.40904
161.50648
161.76088
161.76394
161.80948
161.83984
162.39010
162.69010
162.73648
162.75976
163.29964
163.54618
163.54798
163.59016
163.63552
163.93846
163.94338
164.11786
164.41690
164.68060
164.75764
165.13780
165.27700
165.29026
166.33126
166.36246
166.55800
167.20810
167.33140
167.38630
167.82214
167.98450
168.65578
168.66112
168.73174
169.40896
169.44214
169.49608
169.52908
170.42296
170.64688
170.67568
170.70526
170.71276
171.77590
171.78034
171.93526
173.22646
173.29600
173.31940
173.81974
173.83696
174.04336
174.24748
174.45028
174.83098
174.89986
174.90814
174.92974
175.04758
175.63390
175.63750
175.68862
176.04382
176.36440
176.40664
176.47018
177.02398
177.06082
177.11050
177.12430
177.71500
177.75334
177.75586
177.85618
179.01376
179.02804
179.16106
179.39896
179.40502
179.42524
179.99470
180.57298
180.65902
180.66580
180.94528
181.03876
181.06810
181.07236
181.39510
181.57852
181.82860
181.85920
181.92400
182.52562
182.52880
182.59534
183.26506
183.74272
183.76054
183.90004
185.20624
185.52628
185.52946
185.54008
185.55640
185.56306
185.63248
185.93242
186.46312
186.64624
186.73000
186.74320
186.78412
186.81286
187.16320
187.23004
187.27276
187.64050
187.65850
187.73266
187.87006
188.23006
188.71102
188.76358
189.86038
189.88036
189.90244
189.99712
190.03054
190.12534
190.13314
190.16386
190.42072
190.48060
190.48336
190.88056
191.27590
191.30170
191.31406
191.35000
192.01408
192.02596
192.11452
192.12622
192.25036
192.83092
193.58470
193.62130
193.82170
193.88110
194.44804
194.63824
195.10582
195.27520
195.28138
195.28378
195.61216
195.63442
195.63652
195.68824
196.27858
196.42174
196.42822
196.44838
196.86496
196.88164
196.89850
196.98436
197.11204
197.87506
198.03862
198.06496
199.19356
199.24552
199.38844
199.42204
199.44568
199.64836
199.75120
199.75282
200.69554
201.42010
202.73692
202.76128
203.46574
203.52232
203.53966
203.55352
203.79928
204.33868
204.44554
204.69928
205.13278
205.21270
205.57540
205.71838
206.12248
206.42992
206.45032
206.46160
206.54296
206.63248
207.24940
207.26332
207.27280
207.27616
207.31912
207.45604
207.72514
207.74608
207.74968
207.78022
208.68934
208.70560
208.71916
208.78702
209.76898
210.76966
210.80374
210.98026
211.82584
212.35048
212.36398
212.96704
213.11956
213.23680
213.24766
214.44718
214.53394
214.54030
214.58764
214.88086
215.70094
215.70346
215.83408
216.00466
216.15094
216.17026
216.43426
216.44356
216.51274
217.35106
217.59622
217.60114
218.07052
218.08726
218.87092
218.88910
218.90518
218.95114
220.96852
220.98892
221.13514
221.70178
221.77306
221.79166
221.82532
221.83504
222.65200
222.66544
222.66898
222.67168
223.33948
223.38550
224.38834
225.15238
225.21640
225.30484
225.81928
225.98596
226.23244
226.53598
226.54216
226.69234
226.71928
226.73290
226.77208
226.82248
227.36032
227.46238
227.61652
227.67268
227.71786
227.74990
228.11332
228.11956
228.16870
228.20992
228.28912
229.31974
229.33660
229.41724
229.42126
230.55034
230.59702
230.60356
230.75020
230.80630
230.82442
230.95822
231.14080
231.45394
231.69016
231.78736
231.95128
232.83484
232.91596
232.93732
233.22112
234.18796
234.38284
234.52138
235.35496
235.36666
235.37146
235.97176
236.42476
236.57314
236.66674
236.81224
236.84146
236.95804
236.96182
237.06928
237.09160
237.22210
237.25966
237.40558
237.60838
237.63880
237.96712
238.04878
238.46560
238.51000
239.13922
239.22262
239.25580
239.58928
239.62240
239.63926
239.67538
239.80624
239.92528
239.97274
240.05872
240.58732
240.70894
240.79096
240.83962
241.98988
241.99744
242.00152
242.22982
242.29618
242.35348
242.57986
242.79274
243.88528
243.93718
243.98416
244.55710
244.57684
244.61752
244.72054
245.66020
246.43474
246.44848
246.55126
246.57442
246.64078
246.75262
246.77428
246.77854
247.53130
247.58794
247.62460
247.64422
247.86070
247.99408
248.10298
248.12758
248.19142
248.34148
248.53144
248.62780
248.90878
248.94430
248.97514
249.04438
249.40840
249.61540
249.65830
249.95848
250.71802
250.72210
250.73884
250.76152
250.82554
251.50570
251.51194
251.66188
251.77294
251.97580
252.22588
253.15948
253.53772
253.55974
253.57918
253.60642
253.64266
253.74256
254.57650
254.90968
254.91640
254.92918
255.16132
256.18096
256.22722
256.25032
256.26658
256.33114
256.34350
256.53076
256.61260
256.63372
257.69782
257.98738
258.27238
258.28756
258.30424
258.31462
258.39394
259.67452
259.68052
259.69684
259.80118
259.96084
261.07300
261.11116
261.89752
261.93232
262.00822
262.28086
262.34230
263.67844
263.70268
263.82844
264.14536
264.50476
264.60934
264.66490
264.68146
264.73546
264.78904
265.21498
266.29870
266.35912
266.46958
266.81266
266.84290
266.86948
267.90082
268.02976
268.14922
268.21324
268.58008
268.67728
268.69648
268.71028
268.72996
269.47060
269.54956
269.57044
269.61010
270.16372
270.48070
270.59686
270.60730
270.61408
270.61660
270.71416
270.85402
271.14478
271.28200
271.30696
271.66156
271.68232
271.80490
271.82794
272.94802
273.19792
273.84820
273.92392
273.92662
273.92860
274.64866
274.68346
274.68832
274.72696
274.83856
274.88860
274.99876
275.81554
276.09928
276.41602
276.46066
276.53230
277.08256
277.73944
277.76296
277.79626
277.87786
278.46892
278.50240
278.58580
278.61886
279.01642
279.54706
279.63772
280.68772
280.71952
280.73374
280.78354
281.29012
281.31226
281.33038
281.63380
281.75422
281.75740
282.45040
282.97126
282.98824
283.00078
283.68112
283.68742
283.79800
283.83676
283.88398
284.00692
284.39368
284.40100
284.44348
284.59492
284.63434
285.03718
285.06778
285.25114
286.03738
286.41784
286.43458
286.61806
286.67968
286.71538
287.21812
287.23792
287.26114
288.21844
288.29170
289.89244
289.97500
290.05210
290.11384
290.21596
290.79712
290.87902
290.99920
291.00214
291.85846
291.88576
291.92872
292.05274
292.15906
292.24960
292.29052
292.36918
292.39036
292.41430
292.57168
292.58242
292.59226
293.10250
293.31928
293.33068
293.44786
293.48860
293.49262
293.50522
293.62294
294.07192
294.09262
294.23866
295.26964
295.34026
295.35682
295.45288
295.94902
296.15998
296.55316
296.62876
296.66494
296.67388
296.76694
297.57916
297.63340
298.30330
298.44460
299.02294
299.12032
299.30356
300.23380
300.24004
300.38086
300.49366
301.00804
301.70812
301.75426
302.78722
302.79184
302.87344
303.14692
303.15430
303.22828
303.79834
303.90172
303.93256
303.93784
303.98500
304.03348
304.06750
304.27156
305.55160
306.05488
306.07876
306.15502
307.06876
307.37188
307.46212
307.47328
307.50244
307.64278
307.82884
308.69908
308.70190
308.74678
308.75548
309.04210
309.65578
309.74200
309.75592
309.79606
310.25608
311.48356
311.68978
311.86342
312.06070
312.14398
312.23698
312.82330
313.19302
313.21858
313.22320
313.30966
313.38394
313.56082
314.68828
314.70022
314.78554
315.14308
315.27118
315.29308
315.30382
315.30736
315.32380
315.37360
315.37678
316.00252
316.27690
316.92304
316.93096
316.97458
316.98766
317.14090
318.35800
318.43762
318.51070
319.30828
319.37776
319.52488
319.64410
320.14564
320.17126
320.79148
320.84170
320.87632
320.99884
321.78898
321.80344
322.87774
322.89868
322.94788
322.98478
322.99216
323.36284
324.20404
324.22912
324.23896
324.32566
324.81316
324.82600
324.83230
324.96196
325.28032
325.39252
325.40290
325.78258
325.82614
325.84018
326.09272
326.30470
326.52598
326.56876
326.63998
326.68282
326.73016
326.79286
327.24052
327.35974
327.41128
328.04908
328.12672
328.54582
328.62910
329.32666
329.52700
329.55004
329.62690
329.81002
330.39076
330.50050
330.51958
331.29100
331.39996
331.43392
331.79374
332.57716
332.58886
332.69080
332.89414
332.90602
333.05590
334.22764
334.58242
334.69894
334.76368
334.77472
334.84840
334.93678
335.08252
335.18020
335.19448
335.22826
335.74888
335.75776
335.78458
335.81110
335.81788
335.82916
336.17806
336.36406
336.37498
336.48958
336.52078
336.65170
336.80440
336.84478
337.11418
337.31194
337.61416
337.79230
338.06158
338.12824
338.17546
338.21584
338.24524
338.25682
338.29516
338.33260
338.70862
338.72848
338.79802
338.92858
339.02842
339.26188
339.76594
339.78094
339.88324
339.99544
340.09954
340.25914
340.66204
341.03152
341.05948
341.16226
341.62924
341.96236
342.04582
342.24568
343.26946
343.28548
343.28950
343.78570
343.79104
343.79596
343.80652
343.84846
344.80660
344.92474
345.74890
346.10314
346.24648
346.29922
346.31716
347.36350
347.49046
348.09676
348.15652
348.24712
348.26368
348.55762
348.56386
348.66382
348.67072
348.68374
348.78706
349.20022
349.30780
349.33348
349.51408
349.60438
349.73056
349.79764
349.84750
350.03098
350.15962
350.26414
350.33500
350.82832
351.00958
351.02074
351.11170
352.06474
352.60222
352.64332
352.77670
353.46250
353.56222
353.64580
353.66524
353.83858
354.95596
355.02922
355.18528
355.52032
355.64938
355.67002
355.77964
357.13768
357.31900
357.71668
357.86056
358.28344
359.20312
359.22706
359.35042
360.09406
360.10078
360.29566
360.94804
360.95524
361.03432
361.52944
361.76536
361.77694
362.20426
362.21170
362.26816
362.28490
362.36812
362.43460
363.30202
363.47488
363.98542
364.01626
364.05172
364.06630
364.30516
365.13856
365.22166
365.76934
365.92966
366.05278
366.60004
366.60568
366.62398
366.73924
366.76978
366.80986
366.81316
366.90070
367.53934
367.60732
367.61692
368.16382
368.30980
368.32990
368.58706
369.32050
369.40804
369.56068
369.62302
369.63724
369.84946
369.85132
369.87076
370.30420
370.35412
370.42114
371.54056
371.55484
371.98504
372.09094
372.29254
372.36526
372.84118
372.95158
373.06522
373.08562
373.17208
373.42210
373.45306
373.47184
374.99980
375.10426
375.19600
375.22708
375.24352
375.25570
376.02256
376.05874
376.06258
376.12540
377.02528
377.18284
377.35906
377.50036
378.79036
378.97084
378.98512
379.00420
379.05076
379.16356
380.03062
380.79058
381.34360
381.39052
381.46402
381.97426
382.02412
382.29094
382.32856
382.34110
382.36018
382.46806
382.48138
383.58124
383.63650
383.79136
383.81248
383.85814
383.86072
383.89132
384.04570
384.05038
384.05452
384.83494
384.94444
385.05814
385.32802
386.40346
386.74882
386.79154
386.82514
386.89846
386.90866
386.96290
386.97814
387.89194
387.99208
388.05214
388.12192
388.71598
388.86154
389.47570
389.57248
389.59546
389.65150
389.65918
389.67544
389.72560
389.95612
389.96986
390.76612
391.77904
391.81966
392.67892
392.87632
393.72664
393.80308
393.89560
393.98296
394.04308
394.12936
394.17280
394.18696
394.37326
394.53088
394.79338
394.81426
395.04322
395.15356
395.21644
395.55382
397.97410
397.99210
398.03392
398.19640
398.20546
398.21752
398.33404
399.37744
399.38170
399.47734
399.56350
399.99388
400.00786
400.19386
400.22254
400.24420
401.07742
401.25808
401.99836
402.41386
402.84676
403.19728
403.20088
403.43068
403.71538
403.73002
403.74478
403.76398
404.21134
404.92330
405.09478
405.67186
405.82822
405.83494
405.87208
406.00894
406.01416
406.05184
406.08124
406.09504
406.37182
406.38106
406.39516
406.43854
407.34502
407.64490
407.65390
407.66866
407.74762
407.81164
407.85202
407.89930
408.17842
408.23554
408.24784
408.56182
408.78814
408.81208
408.90172
409.71214
410.06494
410.34544
411.11212
411.22876
411.36892
411.37438
411.38362
411.44974
411.50272
411.56206
411.63604
411.64918
411.72532
411.82912
412.57906
412.64290
412.76224
413.70256
413.74564
413.81506
413.92906
414.10924
416.46670
416.51272
416.60614
416.81782
416.87902
417.16216
417.32260
417.46546
417.53620
417.54106
417.64606
417.67948
417.73432
417.73990
418.20772
418.22128
418.51258
418.64122
418.64596
418.66528
418.69312
418.69612
418.79590
418.97626
419.53216
419.56726
419.69128
419.69620
419.71720
420.15802
420.16288
420.25888
420.34882
420.38980
420.61570
420.86698
421.39642
422.02348
422.12356
422.59642
422.69614
423.48640
423.50710
424.03396
424.08736
424.22974
424.41328
425.22364
425.35060
425.82400
426.08284
426.09682
427.58722
427.64272
427.74652
427.74988
427.78438
427.86370
427.92388
428.84986
428.98096
429.68056
430.37038
430.40158
430.40410
430.53100
431.19868
431.21686
431.23066
431.25136
431.26096
431.28328
431.33368
431.36818
431.37082
431.37598
431.74750
432.29266
432.49768
432.55432
433.13104
433.48096
433.74166
433.86706
434.46442
434.49514
435.32476
435.35446
435.51730
436.14832
436.27486
436.31476
436.33594
436.39510
436.54792
437.81746
437.99314
438.00238
438.19840
438.22162
438.28174
438.30556
438.32854
438.33862
438.41782
438.71224
438.79594
438.84820
438.85306
438.93466
438.99166
439.12228
439.73596
439.89670
440.49388
441.13222
441.16060
441.73228
441.76066
441.78364
442.00822
442.98532
442.99162
443.00962
443.02948
443.56606
443.63284
443.64946
443.73976
444.60214
444.63556
444.79474
444.79702
445.36618
445.51942
445.63984
445.69960
445.70596
445.87798
446.29966
446.51674
446.53996
446.54290
446.83294
447.43996
447.60880
447.62320
447.65668
448.30396
448.32982
448.40692
449.38306
449.59006
449.69020
449.74696
449.85634
449.90278
450.39508
450.41950
450.53092
450.53332
450.93598
451.10296
452.04508
452.14696
452.20714
453.15310
453.25006
453.25294
453.26956
453.42394
454.70032
454.91704
455.62654
455.66950
455.72380
456.13372
456.59038
456.65056
457.43776
458.23372
458.24362
458.61448
458.62348
459.66250
459.96754
460.00348
460.00978
460.02052
460.10764
460.19314
460.21720
460.23400
460.26742
460.36882
460.43686
460.75078
460.76434
460.90084
461.37406
461.56744
461.76010
462.17734
462.64072
462.64300
462.81442
462.93412
464.24584
464.76772
464.93056
464.97460
465.76132
465.91744
466.36774
466.37062
466.41766
467.26162
467.27044
467.68450
467.84488
467.92780
468.90118
469.17076
469.24120
469.25536
469.38706
469.76788
470.00416
470.09500
470.96812
471.10432
471.26800
471.36292
471.36910
471.40126
471.41524
471.57964
472.21792
472.29520
472.29814
472.31800
472.37734
472.63474
472.64398
472.69492
472.70128
472.93474
474.25450
474.40834
474.48496
474.54172
474.60550
475.13500
475.23112
476.08474
476.12098
476.18878
476.39386
477.18886
477.73912
477.77476
477.78766
477.93496
478.61836
479.41534
479.41840
479.46862
479.55298
480.08128
480.17782
480.34276
480.75568
480.78790
480.87472
481.60588
481.61320
481.68934
482.40172
482.69170
482.74486
482.75188
482.86852
482.97484
483.14860
483.16876
483.23224
483.28510
483.74170
484.09948
484.10608
484.12558
484.13182
484.37104
484.45162
484.60432
485.10442
485.21986
485.35822
486.25084
486.40564
486.82132
487.00570
487.05166
487.66390
487.68532
487.82512
488.16862
488.55220
488.56378
488.57536
488.71882
488.73796
488.77252
488.89576
488.90218
488.99728
489.03784
489.35212
489.83536
489.88540
489.95488
490.30480
490.38922
490.45612
490.50892
490.68562
490.85200
491.48542
491.50216
491.67148
491.74864
491.76910
491.78326
491.83534
492.60466
492.65512
492.79600
492.80182
492.85240
493.11538
493.15240
493.18054
493.26664
493.27954
493.30480
493.43272
493.48228
493.50220
493.52938
493.63564
493.65250
493.67926
493.75894
493.99552
494.13814
494.30224
494.40244
494.41906
494.42926
494.53888
494.55916
494.89618
494.89936
495.09010
495.09220
495.95662
496.00912
496.35268
496.61920
497.83900
498.01942
498.07624
498.09058
498.74428
498.78610
498.84286
498.90568
498.96982
499.20562
499.78936
499.80292
499.81978
500.95756
500.97238
501.05314
501.24676
501.25318
501.45310
501.48328
501.53656
502.91668
502.93384
502.95358
503.06680
503.07262
503.23408
503.81746
503.85994
503.87566
504.10348
504.66724
504.70006
504.72256
504.72700
504.77680
505.00336
505.01980
505.06258
505.11724
505.74658
505.80358
505.82314
505.91722
506.37694
506.50330
506.95342
507.20740
507.21640
507.80368
507.88678
507.89188
507.92950
507.97024
507.98416
507.98662
508.59712
508.60054
508.62406
508.64740
509.42698
509.47282
510.17008
510.18424
510.30046
510.91054
511.07032
511.28680
511.38970
511.41382
511.44100
512.39116
512.44702
512.48224
512.48446
513.31036
513.33694
513.43156
513.45742
514.13026
514.60084
514.65370
515.34898
515.41042
515.49316
515.53690
515.57638
515.79262
515.80618
515.81392
516.28078
516.39838
516.67348
516.68308
516.71542
516.75058
516.77014
517.15024
517.22458
517.24684
517.40626
517.64380
517.66000
517.70338
517.74586
518.31700
518.54044
518.55028
518.56720
519.06496
519.14032
519.14722
519.26776
519.98158
520.05634
520.07680
520.19584
521.15308
521.17414
521.19856
521.20594
521.31262
521.32642
521.35624
521.40736
521.75608
521.78662
521.79274
521.81494
521.94358
521.94802
522.52108
522.59080
522.64684
523.37878
523.41220
523.57996
524.25304
524.29720
525.07648
525.92698
526.00114
526.04050
526.28674
526.32628
526.38916
526.56508
526.59340
526.68658
526.81354
526.88920
526.89100
526.89832
526.92004
527.18170
527.61502
527.74102
527.80738
527.88676
527.91070
528.28390
529.29718
529.40752
529.60354
529.62418
530.02030
530.11246
530.19682
530.72176
530.76754
530.86036
530.88010
531.62020
531.82042
531.84364
531.87046
532.33708
532.54738
532.57426
532.82176
532.91290
533.37430
533.38984
533.43982
533.59672
533.62054
534.20446
534.37372
534.50404
534.66574
534.67732
534.74098
534.95422
535.72060
536.10688
536.12494
536.26108
536.26342
536.40682
536.42344
537.27082
537.31324
537.49054
537.70828
537.74404
537.85108
537.89806
538.09234
538.09444
538.66156
538.68754
538.73152
538.87738
539.22106
539.27104
539.35438
539.41480
539.42092
540.04438
540.14686
540.25858
540.56350
540.60454
540.62488
541.53772
541.78138
541.80142
542.57386
542.65894
542.66452
542.66608
542.93272
542.95744
542.96134
542.96512
543.03796
543.55480
543.58762
543.64072
544.28314
544.30468
544.30708
544.34464
544.46116
545.29456
545.32246
545.87386
545.95888
545.97898
545.98516
546.00448
546.79054
546.83788
547.76140
547.82014
547.83802
547.85722
547.89520
548.62810
548.63512
548.77558
548.80474
548.84818
549.40150
549.40432
549.47380
549.57118
549.70732
549.71470
549.74230
549.74476
549.77122
549.78784
549.98806
550.26118
550.31128
550.37380
551.02384
551.07388
551.14804
551.18428
551.19748
551.46064
551.52106
551.73544
551.98762
552.00712
552.07090
552.07378
552.08272
552.09712
552.10402
552.91306
553.98748
554.23732
554.58466
554.59420
554.69440
554.78470
554.84314
554.91760
554.95396
554.96560
555.17062
555.93748
556.07074
556.30390
556.47490
557.03842
557.09398
557.29894
557.40388
557.48254
557.75674
558.35386
558.75112
558.75358
558.88216
559.10380
559.29886
559.59736
559.75378
559.80016
560.44336
560.49874
560.50354
560.62750
560.64124
560.77030
560.79106
560.79604
560.85796
560.93434
561.80782
561.81634
562.18702
562.30360
562.54468
563.06530
563.12740
563.18044
563.20342
563.20612
563.66236
563.82910
563.90026
563.92678
564.48682
564.71386
564.81982
564.82402
565.40992
565.43662
565.51492
565.52338
565.58362
566.35936
566.38342
567.40660
567.50056
567.65038
567.67444
568.80358
568.81018
568.81984
568.93660
569.03962
569.25358
569.34322
569.38030
569.39608
570.22264
570.25006
571.13176
571.16698
571.17016
571.18960
571.35454
571.83946
571.85656
571.88164
571.95766
572.00356
572.10334
572.13334
572.34382
572.39698
572.43976
572.67256
572.70004
572.79316
573.20350
573.38944
573.56032
573.57382
573.63688
573.91348
573.99094
574.00048
574.10758
574.11388
574.12438
574.68820
574.80988
574.81510
574.83406
574.83970
574.95076
574.97380
574.98688
575.40646
575.47030
576.28696
576.31684
576.44374
576.53716
576.54394
576.54670
576.70618
577.02316
577.17424
578.63224
578.65354
578.72938
578.79700
578.91442
579.00064
579.02728
579.05086
579.08416
579.16024
579.42034
580.35682
580.41718
580.42708
580.45660
581.64154
581.65630
581.72380
581.79886
581.84134
581.85358
582.13414
582.50392
582.84928
582.85378
582.97318
583.76578
583.79998
583.88740
583.93444
583.93744
584.04778
584.15086
584.15410
584.18458
584.47348
584.72086
585.90652
585.92074
585.93730
586.00138
586.01812
586.02058
586.28236
586.55086
586.92070
587.04400
587.06020
587.11408
587.20126
587.83468
587.83732
587.96452
587.98114
588.41584
588.47458
588.49384
588.49660
589.52728
589.53430
589.64776
590.45350
590.48398
590.75374
590.76694
590.80174
590.91280
591.90064
592.14718
592.15078
592.33336
592.86670
592.88692
592.94398
593.68708
593.71984
593.72644
593.81254
593.84344
594.34834
594.56680
594.63184
594.63676
594.78172
595.34344
595.34818
595.45966
595.47400
595.99810
596.00938
596.08882
596.10598
596.11462
596.23612
596.38624
596.85940
596.86930
596.89282
597.13300
597.18622
597.32356
597.40240
598.17304
598.73572
598.75234
598.84216
598.84564
598.93582
599.68072
599.70220
599.72572
600.33292
600.34726
600.36874
600.41896
600.48958
600.50338
601.25326
601.28788
601.36810
601.42510
601.70194
601.81564
601.82854
602.18764
602.73916
602.81812
602.93464
603.44140
603.49444
603.51802
603.86800
603.92722
604.07062
604.26322
604.30642
604.32064
604.70092
605.11126
605.16754
605.24446
605.25394
605.26726
605.80762
605.96704
605.99764
606.08794
606.25720
606.54094
606.68368
606.69010
606.69898
606.71710
606.76978
606.86386
607.29772
607.32352
607.46662
607.48624
607.70914
607.72108
609.12706
609.20932
609.29026
609.34660
609.89722
610.01602
610.10254
610.13734
610.18978
612.03268
612.17968
612.40372
613.30324
613.36882
613.43212
613.69618
613.72012
613.82452
614.75548
614.76712
614.82226
614.93188
614.95168
614.96200
614.98480
615.00130
615.91780
615.95290
615.97186
616.27672
616.29250
616.31548
617.49334
617.53168
617.56000
617.56870
617.58202
617.86114
618.16750
618.26488
618.33436
618.34048
618.34804
618.43138
618.59158
618.59482
618.65092
618.66472
618.75826
619.12072
619.15192
619.21204
619.21492
619.26136
619.76944
619.84780
619.89772
620.02480
620.22388
620.22724
620.29270
620.33518
620.43784
620.46700
620.88514
620.98480
621.54748
622.08064
622.16368
622.23484
622.23760
622.31800
622.41802
622.49362
622.53052
622.56094
623.31376
623.32408
623.34724
623.37328
623.38696
623.91316
623.95042
623.95702
624.31342
624.59686
624.68674
624.84658
624.94978
624.96034
624.96748
625.72972
625.74652
625.84180
626.54638
626.61598
626.62456
627.37966
628.26508
628.26904
628.30222
628.37290
628.37470
628.43980
628.74154
628.75192
628.77316
628.78192
628.78828
628.82614
628.87918
628.90804
629.24590
629.68186
629.71240
629.95252
630.12898
630.51868
630.62398
631.30714
631.35898
631.39912
631.52866
632.13892
632.16184
632.27884
633.13246
633.19936
633.20866
633.78424
633.80158
633.81874
633.83998
633.97084
634.00126
634.49476
634.73422
634.87810
635.08960
635.19736
635.21098
635.21380
635.43088
635.54722
635.64886
635.93068
636.41110
636.41386
636.52114
636.52780
636.53044
637.27084
637.37746
637.44856
637.61188
637.62994
638.35330
638.52268
639.00280
639.24106
639.31060
639.33940
639.37336
639.55390
639.57730
639.98398
640.18762
640.39384
640.62706
640.70716
641.58604
641.66692
642.09358
643.01020
643.01686
643.07686
643.09336
643.10212
643.10692
643.12678
643.13638
643.13842
643.19632
643.42336
644.20024
644.50972
644.52676
644.53930
644.54956
644.57656
644.59606
644.68318
644.73340
644.75986
644.81362
644.95960
645.00622
645.09988
646.19710
646.30468
646.30690
647.02894
647.17726
647.19952
647.23990
647.24722
647.72608
647.99950
648.02128
648.04546
648.05302
648.15286
648.82126
648.91606
648.92248
648.93256
648.94552
649.04932
649.51900
649.72606
649.73188
650.00428
650.03584
650.16892
650.17588
650.27860
650.28742
650.42590
650.84644
650.89252
650.91604
650.91874
650.92024
650.92312
650.95402
651.07582
651.17962
651.27286
651.38716
651.58240
651.65248
651.66154
651.67996
651.98548
652.09234
652.22602
653.45902
653.64226
654.59206
654.60106
654.64204
654.66532
654.68608
654.76600
654.77530
654.84592
655.77220
655.78564
655.84204
656.22910
656.34184
657.21772
657.24214
657.65854
657.66634
657.70162
657.72916
657.81130
658.67392
658.71286
658.76242
659.57734
659.64142
659.87158
659.87488
659.95174
659.99410
660.10840
660.64432
660.79258
661.07164
661.14418
661.34710
661.36864
661.52890
662.72470
662.74432
662.79130
662.81968
663.06820
664.49122
664.51960
664.60780
664.86448
664.87090
664.91044
664.94758
665.89456
665.90752
665.91184
666.09370
666.70744
666.73432
666.80260
666.99190
667.08580
667.09696
667.10998
667.96648
667.99762
669.14038
669.36412
669.40186
669.40402
669.40726
669.50704
669.52054
669.53986
669.72352
669.89020
670.17346
670.18504
670.20172
670.20388
670.53370
670.64008
671.24446
671.29006
671.39278
671.49004
671.51356
671.62588
671.62750
671.69260
671.79880
671.81728
671.82340
672.00670
672.28678
672.36532
672.38674
672.40348
672.70408
672.79666
672.82312
673.13476
673.17028
673.17610
673.19956
673.22596
673.27318
673.79242
673.84210
673.91332
674.28334
674.30332
674.44252
674.45332
675.23284
675.23896
675.31474
675.39208
675.44608
676.04206
676.07044
676.07908
676.15588
676.19182
676.24588
676.42360
676.44904
676.71592
677.26930
677.57218
677.74120
677.77498
677.92186
678.18862
678.61870
678.82606
679.09462
679.15768
679.19248
679.82566
679.90750
679.91518
680.97130
681.04456
681.07390
681.35908
681.49822
681.72124
682.22794
682.24198
682.29190
682.42372
682.42756
682.67872
682.93786
682.96606
683.18056
683.28328
683.28496
683.31106
683.58442
683.62774
683.74024
683.88262
684.27490
684.40084
684.42076
684.54022
684.59170
685.03726
685.03990
685.23376
685.24450
685.25674
685.69420
685.70086
685.97338
686.18698
686.20096
686.36326
686.37052
687.27034
687.32320
687.49096
688.99720
689.03038
689.68684
689.70022
689.73682
689.73940
690.26500
690.27442
690.33586
690.35644
690.46384
691.11010
691.20634
691.23928
691.81360
691.83640
691.91656
691.93228
692.04580
692.46508
692.49796
692.71690
692.78314
692.84260
692.85988
693.05578
693.08650
693.28666
693.34408
693.37990
693.41362
693.53308
693.81958
694.05958
694.12696
695.22304
695.24554
695.31934
695.40670
695.47240
696.33628
696.53908
696.55282
697.04986
697.06684
697.16476
697.17070
697.97218
698.10568
698.48602
698.68606
698.76988
698.84296
698.86162
698.88856
699.39988
699.40378
700.32910
700.38094
701.20342
701.27578
701.32978
701.33566
701.42578
702.17200
702.26590
702.26890
702.69232
703.32148
703.72306
703.73194
703.73950
703.75858
703.76572
703.78822
703.81372
703.92868
704.01148
704.27530
704.94712
704.99770
705.01252
705.05590
705.13528
705.43168
705.59908
705.61378
705.67600
705.78898
706.21222
706.45792
706.51516
706.85176
707.74162
707.95768
707.96308
708.49654
709.22206
709.23094
709.69342
709.70488
709.86790
710.64040
710.65558
710.69368
710.70730
711.21550
711.22744
711.23464
711.56788
712.24138
712.24828
712.33126
712.85128
713.00116
713.00398
714.50104
714.56146
714.58444
714.60544
714.88174
714.90412
714.90820
714.99364
715.00486
715.03156
715.04464
715.25740
715.26280
715.26460
715.28200
715.47700
715.86508
716.19688
716.20402
716.24104
716.39752
716.40796
716.96422
717.05122
717.05410
717.15400
717.19210
717.75520
717.76534
717.77770
718.55122
718.71310
718.76806
718.79098
719.45152
719.56822
719.60140
719.64658
719.68762
719.76820
719.78176
719.82556
720.53884
720.57100
720.71104
720.71812
721.18210
721.19668
721.26070
721.28518
721.55152
722.37106
723.48538
723.71206
723.87484
724.20952
724.21540
724.24168
724.45564
725.89006
725.94610
725.96596
726.00586
726.27214
726.39490
726.92200
726.96142
726.99262
727.01920
727.02196
727.03258
727.51918
727.88602
727.97062
728.61634
729.43330
729.45256
731.18140
731.24074
731.33626
731.41960
731.58634
731.59966
732.39322
732.46600
732.58642
732.74068
732.85288
732.86356
732.86680
732.98140
733.64956
733.73008
733.79050
734.05588
734.07268
734.09854
734.16988
734.18284
734.21764
734.21992
734.73928
734.76004
734.80948
734.87662
735.41368
735.46228
735.50830
735.52420
736.10998
736.53370
736.61992
736.67020
736.68358
736.84306
736.96228
736.96516
737.09680
737.13010
737.14678
737.15602
737.42398
737.43676
737.92678
737.93674
737.94808
738.10024
738.61066
738.61996
738.65338
738.97372
739.29274
739.34056
739.35976
739.40038
740.14858
740.15350
741.28006
741.31882
742.10326
742.11694
742.15234
742.23640
743.25214
743.38066
743.44342
743.73670
743.73952
743.76742
743.98000
744.03670
744.04666
744.14362
744.86008
745.12006
746.17738
746.20984
746.30332
746.35606
746.48980
746.50024
747.05344
747.18676
747.27664
747.29974
747.47674
747.49696
747.57664
747.58060
747.64738
747.85750
747.88702
747.90010
748.10770
748.13932
748.31524
748.32766
748.36042
748.42036
748.59334
748.76692
748.78720
748.81534
749.02054
749.12320
749.16016
749.40352
749.45344
749.52046
749.52406
750.40348
750.89416
750.90664
750.93712
751.81066
751.81558
751.82314
751.93390
752.02060
752.20066
752.21920
752.22292
752.30374
752.33986
752.88118
752.95408
752.98372
753.10654
753.70402
753.74110
753.77074
753.78400
754.03240
754.11736
754.16068
755.51320
755.56096
755.59426
755.85898
755.87098
756.02092
756.77404
757.22416
757.31164
757.32166
757.36660
758.01784
758.10478
758.12524
758.43178
758.44486
758.50240
758.58826
758.62162
758.65870
758.75494
758.79892
758.85076
758.89228
759.08134
759.13834
759.19510
759.23848
759.35506
759.62476
760.12192
760.18222
760.23844
760.31542
760.57204
760.85812
760.98598
762.09136
762.12874
762.13864
762.15538
762.17230
762.24334
762.55558
762.57916
762.58900
762.59176
762.91744
762.92512
762.96646
762.97246
763.02232
763.48450
763.48618
763.49644
763.57552
763.97506
764.01304
764.02264
764.03602
764.17540
765.07258
765.08968
765.12016
765.22270
765.40138
765.40888
765.56296
766.73644
766.75348
766.85374
766.86304
767.75656
767.99440
768.04288
768.04912
768.05152
768.08482
768.11050
768.15682
768.87340
768.91372
769.13758
769.34800
769.50202
769.50718
769.51882
769.52380
769.52938
769.74694
769.77010
769.81402
770.16172
770.20252
770.32414
770.84062
770.86792
770.89096
770.98090
770.99386
771.06154
771.26026
771.44206
771.48118
771.50014
771.58354
771.62446
771.66052
772.34404
772.35442
772.39522
772.50790
772.59106
773.45818
773.58544
774.23446
774.26500
774.72496
775.23550
775.31170
775.81156
775.85212
775.88920
776.56924
776.57590
776.72800
776.75914
777.55636
777.61600
777.74764
778.42600
778.48300
778.50688
779.22628
779.44318
779.77036
779.77684
779.84320
779.86276
779.90704
779.90992
779.98360
780.37666
780.47662
781.11022
781.56310
781.60372
781.73362
781.81066
782.14402
783.40798
783.42766
783.49816
783.50446
783.51088
783.51382
784.11466
784.15408
784.22746
784.91128
784.93192
784.95958
784.96156
785.05390
785.11132
785.81458
785.83474
785.94742
786.29512
786.55480
787.52872
787.66498
788.00488
788.01526
788.03926
788.14576
788.31928
788.34568
788.40610
788.72926
788.99602
789.17440
789.17950
789.76282
790.04656
790.05700
790.10968
790.16674
790.32340
790.33372
790.40818
790.59394
790.63648
790.86634
790.91992
791.06290
791.53426
791.55364
791.64202
791.67706
791.72992
791.75392
792.04048
792.06364
792.11338
792.55912
792.73720
793.79164
793.80934
793.83322
793.94422
794.75380
794.79268
794.81452
794.85040
794.88484
794.91820
795.48568
796.45252
796.46758
797.18158
797.26504
797.62684
797.66500
797.67874
797.68876
797.99866
798.40588
799.00270
799.02184
799.02586
799.66840
799.76278
799.77268
799.84918
799.99630
800.17282
800.60200
800.94292
801.02242
801.02812
801.50992
801.62296
802.51330
802.61644
803.02546
803.03002
803.16904
803.23558
803.85274
803.92030
803.93314
804.25648
804.35422
804.40618
805.42378
805.48030
805.48654
805.55020
806.37364
806.61706
806.64694
806.75044
806.75800
807.38674
807.92494
807.96994
808.17430
808.17772
808.18558
808.75126
808.91764
809.28556
809.29738
809.32030
809.37058
809.46766
809.50108
809.87038
809.88442
809.95102
810.02230
810.67786
810.88738
810.91312
811.15132
811.58476
811.63210
811.66486
811.83232
811.89436
812.11834
812.20180
812.62132
812.64136
812.75176
812.76970
812.81848
812.93512
813.14842
813.16060
813.19144
813.23524
813.33934
813.41884
813.43030
813.44200
814.01524
814.08052
814.12318
814.40836
814.76884
814.81594
814.87150
814.91890
814.94554
815.01604
815.07352
815.32576
815.53558
815.55214
816.31912
816.32566
816.34978
816.38854
816.45250
816.46912
816.93082
817.02610
817.75288
818.32942
818.33644
819.11656
819.11950
819.12910
819.67270
819.73390
820.53364
820.58200
820.60348
820.72024
820.74682
821.42020
821.70640
821.75746
821.76070
821.80138
822.23404
822.38392
822.79912
822.87976
822.96064
823.08724
823.42342
823.59808
823.65688
823.73464
823.97110
824.04718
824.10700
824.20414
824.58430
825.36208
825.36598
825.44464
825.49684
825.58786
825.80458
826.33492
826.33804
826.34056
826.35118
826.87132
827.05000
827.15488
827.17072
827.28196
827.45770
827.55490
828.23842
828.24508
828.24808
828.25144
828.33082
828.33862
828.73834
829.03876
829.13830
829.32196
829.33522
829.73536
829.73854
829.74256
829.96030
830.07190
830.08636
830.08858
830.72200
830.73856
830.75254
830.77174
830.77870
830.80534
830.81488
830.84554
830.84800
830.87512
830.90536
830.98618
831.78904
831.79558
831.80542
832.15558
832.18606
832.20814
832.21186
832.24156
832.24318
832.38922
832.41280
832.57918
832.64452
832.66228
832.77232
832.78414
832.83910
832.96588
832.98412
833.01256
833.10802
833.12920
833.17252
833.35576
833.40286
833.58268
833.64532
833.71294
833.77630
834.25282
834.30082
834.77248
835.06612
835.10608
835.22926
835.65346
835.66744
835.68262
835.68676
836.44690
836.47276
836.58268
837.35104
837.38692
837.43966
838.06834
838.09966
838.93720
838.95382
839.02330
839.42326
839.50372
839.55364
839.67316
841.32976
841.38280
841.40668
841.66840
841.71580
841.72732
842.05030
842.45680
842.71900
842.72068
842.77348
842.77762
842.90146
843.40036
843.88282
843.98560
844.37386
845.14066
845.18740
845.22394
845.30212
845.37058
845.42392
845.43346
845.45440
845.71414
846.45748
846.55468
846.57142
846.67420
846.68074
846.72670
846.89074
847.67446
847.74388
849.24424
849.44266
849.44824
849.46564
849.49132
849.77482
850.28806
850.30168
850.35808
850.36756
851.52502
851.59564
851.61256
851.61490
851.70502
852.12514
852.14170
852.46900
852.47056
852.58738
852.62230
852.63340
853.29550
853.55890
853.81306
853.82572
853.84222
853.84504
853.88266
853.89664
854.07574
854.75938
854.77846
854.98120
855.04648
855.09790
855.25288
855.44908
855.57586
855.58582
855.61204
855.85990
855.87898
856.15972
856.17640
856.25338
856.71334
856.71646
856.76602
856.86430
856.99312
857.22922
857.57416
857.59312
857.62360
857.65996
857.71894
857.82040
857.83294
858.74344
858.75010
858.86398
858.89944
860.18896
860.26036
860.30314
860.73388
860.79796
860.80036
861.49414
861.51058
861.64420
862.65310
862.67122
863.33476
863.33962
863.69140
863.88478
863.98720
863.99458
864.78070
864.80872
864.97804
865.04746
865.15492
865.23088
865.26838
865.29184
865.39498
865.75840
866.07196
866.08546
866.09506
866.12830
866.25898
866.27134
866.54794
866.56180
866.68126
866.81458
867.05686
867.37870
867.41482
867.52108
867.61888
867.86200
867.90940
869.29216
869.31502
869.31928
869.33302
869.43958
869.66248
870.11254
870.12928
870.24856
870.30928
870.33958
870.52936
870.57916
870.74602
871.02256
871.32946
871.34602
871.47952
871.56268
871.62484
871.71280
871.79626
871.87954
871.94614
872.09608
872.11738
872.32426
872.37958
872.39632
872.61304
872.81290
873.09640
873.11008
873.19912
873.34642
873.39964
873.57988