0.27940
0.57250
1.37416
2.86042
3.80554
4.06642
4.13440
4.57996
4.73548
4.95898
6.28126
6.43378
6.52168
6.69052
6.94426
6.98920
7.06894
7.12732
7.22236
7.35712
7.73110
7.77430
8.08510
8.28100
8.33464
9.38392
9.58030
9.73672
9.98440
10.50220
10.77040
11.54464
11.97250
12.21214
12.46312
12.57376
13.32184
13.38130
13.64620
14.50294
14.56930
14.72542
14.77504
15.09292
15.27088
15.45166
15.68116
15.75646
15.95434
16.20034
16.21402
16.27774
16.38988
16.45570
16.69258
17.02324
17.03014
17.40490
18.25972
18.58954
19.39102
19.76944
19.77802
19.82632
19.86070
19.94692
20.48740
20.78710
20.94640
21.15934
21.36226
21.95356
22.05004
22.12780
22.15720
22.89556
23.84380
23.85820
24.23542
24.26230
24.33934
24.40708
25.16836
25.50580
25.85554
25.93402
26.30908
26.33152
26.33938
26.39206
26.55004
27.03610
27.23542
27.58924
27.70072
27.85606
28.10140
28.17280
29.81920
29.86270
30.41518
31.01914
33.42220
34.61524
34.78600
35.55244
35.82820
37.34338
37.37206
37.56598
37.77400
37.90354
38.04262
38.07502
38.43268
38.75884
39.00982
39.18238
39.38914
39.80518
39.98614
40.61332
43.50568
44.28718
45.77206
47.74540
47.91460
48.10144
48.54598
48.61366
49.23496
49.55326
49.56706
49.76980
49.84234
49.98694
50.48704
50.73280
51.11902
52.15666
52.23160
52.25422
52.41172
52.44394
53.59468
53.94088
54.94204
55.78804
56.00302
56.20828
57.37660
57.71236
57.78832
57.82018
57.82960
57.91984
57.94402
57.98440
58.10422
58.22680
58.31008
58.37758
58.43068
58.58152
58.67554
58.87432
59.80000
59.84902
59.94904
59.96314
60.21388
60.58084
60.79270
60.97546
61.10728
61.16380
61.56718
61.77634
62.37346
62.45032
62.61352
62.65174
62.69656
63.32578
63.76348
63.87922
64.00066
64.05760
64.10164
64.52374
64.71004
64.84984
65.12680
65.13850
65.39104
66.69634
68.19058
68.26660
68.52022
68.72200
68.75788
68.77528
69.10762
69.72130
69.73870
69.81634
69.86002
69.95758
70.84114
71.78698
71.82034
72.19342
72.27214
72.44392
72.73408
72.80440
72.97318
73.31842
73.44208
74.16490
74.19184
74.70430
75.41230
75.50182
75.62602
76.21738
78.19240
78.91168
79.05142
79.64128
79.78792
80.18488
82.16932
82.43218
82.89892
83.06344
83.68432
84.34228
84.55462
84.91108
85.04236
85.41802
85.59496
85.63240
85.66582
86.21194
86.24218
86.42122
86.44060
86.58442
86.92798
87.60340
91.46506
91.68538
92.12782
92.14714
92.41186
92.54014
92.72020
93.00886
93.07780
93.19966
93.40606
93.46642
93.80188
93.83938
94.00612
96.32590
96.47512
96.49288
96.50884
96.76738
97.04344
99.04810
99.69928
101.31760
101.74048
101.83426
101.89036
101.95690
101.98384
102.78382
102.89368
103.30954
103.69060
104.10652
106.53622
107.06146
107.95636
108.42574
108.52672
109.03714
109.06846
110.58166
110.66044
110.88646
111.08986
111.09190
111.35998
111.44914
111.88582
111.96256
111.98398
112.10512
112.12816
113.16622
114.53098
114.69400
114.77650
114.83716
114.84580
114.88516
115.80010
115.95562
116.51062
118.01746
118.37284
118.59382
120.59230
121.20358
121.36516
121.78438
122.19004
124.32190
125.26444
125.64100
125.84182
126.03484
126.13498
126.18418
126.26578
126.64858
127.03156
127.89220
128.36878
129.14272
129.17398
129.85654
130.07878
130.61434
130.97608
131.43034
131.70502
132.29434
133.09342
133.73824
134.21188
134.40892
135.68638
135.77500
136.18012
136.44622
136.52302
136.60114
136.63006
136.67866
136.70308
136.85824
136.89604
136.98010
137.02018
137.79082
137.97214
138.19150
138.56716
138.83002
139.45534
140.21632
140.82394
140.85958
140.91010
141.04420
141.11416
141.22336
141.46096
141.63670
141.85054
142.89160
143.09170
143.43028
145.70038
145.76716
147.82282
147.83884
147.86698
147.99442
148.26436
148.30522
148.33594
148.36030
148.90372
148.97950
149.05726
149.26270
149.57878
149.97694
149.97850
151.46266
151.80586
152.72122
154.55062
155.12566
155.69374
157.53484
158.50138
158.63098
159.13648
159.40210
159.85414
160.04656
160.21084
161.99068
162.04918
162.54820
162.56764
164.20168
164.55466
164.68360
165.52732
165.67558
165.95740
165.96070
166.60384
166.85728
167.02078
167.36140
167.44246
167.65786
167.82460
169.05304
169.20142
169.24594
169.86844
169.96294
170.31862
170.54656
171.15202
171.18016
171.98692
172.34926
172.61554
173.14420
173.47432
173.69404
173.72782
173.94130
174.75436
176.23768
176.33422
176.52166
177.22462
177.31234
177.40486
177.43564
178.56106
179.02396
179.38282
179.40892
179.46634
180.11314
180.13522
180.32980
180.58942
180.67468
181.00954
181.10800
182.53708
183.44002
183.67450
184.40908
184.75624
186.48472
186.91750
187.78690
188.16988
189.09604
189.84316
189.90844
190.03102
190.58032
190.71580
190.73800
191.11726
191.38162
191.49358
191.56120
191.79550
191.90362
192.10426
192.30622
192.68770
192.83542
192.88042
193.15126
193.64650
193.90030
194.09362
194.89414
195.11848
195.72262
196.13914
196.19032
196.76578
197.18488
198.29242
198.39028
198.44926
198.47896
198.49744
199.74796
200.75998
202.22020
202.41778
202.54420
202.87882
203.43832
203.79088
205.16620
205.29214
205.36300
205.85488
205.87432
205.91212
205.93582
206.03836
206.06716
206.56696
206.71966
207.28522
208.20496
210.02590
210.49234
210.60028
210.97408
211.68472
212.25094
212.63962
213.46876
214.88638
215.20066
215.53768
215.56684
215.57140
215.62102
216.18652
216.23140
216.52768
216.84802
217.37638
217.64464
217.65874
220.13638
221.31982
221.51716
221.74090
221.83432
222.16210
222.24346
222.70930
222.72460
222.78484
224.14348
224.66392
225.61708
225.66118
226.12210
226.97608
229.12852
229.32928
230.17156
230.21842
231.60304
231.68218
232.64962
232.79206
232.82212
232.95154
233.09092
233.29936
233.32168
233.49316
233.90440
234.17692
234.31444
234.72058
235.57672
235.88170
236.33140
236.89750
236.98624
239.51608
243.14896
243.94798
244.20154
244.62556
244.67338
244.79578
245.27902
245.55676
245.72476
245.75938
246.85216
246.85930
247.73938
247.85146
248.31652
248.32474
248.34166
248.80348
249.40726
250.75288
253.17406
253.82566
254.43262
254.44996
255.07846
255.36916
255.42052
255.57310
255.60244
255.69322
255.87898
256.03378
256.83316
257.05624
257.32066
257.62150
257.84440
257.86186
258.37120
258.57304
258.89866
259.82740
261.76912
261.92878
262.09294
262.77496
265.18696
265.25548
265.85782
266.34058
266.48728
267.10462
267.23938
267.36424
268.76068
269.72470
269.86066
269.92498
271.07776
271.14928
271.85038
274.13770
274.48786
276.57112
277.40938
278.00716
278.42770
278.63950
278.77882
278.82454
279.37138
281.01088
281.02960
281.18938
281.39074
281.94784
283.42684
283.96720
284.57836
285.13546
285.58570
286.52254
287.90182
288.15826
288.17818
288.42730
289.39354
289.40266
289.85050
290.15404
290.91988
291.29836
292.10128
292.88788
292.95274
293.95930
293.99002
294.36292
294.39928
294.51274
295.15600
295.88350
296.27530
296.35582
297.90550
298.02490
299.38504
299.76916
299.97214
300.13822
300.42976
300.59830
300.73714
300.98230
301.18204
301.48324
301.79470
301.81840
302.93860
303.90970
304.04920
304.14676
307.96654
308.35648
308.47282
308.61022
310.23448
310.32676
310.37440
310.54618
310.69516
311.05138
311.06980
311.11588
311.19646
311.62210
313.07062
313.72588
313.95442
314.53726
314.72776
316.55392
316.58590
317.17096
318.20560
318.25390
320.51710
320.53396
321.76198
323.60482
323.92474
324.08710
324.25840
324.28540
324.50338
324.73264
326.11984
326.24218
327.36322
327.54388
327.70498
328.02700
328.57462
328.71328
328.90318
328.91776
329.26882
333.05272
333.44458
334.20916
335.62870
335.92438
337.41862
338.30188
338.33614
338.46082
339.61438
340.25752
340.30510
340.32868
341.61940
342.11062
342.13882
342.18790
342.91252
344.05768
344.70406
344.87302
345.35500
345.85924
345.92806
346.88902
347.96398
351.70054
351.74002
351.80398
351.93274
353.20312
354.14368
354.17968
354.61312
354.70420
356.11588
356.19220
356.31910
356.65420
356.84752
356.94490
356.96482
357.09910
357.13900
357.16774
357.25468
357.77110
357.84148
357.96892
358.18588
358.79272
358.83640
359.30380
359.90674
360.05590
362.10136
363.84886
367.39516
367.62718
368.00560
368.25808
368.60818
368.84212
369.69598
369.75538
370.19494
372.99856
373.00864
373.77574
374.61340
375.39868
375.43096
376.63396
376.65388
376.65880
376.70626
380.75662
381.15706
381.21808
381.57010
381.57646
381.99346
382.01542
382.16020
382.23670
382.46518
382.62460
383.48248
385.03174
385.08274
385.12030
386.16322
386.60452
386.62468
387.22858
388.20874
388.70356
388.76740
388.77532
388.79464
388.84534
388.87348
388.89760
390.36766
390.67042
390.75592
390.95866
391.49968
391.72294
391.85332
392.37280
392.37784
392.50396
392.86114
393.26374
395.16850
395.18956
399.01168
399.26044
399.36388
401.16172
401.30410
401.51650
401.99926
402.06472
402.07066
402.12100
402.66328
402.75382
403.14280
403.45006
403.88692
404.49424
404.58856
404.65342
404.67712
404.80720
404.88706
405.02698
405.05386
405.73450
406.33108
406.37590
406.40800
406.50130
406.69060
406.70896
407.24938
407.30746
407.83186
410.19658
410.65696
412.09810
412.17244
412.83412
412.89736
413.04418
414.01660
415.29850
417.86650
419.20354
419.41756
419.71480
420.52552
421.40536
422.90590
423.28408
423.29158
423.37588
423.62542
423.66172
424.41826
424.94542
426.53812
426.75928
427.23166
427.84084
429.44404
429.86188
429.95752
430.59466
431.77996
431.83924
431.87404
432.68674
433.73200
433.92478
435.16954
435.50734
436.21768
436.59052
437.35570
437.36674
437.37310
438.21304
438.81406
439.91614
442.71322
443.02492
443.85958
444.41782
444.73798
445.33816
445.36732
445.61596
447.15784
449.66494
451.41466
451.43944
452.03134
454.81420
454.88752
454.97926
455.21410
455.36500
455.43436
455.71330
457.86130
459.30424
459.82432
459.89416
460.68868
460.76344
462.18274
462.19876
462.49462
463.20616
463.26262
463.93264
464.29876
464.90506
465.05764
465.34030
465.84706
466.35088
466.96654
467.13268
467.72206
467.95870
467.97640
468.43108
468.56518
468.63022
468.81298
469.62490
469.66912
470.43598
470.97544
471.58354
472.15798
472.31386
472.37032
472.67476
472.78708
472.84636
473.67334
476.65618
477.12358
477.24184
477.39088
477.73468
477.74074
477.74254
477.74614
477.94336
478.57852
478.61212
478.63840
478.71544
479.31088
479.70814
480.83542
481.47694
481.49710
482.53912
482.74306
483.19000
483.91900
485.15236
485.30296
485.34802
487.82056
488.78014
488.80678
489.28138
489.35368
489.46672
490.42762
491.86222
491.90020
492.69388
493.05496
493.13452
493.17946
493.63048
496.00072
496.01404
496.49962
498.68470
499.67170
499.72402
500.33752
500.38408
500.61832
500.66164
500.82358
502.27462
502.33834
502.41154
503.16124
503.19514
503.78860
503.82844
504.04366
504.32008
505.80358
506.12758
506.27218
506.50768
507.34612
508.09126
508.40956
508.72978
508.76044
508.80988
510.80080
511.16650
511.33402
511.54918
511.69750
512.01100
512.08660
512.38072
512.47132
514.30288
515.55526
515.77222
518.50306
518.93878
518.97556
520.59676
520.63864
521.00800
521.05066
522.14890
524.15302
526.32310
526.74070
530.36914
531.03364
531.27388
532.50532
532.74868
533.77204
533.84902
533.99482
534.12472
534.20164
534.34900
534.36856
534.41752
534.61042
534.71602
535.65142
535.70182
535.97776
537.46156
537.51820
537.66040
539.53510
540.47722
542.78224
543.19336
543.24508
544.66564
545.35210
545.42656
545.70214
546.35968
546.72838
547.12894
548.52946
548.81218
549.56350
550.24816
551.14972
551.17882
551.18944
551.25184
551.50012
551.95300
552.87610
553.04890
553.11838
553.16590
555.35632
556.20658
556.51870
556.70524
557.14228
557.15890
557.45932
557.64244
558.05170
558.07678
558.69646
558.71482
558.72016
558.72784
560.22790
560.66506
561.90868
562.90318
564.12766
564.29866
564.35164
564.41500
566.36458
567.38896
567.59140
567.98668
568.51090
568.88800
568.95382
569.39362
569.41858
569.58550
570.14164
570.22618
571.19542
571.91812
572.07856
574.10920
574.46260
574.74664
575.21818
575.22160
576.69436
576.96454
579.38074
581.55790
581.78902
582.49780
584.41648
586.58974
587.41852
587.61556
587.69824
587.84446
587.95738
588.02056
588.27718
588.30886
588.82096
589.66072
590.04130
590.06308
590.09590
590.80228
590.96290
591.43516
592.07962
592.24048
593.64658
593.69734
593.80948
594.18634
594.64798
594.74410
594.82516
594.85258
595.76272
599.40562
599.88274
599.89534
604.27660
604.58404
605.15002
606.61612
608.58022
608.64388
608.74294
608.88790
608.95294
609.05326
609.35698
609.40342
611.19904
611.58628
611.69038
611.86294
612.70096
612.71638
612.99586
613.44988
614.69608
614.75674
615.01996
616.28398
616.33870
617.60602
617.61322
618.66400
620.26342
620.36812
620.49862
620.69398
620.79214
620.84146
620.88574
621.18850
621.46606
621.68014
622.16140
622.20802
622.51900
622.53082
622.73206
622.74472
624.78778
628.76854
629.08612
629.17348
629.23288
630.78874
630.99556
631.57912
631.76716
632.32786
634.79416
635.21536
635.26588
635.75764
636.85126
636.88408
637.06792
637.10458
637.75390
638.74798
638.76460
638.78608
638.79808
639.46072
641.19352
641.28784
642.19834
643.58818
644.26672
645.46666
645.50368
646.82764
646.85476
649.12972
649.40074
651.88006
651.89752
651.95506
652.13314
652.15516
652.66936
653.05072
653.07496
653.10154
653.18542
653.25022
653.88034
655.23562
655.68160
655.73770
658.73716
659.00062
659.01070
659.04082
660.67504
661.23424
661.50886
662.17492
662.62258
662.63500
662.64844
662.86036
663.10744
663.36130
663.38530
664.05022
664.15990
665.04100
665.17810
665.77000
666.83836
667.17214
668.87998
669.58762
670.13224
670.29514
674.12296
674.15728
674.83696
674.89882
676.81654
677.04550
677.06446
677.07724
677.67916
678.61726
679.06858
680.00758
680.03422
680.32336
682.27816
683.05492
683.56486
683.68954
683.89342
683.95654
684.98836
685.39768
686.27182
686.41744
686.98012
690.62482
691.73206
692.77084
692.77246
692.79394
694.26940
695.42068
695.52424
695.68768
696.49366
697.42114
697.65808
698.09056
699.52156
699.63958
699.66454
700.55332
700.56382
700.84024
700.85740
702.38200
702.42118
702.64372
703.39318
704.77072
706.44328
706.47334
707.03998
707.08990
707.27074
707.39866
709.22206
710.66968
712.16128
712.35976
713.58652
714.84208
715.56838
715.69708
716.72110
717.35524
718.07128
720.16762
721.84804
722.84218
724.04350
724.40116
724.42228
724.43206
726.20536
726.97768
728.32192
728.58088
728.75326
728.85766
729.21346
729.57922
730.14064
730.18846
731.23744
732.09610
733.47706
735.47278
736.33834
738.66148
740.06866
741.65464
741.99196
745.80646
745.87402
747.40216
748.38430
748.99054
749.60326
750.46672
750.78628
752.21044
752.74252
753.82414
753.86278
754.54780
755.37592
755.58952
756.06916
757.01284
757.02418
758.11216
758.16784
760.14616
761.17912
763.24258
763.44358
764.05066
764.13136
764.32066
764.35000
764.66404
764.72674
764.73856
766.33024
766.37362
766.38388
767.24008
767.28028
767.30848
768.23806
769.87900
771.93748
772.00744
772.05094
773.35018
773.55250
774.12886
774.69712
775.50328
777.87376
778.23556
779.76622
779.95162
779.95744
780.11812
781.53640
782.39698
782.41942
783.39070
783.47746
783.64384
783.69034
783.70168
784.73158
784.76758
785.11318
785.21590
785.25454
785.81956
786.11014
786.46720
786.73318
788.56768
789.24124
790.27054
791.15068
791.24104
793.21114
793.24498
793.51396
794.15752
794.20912
794.48848
794.73280
795.51772
796.08964
797.06056
798.05152
798.87106
798.89320
799.08616
799.76656
799.81600
800.37346
800.80486
802.24432
802.41580
803.08210
803.69608
803.73850
805.74826
806.41192
806.60158
806.82790
807.14224
807.28168
809.59492
811.30954
813.90934
814.27882
815.06836
816.14650
817.13794
817.27852
817.71952
818.03770
818.48638
818.78236
820.37404
820.49812
820.53346
821.70352
823.49902
823.89142
823.92238
825.52546
826.52380
827.45470
827.77108
827.91130
827.96536
828.17554
828.20044
828.88342
828.96232
829.77718
829.79380
830.29696
830.59432
831.76258
832.17760
832.37446
832.44604
834.09328
835.48630
836.08072
836.12194
836.14306
836.17336
837.21472
838.56658
839.02930
839.96776
841.11886
841.40548
841.47592
841.91560
842.30368
844.34248
844.56634
844.93738
845.09494
845.16220
845.47018
845.50204
845.58394
845.68288
845.78320
846.01726
846.50056
847.12156
847.19254
848.88574
849.18424
849.19048
849.69376
850.19284
850.34668
851.79580
852.30736
852.35308
852.43348
854.08246
855.66442
855.68722
856.92352
860.03068
860.55922
861.02608
861.10282
861.27496
861.89410
862.13776
863.49334
865.52596
865.55620
865.57690
865.82542
865.83868
867.03982
867.06532
867.21670
867.90412
868.11964
869.30602
869.39860
869.57542
869.84062
871.81078
872.85892
872.97850
873.08554
873.31792
873.91246
874.48624
874.71886
874.89274
875.29192
875.36206
875.76556
876.21058
876.22474
876.67852