0.09388
0.17686
0.19078
0.19366
0.37696
0.47716
0.57976
0.62698
0.66304
0.73684
0.78256
0.80272
1.12000
1.38604
1.38904
1.44394
1.73002
1.96366
2.00686
2.04070
2.22112
2.64694
2.78404
3.35608
3.42754
3.45406
3.61378
3.68788
3.71104
3.79708
3.81364
3.84724
4.01086
4.03048
4.07410
4.08052
4.13680
4.14430
4.14886
4.31098
4.31374
4.69726
4.77772
4.86886
5.25502
5.37280
5.38072
5.65804
5.97778
5.99482
6.03820
6.16420
6.18688
6.49600
6.51124
6.51520
6.74752
6.86146
7.04536
7.15102
7.33558
7.48504
7.73128
7.78534
7.84504
7.88260
8.01148
8.05540
8.13730
8.21152
8.51194
8.74276
8.88100
8.89786
8.92564
9.02320
9.42838
9.43810
9.45862
9.52084
9.53290
9.58114
9.77554
9.79504
9.82096
9.83266
9.85588
9.89794
9.90412
10.05880
10.51888
10.75588
10.94182
10.98184
11.00260
11.34286
11.38852
11.57122
11.59162
11.64556
11.90584
11.92282
11.94286
12.12886
12.20914
12.22012
12.22294
12.52000
12.64852
12.70906
12.72910
12.86242
12.87262
12.89248
12.90952
12.94306
12.95242
13.16650
14.05894
14.10646
14.23600
14.26180
14.28820
14.56372
14.59876
14.76538
14.77336
14.77630
15.11956
15.28210
15.29992
15.36250
15.71272
15.80314
15.80938
15.96292
15.98632
16.00024
16.04848
16.41310
16.62568
16.84624
16.85506
17.00866
17.06962
17.07238
17.11564
17.36962
17.47594
17.65828
17.71288
17.71594
17.73004
17.73880
17.92978
17.95306
17.99308
18.11902
18.15910
18.20530
18.55288
18.59434
18.77374
19.29652
19.37416
19.78282
19.82356
19.86322
19.96336
20.08876
20.17246
20.23012
20.36350
20.49202
20.56366
20.56642
20.74966
20.78146
20.78428
20.78722
21.04714
21.24694
21.34972
21.51322
21.51658
21.52288
21.52672
21.60346
21.63046
21.63712
21.89602
21.91336
21.95590
22.42720
22.47076
22.47364
22.80784
23.25352
23.33452
23.33770
23.36392
23.57668
23.59720
23.60026
23.88070
23.92096
24.46690
24.48082
24.52414
24.67300
24.76702
24.78082
24.78652
24.86416
24.86668
25.14466
25.14730
25.33612
25.34458
25.35034
25.40158
25.48174
25.49914
25.60030
25.86190
25.91704
25.97050
26.31436
26.43100
26.47480
26.53984
26.91436
26.93368
27.21436
27.23122
27.33106
27.78364
27.86446
27.89794
27.91240
28.08112
28.09780
28.13110
28.28392
28.29772
28.35826
28.36462
28.43236
28.58404
28.60408
28.60684
28.70968
28.74148
28.76728
28.98436
29.10688
29.40166
29.43400
29.44168
30.52360
30.81460
31.02904
31.11754
31.17850
31.30864
31.68424
31.72186
31.80082
32.15560
32.35864
32.39824
32.69818
32.70442
32.99830
33.06484
33.40744
33.46156
33.62524
33.62812
33.64516
33.69064
34.40266
34.46320
34.46620
34.52560
34.73176
34.90894
34.99432
35.13202
35.24374
35.38174
35.42878
35.48992
35.51488
35.51782
35.52400
35.59534
35.87578
35.93794
36.00442
36.09244
36.12412
36.48208
36.57070
36.58612
36.61894
36.65878
36.68194
36.82210
36.86212
36.89104
37.06330
37.07578
37.39564
37.40788
37.42228
37.59130
37.66522
37.78210
37.84870
38.63194
38.72878
38.94592
38.99278
39.21232
39.76252
39.81280
39.99238
40.03234
40.08232
40.12888
40.14130
40.67902
40.72936
40.83022
40.86826
40.96564
40.97950
41.09902
41.46556
41.66548
41.84902
42.23542
42.29044
42.34888
42.35506
42.55792
42.64900
42.83524
43.11562
43.14910
43.55926
43.69552
43.73878
43.89574
43.91578
43.91860
44.16850
44.95570
44.96860
45.18532
45.24532
45.30310
45.47968
45.86632
46.07482
46.40590
46.44034
46.53544
46.60966
47.02966
47.04928
47.10412
47.15596
47.24146
47.41864
47.47876
47.50582
47.51296
47.57848
47.59156
47.61880
47.65306
47.74918
48.03250
48.15616
48.17356
48.18514
48.80518
49.04302
49.44286
49.60294
49.70572
50.14924
50.34922
50.55820
50.72968
51.17512
51.24952
51.31600
51.79930
51.81310
52.03288
52.04530
52.17664
52.43428
52.57846
52.80904
52.83556
52.93954
53.05396
53.13274
53.56606
53.69224
54.15232
54.24640
54.72958
54.75574
54.78550
54.83272
55.22260
55.24162
55.27270
55.31614
55.49602
55.55650
55.88752
56.10574
56.10838
56.12278
56.18560
56.19682
56.59180
56.70652
56.78572
56.88280
57.02338
57.12010
57.19204
57.24202
57.90232
57.96352
58.23298
58.25230
58.25626
58.32670
58.36390
58.43578
58.44964
58.53304
58.54690
58.77520
58.83298
58.91920
59.40232
59.40838
59.47282
59.66242
59.68294
59.76250
59.95984
60.00262
60.63688
60.88324
61.20016
61.50868
61.56664
61.59616
61.61938
61.64362
61.70398
61.70980
61.72408
61.74496
61.85734
61.86322
61.88614
61.94986
62.03044
62.20348
62.34988
62.37322
62.43616
62.74984
62.76394
62.80726
62.82502
62.99626
63.11062
63.46546
63.49954
63.58336
63.81658
63.81928
63.89386
64.10026
64.15402
64.26016
64.34734
64.38946
64.42558
64.46956
64.88326
65.01772
65.18356
65.35282
65.43364
65.86684
65.86960
66.37648
67.15648
67.29094
67.42480
67.42888
67.45672
67.60048
67.63372
67.71976
67.74298
68.08072
68.11996
68.13388
68.43658
68.54068
68.90062
68.92018
68.98642
69.17770
69.46150
69.89872
69.92488
69.97342
70.03876
70.04782
70.55350
70.84558
70.92778
70.95082
70.95958
71.15092
71.43118
71.47090
71.52304
71.54020
71.85748
71.91748
72.10384
72.12034
72.47464
72.51772
72.70084
72.71788
72.76144
72.84376
72.93748
73.28140
73.28716
73.48732
73.49044
73.55566
73.76140
74.00746
74.08780
74.09038
74.12182
74.17696
74.41312
74.44804
74.45116
74.69098
75.03442
75.05398
75.09628
75.27700
75.29158
75.52864
75.56284
75.65422
75.75550
75.94864
75.97486
76.15834
76.17208
76.22980
76.41796
76.44100
76.64368
76.75444
76.76458
76.79830
76.97854
77.71828
77.79826
78.16840
78.28216
78.29860
78.35938
78.46846
78.56224
78.78790
79.12798
79.37734
79.40866
79.44874
79.85200
80.17756
80.23816
80.27836
80.45200
80.48788
80.54170
80.81548
80.93788
80.94454
80.99554
81.00982
81.21382
81.27544
81.31570
81.59908
81.61870
81.90226
81.98560
82.09336
82.13380
82.19986
82.46596
82.48558
82.54576
82.72570
83.18842
83.36902
83.52676
83.56906
83.57188
83.97784
84.20914
84.85534
84.86272
84.87538
85.03888
85.82218
85.92850
86.02822
86.14276
86.21926
86.30536
86.31952
86.41942
86.44270
86.70292
86.75698
87.14308
87.26938
87.28636
87.34678
87.34978
87.58000
87.58330
88.07242
88.37260
88.45030
88.45312
88.99306
89.31634
89.32252
89.33650
89.49250
89.49568
89.50786
89.61664
89.63644
89.71678
89.93626
90.13150
90.14554
90.40036
90.53662
90.70042
91.08676
91.22284
91.42264
91.46392
91.68940
91.70950
91.93282
92.43010
92.55340
92.55670
92.75092
92.86798
92.95354
93.08176
93.13360
93.21928
93.41674
93.64366
93.70264
93.71392
93.72016
93.73402
93.73690
93.73984
93.75364
93.85354
94.17298
94.22026
94.25650
94.30348
94.36060
94.37482
94.47100
94.52926
94.56892
94.70374
94.90636
94.92676
95.02654
95.12914
95.16910
95.50672
95.56714
95.68420
95.81254
95.91814
96.17038
96.65380
96.76258
96.80386
96.83392
96.89368
96.99364
97.05658
97.15396
97.25392
97.51738
97.55398
97.57726
97.71772
97.90870
97.96792
98.24920
98.26060
98.33728
98.37742
98.48620
98.59216
98.68402
98.70076
98.72056
98.97562
98.98090
99.20404
99.28090
99.50398
99.66736
99.71842
99.75850
99.94438
100.00792
100.15408
100.18726
100.26436
100.27084
100.58236
100.85404
100.85686
101.07082
101.07976
101.18866
101.30428
101.64028
101.73136
101.84044
101.85406
101.99716
102.29200
102.30094
102.32074
102.42064
102.46348
102.62374
102.64042
102.70096
102.72082
102.90424
103.06102
103.10692
103.12774
103.22386
103.23574
103.28428
103.31038
103.38454
103.72774
103.89052
103.96486
104.01622
104.03476
104.08150
104.09032
104.09644
104.15674
104.35708
104.49730
104.63764
104.77084
104.80006
104.81788
104.83462
105.03754
105.15700
105.25426
105.32866
105.34042
105.62374
105.65116
105.91480
105.93766
106.04650
106.06372
106.09048
106.09654
106.10848
106.11562
106.25434
106.26106
106.57252
106.57816
106.79542
106.80712
106.83010
106.92112
106.95154
107.10154
107.10700
107.14180
107.52100
107.58784
107.59036
107.60446
107.62492
107.64196
107.67376
107.95072
108.17104
108.17386
108.24580
108.27358
108.27976
108.30250
108.55072
108.59374
108.95728
108.99412
109.15438
109.31740
109.41790
109.54054
109.56826
109.66912
109.68922
109.72414
109.94680
110.02114
110.13784
110.14060
110.14966
110.15716
110.19076
110.24680
110.26102
110.31862
110.42122
110.43784
110.57608
110.62432
110.63014
110.69560
110.80456
110.86768
110.94484
111.02410
111.10450
111.28780
111.29074
111.49066
111.50464
111.54076
111.69388
111.76726
111.79798
111.81412
112.07110
112.37128
112.97824
113.47774
113.48938
113.56348
113.57818
113.71768
113.72386
113.85622
113.91472
113.95474
114.22120
114.24082
114.29266
114.41062
114.42142
114.43798
114.50740
114.51844
114.62134
114.64096
114.67144
114.80758
114.90478
114.90754
115.10482
115.21384
115.24498
115.79086
115.86256
115.99432
116.01664
116.02156
116.19094
116.22430
116.23114
116.47156
116.55484
116.68060
116.83828
116.87152
116.92294
117.08050
117.38056
117.43210
117.51478
117.80500
117.82156
117.83848
117.98686
118.24726
118.54798
118.58182
118.86736
118.88734
119.08222
119.08528
119.16802
119.21110
119.40208
119.40520
119.40784
119.42548
119.42824
119.49112
119.86810
119.88856
119.94298
119.94610
120.10786
120.25144
120.32860
120.38842
120.45490
120.56014
120.57460
120.58342
120.59470
120.61792
120.67174
120.68848
121.22170
121.24084
121.41796
121.45510
121.68388
121.69906
121.95526
121.99864
122.20510
122.42164
122.60188
122.62180
122.92174
123.38518
123.90496
124.15162
124.16560
124.25170
124.27174
124.28098
124.49536
124.50952
124.56400
124.57168
124.67200
124.71520
124.77184
124.97830
125.05534
125.07856
125.20204
125.29516
125.34754
125.37538
125.68714
125.92438
125.93068
126.02158
126.62440
126.63832
126.88504
127.00792
127.03090
127.08520
127.14844
127.34890
127.50790
127.53844
127.64290
127.67452
127.68358
127.74880
127.77172
127.92424
127.92640
128.04886
128.15512
128.24890
128.34118
128.37184
128.39500
128.42458
128.44630
128.45506
128.70484
128.75806
128.81830
128.88058
128.90410
129.05482
129.39556
129.51874
129.73042
129.77164
129.90430
130.19116
130.29592
130.31104
130.45768
130.46170
130.90774
130.91458
131.17744
131.37160
131.43424
131.58232
131.62864
132.05758
132.07504
132.22948
132.33808
132.52252
132.54982
132.65488
132.77116
132.82138
132.87538
133.14748
133.15354
133.17406
133.22122
133.35142
133.37230
133.39876
133.41880
133.85038
133.87120
134.06512
134.14066
134.61730
134.95450
135.15736
135.33358
135.39442
135.42790
135.43420
135.45448
135.48580
135.51190
135.51496
135.52858
135.64054
135.87124
136.21816
136.22458
136.36354
136.42108
136.44424
136.70722
136.81480
136.88416
136.96330
137.08756
137.28154
137.29042
137.31118
137.51656
137.89054
138.03106
138.25432
138.84034
138.95140
138.97480
139.07668
139.34038
139.41466
139.55434
139.74640
139.91572
140.32690
140.48464
140.53336
140.62696
140.66452
140.88148
140.91022
141.14164
141.17068
141.44788
141.46246
141.47362
141.65428
141.75382
141.77086
141.87100
141.88762
141.90844
141.97696
142.17076
142.55758
142.69372
142.70644
142.71622
142.73104
142.94098
143.12068
143.45758
143.50084
143.52976
143.64724
144.02044
144.24628
144.28714
144.36742
144.47326
144.48706
144.48982
144.60160
144.67312
144.82030
145.24762
145.27930
145.30780
145.43074
145.49110
145.82284
146.07982
146.12302
146.36038
146.42032
146.42302
146.61754
146.87002
147.28972
147.30628
147.32656
147.33598
147.57004
147.61042
147.62698
147.85318
147.89362
147.90994
148.22686
148.30444
148.63342
148.88662
148.89046
148.91356
149.07628
149.30596
149.31976
149.33350
149.51074
149.52262
149.58298
149.59666
149.60032
149.62276
150.05356
150.06016
150.12646
150.37228
150.40594
150.42364
150.49210
150.58660
150.88660
150.92626
150.92902
150.94612
150.95566
150.97264
151.04986
151.18666
151.36690
151.36990
151.45618
151.48648
151.50658
151.51336
152.08642
152.13328
152.45314
152.53144
152.55712
152.62228
152.89870
152.96194
153.29998
153.31972
153.49402
153.70000
153.82630
153.84292
153.88324
153.92866
154.07242
154.18624
154.18912
154.40998
154.46650
154.58626
154.60672
154.68358
154.74916
155.12872
155.27236
155.33782
155.95306
156.03004
156.12250
156.13900
156.23638
156.24790
156.34540
156.42232
156.46198
156.51358
156.76276
156.80566
156.83914
157.34584
157.61710
157.92868
157.96342
157.97584
158.00296
158.46970
158.66980
158.93644
158.96974
159.15286
159.15694
159.41308
159.60952
159.66550
159.81964
160.13362
160.36204
160.38532
160.45078
160.55698
160.56862
160.61644
160.62238
160.71988
160.98634
161.07922
161.18026
161.67910
161.78638
161.81968
161.86648
161.92588
161.98648
162.28642
162.36070
162.46942
162.53002
163.06360
163.06990
163.20580
163.31326
163.40164
163.65922
163.79320
163.91950
163.92208
164.03362
164.09698
164.13922
164.18254
164.20570
164.24566
164.46652
164.51680
164.82262
164.82598
164.85994
164.86552
165.01252
165.38326
165.48628
165.50038
165.53920
165.57520
165.60958
165.66358
165.87892
166.18930
166.47238
166.79038
166.80724
166.83298
167.01016
167.05324
167.25940
167.31328
167.31634
167.33032
167.35318
167.38636
167.43328
167.54830
167.55976
167.65318
168.02002
168.31990
168.34414
168.40582
168.58672
168.98350
169.21246
169.32070
169.44346
169.58926
169.81318
169.84678
169.96360
169.99270
170.20720
170.27266
170.89714
170.95048
171.05302
171.13030
171.16474
171.29338
171.32932
171.50302
171.53644
171.55048
171.84016
172.48024
172.48306
172.58524
172.70896
172.84552
172.90948
172.91248
172.94326
172.98664
173.16988
173.63026
174.08110
174.24652
174.25288
174.29302
174.32746
174.51022
174.74560
175.11940
175.24354
175.45090
175.47070
175.50556
175.56832
175.60294
175.62544
175.75978
175.78618
175.98628
176.09536
176.10898
176.15734
176.16940
176.17102
176.35186
176.72626
176.86942
177.28636
177.32704
177.33628
177.36958
177.45544
177.75274
177.77866
178.15558
178.30138
178.41292
178.65544
179.14258
179.43556
179.77198
179.84584
179.86870
180.33856
180.55522
180.58600
180.84364
181.12960
181.21570
181.29244
181.61560
181.71562
181.81294
181.91602
182.78548
182.82280
182.87950
183.18562
183.27172
183.38818
183.49450
183.56884
183.57166
183.66586
183.72892
184.23532
184.31506
184.36558
184.42924
184.53844
184.80916
184.82398
184.85500
185.02654
185.11870
185.24848
185.26138
185.34712
185.38450
185.40166
185.43544
185.61880
185.83834
186.18130
186.21886
186.24454
186.30478
186.64558
186.65356
186.96868
187.04584
187.44910
187.57768
187.63168
187.77154
187.93258
187.99534
187.99804
188.05216
188.05858
188.06092
188.43538
188.56372
188.99212
189.01858
189.39856
189.40468
189.81544
190.16236
190.21414
190.41100
190.48030
190.62232
190.64554
190.65190
190.82398
190.84438
190.98538
190.98856
190.99186
191.07142
191.24584
191.25196
191.66632
191.83264
191.84710
191.88034
192.00496
192.03826
192.14326
192.23554
192.27886
192.31486
192.53548
192.99580
193.02160
193.03564
193.35898
193.44088
193.78282
194.18248
194.18542
194.26882
194.32144
194.53306
194.58070
194.76274
194.85502
195.16876
195.65224
195.65536
195.85216
196.03834
196.09246
196.11892
196.25500
196.29322
196.50496
196.75606
196.95850
196.98220
197.44228
197.44918
197.60506
197.68570
198.01588
198.10510
198.18556
198.38548
198.47170
198.58042
198.65494
198.66880
199.09180
199.34896
199.35214
199.63900
199.65214
200.75224
200.75902
200.86510
200.90188
201.01630
201.04834
201.08824
201.16558
201.17662
201.29110
201.34216
201.35488
201.36874
201.40210
201.61252
201.61882
201.68056
201.83998
201.93226
202.00822
202.05202
202.12426
202.23826
202.24594
202.32304
202.37494
202.56616
202.64590
202.99852
203.44324
203.57566
203.57830
203.89564
203.90668
204.12550
204.23836
204.31582
204.32770
204.45910
204.46234
204.50224
204.51892
204.54814
204.60226
204.71878
204.82270
204.91876
205.14220
205.20892
205.37686
205.47010
205.48534
205.77700
205.78570
205.96894
206.16898
206.33170
206.37562
206.77846
206.81896
206.82628
206.84920
207.07234
207.07546
207.26890
207.52174
207.61888
207.99610
208.18156
208.40218
208.65928
208.66894
208.73380
208.78828
209.16598
209.60512
209.66602
209.76586
209.84902
209.94946
209.96602
209.97616
210.00916
210.09478
210.28072
210.35236
210.40642
210.53542
210.55240
210.55522
210.62344
210.74548
210.77866
211.13560
211.13842
211.35244
211.48690
212.08228
212.35384
212.53090
212.53954
212.83954
212.84272
212.87866
213.18298
213.20212
213.28828
213.42046
213.57628
213.62134
213.92140
213.96880
214.31596
214.47550
214.83538
214.91266
214.94866
215.06134
215.15254
215.33584
215.57584
215.92528
216.02794
216.18544
216.35104
216.39562
216.41902
216.62554
216.68830
216.69124
216.78562
217.09756
217.50874
217.64320
217.87198
218.07526
218.35258
218.70670
218.91928
218.93950
218.98726
218.99542
219.05902
219.17356
219.17590
219.33550
219.33856
219.37864
219.52798
219.80224
219.99574
220.02826
220.08256
220.09156
220.40242
220.47400
220.47946
220.48852
220.53154
220.58254
220.58938
221.00848
221.16016
221.17168
221.19736
221.29924
221.34610
221.78284
221.95480
221.98948
222.33268
222.40630
222.53302
222.83584
222.85330
222.91900
222.92182
222.93880
222.96238
223.05508
223.06678
223.08214
223.10224
223.15900
223.38754
223.39060
223.40218
223.65514
223.70236
224.03866
224.56300
224.87194
224.88856
224.94898
225.16894
225.70216
225.76900
226.13554
226.53586
226.77562
226.87918
226.92184
227.22172
227.41900
227.42536
227.55100
227.60788
228.48550
228.76876
228.77170
228.97156
229.62160
229.83172
229.83826
229.93288
230.17582
230.24440
230.40478
230.60206
231.00208
231.29002
231.73126
231.73462
231.90868
231.94912
232.06870
232.10890
232.12030
232.12876
232.20880
232.26874
232.63174
232.66870
232.83052
232.84966
232.91254
232.93540
233.12920
233.14948
233.44120
233.57530
233.61850
233.71546
233.74144
234.19576
234.29890
234.39958
235.06144
235.16854
235.18528
235.19950
235.46254
235.60222
235.97134
236.02054
236.14306
236.23510
236.46850
236.49214
236.51560
236.79532
236.81830
236.96992
236.97490
237.01708
237.21544
237.22732
237.24418
237.43804
237.44200
237.61834
237.70822
237.88798
237.96466
238.08166
238.12180
238.28518
238.30180
238.48786
238.51492
238.77118
238.95172
239.09992
239.17732
239.36044
239.37136
239.45446
239.66548
239.69170
239.71186
239.77444
239.82736
239.88166
239.98930
240.00064
240.01498
240.05164
240.13780
240.35170
240.81832
240.95818
241.10794
241.11844
241.57906
242.19094
242.53942
242.74846
242.76850
242.86234
242.95168
242.95450
243.05440
243.15448
243.21802
243.49852
243.55468
243.56842
243.86848
244.11832
244.17526
244.22260
244.33492
244.40944
244.46356
244.51210
244.63510
245.01832
245.17876
245.19250
245.56180
245.69404
246.26854
246.43006
246.56554
246.80872
246.84274
246.85468
246.95164
247.08892
247.09198
247.11214
247.16350
247.22110
247.42126
247.45828
248.00950
248.01244
248.09542
248.15182
248.17234
248.22430
248.59570
248.80096
248.81074
248.98822
249.69442
249.79912
249.86818
250.27156
250.48936
250.56868
250.66876
250.71670
250.85512
250.90222
251.06890
251.11768
251.13820
251.15230
251.22610
251.26108
251.35474
251.43562
251.72962
252.52270
252.53296
252.54748
253.13710
253.21594
253.23886
253.50268
253.71922
253.75960
253.81162
253.84270
254.29126
254.30260
254.36062
254.50564
254.57218
254.62870
254.64346
254.68600
254.68996
254.73892
254.77582
254.80558
254.99938
255.06334
255.18634
255.26542
255.29278
255.48640
255.49246
255.50290
255.56956
256.43020
256.58740
256.80580
256.99630
257.07370
257.33950
257.40994
257.63062
258.60076
258.61300
258.72022
258.96052
259.02442
259.12510
259.26082
259.30366
259.48408
259.50676
259.60390
259.69000
260.12716
260.69026
260.73430
261.06760
261.14806
261.37726
261.40552
261.41428
261.94042
261.99154
262.03150
262.03756
262.04056
262.35436
262.35724
262.65448
262.80718
262.82098
262.85734
263.02114
263.06110
263.29846
263.44702
263.45734
263.56216
263.67136
264.00760
264.02140
264.15094
264.42790
264.47950
264.48814
264.59422
264.61864
264.63034
265.02832
265.10830
265.13692
265.25482
265.37152
265.57438
265.68742
265.69012
265.69378
265.86580
266.05798
266.17162
266.19502
266.49538
266.53840
266.75530
267.05926
267.09064
267.22462
267.43864
267.52498
267.53614
267.53884
267.77206
267.79576
268.03918
268.13902
268.39648
268.70866
268.73896
268.82512
268.94296
269.08264
269.16832
269.59696
269.84512
269.87536
269.91268
269.99194
270.46378
270.49588
270.78670
270.79834
270.80362
270.80722
270.95620
270.99010
271.09870
271.61320
271.68478
271.95640
272.21080
272.34250
272.38996
272.84644
272.85652
273.10636
273.25258
273.66712
273.72334
274.00378
274.50694
274.70986
274.89790
275.00722
275.13064
275.22394
275.40400
275.46658
275.65048
275.67076
275.87398
276.53458
276.67402
276.80770
276.83458
276.91372
277.23748
277.24102
277.26040
277.27432
277.65448
277.98136
278.16094
278.18128
278.19580
278.41558
278.41840
278.51818
278.52730
278.72734
279.84754
279.93112
280.20838
280.31098
280.33132
280.41118
280.44532
280.44850
280.55554
280.78888
280.88848
280.91128
280.99186
281.23558
281.33512
281.62198
281.63548
281.63878
281.85610
282.01276
282.01768
282.23590
282.40114
283.20898
283.31914
283.33360
283.34488
283.35688
283.42186
283.44400
283.54264
283.60900
283.89142
283.90840
284.09944
284.11996
284.12296
284.12590
284.20030
284.25934
284.42344
284.46328
284.51212
284.60236
284.60926
284.61622
284.65186
284.68954
284.80930
284.85220
285.12880
285.24976
285.26098
285.32422
285.37612
285.37810
285.38938
285.40960
285.59296
286.29922
286.63336
286.75354
286.95694
287.06248
287.06554
287.09620
287.54956
287.66302
287.92954
288.00280
288.13456
288.24352
288.52360
288.79012
288.83284
289.41028
289.44124
289.44388
289.46770
289.51342
289.60756
289.72720
289.83088
290.34250
290.35108
290.41078
290.52754
290.72764
290.75062
290.81368
291.11098
291.59722
291.69730
292.01770
292.07152
292.11148
292.24324
292.31548
292.63468
292.65850
292.68106
292.89478
292.97518
293.02054
293.02408
293.07034
293.30164
293.57806
293.65882
293.66428
293.67058
293.92156
293.94496
293.96440
294.14518
294.53110
294.56182
294.81190
294.82534
294.93142
295.28644
296.36626
297.01246
297.17560
297.19216
297.19570
297.21982
297.24994
297.30952
297.32140
297.39874
297.60982
297.69592
297.71044
298.04236
298.06234
298.06546
298.27660
298.29616
298.35982
298.55668
298.80562
298.81420
299.09140
299.58256
300.14044
300.34948
300.43294
300.44056
300.44686
300.44944
300.54940
300.59308
300.64948
300.71044
301.04692
301.09054
301.23298
301.31356
301.73056
301.75072
301.86370
301.91368
302.29996
302.52322
302.69722
302.82028
303.00640
303.33772
303.34120
303.61420
303.68098
303.85528
303.89794
304.06702
304.09774
304.24450
304.28116
304.58134
304.60414
304.63114
305.01730
305.20510
305.51230
305.70100
305.86852
305.96764
306.33148
306.48826
306.57394
306.88012
306.93178
307.19746
307.21792
307.71538
307.73194
308.00134
308.05534
308.58466
308.60764
308.69602
308.70514
309.66862
309.78538
309.98236
310.26592
310.62940
310.74946
310.75222
310.75822
310.77238
310.86604
310.86874
310.87804
310.97500
311.00626
311.12014
311.35816
311.37256
311.51122
311.62948
311.68300
311.72326
311.83300
311.83654
312.14956
312.18292
312.18694
312.35866
312.43312
312.52336
312.68290
313.25242
313.40338
313.68334
313.76938
313.90276
314.00254
314.01352
314.20270
314.26684
314.68336
314.74996
314.94088
315.03346
315.32956
315.63352
315.66700
316.31974
316.43356
316.69048
316.71976
317.11990
317.63134
317.72008
317.78662
317.90014
318.20050
318.24040
318.48088
318.50044
318.80068
318.84034
318.94978
319.17010
319.24114
319.26430
319.28404
319.30444
319.38508
319.52674
319.65856
319.84996
320.45068
320.65078
320.73094
320.95732
320.97718
321.15262
321.15988
321.53704
321.67162
321.79468
321.82366
321.89770
322.31434
322.38808
322.39054
323.30734
323.64742
323.82670
323.92204
324.17380
324.25096
324.65368
324.68104
324.72556
325.08274
325.23424
325.69780
325.80358
326.20084
326.39200
326.43232
327.29308
327.36772
327.52456
327.54742
327.63346
328.03318
328.04194
328.04506
328.05112
328.07086
328.07428
328.08820
328.12822
329.05114
329.29792
329.36872
329.71480
330.15124
330.17218
330.17824
330.29794
330.30136
330.32320
330.48892
330.58708
330.66142
330.78718
330.80134
330.80758
330.83740
330.97264
331.27048
331.32184
331.77058
331.83160
331.84510
331.99138
332.00782
332.01112
332.01400
332.22838
332.23444
332.26540
332.35090
332.53732
332.55508
333.30118
333.35812
333.59452
333.60382
333.61780
333.63754
333.65770
333.84784
333.95380
334.00108
334.00390
334.16086
334.17832
334.21834
334.70110
334.76770
334.77058
335.34496
335.46766
335.89834
336.20110
336.43180
336.46108
336.78442
336.92098
337.20094
337.22086
337.32046
337.73836
337.77052
337.79824
338.18428
338.20792
338.35888
338.42824
338.44450
338.45122
338.45380
338.48848
338.86450
338.95084
338.99122
339.17050
339.46510
339.47038
339.83698
340.22692
340.23106
340.23448
340.23694
340.33456
340.40632
340.44778
340.45108
340.84324
341.14684
341.20114
341.22430
341.29516
341.30998
341.33026
341.52940
341.58736
341.72458
341.80108
341.82418
341.86474
341.96128
342.07432
342.12436
342.45856
342.64486
342.85366
342.95380
342.96790
343.05388
343.15120
343.25128
343.33438
343.45108
343.45402
343.63732
343.90384
343.91176
344.06002
344.32072
344.57470
344.80756
344.90110
345.00742
345.03112
345.20122
345.21790
345.26410
345.28456
345.63742
345.64132
345.72076
345.93748
345.95800
346.07044
346.13122
346.53148
346.57732
346.59352
346.62454
346.63342
346.86010
346.93732
347.02552
347.07730
347.12050
347.17462
347.19442
347.29510
347.33740
348.11800
348.19792
348.42460
348.46444
348.52060
348.82078
348.82450
348.88198
348.92692
348.95878
349.07050
349.08448
349.50388
349.58458
349.89202
350.06782
350.39986
350.45410
350.66476
350.85988
351.47200
351.69466
351.73756
351.86902
352.01800
352.05118
352.06804
352.21474
352.22422
352.31788
352.33738
352.52416
352.54108
352.58134
352.62442
352.66810
352.67080
352.80400
352.82692
352.87840
352.93474
353.14168
353.45242
353.58142
353.74894
353.77960
353.88472
353.91448
354.16504
354.25132
354.57982
354.65410
354.67696
355.45162
355.49164
355.63456
355.86958
356.02090
356.21800
356.24074
356.32090
356.50414
356.55424
356.67874
356.77084
356.98768
357.24226
357.39118
357.46822
357.85072
358.10818
358.14826
358.45156
358.47448
358.52860
358.73470
358.75198
358.85164
358.99180
359.07736
359.08108
359.14924
359.59828
359.97532
359.99524
360.00160
360.20188
360.25276
360.31828
360.67126
360.69520
360.87310
360.90160
361.32502
361.38772
361.64854
361.73746
361.75414
361.83502
362.26840
362.35438
362.36842
362.83798
362.87152
363.18928
363.21538
363.23254
363.23512
363.33490
363.36430
363.39544
363.40468
363.49210
363.59794
363.63226
363.91444
364.05862
364.09534
364.24174
364.40974
364.61068
364.75630
364.96204
365.18530
365.88526
366.18556
366.20890
366.44866
366.57130
366.72742
366.75460
366.85462
367.03204
367.60090
367.91854
368.10178
368.10472
368.59288
368.67802
368.69896
368.72506
368.78794
368.98804
369.06478
369.36838
369.60196
369.60892
369.66562
369.66862
369.68212
369.68500
369.69286
369.70846
370.13128
370.24888
370.42450
370.44178
370.44484
370.44724
370.63492
370.76110
371.52118
371.90524
372.07624
372.08212
372.30184
372.47644
372.57628
372.70180
372.71074
372.96220
372.99142
373.22536
373.22890
373.34434
373.34836
373.67746
374.12590
374.43190
374.43784
374.44588
374.53774
374.54482
374.54908
374.56078
374.62120
374.63500
374.71852
374.85490
375.24694
375.57880
375.75130
375.85648
376.06540
376.54528
376.60480
376.63672
376.98250
377.19406
377.20168
378.01828
378.14164
378.31198
378.73876
378.82120
378.84694
379.19530
379.36810
379.69378
379.76470
379.90432
379.97098
380.00158
380.02510
380.36830
380.51038
380.66482
380.85412
381.05434
381.07090
381.07720
381.07978
381.09148
381.16030
381.29122
381.33760
381.49108
381.63160
381.93466
382.57828
382.63738
382.70392
382.70746
382.72714
382.92460
383.06776
383.35372
383.53768
383.56456
383.61400
383.65036
383.87062
383.87680
383.90500
383.91070
383.93128
383.95102
384.05992
384.45412
384.48568
384.52894
384.67672
384.73438
385.04320
385.32046
385.49104
385.49758
385.64080
385.70644
385.72654
385.73686
385.89178
386.08426
386.20102
386.22646
386.30104
386.36464
386.47054
386.54428
386.56738
386.75104
386.78410
386.86750
387.03568
387.20728
387.21736
387.29308
387.39070
387.40498
387.45100
387.52780
387.71374
387.95980
388.05964
388.18798
388.67770
388.81756
389.09770
389.10076
389.10388
389.21734
389.26588
389.36740
389.41528
389.51104
389.68690
389.85724
389.86120
390.27622
390.38404
390.85060
391.01446
391.04752
391.09084
391.12504
391.17010
391.19644
392.03104
392.17732
392.29426
392.29930
392.30722
392.62660
392.74078
393.39286
393.70720
393.86422
393.92116
394.06408
394.07002
394.11610
394.14496
394.17904
394.18384
394.20742
394.30414
394.44760
394.59070
394.61722
394.71640
394.95352
395.22766
395.23402
395.24284
395.35066
395.49430
395.53396
395.55478
395.59426
395.64004
395.65972
395.91430
396.01108
396.10036
396.19732
396.58066
397.03300
397.07326
397.15870
397.30978
397.49350
397.65322
397.83376
397.84408
397.95322
398.29306
398.35048
398.48758
398.71720
398.99386
399.36862
399.38830
399.42676
399.45046
399.47362
399.51706
399.53392
400.19266
400.20052
400.21696
400.22914
400.50934
400.56994
400.67470
400.71214
400.78384
400.95034
401.26990
401.62684
401.66698
401.81314
401.83354
401.86996
402.21346
402.49726
402.66442
402.73348
402.74998
402.77356
403.14268
403.29406
403.41970
403.57750
403.68358
403.70302
403.75030
403.88368
404.11192
404.36356
404.48356
404.66350
404.66962
405.03760
405.05506
405.18994
405.24412
405.30652
405.31312
405.39334
405.51358
405.56704
405.62710
405.75922
405.82150
406.10614
406.14274
406.21072
406.25026
406.35946
406.61680
406.63654
406.71670
406.90306
406.91686
407.09368
407.10016
407.16058
407.17462
407.20012
407.40316
407.51698
407.59996
407.76076
407.86354
407.88994
408.33244
408.59266
408.83350
409.48354
409.53640
409.55296
409.74736
410.18002
410.20012
410.23360
410.26318
410.40016
410.49688
411.39718
411.40036
411.42076
411.42388
411.52900
411.82060
412.04368
412.29250
412.46968
412.70734
413.47936
413.50276
413.54512
413.68042
413.72326
413.75908
413.76274
413.81962
413.82268
413.99656
414.33334
414.34300
414.35104
414.40282
414.62566
414.65164
414.70006
414.96658
414.96946
414.98368
415.00036
415.02388
415.42354
415.55374
415.71298
415.80286
415.90708
415.91020
415.96348
416.17312
416.23588
416.31304
416.75890
416.79580
416.83612
416.84254
417.15370
417.25018
417.34216
417.42550
418.11466
418.19716
418.56928
418.60270
418.88722
419.23294
419.33218
419.35258
419.36920
419.56636
419.75248
419.93656
419.97550
420.22684
420.34462
420.34870
420.35320
420.38170
420.55360
420.55618
420.61912
420.72328
420.83302
420.87946
421.33948
421.43098
421.47958
421.48570
421.51900
421.55638
421.79188
422.00326
422.12272
422.18296
422.18662
422.49976
422.51230
422.53168
422.54344
422.76292
422.86600
422.88916
422.90632
423.34054
423.42274
424.00978
424.04962
424.05976
424.18786
424.25416
424.69624
425.03944
425.05966
425.12980
425.64664
425.66290
425.68252
425.70328
425.72284
425.77024
425.78554
425.84536
425.87518
425.96608
426.15226
426.17524
426.28300
426.34294
426.37528
426.39196
426.67300
426.67888
426.71260
426.73552
426.92338
426.96610
427.14172
427.14982
427.43278
427.79608
427.81624
427.87024
427.89328
428.33296
428.51206
428.70202
428.89918
428.94244
428.98558
429.54940
429.58288
429.62680
429.63736
429.80080
429.86614
429.89614
430.12960
430.27528
430.34956
430.52968
430.60636
430.74334
430.74946
430.78660
430.99192
431.08684
431.09314
431.11000
431.13292
431.29828
431.91880
431.93302
432.09616
432.18268
432.21898
432.22528
432.28258
432.50242
432.70366
432.72352
432.76288
432.78298
432.79954
433.09960
433.10896
433.16302
433.17964
433.36630
433.48552
433.52296
433.55896
433.68952
433.69456
433.70356
433.70626
434.03302
434.04640
434.06620
434.09596
434.24944
434.55256
434.71882
434.85826
435.07906
435.09610
435.11602
435.25882
435.31306
435.37876
435.41896
435.46882
435.66526
435.67936
435.83932
436.23670
436.36264
436.38280
436.61620
436.65982
436.74520
436.86898
436.88956
437.07826
437.15968
437.35222
437.38894
437.40664
437.42620
437.62642
437.64934
437.74648
437.94610
438.06976
438.07522
438.51292
438.61576
438.74170
438.84376
438.99934
439.19926
439.23292
439.34446
439.36144
439.44154
439.53262
439.69954
439.88218
439.89934
439.94920
440.20216
440.24602
440.38528
440.41750
440.56252
440.78602
441.10318
441.16870
441.43534
441.83242
441.84124
442.03522
442.13230
442.31542
442.56250
442.79272
442.91572
443.07028
443.63848
443.89144
444.10282
444.14572
444.16546
444.24538
444.27448
444.46552
444.78874
444.82192
444.87478
444.90160
445.10890
445.52188
445.83208
445.84894
445.94890
446.01556
446.05564
446.07574
446.30950
446.80540
446.83444
447.24562
447.39154
447.51082
447.77548
447.79096
447.83488
448.13470
448.33192
448.33480
448.38850
448.40146
448.43182
448.44862
448.68880
448.70134
448.73200
448.97212
448.99228
449.09860
449.35510
449.88190
450.04522
450.08452
450.11794
450.15748
450.30784
450.45088
450.66190
450.88210
450.89596
450.90232
450.96532
451.02178
451.06480
451.28470
451.28800
451.32226
451.54240
451.54852
451.56214
451.62538
451.65856
451.79476
451.84546
451.95484
452.10304
452.24824
452.35144
452.35750
452.59510
452.75884
453.58150
453.58444
453.93838
454.07272
454.16788
454.20448
454.26496
454.28170
454.43134
454.46500
454.73164
455.16478
455.33404
455.38144
455.43952
455.53432
455.55730
455.57398
455.68276
455.79802
455.83156
455.85490
456.20080
456.31258
456.33040
456.43156
456.61372
456.64612
456.68404
456.88450
457.11280
457.54774
458.05600
458.06146
458.19040
458.39908
458.43520
458.56432
458.93116
459.11152
459.11746
459.13408
459.15718
459.21460
459.26584
459.49774
459.73768
459.94294
460.01458
460.24906
460.44142
460.47856
460.56448
460.74442
460.75804
460.85854
460.90732
460.92994
460.98754
461.24164
462.15940
462.61816
462.62830
463.01428
463.01758
463.34764
463.46578
463.63354
463.85518
463.96090
464.16700
464.28070
464.34724
464.58136
464.60698
464.65030
464.65636
464.84752
464.91424
465.26140
465.28720
465.34726
465.39904
465.40186
465.57754
465.61756
465.88066
466.01674
466.03348
466.05010
466.51078
466.51420
466.82332
466.91668
466.97710
467.46358
467.48686
467.65270
468.54982
468.67906
468.78016
469.13014
469.57666
469.58470
469.69666
470.00044
470.33140
470.38012
470.39950
470.41756
470.54302
470.56618
471.15556
471.16612
471.32974
471.60952
471.75544
472.09648
472.12990
472.31302
472.45810
472.49908
472.79632
472.87348
473.11588
473.18212
473.28220
473.34616
473.45944
473.47960
473.75350
473.76574
473.88220
474.04018
474.04324
474.04612
474.06310
474.09088
474.23104
474.43996
474.63196
474.68638
474.70306
474.98980
475.25518
475.26070
475.29292
475.31560
475.38646
475.51282
475.52950
475.73224
475.74598
476.03248
476.04592
476.12170
476.18434
476.31922
476.33332
476.33938
476.42176
476.59000
476.65960
476.67928
476.91364
477.10492
477.27940
477.29992
477.35656
477.40516
477.60946
477.66244
477.84586
477.86266
478.02916
478.24882
478.34296
478.34890
478.39174
478.39468
478.41520
478.62910
478.65202
478.72900
478.80040
478.84732
478.90954
478.91236
479.21236
479.22130
479.58238
479.64736
479.77876
479.84242
480.26230
480.27298
480.27898
480.53632
480.54202
480.54544
480.64240
480.64540
480.69154
480.73564
480.78796
480.83932
480.84544
481.14568
481.51036
481.64554
481.80322
481.89820
481.91476
482.03146
482.12272
482.16220
482.25190
482.27536
482.61196
482.63770
483.00718
483.15202
483.17866
483.47578
483.55894
483.88522
484.29052
484.29412
484.36222
484.39516
484.42246
484.42552
484.43890
484.54132
484.54810
484.60888
484.73896
484.87078
484.92868
485.20516
485.39194
485.81458
486.02578
486.14512
486.41164
486.58732
487.05532
487.14736
487.74496
488.19388
488.20540
488.38498
488.40832
488.71162
488.72836
489.15160
489.54628
489.74170
489.80062
489.89164
489.89476
489.97228
490.20148
490.39744
490.43824
490.47820
490.48096
490.63858
490.93576
491.02786
491.03080
491.26144
491.26444
491.46772
491.96830
492.06754
492.14758
492.20512
492.21610
492.31126
492.45358
492.55510
492.58840
492.59128
492.63106
492.71122
492.72328
492.85138
492.88060
492.98074
492.99724
493.49206
494.30440
494.37010
494.44462
494.64706
494.77546
494.80840
495.15340
495.44482
495.61402
495.79696
495.81382
495.92560
496.01122
496.38568
496.45120
496.45726
496.47136
496.49128
496.49740
496.59142
497.07466
497.34712
497.60620
497.69812
497.85790
497.93050
498.37810
498.42136
498.94186
498.99724
499.02160
499.06492
499.20814
499.59442
499.59718
499.73092
500.30812
500.37148
500.69446
501.07468
501.10378
501.13846
501.15802
501.37486
501.76102
501.96400
502.38676
503.07400
503.16244
503.26774
503.63458
503.68522
503.77690
504.09748
504.23452
504.40648
504.42016
504.44098
504.54880
504.81136
504.98368
505.17808
505.19788
505.25176
505.26118
505.26418
505.46122
505.46434
505.52182
505.75222
506.02468
506.02798
506.09854
506.32192
506.32792
506.39284
506.53108
506.74486
506.92474
506.92816
506.96458
506.98246
507.41818
507.54742
507.59476
507.72820
507.81430
508.01152
508.44502
508.67194
508.97818
509.01808
509.04502
509.18110
510.00118
510.23608
510.66496
510.74152
510.76162
510.80860
511.08628
511.16866
511.46572
511.51186
511.56454
511.64788
511.66846
511.73506
511.75870
511.80298
511.81804
512.06032
512.39806
512.57548
512.78920
512.83534
513.08908
513.29806
513.77170
513.77872
513.84520
513.86500
514.07890
514.23766
514.26490
514.27864
514.46206
514.58254
514.58572
514.65232
515.04286
515.12590
515.14816
515.38924
515.55442
515.63512
515.68930
515.75770
515.84956
515.99824
516.04858
516.31246
516.58984
516.65902
516.69838
516.71878
516.99562
517.03540
517.17538
517.29580
517.47916
517.59592
517.67902
517.70218
517.70488
517.73608
517.75918
517.94848
517.98208
518.19844
518.53666
518.66530
518.92612
518.92888
519.42928
519.47506
519.71254
519.78976
519.79606
520.20970
520.42642
520.57222
520.63228
520.73572
521.09302
521.33998
521.49622
521.59906
521.87644
521.89642
522.16594
522.34810
522.59128
522.65668
522.68704
522.69664
522.74632
522.76336
522.96298
522.97990
523.03648
523.30606
523.32670
523.60342
524.07532
524.08678
524.37280
524.46712
524.49760
524.64676
524.69680
524.72704
524.73310
524.92138
524.94508
525.11794
525.17248
525.58594
525.79078
525.90598
525.97264
526.26796
526.28608
526.38022
526.65190
526.67776
526.86094
526.99216
527.36656
527.49244
527.54110
527.66002
527.68348
527.79550
527.93368
527.98708
528.13330
528.18088
528.38500
528.44758
528.49744
528.50470
528.62044
528.64774
528.94420
528.99142
529.27414
529.30816
529.34782
529.51078
529.57432
530.05066
530.36842
530.67448
530.71162
530.71732
530.74798
530.89456
530.93170
530.93512
530.93788
531.01756
531.04390
531.06022
531.23794
531.30112
531.31774
531.43372
531.45724
531.51820
531.70738
531.94192
531.97834
531.99868
532.08166
532.10494
532.14838
532.27546
532.38460
532.45348
532.76764
532.79098
533.01088
533.04844
533.16550
533.42596
533.42854
533.43172
533.43454
533.44264
533.44594
533.49568
533.52874
533.53588
533.60134
533.63656
533.64874
533.65732
533.98198
534.16084
534.39226
534.44884
534.60790
534.74902
534.77992
534.90178
535.07230
535.08628
535.21576
535.28698
535.42948
535.48828
535.51582
535.54918
535.57270
535.61302
535.61584
535.62634
535.66420
535.76590
535.77268
535.79926
535.92958
535.98736
536.08252
536.11582
536.24242
536.24476
536.44936
536.61112
536.73118
536.77264
536.87404
537.00232
537.25924
537.47704
538.08592
538.11802
538.55440
538.57534
538.61290
538.71016
539.07364
539.14384
539.19004
539.25004
539.28646
539.46694
539.68336
539.73958
539.78716
539.79754
539.83330
539.87638
539.97586
540.25408
540.31684
540.43372
540.45694
540.56962
540.77704
540.84268
540.93376
540.95338
541.08664
541.27174
541.28308
541.32592
541.54048
541.61104
541.67764
541.69714
541.86352
541.91494
541.95448
542.59756
542.64082
542.67790
542.71408
543.00688
543.05410
543.78688
544.05088
544.09114
544.24318
544.27066
544.40998
544.41670
544.43692
544.67386
544.86802
544.90378
544.92082
545.08306
545.10436
545.12044
545.13772
545.15734
545.23426
545.32042
545.50888
546.11794
546.12712
546.15742
546.16408
546.18076
546.22702
546.23752
546.28132
546.45784
546.69832
546.80434
546.86764
547.40434
547.46800
547.68496
547.70152
547.72510
547.96504
547.97116
548.08768
548.25178
548.27116
548.27770
548.76880
548.83216
548.92636
549.04972
549.05176
549.07462
549.13516
549.22906
549.23788
549.29458
549.32890
549.35182
549.54580
549.61264
549.78022
549.80188
549.84892
550.00204
550.06438
550.13566
550.23526
550.30492
550.39900
550.41868
550.45216
550.49260
550.51294
550.62118
550.79236
550.95226
551.02516
551.04442
551.06524
551.09878
551.20936
551.24944
551.28238
551.34160
551.40238
551.50240
551.60500
551.66212
551.67166
551.87680
552.06652
552.42916
552.44812
552.60364
552.78580
552.96946
553.13500
553.14910
553.18612
553.22242
553.24954
553.32352
553.35868
553.36936
553.43272
553.61254
553.61956
553.96342
554.04388
554.30668
554.57866
554.61646
554.96212
555.11632
555.24988
555.34234
555.35428
555.37138
555.41662
555.50302
555.65962
555.67954
555.80032
555.85456
555.91990
555.98662
555.98950
556.02880
556.04332
556.10356
556.30342
556.35010
556.38856
556.42006
556.44550
556.46896
556.49614
556.55770
556.69642
556.76680
556.78690
556.79368
557.06710
557.20360
557.38978
557.42950
557.52388
557.62948
557.64676
557.75374
557.88676
557.88988
558.17044
558.26704
558.40798
558.42280
558.42808
558.53380
558.64978
558.67090
558.67648
558.87112
558.90100
559.02046
559.10062
559.23442
559.40086
559.59424
559.93414
559.96792
559.98562
559.99816
560.01124
560.06476
560.12362
560.25418
560.57698
560.63788
560.64052
560.75842
560.80354
560.91196
560.93572
561.02098
561.02374
561.16798
561.63778
561.79798
561.86704
561.87808
561.89062
562.00744
562.05460
562.26190
562.43794
562.69444
562.70824
562.85080
562.86820
563.19094
563.37142
563.65156
563.72032
563.89474
563.95498
563.96848
564.08584
564.10900
564.19510
564.24484
564.46402
564.52462
564.62662
564.83536
565.13854
565.14718
565.16158
565.22932
565.53622
565.64980
565.87480
566.18188
566.21926
566.22202
566.31592
566.42218
566.45338
566.52868
566.60842
566.63962
566.72578
566.75566
566.79178
566.98894
567.06898
567.24550
567.46852
567.57274
567.59098
567.60568
567.69184
567.98902
567.99202
568.03168
568.38922
568.50328
568.51510
568.54078
568.74556
568.76038
568.84996
568.85938
568.86976
568.88950
568.97548
569.08414
569.09218
569.15608
569.22286
569.35588
569.37538
569.53642
569.61796
569.67922
569.69206
569.73250
569.76292
569.76616
569.78266
569.80906
569.89558
569.93626
569.96200
569.97910
570.19978
570.32272
570.38560
570.47626
570.53338
570.63358
570.64246
570.72844
570.89986
570.97492
571.06306
571.07710
571.14262
571.40020
571.42996
571.46998
571.60642
571.63756
571.64884
571.74664
571.78678
571.80040
571.84894
571.96084
572.14930
572.33332
572.44438
572.51566
572.53516
572.55868
572.68372
572.82724
573.04918
573.11596
573.51598
573.57634
573.65032
573.68764
573.71368
574.15696
574.16716
574.23412
574.28758
574.66324
574.67140
574.87144
574.93168
574.95226
574.96000
575.14342
575.21782
575.34676
575.39344
575.45482
575.53774
575.54344
575.64046
575.64712
575.81794
575.83762
575.84062
575.94346
575.94952
576.17098
576.18082
576.22384
576.35260
576.43036
576.59764
576.60370
576.63592
576.66652
576.81820
577.26742
577.31050
577.40782
577.57690
577.63120
577.80472
577.83070
577.89130
577.90252
578.09110
578.13112
578.61166
578.63830
578.71786
578.74840
578.80804
578.82412
578.94880
578.98354
578.98858
579.00352
579.01174
579.01504
579.05788
579.06100
579.09148
579.20686
579.27478
579.46090
579.47110
579.52978
579.71200
579.73540
579.74590
579.78376
579.98554
580.04740
580.16122
580.32088
580.32772
580.37158
580.38394
580.41886
580.42654
580.44466
580.48420
580.56142
580.56406
580.58158
580.64644
580.65232
580.78168
580.80850
581.02192
581.12266
581.14174
581.56750
581.80234
582.02524
582.09172
582.30748
582.40090
582.44224
582.47542
582.48904
582.64498
582.66898
582.69928
582.73942
583.28446
583.38220
583.43572
583.50418
583.52956
583.73242
583.75306
583.88194
584.05810
584.24398
584.35312
584.40568
584.43928
584.45050
584.73934
584.74234
585.01582
585.06196
585.33940
585.38962
585.39268
585.43294
585.43966
585.56608
585.57358
585.59254
585.60628
585.60850
585.61066
585.82270
585.82534
585.84562
585.93676
585.93994
586.06876
586.10650
586.30180
586.30948
586.37908
586.52062
586.55968
586.80952
586.84996
587.08624
587.18980
587.19790
587.45704
587.63548
587.79622
587.99908
588.01018
588.19060
588.29614
588.51016
588.81046
588.81394
588.89092
588.93064
589.11748
589.13350
589.17964
589.19686
589.22992
589.25380
589.41454
589.47100
589.49098
589.66312
589.69384
589.71730
589.78018
589.93990
589.98604
590.12410
590.13208
590.14384
590.20576
590.24338
590.36068
590.67226
590.82094
590.85298
590.92132
590.92702
590.94124
590.98780
591.02386
591.04114
591.11686
591.12736
591.17290
591.20704
591.34408
591.59086
591.61762
591.63178
591.65398
591.66340
591.66772
591.71080
591.84148
592.04704
592.13956
592.59094
592.72000
592.79074
592.82794
592.97440
593.05990
593.09134
593.26030
593.50822
593.51458
593.55154
593.57140
593.57848
593.59228
593.84158
593.87818
594.00382
594.08098
594.09496
594.11158
594.15202
594.20404
594.27502
594.47812
594.53206
595.00414
595.11178
595.11868
595.16170
595.34512
595.83886
595.99546
596.02546
596.03896
596.14822
596.44258
596.45962
596.49124
596.59930
596.66236
596.84836
596.86870
596.91196
596.93914
597.19552
597.28288
597.74578
597.76924
598.25644
598.27906
598.33564
598.48324
598.53250
599.10670
599.12164
599.25538
599.31886
599.43322
599.45026
599.55958
599.57944
599.77348
599.79676
599.94142
599.99920
600.02230
600.07360
600.27970
600.41974
600.86326
600.86956
600.98782
601.10632
601.34320
601.35382
601.38736
601.46956
601.48912
601.56640
602.20372
602.20738
602.30086
602.43190
602.71036
602.71354
602.89600
603.03022
603.07270
603.21646
603.35002
603.45364
603.75358
603.80494
603.95764
604.22074
604.31680
604.51420
604.61722
604.67464
604.85116
604.96432
605.11426
605.12326
605.19748
605.48110
605.52778
605.66680
605.67256
605.68120
606.09502
606.17818
606.19792
606.28402
606.32008
606.34798
606.40144
606.42130
606.42580
606.44158
606.55078
606.83128
607.11880
607.19062
607.89040
608.08528
608.21776
608.21956
608.35144
608.58064
608.65486
608.73478
609.09274
609.36526
609.40894
609.43582
609.51520
609.80944
610.19878
610.23490
610.25560
610.34098
610.76848
611.01820
611.23222
611.29252
611.64274
611.85958
611.92540
611.93146
611.93488
612.12904
612.14602
612.27532
612.32950
612.43234
612.43816
612.58234
612.61240
612.83230
612.93988
612.94924
613.25188
613.43260
613.98214
614.11594
614.13262
614.16550
614.43838
614.70214
614.73916
614.80576
615.15562
615.20974
615.25960
615.59140
615.75196
615.79930
615.92290
615.96598
616.19188
616.26340
616.52062
616.64956
618.11908
618.30220
618.32242
618.32668
618.34618
618.67930
619.15636
619.19374
619.58572
619.83256
619.86604
619.86904
619.92298
620.20060
620.64958
620.67868
620.88298
621.04342
621.10984
621.21544
621.51886
621.53584
621.54958
621.59620
621.64702
621.73294
621.76354
621.84190
621.98740
622.87558
622.88278
622.97380
623.46922
623.48290
623.66632
623.74072
624.28402
624.30364
624.36082
624.36952
624.46936
625.14982
625.18510
625.24666
625.35268
625.41598
625.43572
625.57546
625.65694
625.71022
625.81912
625.94326
626.00284
626.01910
626.03314
626.05666
626.09734
626.09980
626.14738
626.30296
626.49322
626.61946
626.78554
626.87698
626.89978
627.00862
627.18874
627.26650
627.28606
627.45256
627.96010
628.40116
628.50640
628.53310
628.76662
629.51932
629.53030
629.61640
629.63608
629.81578
629.82676
630.20272
630.21652
630.71290
630.88048
631.48042
631.50934
631.72324
631.76950
631.98682
631.99234
632.09026
632.10916
632.44654
632.69020
633.17338
633.51928
633.76930
633.78298
633.78988
634.04980
634.20280
634.59982
634.79260
634.84876
634.94986
635.22364
635.22556
635.25988
635.26636
635.28694
635.58850
635.63590
635.64970
636.26404
636.29644
636.51910
636.80236
637.37692
637.41148
637.67920
637.93288
638.19502
638.27986
638.48566
638.49538
638.75236
639.38128
639.44650
639.65230
639.65842
639.85630
640.32502
640.43296
640.60198
640.74814
640.81594
640.85878
641.11594
641.28262
641.32252
641.41108
641.48242
641.56576
641.79196
641.79430
641.85196
641.88244
642.46588
642.71248
642.74920
642.81274
642.81970
642.82444
643.54156
643.55554
643.73218
643.77604
643.79878
643.88506
643.98904
644.05936
644.19874
644.20174
644.39104
644.40166
644.42188
644.43910
644.49886
644.59876
644.63632
644.74240
644.75938
644.76262
644.85154
644.96830
645.40168
645.78598
646.11538
646.22314
646.34866
646.55788
646.59868
646.81516
646.85140
647.08456
647.20150
647.59852
648.49342
648.62836
648.76096
648.77704
648.99178
649.13152
649.33162
649.34530
649.35088
649.50106
649.59574
649.65136
649.81486
650.06494
650.11768
650.31244
650.31490
650.32558
650.41756
650.60092
650.61082
650.61514
650.65474
651.01840
651.23824
651.79048
651.86482
652.09042
652.33132
652.33402
652.89454
652.90588
652.94824
653.11762
653.19190
653.38552
653.57818
654.19816
654.32110
654.56752
655.00456
655.05862
655.39306
655.50490
655.64788
655.89388
655.90426
655.93708
655.95100
656.38840
657.06580
657.07462
657.12448
657.28900
657.43774
657.55846
657.89794
657.91732
658.10380
658.49824
659.04454
659.14162
659.23816
659.35090
659.71450
659.75698
659.78788
659.82238
660.01726
660.22852
660.31144
660.31738
660.64246
661.03132
661.28098
661.31746
661.40680
661.70950
662.86738
663.16444
663.30892
663.75430
663.84010
663.92818
664.03102
664.05442
664.08580
664.23394
664.36906
664.56460
664.75162
664.82164
664.88758
664.95064
664.99798
665.09158
665.41210
665.41804
665.42944
665.45200
665.66116
665.72932
665.93038
666.14770
666.58726
666.63088
666.64408
666.64774
666.76438
666.93112
667.03384
667.08808
667.76692
667.82080
667.83112
668.35450
668.56456
668.58088
668.86924
669.16090
669.19762
669.33250
669.40414
669.68098
669.79798
669.80452
669.97306
670.04014
670.53340
670.73362
670.89148
671.03386
671.05768
671.31706
671.39122
671.65420
672.03520
672.14404
672.29134
672.66430
672.67780
672.72580
672.97786
673.22458
673.65016
673.65538
673.66444
673.67410
673.73086
673.91428
674.23078
674.30824
674.60782
675.23968
675.47530
675.49696
675.52306
675.77794
676.37452
676.54348
676.56082
676.60402
676.60642
676.80376
677.18086
677.26690
677.42020
677.56708
677.95900
678.21046
678.21634
678.55966
678.63718
678.66424
678.81682
678.88234
678.93976
678.99736
679.05778
679.19746
679.23346
679.41682
679.42852
679.68076
679.68382
680.26684
680.27752
680.30146
680.53840
680.71408
680.74114
680.94754
681.03070
681.26110
681.29686
681.58090
681.63076
681.94732
682.01686
682.14232
682.29730
682.61422
682.79740
682.80016
682.88068
682.89454
683.35744
683.57722
683.58370
683.60368
683.94736
683.98348
684.23074
684.28720
684.95008
684.96706
684.97006
684.97324
685.13086
685.16392
685.29322
685.83058
685.87726
686.01400
686.01682
686.41420
686.43208
686.43976
686.45422
686.72320
686.85190
687.14110
687.33724
687.35086
687.37444
687.40204
687.53224
687.54364
688.16686
688.21408
688.78780
689.33944
689.49082
689.52292
689.61010
689.62024
689.62444
689.68738
689.92798
690.37732
690.52576
690.56056
690.59722
690.63826
691.29214
691.50646
691.66390
691.84714
691.87054
692.22412
692.52178
692.99386
693.13330
693.76090
693.78418
693.86548
693.91486
694.01392
694.03726
694.07740
694.12282
694.28062
694.29436
694.42336
694.58050
694.63762
694.68046
694.83358
695.26666
695.44984
695.68726
695.71852
695.73328
695.75398
695.92444
696.96988
697.23478
697.90282
698.26096
698.48356
698.76412
699.31804
699.62392
699.64444
699.65020
699.79048
699.96430
700.02754
700.61410
700.63756
700.64752
700.81696
700.86184
701.01412
701.11390
701.19766
701.59138
701.71456
702.01444
702.04762
702.09778
702.16912
702.19768
702.58378
702.58720
702.84772
703.70188
703.78786
703.79410
703.87366
703.88788
703.91098
703.92226
703.94200
704.20822
704.22760
704.58142
704.74018
704.83438
704.84800
704.86510
704.88124
705.01708
705.03112
705.03754
705.07168
705.31750
705.49450
705.98140
706.02364
706.05778
706.40092
706.65832
706.76746
707.59048
707.68144
707.73946
707.98816
708.70222
708.70510
709.34830
709.41508
709.59820
709.71202
709.79308
709.95496
710.12092
710.18452
710.19820
710.23840
710.97376
710.98444
711.01522
711.36502
711.40540
711.43936
711.46030
711.56494
711.58162
711.74530
711.76528
711.87130
712.14238
712.14862
712.30120
712.34842
712.35136
712.48870
712.49530
712.51210
712.80898
712.87462
713.20882
713.42860
713.49538
713.51530
713.59240
713.89516
714.02896
714.09850
714.22744
714.32182
714.37582
714.40546
714.49582
714.50128
714.52420
714.69568
714.80422
714.99886
715.17910
715.18186
715.23346
715.26796
715.56532
715.78234
715.96198
715.96522
716.02564
716.18212
716.18572
716.29726
716.42596
717.24100
717.61540
717.70156
717.89242
718.38502
718.39882
718.66144
718.71382
718.94896
718.99894
719.03926
719.45170
719.46388
719.47948
719.48680
719.74900
720.16264
720.32848
720.52918
720.54298
720.81568
720.85198
720.87238
720.99616
721.71286
721.82974
721.88158
722.13004
722.14162
722.18176
722.18818
722.27932
722.29234
722.30362
722.51590
722.72782
722.73928
722.80222
723.28558
723.29686
723.32872
723.33700
724.06900
724.19758
724.23178
724.34296
724.52956
724.66630
725.07580
725.21116
725.62990
725.64958
725.85880
726.19984
726.33310
726.55678
726.56566
726.57370
726.87274
726.89992
726.93322
727.19698
727.68040
728.26690
728.46358
728.46682
728.47252
728.56378
728.69248
728.74018
728.74402
728.78332
728.82076
728.89252
729.15016
729.16984
729.27868
729.29248
729.32674
729.66478
729.77002
729.77350
729.95308
729.96460
730.07374
730.13668
730.15066
730.45060
730.73668
731.00842
731.02018
731.30836
731.33188
732.40984
732.57808
732.85780
733.78180
733.88734
733.96780
734.05894
734.14486
734.14804
734.15104
734.15392
734.17090
734.21110
734.37682
734.45104
734.49160
734.65126
734.73730
736.39852
736.41832
736.49812
736.50706
736.51804
736.62478
736.71040
736.78780
736.91998
737.10436
737.38804
737.52118
737.66458
737.68516
737.73526
737.75638
737.76238
737.77360
737.96200
738.55474
739.05790
739.25206
739.42348
739.52932
739.54330
739.55218
739.72054
739.78924
739.86904
740.46916
740.53858
740.88850
741.13888
741.18604
741.21328
741.99676
742.01338
742.03654
742.06990
742.40572
742.45990
742.49998
742.54336
743.02948
743.11570
743.32672
743.70340
743.76712
743.80588
743.87272
744.00340
744.22702
744.24730
744.29308
745.76764
745.85380
745.87336
745.97698
746.01766
747.24430
747.30682
747.32698
747.35434
747.37498
747.52090
747.55426
747.58786
747.98158
747.98794
748.09048
748.20442
748.42120
748.50748
748.68808
748.81330
748.98802
749.28490
749.40190
749.41366
749.51122
749.61184
749.80258
750.11482
750.52882
750.54904
750.55228
750.57184
750.67834
750.85198
750.96418
750.99514
751.05232
751.21870
751.47856
751.50700
751.51852
751.53550
751.55830
751.59538
751.62880
751.66714
751.68106
751.89550
751.93876
752.14186
752.23894
752.92522
753.08296
753.11194
753.15994
753.16462
753.22510
753.40564
754.23214
754.62664
754.81504
754.81792
755.42290
755.50426
755.62714
755.65918
755.85016
755.88214
755.94256
756.01300
756.05320
756.44230
756.95656
757.17994
757.25668
757.62046
757.76338
757.77742
757.79182
757.82350
757.86346
758.52634
758.76370
758.76982
759.59068
759.70732
759.90244
759.91348
760.31416
760.56826
760.61836
760.69360
760.83454
760.84582
760.84852
760.90786
760.99390
761.09092
761.14894
761.30074
761.71732
762.20506
762.23254
762.54142
762.62362
762.91564
763.16122
763.24780
763.44184
764.24794
764.26012
764.26474
764.29672
764.72848
765.38152
765.41158
765.79234
765.85588
765.93568
765.94672
766.09816
766.54648
766.70152
766.97878
767.26204
768.09142
768.13966
768.15946
768.79948
768.95950
769.22344
769.29820
769.31464
769.33816
769.37668
769.44328
769.55218
769.55518
769.60684
769.78954
769.82956
769.86670
769.95226
770.08354
770.21896
770.71036
770.76040
770.99368
771.01060
771.28756
771.49384
771.53956
771.92506
771.97720
772.01932
772.35736
772.76956
772.86070
772.99696
773.26354
773.28046
773.32708
773.34880
773.36086
773.56084
773.63662
773.70082
773.72014
773.85310
773.86084
773.91346
773.93398
773.94130
774.07000
774.14422
775.01314
775.19038
775.38988
775.39978
775.40512
775.46770
776.11144
776.11438
776.39164
776.41168
776.54770
776.72212
776.81464
777.10846
777.27232
777.34798
777.53746
777.63514
777.65530
777.72100
778.00894
778.24522
778.27852
778.29808
778.35904
778.44448
778.56184
778.74478
778.94542
779.23150
779.47402
779.56852
779.64550
780.61498
780.75832
780.79906
780.81910
781.10362
781.76272
781.78978
782.11552
782.14228
782.19304
782.23030
782.35954
782.36926
782.39908
782.86270
783.06562
783.36298
783.40996
783.64630
783.88096
783.93226
783.94318
784.51306
784.62094
784.67218
784.69954
784.70956
784.89028
785.22106
785.32240
786.00556
786.03646
786.47392
787.00456
787.01002
787.01644
787.11382
787.19428
787.34050
787.34944
788.09224
788.44714
788.64088
788.77042
789.03046
789.36400
789.37294
789.38740
789.40780
789.73054
789.98728
790.33708
790.69306
790.69738
790.71100
790.74016
791.09734
791.48878
791.52364
791.56414
791.83060
791.85502
791.92114
792.04630
792.08356
792.35020
792.36682
792.48082
792.51796
792.52192
792.53086
792.54118
792.56440
792.95014
793.13968
793.24762
793.25674
793.90030
793.91680
793.93348
794.10250
794.11408
794.21446
794.22832
794.23360
794.25448
794.40778
794.49748
794.83384
794.87422
794.90038
795.51436
795.60940
795.86704
796.24432
796.41208
796.57342
796.85026
796.97338
797.06428
797.08762
797.39146
797.45038
797.52772
797.59132
797.64238
797.66704
797.83090
797.91412
797.99140
798.11716
798.13084
798.58870
798.69742
798.77440
798.95194
799.00444
799.02160
799.66102
799.94404
799.95814
800.14420
800.14714
800.16424
800.17924
800.35024
800.64754
800.86060
800.89372
800.99752
801.00556
801.05668
801.08356
801.33076
801.73072
802.07710
802.10632
802.36390
802.47172
802.48348
802.57756
802.86388
802.89748
802.97758
803.01382
803.06044
803.44990
803.62108
803.66392
804.04996
804.53038
804.57064
804.73336
804.79972
804.83032
805.11388
805.54696
805.68886
805.70392
805.98034
806.25718
806.26360
806.30458
806.36620
806.44690
806.57776
806.66632
806.82394
806.92912
806.96632
807.02992
807.36148
807.51340
808.16734
808.17316
808.77340
809.03068
809.46328
809.64664
809.78266
809.79022
809.92606
810.33250
810.48868
810.60322
810.62086
811.12348
811.21276
811.32988
811.68982
812.09644
812.10538
812.37970
812.40526
812.67670
813.00394
813.03586
813.65956
813.66976
814.08640
814.22950
814.68634
814.71268
814.91890
815.02954
815.24992
815.25298
815.35864
815.53570
815.94718
816.10228
816.34588
816.71152
816.96010
817.03228
817.12930
817.33210
817.41268
817.58896
817.60324
817.82320
817.93204
818.10640
818.73022
819.19582
819.19858
819.27586
819.44740
819.56224
819.86260
819.91252
820.04854
820.20532
820.21930
820.26232
820.48552
820.56238
820.70596
820.73182
821.42890
821.58160
821.61508
821.89240
822.11236
822.11500
822.15040
822.35044
822.45238
822.52138
822.70240
822.75910
822.98794
823.37896
823.58548
823.74862
823.82236
823.87414
824.14816
824.15164
824.25910
824.50852
824.77510
824.80192
825.01222
825.28918
825.29284
825.41500
825.53164
826.03522
826.08154
826.20190
826.21876
826.39564
826.43908
826.56502
826.69552
826.79032
826.93150
826.97860
827.26222
827.54254
827.80888
827.85424
827.90200
828.50902
828.52894
828.93172
828.97546
828.97870
829.59514
829.69822
830.15578
830.32762
830.51872
830.60416
830.81356
830.93134
831.15190
831.16186
831.34546
831.35980
831.48232
831.66892
832.15198
832.15504
832.16890
832.40584
832.49542
832.50706
832.50946
832.61500
832.71208
832.91482
833.18158
833.27872
833.35036
833.54134
834.03556
834.36202
834.38266
834.44188
834.46498
834.48280
834.58786
834.67900
834.70258
834.95734
835.04554
835.21186
835.24270
835.30510
835.75462
835.81486
835.83460
836.59264
836.60914
836.61214
836.65540
836.88424
836.98930
837.23542
837.29848
837.52858
837.53902
837.57880
838.10476
838.19278
838.20766
838.24216
838.60216
838.87678
838.92544
838.96564
839.04856
839.39176
839.48824
839.52928
839.74306
839.82592
839.89888
840.02980
840.13834
840.33526
840.42952
840.51556
840.86980
841.05958
841.06384
841.09906
841.48234
841.62706
841.72222
841.77322
841.77958
842.29654
842.30554
842.42968
842.57074
842.69374
842.87074
842.94646
843.03670
843.62338
843.64642
843.68008
844.04362
844.25350
844.31362
844.32358
844.33276
845.11630
845.19040
845.71636
846.25606
846.28648
846.43042
846.43396
846.68800
846.75724
846.90610
847.18324
847.19470
847.19710
847.58038
848.08348
848.10634
848.12992
848.14108
848.14720
848.41090
848.44102
848.50456
848.66674
848.70040
848.72452
848.74102
848.76190
849.13636
849.38746
849.40510
849.42478
849.44788
849.45046
849.65650
849.97126
849.97438
849.98506
850.25152
850.50034
850.59454
851.09818
851.10052
851.14120
851.98996
852.11134
852.22108
852.54790
852.55846
852.76462
852.80452
852.86464
853.48822
853.51168
853.51474
853.54240
853.55422
853.60852
853.78828
853.91764
854.08156
854.15098
854.49832
854.55232
854.83180
855.22270
855.99832
856.21792
856.29514
856.64842
856.75156
856.75888
856.98514
857.04826
857.26528
857.52574
857.56540
857.58214
857.63512
858.30130
858.46276
858.47338
858.63502
858.64900
858.94906
858.99274
859.03492
859.43224
859.51558
859.89586
860.02150
860.10202
860.13244
860.34232
860.50198
860.60806
860.61862
860.68252
860.78236
860.85208
860.87242
860.97370
861.02140
861.02872
861.09928
861.24310
861.28540
861.40954
861.87472
861.93916
861.95230
862.04578
862.16590
862.46608
862.66624
862.85236
862.99624
863.09938
863.33266
863.41894
863.43574
863.98552
864.04720
864.14188
864.25336
864.25618
864.26284
864.29332
864.37672
864.39628
864.51622
864.59962
864.69652
864.70222
864.73468
864.88306
864.89962
865.00240
865.46890
865.65418
865.80262
866.06890
866.16634
866.39986
866.54980
866.66650
866.96950
867.14980
867.22684
867.44242
867.45220
867.46648
867.49996
867.52708
867.81052
867.99988
868.15678
868.20664
868.23340
868.43338
868.43614
868.44016
868.48330
868.57702
868.88596
868.89988
868.96354
868.99102
869.03338
869.08330
869.11672
869.11990
869.30500
869.35306
869.37694
869.49718
869.49994
869.68336
869.70022
869.80012
869.92288
870.01456
870.14362
870.34390
870.35008
870.43354
870.48352
870.75010
870.89290
870.96676
871.38748
871.61026
871.61926
871.72366
871.97380
872.03056
872.03626
872.20024
872.29696
872.31970
872.32864
872.41384
872.63602
873.54058
873.58042
873.76678
873.80020
873.80728
873.92380
874.18654
874.19260
874.20694
874.28638
874.36690
874.67344
874.93342
875.16700
875.16982
875.20018
875.33356