0.04534
0.97864
0.99088
1.05238
1.22578
1.26940
1.28686
1.32532
1.35868
1.37500
1.38028
1.38436
1.44172
1.45852
1.47382
1.59226
2.81416
2.83654
2.85826
2.86288
2.87548
3.07624
3.46852
3.48100
3.48532
3.66568
3.68008
3.77518
3.87256
3.92260
3.98758
3.99880
4.01878
4.08250
4.16476
4.26670
4.34422
4.35616
4.36726
4.40722
4.44352
4.46206
4.47604
4.58314
4.59850
4.61674
4.63528
4.69942
4.73626
4.76662
4.84228
4.86436
5.07400
5.08906
5.10346
5.15050
5.17174
5.20312
5.20714
5.21242
5.21572
5.24734
5.25232
5.36818
5.41252
5.53240
5.65312
5.72944
5.74498
5.81962
5.85520
5.85886
5.90446
5.96842
5.99866
6.13432
6.16720
6.18784
6.31588
6.34174
6.35512
6.35920
6.37930
7.38286
7.41352
7.41568
7.97980
8.16970
9.43324
9.44500
9.47032
9.49588
9.53998
9.78646
9.98308
10.42870
10.43734
10.43914
10.46020
10.46728
11.36968
11.39716
11.42224
11.44492
11.46568
11.47078
12.32926
13.65466
13.78186
13.84924
13.95430
13.97572
13.97956
13.99474
14.00626
14.03350
14.07580
14.10796
14.12470
14.15488
14.18722
14.21716
14.22118
14.31160
14.31604
14.40142
14.45866
14.48950
14.49286
14.50312
14.52556
14.54284
14.55688
14.60398
14.62408
14.64136
14.64526
14.70334
14.72542
14.76310
14.79748
14.84572
14.85088
14.94856
15.01276
15.01672
15.05698
15.09058
15.10246
15.10558
15.14266
15.19630
15.24382
15.28990
15.32356
15.36940
15.41218
15.46420
15.50260
16.79356
18.02770
18.57484
19.02364
19.06360
19.61734
19.61908
20.26288
20.30392
20.30722
20.31496
20.73208
20.73508
20.76736
20.78050
20.79310
21.12094
21.63370
22.01908
22.18414
22.31134
22.32664
22.33708
22.45258
23.23060
23.42410
23.47210
24.29728
24.30610
24.31420
24.32194
24.32596
24.37426
24.38482
24.40894
25.10188
25.10818
25.14040
25.16404
25.21792
25.25764
25.28830
25.37662
25.37842
25.40536
25.61158
25.68748
25.71700
25.72246
25.74670
25.93606
25.95940
26.00224
26.01892
26.06722
26.07604
26.07904
26.24932
26.31046
26.38354
26.46010
26.59054
26.71534
26.75926
26.77762
26.87530
26.90464
26.91370
26.91802
26.94958
26.95192
26.97490
26.98372
27.05320
27.09502
27.30238
27.32884
27.35830
27.38782
27.39874
27.45802
27.47020
27.48766
27.63802
28.90552
28.95448
29.44306
29.46424
31.00984
31.12696
31.56796
31.59628
32.57062
32.71006
33.31816
33.32470
33.55624
33.59470
33.60424
33.62464
33.66952
33.78532
33.79492
33.83242
34.29958
34.32586
34.33402
34.33648
34.94104
35.12830
35.22346
35.28124
35.29324
35.48956
35.53150
35.54926
35.56072
35.72578
35.88352
35.89240
35.89822
35.95456
36.03616
36.08566
36.08764
36.09478
36.10642
36.16156
36.21868
36.29458
36.33298
36.37444
36.39088
36.42994
36.52978
36.53128
36.56302
36.66070
36.68242
36.70348
36.74728
36.76030
36.76534
36.80332
36.81220
36.81760
36.85546
36.87028
36.98824
37.08904
37.09456
37.12222
37.13164
37.17178
37.27252
37.28782
37.29370
37.32712
37.40206
37.43158
37.45306
37.46332
37.50268
37.53274
37.61686
37.64164
37.70506
37.70860
37.72888
37.73896
37.76422
37.77040
37.79650
37.98172
37.98700
38.01376
38.02000
38.10586
38.11630
38.12818
38.19130
38.26474
38.33344
38.34334
38.37490
38.37658
38.38282
38.41312
38.43424
38.69230
38.79514
38.82184
39.04372
39.19378
39.26452
39.47374
39.47830
40.42036
40.49956
40.62178
40.70176
40.70542
40.71328
40.75624
41.53354
41.55916
41.58058
41.60800
42.03604
42.46252
42.50464
42.75676
43.27498
43.32886
44.10964
44.13016
44.14630
44.93146
45.15982
45.16432
45.30394
46.51120
46.52848
46.53808
47.12362
47.13784
47.50312
47.60356
47.62456
47.63062
47.64622
47.66140
47.66800
47.76754
47.87062
47.92258
48.06544
48.26266
48.29122
48.67018
48.77938
48.80752
48.81148
48.84724
49.13350
49.13638
49.15390
49.16596
49.16836
49.17076
49.20322
49.21708
49.22902
49.24756
49.27096
49.27744
49.28734
49.37788
49.44112
49.59646
50.57128
50.65948
50.67688
50.83690
50.85550
50.90092
50.93368
51.21592
51.22876
51.32200
51.35932
51.44596
52.40518
53.14360
53.27170
53.27728
53.34718
53.54326
54.54850
54.56398
54.67594
54.70486
54.71140
54.72868
54.73132
54.76822
54.76990
56.54596
57.01888
57.04300
57.05356
57.08812
57.14974
57.18136
57.64330
57.68002
57.91168
58.01722
58.07050
58.08994
58.24138
58.27066
58.34104
58.37992
58.38160
58.40080
58.40956
58.41316
58.45516
58.48324
58.55824
58.56904
58.70914
59.02078
59.05618
59.13982
59.18422
59.22160
59.28016
59.30278
59.42806
59.45056
59.49856
59.64064
59.85100
59.91064
59.99092
60.10852
60.14008
60.26152
60.27412
60.30214
61.38904
62.10526
62.15644
62.41696
63.88102
64.77328
64.77568
64.99912
65.04154
65.05642
65.07130
65.07838
65.08660
65.10394
66.40936
66.85276
66.87832
66.88468
66.94366
67.08850
67.11238
67.67866
67.71100
68.65000
68.65894
68.69752
68.71168
68.74630
68.79994
69.10558
69.30976
69.31222
69.33526
69.33886
69.43894
69.63478
69.65578
69.71524
69.73456
69.78388
69.80560
69.92224
69.92932
69.96934
70.35376
70.39066
70.49428
70.55932
70.63012
70.64020
70.66234
71.01112
71.12242
71.18368
71.54236
71.69302
71.73652
71.78644
71.82916
71.84530
71.87872
71.89420
71.90998
71.96818
71.97406
72.01366
72.22126
73.57000
73.57522
73.57918
73.60534
73.66348
73.71394
73.75744
73.76350
73.77310
73.78132
73.96252
74.13214
74.13838
74.91118
74.93260
75.81958
75.83188
75.84064
75.88990
75.89890
75.92596
75.93232
76.30000
76.35838
76.37434
76.39852
76.44844
77.07112
77.10226
77.12548
78.97234
78.97978
78.98464
78.98662
78.99940
79.01122
79.02262
79.05472
79.12228
79.14178
79.20742
79.23304
79.26028
79.27438
79.28110
79.29706
79.30006
79.30858
79.37404
79.39144
79.43080
79.47748
79.54936
79.55782
79.56538
79.57696
79.72006
79.81948
79.83292
79.86076
80.00752
80.12296
80.15416
80.15674
80.30968
80.34760
80.46676
80.52238
80.72758
80.78074
80.82022
80.83642
80.92528
80.96362
80.98702
81.01972
81.11806
81.13996
81.17440
81.18388
81.19396
81.25810
81.32806
81.44170
82.35316
82.95802
83.53738
83.94094
84.13420
84.14290
84.27088
84.35788
84.86854
84.88066
84.90004
86.33566
86.37214
86.40772
86.41504
86.47768
86.49562
86.51320
86.52898
86.71864
86.73196
86.88190
86.91112
86.91796
86.93290
86.93998
86.95138
86.95624
86.96752
86.98192
86.99008
88.17220
88.18120
88.29358
88.29682
88.69900
88.71208
89.60608
89.62288
89.67742
89.69158
89.70232
89.72272
89.73526
89.78002
89.79664
89.83894
89.85226
90.44782
90.50914
90.51286
91.09240
91.11712
91.67248
91.71346
91.82674
92.10736
92.10976
92.15602
92.46958
92.47216
92.50522
92.78224
92.78932
92.82610
92.85802
92.97112
93.00016
93.03304
93.12424
93.16186
93.24646
93.29704
93.32416
93.35206
93.53206
93.53506
93.84736
93.85870
93.87106
94.75792
94.76740
94.84942
94.87900
94.92154
94.92334
94.94362
95.01538
95.03038
95.03488
95.06698
95.16622
95.17138
95.22040
95.30932
95.31700
95.32186
95.32570
96.11734
96.43792
97.21954
97.24228
97.31278
97.31908
97.32628
97.37632
97.38106
97.41454
97.44382
97.45480
97.47526
97.49296
97.53058
99.23212
99.28252
99.52114
99.53422
99.58696
99.97588
99.99748
100.01746
100.46914
101.38240
101.43922
101.55754
101.58232
103.06102
103.06360
103.07356
103.09138
103.10656
103.11292
103.12576
103.15138
103.15804
103.26022
103.32502
103.33930
103.39162
103.79122
103.85290
103.87936
104.36788
104.38426
104.68966
104.75884
104.86750
104.90866
104.91430
104.95138
105.38278
105.69646
105.87244
105.93688
105.94420
105.97618
106.02586
106.19716
107.75068
107.78512
108.03346
108.53206
108.53470
110.07844
110.08540
110.14294
110.82292
110.83342
110.87236
110.96380
111.83650
111.84940
111.85654
112.43392
112.47112
112.51564
112.62424
112.67410
112.72810
112.73860
112.74544
112.74748
112.75288
112.76002
112.76566
112.81480
112.81696
114.04750
114.07192
114.08080
114.12142
114.18088
114.18862
114.22240
114.23938
114.36754
114.43126
114.44134
114.45952
114.50194
114.50410
114.59776
114.70012
114.70756
114.72010
114.75358
114.83350
114.94228
114.95242
115.05436
115.06102
115.09390
115.36072
115.42102
115.51576
115.55842
115.72756
116.78068
116.92990
117.13570
117.16312
117.20938
117.55678
117.59506
117.65404
118.64620
119.22340
119.30656
119.32852
119.34214
120.07516
120.11476
120.91828
121.70500
121.71556
121.78732
121.83802
122.73754
122.78482
123.77122
124.64554
124.67014
124.81012
124.82218
125.31556
125.31814
125.38864
125.39626
125.41414
125.49796
125.50780
125.63032
125.64640
125.73388
125.75218
125.75644
126.02338
126.09892
126.37516
126.39418
126.39886
127.62658
127.64920
127.81552
127.83844
127.86010
127.87000
127.87960
130.54186
130.55344
130.64260
130.70002
130.70662
130.91896
133.79866
133.87480
133.88698
133.91728
134.05816
134.06410
134.42206
134.43544
134.44780
135.10030
135.22216
135.34066
135.78058
136.07830
136.09306
136.46962
136.66720
136.74874
136.76176
136.80868
136.85854
137.07502
137.18428
137.18650
137.21710
137.24380
137.28262
137.30824
137.34946
137.63314
137.65912
137.69620
137.69980
137.70640
137.77744
137.81794
138.10936
138.15802
138.21808
138.23410
139.40014
139.42486
139.43128
139.65268
140.73646
140.83024
140.84632
140.85724
141.31822
142.06486
142.08028
142.12114
142.14430
142.23286
142.26676
142.88398
142.88608
142.89298
142.90036
142.90210
142.92316
143.07034
143.08066
143.08840
143.56078
143.56804
143.64946
143.66584
143.67334
144.59608
144.60586
145.81840
145.84744
145.98250
145.99828
146.02516
146.04310
146.15524
146.19472
146.20138
147.40468
148.06384
148.08478
148.10656
148.11046
148.15696
148.20466
148.33354
148.36492
148.39468
148.41394
148.42060
148.42690
148.46878
148.47784
148.49254
148.66060
148.74730
148.76530
148.78834
148.80634
148.89562
149.04136
149.10370
149.12392
149.16280
149.17048
149.20360
149.26066
149.37730
149.45854
149.55796
150.51730
150.54052
150.55858
150.56866
150.57064
150.59152
150.59440
151.25626
151.26874
151.79230
153.16312
153.27358
153.65692
153.82858
154.70956
155.29672
155.36020
155.37028
155.38054
156.06190
156.96118
156.98830
157.00012
157.00630
157.10026
157.11208
157.15666
157.25704
157.78612
157.80160
157.87576
157.89094
157.93462
157.94794
157.96492
158.79538
158.82814
159.46906
159.50812
159.70900
159.74566
160.03240
160.43116
160.43596
160.43854
160.45618
160.45858
160.56280
160.64890
160.73110
161.26366
161.31586
161.83156
162.01216
162.02398
162.20680
162.20986
162.22858
162.45898
162.59320
162.61402
162.62836
162.66028
162.67498
162.69856
162.70336
164.43376
164.53096
164.56804
164.91136
165.22150
165.49804
165.85660
165.85846
165.98848
165.99994
166.84030
167.23138
167.23288
167.41612
167.43886
168.48514
168.59002
168.60418
168.62800
168.63268
168.71830
168.76312
168.77944
168.79360
168.86458
170.43436
170.65258
170.67376
170.69848
171.04042
171.22018
171.44086
171.45178
171.46576
171.47974
171.49912
171.54040
171.58888
171.60064
171.63874
171.70186
172.11592
172.11868
172.16716
172.19116
172.25206
172.30012
172.35208
172.90084
173.05618
173.07238
173.11552
173.11732
173.15404
173.21206
173.38390
173.40118
173.41210
173.43178
173.59096
174.04096
174.04720
174.06976
174.08332
174.09508
176.13430
176.66332
178.13368
178.29640
178.31902
178.33606
178.40206
178.59652
179.13658
179.22364
180.50068
181.28152
181.31326
181.40224
181.84804
181.85506
181.94848
182.55946
182.63674
183.04456
183.17986
183.32902
183.38500
183.64798
184.11964
184.36618
184.39054
184.42198
184.62472
184.85146
184.87516
184.88290
184.96636
185.04022
185.04928
185.09446
185.39494
185.45662
185.46694
185.47390
185.58106
185.64238
185.66086
185.72632
185.74882
185.75872
185.78182
185.79634
186.90736
189.05686
189.07894
189.13000
189.81934
189.87736
189.99010
190.06468
190.09894
190.12426
190.13560
190.23196
190.24660
190.27756
190.32406
190.40746
190.40902
191.06158
191.08024
191.58874
191.62312
191.69854
191.84086
191.96410
191.97610
191.97856
192.56290
193.61920
193.63270
193.79332
193.83358
193.86496
193.95028
193.98778
193.99630
194.11618
194.18206
194.31772
194.34436
194.35858
194.37970
194.41588
194.43940
194.71312
194.89576
195.00670
195.06046
196.19860
196.24342
197.12218
197.16748
197.21590
197.22670
197.75836
197.85382
197.85832
197.86018
197.88838
198.09196
198.79174
199.41958
199.44424
199.58314
199.63876
199.66936
199.70752
200.27176
201.04612
201.12442
201.20326
201.22300
201.26032
202.06042
202.25362
202.28734
203.21104
203.22064
203.88652
204.56374
204.61360
204.69556
204.74938
204.75328
204.79348
204.81796
204.83464
204.83944
204.85246
204.87742
204.89494
204.90190
204.90484
204.99118
205.16062
205.23586
205.25446
205.38550
205.39918
205.44448
205.70164
205.72576
205.73914
205.75300
205.75504
206.25034
206.25994
206.27092
206.27284
206.46478
206.48554
206.50186
206.51920
208.54606
208.54828
208.57162
208.57594
208.58524
208.77010
208.80598
208.83460
208.83712
208.84708
208.86208
208.98760
209.70616
210.18532
210.65614
210.66448
210.66628
210.66898
210.67906
210.70648
210.91774
210.97570
210.98896
212.28262
212.28664
212.31388
212.33842
212.38210
212.51512
213.02914
213.05668
213.07840
213.10360
213.30304
213.31162
213.32002
213.33142
213.35770
213.41020
213.46486
213.46870
213.47164
213.48238
214.26616
214.31566
214.32082
214.37416
214.38370
214.40536
214.45174
214.66144
214.71928
214.77682
214.88668
214.89202
214.89370
214.91218
214.91674
214.92358
215.92504
216.04366
216.09850
216.23650
216.24052
216.26836
216.27538
216.32446
219.80734
220.01488
220.11136
221.05798
221.10316
221.18500
221.18716
221.19850
221.24740
221.25238
221.26216
221.27128
221.29228
221.29912
221.31082
221.90044
222.40948
222.51832
222.55984
222.56164
222.64072
222.71998
224.29012
224.31346
224.37814
224.38684
224.45404
225.05248
225.10474
225.23548
225.25420
225.27328
225.27592
225.33358
226.09282
226.18606
226.24234
226.26502
226.30288
226.31482
226.36198
226.66210
227.07538
227.14342
227.17228
227.17708
227.45380
227.48002
227.51806
227.94304
228.72904
230.59126
230.62084
230.62792
230.64046
230.64940
231.78154
232.48552
232.49254
232.66516
232.67404
232.72222
233.13574
233.16646
233.21626
233.85580
233.94208
233.97328
233.97532
233.97850
234.11902
234.22906
234.23620
234.26242
234.40978
234.41542
234.42766
234.43078
234.44998
234.46894
234.49084
234.49516
234.50470
234.50962
234.55450
234.55630
234.57352
234.57682
234.58408
234.59086
234.60862
235.18342
236.23630
236.27170
236.41018
236.43214
236.43550
236.44936
236.45404
236.49814
236.60632
236.68510
236.71054
236.72998
236.73610
236.77636
236.81578
236.91094
236.92684
237.20350
237.46720
239.72764
240.76618
241.43062
241.43566
241.45702
241.51498
241.66084
241.70962
241.86088
242.67640
242.77744
242.80000
242.82148
243.06118
243.06646
243.07294
243.47818
243.56170
244.51132
244.72582
244.72822
244.78060
245.60644
245.60974
245.62702
245.70142
245.72482
245.73136
245.80882
245.86060
245.90470
246.90340
246.91912
246.92260
247.55224
247.85128
248.16718
248.56198
248.60038
248.62708
248.63008
248.66380
248.66746
248.67730
248.78428
248.98402
248.99500
249.08488
249.10444
249.13180
249.19330
249.27694
249.39748
249.43270
249.48958
249.49666
249.50980
249.51448
249.64006
249.72814
249.73594
251.21212
251.29438
252.02740
252.02926
252.07606
252.18004
252.62416
252.65374
253.66456
253.67602
253.74634
253.78384
253.88812
254.02624
254.03044
254.04178
254.48416
254.77342
254.88142
254.90980
254.92822
255.58642
257.58880
257.74258
257.74486
257.74858
257.80816
257.81602
257.83744
258.55696
258.57340
258.65794
258.76192
258.87412
259.26970
259.45186
259.52158
259.53028
259.56112
259.61266
259.61998
259.62874
259.65904
260.11954
260.27716
260.92072
260.96350
261.05692
263.62684
263.69962
263.71060
263.72440
263.75926
263.76148
263.78518
263.79616
263.83618
263.96014
264.04024
264.49876
264.51412
265.39468
266.14660
266.78044
267.73978
267.77152
268.07326
268.17256
268.19914
269.07838
269.47048
269.47654
269.48188
269.48854
269.51902
269.80900
269.81356
269.83306
269.87548
269.91232
270.44770
270.45826
270.47014
270.65164
270.68422
270.69280
271.97200
272.61178
272.97844
273.68566
273.90028
274.13344
274.15186
274.36612
274.38610
274.39456
274.40296
274.40788
274.71508
274.73908
275.45254
275.46502
275.46826
275.49808
275.51950
275.53324
276.55420
276.65272
277.26538
277.30030
277.31548
277.31824
277.32502
277.36894
277.48318
277.48852
277.51042
278.47390
279.21748
279.22012
279.22846
279.24322
279.24928
279.26302
279.27508
279.31318
279.32476
279.34312
279.34738
279.46762
279.51040
279.90454
279.95284
279.97180
280.18336
280.43680
280.47688
280.90354
282.10366
282.14740
282.15010
282.32344
282.32926
282.33328
282.33718
282.33922
282.41284
282.84118
282.85744
282.87898
282.88504
282.90652
283.26616
283.26820
283.59856
283.61698
283.74586
283.76830
283.78672
283.79536
284.03608
284.04934
284.05474
284.07820
284.37400
285.59338
285.91942
285.92848
286.72420
286.79482
286.84252
286.84456
286.86862
286.87210
286.87432
287.36062
287.76754
287.77444
287.79400
287.80570
287.85544
287.87056
287.91556
287.92150
288.44578
288.50356
289.07296
289.12054
289.54906
289.61608
289.64056
289.69294
289.78486
289.83136
289.83778
289.89976
289.94254
289.97278
289.98226
289.99108
290.02702
290.19034
290.20972
290.21806
290.41456
291.07624
291.13054
291.23158
292.36618
292.42330
294.04732
294.04996
294.05908
295.33858
295.57942
295.58590
295.63114
295.68124
296.38408
296.39140
296.43424
299.11756
299.16808
299.17498
299.35168
299.36116
299.59528
299.60020
299.62270
300.03934
300.06184
300.74056
300.80626
300.82996
300.88054
300.95716
300.96010
301.03840
301.08778
301.09120
301.12744
301.12948
301.14958
301.15516
301.15732
301.17970
301.34554
301.39972
301.52950
301.55278
301.84372
302.55346
303.03430
303.18436
303.24718
303.25912
303.26230
303.26890
303.27514
303.66106
303.66460
304.48792
305.58592
306.00892
306.29494
306.34084
307.25152
307.30174
307.45162
308.64640
308.98498
309.07438
309.07630
309.22246
309.73846
309.74836
309.77122
309.79582
309.82594
310.65208
311.00836
311.26174
311.27446
311.36368
311.63092
311.90506
311.91934
311.92654
311.95300
311.96464
312.00022
312.04450
312.07192
312.08188
312.12754
312.14296
312.38206
312.39676
312.60628
312.63568
312.96502
312.98896
313.01044
313.04608
313.06780
313.14766
313.16038
313.16434
313.17544
313.18216
313.18888
313.20160
313.36636
313.41952
314.83576
314.85166
315.04618
316.34482
316.34746
316.35694
317.10538
317.14906
317.24602
319.30882
319.43902
319.86610
319.88518
319.95844
319.96984
319.97290
319.99138
320.00992
320.82952
320.83300
320.90746
321.50488
321.53098
321.58756
321.70240
321.74710
321.91414
321.92410
321.96130
322.39480
322.40098
322.73914
322.74262
322.81726
324.00952
324.17332
324.18238
324.19306
324.52588
325.12204
325.15096
325.46782
325.51240
325.63918
326.66194
327.16732
327.17938
327.21370
327.22402
327.23668
327.24376
327.80986
327.81274
327.82792
327.92554
327.94420
328.23382
328.70242
328.70410
328.85116
329.65432
329.80888
330.13792
330.13972
330.40024
330.41134
331.84300
332.16658
332.19184
332.70640
332.74552
332.76214
333.15556
333.20344
333.21700
334.27504
334.28908
334.61812
334.63588
334.65394
335.09500
335.15038
335.16790
335.17786
335.19292
335.23684
335.28718
335.37262
335.41762
336.18268
336.69154
337.58530
337.65496
340.24234
340.25548
340.37386
340.41526
340.46824
340.48660
340.51000
340.61302
341.10814
341.12128
341.13442
341.13622
341.13784
342.29578
342.30940
342.35800
342.44062
342.45016
342.46192
342.47728
342.58330
342.70066
342.74626
343.06150
343.27678
343.33714
343.34716
343.93906
344.30446
344.40118
344.43082
344.43952
344.44138
344.45290
346.29922
346.82380
346.85662
346.89910
346.91776
346.92196
346.93690
346.96660
346.96822
346.97236
347.15362
347.15536
348.10570
348.23224
349.11730
349.12600
349.56256
349.57912
349.60438
350.33056
350.92504
350.93254
350.94502
351.43402
351.56824
351.62170
352.26640
353.28760
353.30908
353.45764
353.47144
353.47660
353.49556
353.50798
353.52898
353.91286
353.92300
354.05590
354.76096
354.77452
354.77770
355.29106
355.31482
355.50034
355.50952
355.53184
355.92160
355.92688
355.92844
355.95076
357.05974
357.08122
357.13804
357.14332
357.19672
358.06450
358.08292
359.67412
359.69938
359.75524
359.77330
359.77588
359.79670
359.81056
359.82490
359.83570
360.48706
360.54808
360.58990
361.00738
361.01686
361.04308
361.07098
363.02002
363.88336
364.02280
364.04644
364.08526
364.26748
364.29052
364.29934
364.44214
364.46668
364.48132
364.49734
364.52764
364.56466
364.57744
364.62868
364.71340
364.72666
364.73908
364.74718
365.06938
365.23804
365.25142
365.31514
365.32198
365.32636
365.34268
365.34742
365.37922
365.38210
365.59906
365.82004
365.82370
365.84314
365.84488
365.86150
365.87440
365.87896
365.89522
366.03964
366.15520
366.15946
366.16612
366.16936
366.17134
366.20314
366.20854
366.22822
367.20502
367.22686
367.23166
367.44004
368.18578
368.18998
368.23732
368.34856
368.37280
368.57842
368.61250
368.70328
368.70544
368.73520
368.74006
369.20404
370.01830
370.04236
370.06642
370.09930
370.88668
371.18830
371.22856
371.94910
371.98096
373.32232
373.45702
373.47730
373.52440
373.55818
373.74070
373.75252
373.81486
373.83742
373.85314
373.92874
373.94824
373.95784
375.19432
375.28960
375.29296
375.32788
375.34798
375.38026
375.45130
375.45322
375.46186
375.50392
375.51160
375.53254
375.69394
375.78196
376.05418
376.10080
376.11292
376.14718
376.18072
376.35874
376.40200
376.41016
376.41460
376.44934
376.45954
376.50064
376.57750
377.11984
377.65090
377.81710
377.85442
377.86450
379.65034
379.70398
379.93540
379.93732
380.33362
380.65720
382.08766
382.35040
382.43998
382.48090
383.55016
383.87920
383.90656
384.62710
384.63346
384.70918
384.72604
384.76504
385.53652
385.54786
385.68286
385.70044
385.84432
387.13966
387.18346
387.26026
387.67102
387.67672
387.69508
387.70402
387.71488
387.73240
387.74254
387.96964
387.98284
388.00504
388.18732
388.21798
388.24894
388.73722
388.87150
388.87738
389.39884
389.47474
389.53888
389.55898
389.56486
390.76534
390.77470
390.79102
390.86578
390.88864
390.89068
391.06534
392.37112
392.38288
394.38100
394.39006
394.39900
394.41958
394.42360
394.47436
394.48306
394.50502
394.59964
394.81414
394.90450
395.04478
395.04694
395.44744
396.26698
396.29374
397.96228
398.03224
398.12206
398.12470
398.14954
398.18386
398.25172
398.78920
398.80396
399.22372
399.27028
399.28780
399.31846
399.34438
399.36322
399.42508
399.44236
399.44530
399.45250
399.48040
399.48664
399.48898
399.50650
399.71836
400.65898
400.68628
400.73884
400.76638
400.78930
400.86292
401.41858
401.49922
401.50378
401.51854
402.76402
402.87172
402.87520
403.32838
404.60074
404.92294
404.95672
405.86374
406.20382
407.06080
407.67802
407.69248
407.70826
407.71468
407.71774
407.77378
407.80174
407.83864
408.40438
408.41248
408.44038
408.48064
408.53236
408.55252
408.57982
408.59908
408.60610
408.65158
408.77884
408.91036
409.15318
409.52614
409.89958
409.99828
410.52778
411.45322
413.12992
413.13634
413.40592
413.60986
413.62762
413.64040
413.64196
414.49738
415.91608
415.92688
415.95976
415.98226
416.03422
416.05216
416.07898
416.08864
416.60584
417.30814
418.81174
418.84996
418.93666
419.46886
419.50588
419.64076
419.77168
419.90392
419.91802
420.03928
420.07108
420.33232
420.50734
420.59014
420.98626
421.60588
421.62112
421.62640
421.65364
421.69228
421.70554
421.72408
421.76662
421.80370
421.88416
421.88932
421.89262
422.09992
423.51820
423.57016
423.60010
424.24822
424.25932
424.26244
424.31362
424.58506
425.03770
425.05090
425.88364
425.94580
426.13156
426.14614
426.73180
426.75364
426.77422
426.77848
426.79222
426.83734
427.21966
427.96330
428.06224
428.06782
428.07022
428.07196
429.14380
430.01998
430.02202
430.03924
430.10728
430.46290
430.46686
430.51942
430.52122
430.68346
430.74178
431.29390
431.30902
431.43118
431.49436
431.70748
431.85520
432.55660
433.06966
433.15954
433.58254
434.19268
434.31136
434.31508
434.65288
434.68462
434.94388
436.71652
436.78648
436.83178
436.87714
438.37264
438.38218
438.40582
438.80746
438.83206
439.10758
440.17450
440.18104
441.23626
441.43072
441.70246
441.82462
441.94258
441.94456
442.18582
442.39918
442.50736
442.54978
442.57510
442.85200
442.85410
442.88362
442.89784
442.89982
442.95130
442.95796
442.97662
442.98100
443.01784
443.02036
443.11642
443.12608
444.59878
444.61222
445.46938
446.05498
448.12708
448.13140
448.19344
448.20976
448.21168
448.22338
448.22584
448.25374
448.27234
448.32652
448.90738
449.10262
449.19424
449.84386
449.84644
449.86018
449.87044
449.89636
451.16482
451.17244
452.06500
452.17108
452.22304
452.71696
452.85892
452.94166
453.72010
454.27246
454.33864
454.36144
454.45750
454.52626
455.50504
455.50918
455.53690
455.57800
455.65996
455.66758
455.67046
455.67748
455.70328
457.20028
457.31218
457.46332
457.46722
457.66576
457.72702
457.75756
458.10196
458.15254
459.10654
459.66256
459.67378
459.69376
459.82870
459.87472
460.46536
460.79626
461.80120
463.80190
463.86592
463.86904
463.87306
463.88140
463.91578
464.21584
464.29480
464.29684
464.31328
464.33104
464.34040
464.48110
464.50822
464.56186
464.66878
464.68576
464.81176
464.85976
464.86636
464.88964
464.89540
465.17524
465.21010
465.59890
465.65110
465.65326
465.80350
466.98286
467.00602
467.06560
467.55424
467.61712
469.14820
469.24498
470.28544
470.86228
471.82366
472.00000
472.85590
472.86874
473.13970
473.17264
473.17672
473.19256
473.41888
473.42404
473.43910
473.48236
473.70586
473.71396
474.63754
474.72046
474.73294
475.32886
475.38232
475.41328
475.49806
475.52242
475.54732
475.70302
476.05162
476.08318
476.17288
476.18500
477.24748
477.40072
477.43738
478.39810
479.49118
479.52088
479.54452
479.55028
481.00720
481.02280
481.04134
481.06480
482.60572
482.85658
483.45202
483.47614
483.57616
484.38598
484.48564
484.91032
484.93126
484.95526
484.97122
484.99672
485.01034
486.18352
486.28600
486.77218
488.91388
489.82150
489.82486
489.83608
489.89764
489.98998
490.02280
490.81486
490.83610
490.91668
491.93116
491.94760
492.17728
492.19630
492.32608
492.35770
492.39418
493.43974
493.44526
493.50400
493.58962
493.70524
493.72150
494.03932
495.18154
495.42418
495.42718
495.53692
495.58876
495.61036
495.62992
495.70810
495.72916
495.81298
495.82630
495.87946
495.97306
496.03018
497.01382
497.05570
498.32566
498.33232
498.60940
498.76036
498.76288
498.79324
499.33864
499.35184
499.36642
499.49890
500.87014
500.87566
500.91454
501.03526
501.08560
501.23872
501.92140
501.95344
502.37884
502.41148
502.43284
502.44424
502.51924
502.62466
502.64686
502.75474
502.76092
503.10724
504.02320
505.09690
505.19800
505.34518
506.71402
506.72020
506.74090
507.15550
507.17110
507.19408
507.19576
507.53212
507.67900
507.69100
507.81010
508.05250
508.08634
508.49824
508.71790
508.86916
509.24632
509.83174
509.87146
510.61654
510.62272
510.65242
510.65890
510.69064
511.39966
511.44274
511.45258
511.48768
512.65396
512.73286
512.78404
513.06028
513.06334
513.27808
513.29734
513.30298
513.30526
513.30730
513.32440
513.49630
514.55140
515.22958
515.35144
516.34414
516.35590
516.37306
516.40702
516.41620
516.48076
516.49552
516.60574
516.61162
516.61738
516.62782
516.94474
517.60426
517.80970
518.34346
518.34916
518.37154
518.78614
518.80402
518.85232
518.85958
518.90638
518.94850
519.04432
519.04666
519.15862
519.20182
519.25528
519.30076
519.33706
519.34186
519.37948
519.51472
519.54058
519.61840
519.63808
519.64456
519.94756
520.06360
520.51456
520.53004
520.54288
521.22694
521.90332
521.91988
521.95216
521.97688
522.11692
522.13636
522.14308
522.17416
522.17920
522.25486
522.26488
523.50442
524.06146
524.08456
525.01840
525.02170
525.10570
525.10744
525.14164
525.14482
526.63072
527.46484
527.47426
528.09334
528.31282
528.57256
528.62974
528.69298
528.70048
528.71032
528.76708
529.96096
529.97884
530.01772
530.03422
530.12188
530.18218
530.19058
530.19874
530.20894
530.21356
530.27266
530.28280
530.29852
530.31454
530.35186
530.79604
530.80468
530.84296
530.87626
530.89096
530.92846
530.93920
531.24088
531.28846
531.32008
531.37120
531.40072
531.42766
532.58740
532.62958
533.00470
535.08652
535.10260
536.21296
536.21506
536.55652
536.63536
536.65708
536.68126
537.01174
537.04432
537.05062
537.17878
537.19474
537.22300
537.29068
537.49594
537.71182
538.44328
538.53298
539.16994
539.23030
539.24242
539.58910
539.66680
539.68330
539.72746
540.66220
540.73684
540.76042
540.83626
540.95968
540.97750
541.02916
541.05994
541.17898
541.18876
541.22776
541.23688
541.27366
541.31260
541.33048
541.35214
541.35742
541.41436
541.50064
541.57708
541.86850
542.78008
544.72006
544.72192
544.80466
544.90702
544.92820
544.95694
545.81860
547.45288
547.46458
549.11818
549.12280
549.13912
549.17926
549.22438
549.30388
549.30982
549.86440
550.98334
551.05486
551.17948
551.21140
551.35678
551.36374
551.37958
551.45986
551.49496
551.51992
551.66350
552.04720
552.10630
552.19954
552.23494
552.50260
552.86890
552.93214
554.49196
554.81872
554.84332
554.87782
555.61594
555.68026
557.03998
557.10940
557.90332
558.25324
558.39760
558.42442
558.42742
558.43126
558.45262
558.50404
558.51082
558.51388
558.51580
558.52132
560.33506
560.38510
560.41408
560.43634
560.44930
560.49394
560.49736
560.52082
560.55520
560.77480
560.79772
560.80360
560.81578
560.83312
561.02764
561.51562
562.38496
562.40806
562.45078
562.46302
562.46860
563.37634
563.39986
563.49490
563.49844
563.50264
563.51362
563.54224
563.55868
563.62720
563.65930
563.67262
563.67484
563.71198
563.74888
563.77570
563.83906
563.85328
563.85664
563.88580
563.90026
563.93050
563.93974
564.06304
564.89680
564.91312
565.54660
565.80448
565.84780
565.85662
565.86952
565.91374
565.93186
565.98214
566.11300
566.13664
566.16700
566.17444
566.17924
566.19478
566.20246
566.24992
566.26150
566.97874
567.37762
567.49120
567.54046
569.64586
569.65132
569.65540
569.66494
569.78752
570.01594
570.05164
571.58764
571.72300
572.33188
573.20704
573.21202
573.22588
573.29338
573.30538
573.66130
573.68788
573.94450
573.96022
573.96400
573.97324
573.97870
574.10008
574.12726
574.37278
574.39636
574.41952
574.79950
575.85682
575.87440
575.87752
575.94352
575.99446
576.00808
576.01540
576.02416
576.02932
576.05380
576.23500
577.16992
578.27878
578.31364
578.32252
578.35720
578.42158
578.43652
578.46184
578.59846
578.61760
578.63752
579.41218
579.42886
580.05658
580.07884
580.13440
580.31950
580.40548
581.21614
581.29978
581.32174
581.85016
582.30724
583.40146
583.40764
583.40944
583.42522
583.44016
584.51806
584.56912
584.68666
584.68996
584.69560
584.71438
584.85406
584.87884
584.95390
585.01396
585.03556
585.05008
585.05248
585.41614
586.11532
586.13380
586.14094
586.14748
586.15480
586.18702
586.41718
586.45570
586.45972
586.48900
586.49164
586.51078
586.54594
587.12638
588.59218
588.61438
588.65800
588.77704
588.92482
589.71520
589.98058
589.99204
590.08846
590.22934
590.27290
590.29558
590.31400
591.83476
591.87238
591.90208
591.94762
593.86636
593.88874
593.89234
593.90290
593.92024
593.93302
593.97052
594.00514
594.00826
594.01306
594.83548
594.86296
594.87670
594.88744
594.89134
594.90064
594.93904
594.99910
595.01098
595.10092
595.11898
595.13692
595.58500
595.59244
595.59748
595.63516
595.92526
595.92838
595.93072
595.93786
595.94014
595.94428
595.94662
596.17084
596.42950
596.45032
596.48752
596.59960
596.61502
596.67784
596.69452
596.71210
596.76844
596.79454
596.82508
596.83732
597.48436
597.53266
598.19896
598.24192
598.71004
598.71478
598.73722
598.79416
598.79668
598.86520
599.27578
600.61522
601.00768
601.16884
603.08446
603.11230
603.13414
603.14476
603.16390
603.17590
603.20758
603.21598
605.13364
607.19212
607.44010
607.88182
607.90474
607.92640
608.15074
608.23732
608.39716
608.39974
608.77024
608.77360
609.33358
609.38410
609.41260
610.97290
610.97728
610.99216
611.17138
612.25216
612.27076
612.75994
613.83808
613.85398
613.87270
613.87450
613.88368
616.19074
616.19272
616.20064
616.21660
616.24024
616.24336
616.28068
616.54600
616.65760
617.14366
617.17558
617.23252
617.29084
617.31028
617.34622
617.37286
617.38396
617.38990
617.41618
617.47666
617.56936
617.57596
617.59132
617.60842
618.35224
619.15300
619.27702
619.31398
619.33354
619.33900
619.40470
620.64388
620.66260
620.67430
620.81002
620.81830
621.21292
621.25204
621.25456
621.26740
621.27046
621.33988
621.40024
621.52990
621.54166
621.59626
621.61408
621.61660
623.37736
623.37940
623.38678
623.76460
624.50116
625.48492
625.54684
625.60516
626.57440
626.60242
626.66782
626.72656
627.58378
627.61210
627.69838
627.70198
627.90658
628.04692
628.04926
628.08766
628.11862
628.15954
628.16164
628.16656
628.17148
628.19386
628.32820
628.33294
628.36024
628.46680
628.49056
628.49836
629.95780
629.99776
630.00784
630.65344
630.67024
630.67510
630.92716
630.93130
630.93730
630.94474
630.96028
630.96484
630.97354
630.98776
630.99784
631.00204
631.00828
631.11142
631.11988
631.15594
631.22326
631.22554
632.76706
634.12852
634.21174
634.30096
634.31728
634.35964
634.51330
635.72686
635.73250
635.78386
636.00364
636.01024
636.02260
636.14182
636.18610
636.27130
636.34072
637.36822
637.59160
637.60912
638.40988
638.47828
638.49832
639.44596
639.57778
640.31644
640.47400
640.49500
640.55908
640.58266
640.60702
640.62562
640.98358
641.29786
641.56546
641.62756
641.66206
641.66410
641.70814
641.89126
641.92714
641.92900
642.01948
642.02872
642.03352
642.11416
642.13954
642.14140
642.17110
642.20908
642.27070
642.28666
642.31816
642.36604
642.41482
642.42832
642.54310
642.60250
642.61444
642.61720
642.65236
642.68860
642.69694
642.70924
642.71176
644.42158
644.44426
644.45338
644.46316
644.46838
644.51134
644.67394
644.69686
645.06910
645.11326
646.09312
646.10134
646.52812
646.89550
646.91248
646.91764
646.95298
647.64868
647.69878
647.70898
647.73118
647.76424
647.79022
647.79928
647.92960
648.08032
648.10990
648.11578
649.49578
649.50892
649.77508
649.78102
649.85686
650.57122
650.65858
651.18610
651.21472
651.76498
652.14418
652.72270
653.16664
653.18494
653.19046
653.23246
653.46310
653.46550
653.46970
653.54074
653.55304
653.61316
653.61562
653.62276
653.75914
653.80792
654.13336
654.13576
654.13906
654.32974
655.60684
655.60858
655.64512
657.09490
657.18544
657.20212
657.70162
657.77830
657.81256
657.81526
657.98842
659.28112
659.29096
659.30722
659.33572
659.38516
659.42704
659.46472
659.61088
659.61706
659.70706
660.46180
660.48592
662.42380
662.43388
662.48440
662.50072
662.77456
662.82286
662.88940
662.95984
663.00622
663.32044
663.37318
663.37690
663.79000
663.84520
664.10170
664.21276
664.23082
664.24192
664.27426
664.28686
664.47802
664.48420
665.42806
665.86738
665.93950
666.30772
667.80844
668.65384
668.90416
668.91766
669.60754
669.75856
669.78052
669.79666
669.80656
669.82312
669.82648
669.84490
670.39492
670.39810
670.49644
670.58632
670.59268
671.12818
671.90020
671.93968
671.99296
673.69684
673.71148
673.72558
674.34010
674.35792
674.84590
674.88196
675.24706
675.67978
675.71986
675.73630
675.93538
676.43278
676.74514
676.95466
678.25522
678.46036
679.09822
679.14958
679.39930
679.75462
679.80172
679.80538
679.81846
679.82824
679.83790
679.84894
679.85944
679.86316
679.87468
679.89574
679.92490
680.15560
680.66128
680.67154
680.74990
680.77336
682.55728
682.56064
682.56568
682.57498
682.73590
682.74466
683.09788
683.10928
683.14606
683.81230
683.84380
683.86330
683.89600
683.92366
684.42652
684.47662
684.48616
684.49660
684.50008
684.50548
684.55798
684.56716
684.60064
684.66238
684.67000
684.68632
684.70372
684.81868
684.82690
685.32490
685.33882
685.72558
686.06266
686.07274
686.07934
686.08804
686.26972
686.31736
686.33830
686.47732
686.61742
686.62096
686.62630
686.64856
686.66764
686.67892
688.36024
688.38658
688.39618
688.42150
688.53802
688.68382
689.36602
689.50738
689.53990
690.65200
690.79936
692.82232
692.84962
693.94672
694.42072
694.55374
694.68634
694.70080
694.70506
694.80472
694.81426
694.86034
695.02858
695.08930
695.21518
695.54332
695.59846
697.84744
697.91896
698.56096
698.58922
699.58012
699.64168
699.67018
699.69388
699.69958
699.98200
700.01722
701.76226
702.18988
702.19168
703.23946
703.42576
704.57134
705.08344
705.67498
705.68140
705.71056
705.72418
705.78796
705.80608
705.81466
705.81952
705.94330
705.96682
705.98722
705.99406
706.02478
706.05076
706.16728
706.18288
706.26448
706.70284
706.71178
707.12680
707.13076
707.17012
707.22334
707.26342
707.28772
707.57152
707.57626
707.58466
707.59516
707.59678
707.62294
707.72236
707.75740
707.77210
707.79124
707.79478
707.79664
707.84854
707.86444
707.88574
708.64162
708.68374
708.68866
709.75510
709.80256
709.85668
710.14684
710.44906
710.45218
711.39694
711.40960
711.42106
712.15042
713.15644
713.21182
713.22598
713.42458
713.46190
713.55976
713.56420
713.57410
713.58952
713.63842
714.43810
714.92740
714.93268
716.10490
716.12122
716.22964
716.47120
716.48470
716.51098
716.66128
716.67034
716.70076
716.70538
716.77744
716.79280
717.01210
717.31354
717.40588
719.06032
719.08006
719.09092
719.28016
719.29396
719.38570
720.35794
720.38824
721.26514
721.33108
721.41052
721.41886
722.19010
722.35732
722.36554
722.57842
722.58328
722.58766
723.70894
724.63522
724.86004
725.14150
726.25054
726.29434
726.31642
726.36196
726.38020
726.40654
726.43630
726.49846
726.50338
726.56662
727.35442
727.72816
728.09440
728.11318
728.18902
728.28340
728.79598
728.96356
729.13216
729.21556
729.38578
729.73876
729.80032
729.85630
729.86476
730.27150
730.28350
730.43614
730.46668
730.58338
730.59964
730.60426
730.62286
730.64878
730.65064
730.66348
730.88224
732.11956
732.34510
732.35476
732.77284
732.80932
733.19068
733.27378
733.28140
733.30186
733.33600
734.19778
734.21302
734.24926
734.29510
735.05656
735.06412
735.80386
735.84142
736.96156
738.06034
738.10144
738.16714
738.40222
738.41968
738.44278
738.54376
738.58948
738.67780
738.78616
738.88360
738.89464
738.89692
738.90892
739.00882
739.12276
739.14046
739.15690
739.16800
740.01028
740.55562
740.56432
740.56726
740.57278
740.62522
740.67520
740.67814
740.68030
740.73298
740.76292
740.76532
740.77420
740.78260
740.79466
740.82436
740.82682
740.84500
740.84674
740.85418
740.85748
740.87284
740.88040
740.88922
740.98852
741.10696
742.38988
742.44286
742.74028
742.76074
742.78666
742.82338
742.82908
742.86562
743.09896
743.12098
743.13514
743.16898
743.48554
743.52238
743.59780
743.64412
744.59956
744.94492
744.96178
745.11214
745.11442
745.12456
745.12684
745.63600
745.68244
745.68538
745.73692
745.76884
746.13070
746.59900
747.22990
748.12870
750.00226
750.17590
750.18904
750.53440
750.57844
750.74566
751.75366
751.79068
752.43028
752.45662
752.51974
752.52184
752.56168
752.59042
752.63386
752.78650
752.80696
754.73992
755.02288
755.57896
755.58736
755.60098
755.96104
756.52486
756.61306
756.66724
756.67894
756.70900
756.73642
756.74296
756.75652
756.76252
757.06582
757.08562
757.09834
757.12804
757.15264
757.18408
758.05420
758.10904
758.79082
758.79970
759.36478
759.74176
760.02514
760.25788
760.36816
760.42108
760.43164
760.43596
760.44514
760.46434
760.46782
760.48846
760.55704
760.64950
760.68406
760.71418
760.72864
761.30704
761.33056
761.39632
761.42236
761.44894
761.45848
761.77786
762.54628
763.02778
763.04620
764.27146
764.27722
764.40346
764.40760
764.65906
764.66632
765.88942
766.42096
766.98904
767.41210
767.41762
767.86108
767.89480
768.73948
768.74920
768.75832
768.81172
768.81430
769.13938
769.16896
769.18180
769.20622
770.23726
770.25820
771.51382
771.69754
771.78778
771.83602
772.06786
772.37338
772.38034
772.40536
772.44502
772.46614
772.51000
772.52728
772.56394
772.58830
772.61086
772.61926
772.65490
773.21578
773.57080
773.66602
773.79592
773.79808
773.80708
775.00144
775.06324
775.59970
775.70974
776.61898
777.11698
777.17494
777.18634
777.20356
777.22792
777.27994
777.61300
777.65290
777.69226
777.73054
777.74320
777.78424
778.83742
778.85638
778.87798
778.99366
779.00920
779.73868
780.27418
780.27754
780.28834
781.14970
781.26250
781.85158
781.92742
782.42746
782.47648
782.49136
782.59060
782.63374
782.79820
782.87968
782.88802
783.07414
783.22462
783.23176
783.24520
783.69778
783.74026
783.82228
784.09114
784.15138
785.93068
786.17392
786.17710
786.89878
787.22446
787.71832
787.72024
787.90186
787.95880
788.03278
788.14180
788.20954
788.21182
788.21350
788.23864
789.30568
789.32242
789.37240
789.41932
790.14796
790.68478
790.68688
790.69576
790.80412
790.81456
791.48050
791.50258
791.50486
791.53762
791.55958
792.33472
793.30558
793.34176
793.35784
793.37794
793.97506
793.98778
793.99882
794.00338
794.04340
794.15392
794.28748
794.30752
794.32348
794.33380
794.34298
794.35042
794.36590
794.38372
794.38606
794.40700
794.41534
795.28294
795.62290
795.62668
795.65548
796.33492
796.34194
796.35340
796.95022
796.98712
797.63218
797.73214
798.53488
798.57130
799.16848
800.04874
800.06116
800.08408
800.08702
800.12224
800.90914
801.02008
801.53824
802.17136
802.20172
802.48312
803.60770
803.64130
803.68492
803.71126
803.71702
803.78092
803.92570
804.62980
804.73780
804.74224
804.81382
804.89974
804.92092
804.95890
804.98362
805.08892
805.12540
805.15378
805.16236
805.35226
805.37512
805.53526
805.54600
806.16922
807.80968
808.42780
809.33056
809.35462
809.86438
809.88346
810.64198
810.68068
810.68620
810.70738
810.76060
810.96754
810.98764
811.00252
811.05502
811.06762
811.07290
811.07962
811.08706
811.13410
811.13824
811.18456
811.78372
811.80328
811.81486
811.83664
811.85800
811.88992
811.92322
811.95334
811.95514
812.12878
812.13472
812.14168
812.14888
812.17408
812.80630
812.82142
812.84482
812.87698
812.88778
812.94910
812.95438
812.96746
812.97052
812.97490
812.98078
812.98516
813.11728
813.12850
813.22120
813.37066
813.39802
813.41152
813.42796
813.45298
813.46060
815.77552
815.79724
815.81104
815.85304
815.86720
815.88502
815.89540
815.97802
816.00958
816.01174
816.02068
816.02806
816.21220
816.55090
816.62512
817.11004
817.64710
817.66606
817.76104
817.76356
817.80610
818.00410
818.25406
818.26828
818.30560
818.32444
818.32624
818.34316
820.19884
820.20562
820.22290
820.40116
820.51006
821.25004
821.32672
821.32996
821.67010
821.74624
821.74828
821.75524
821.79490
821.95312
822.70246
822.71014
822.79114
822.94450
823.28464
823.83034
824.52142
824.87596
824.91322
824.91544
824.94256
825.73864
827.02012
827.06722
827.31910
827.49592
827.59660
827.59870
827.69968
827.90866
827.94382
827.98510
828.04450
828.35332
828.35674
828.39502
828.41746
828.43486
828.44476
828.46186
828.65044
828.67516
828.69082
828.70228
828.98542
829.35862
829.36318
829.40656
829.41424
829.43272
831.03832
831.56044
831.57622
831.66964
831.79810
831.80872
831.81346
831.94096
831.95044
831.96826
832.10902
832.72408
832.74286
832.74754
833.60086
834.63778
835.68898
835.99210
837.11416
837.16294
837.16948
837.17338
837.30880
838.58098
838.59394
838.72006
838.87576
839.04868
839.21086
839.46736
839.70490
839.71114
839.74186
839.98840
840.02866
840.06022
841.36186
841.39636
841.44520
841.51234
841.57060
842.19808
842.56564
842.57230
842.58418
842.84560
842.86438
843.36586
843.43426
843.61036
843.80038
843.80992
843.84550
844.30996
844.42222
844.83784
844.84600
844.95016
845.10670
845.11036
845.14624
845.15290
845.26588
845.27560
846.23314
846.24418
846.25612
846.30730
846.34288
846.38392
846.39406
846.40582
846.41278
846.44986
846.59908
847.86880
847.98922
848.00758
848.01142
848.02426
848.03416
848.06512
848.51806
848.52028
849.41692
849.45598
849.51400
849.52594
849.54580
849.57310
849.58168
849.58480
849.62158
849.68038
849.68800
850.03222
850.16914
850.61404
850.70458
850.83934
851.07724
851.13826
851.15938
851.18818
851.20468
851.22916
851.25418
851.25610
852.72838
852.75082
852.76066
853.46788
853.52080
853.56388
853.62862
853.68274
854.60104
856.13218
856.18672
857.11978
857.35696
857.64880
857.68648
858.51064
858.77668
858.90202
859.25638
859.80502
859.81426
860.11306
861.12670
861.28144
861.75874
861.82324
861.87094
861.88348
861.95578
861.96256
862.04608
862.09228
862.10734
862.11232
862.12048
863.11060
863.26036
863.26984
863.28208
863.28988
863.31154
863.37058
863.39008
863.39278
863.42086
863.46250
863.53852
863.54182
863.58952
863.67862
863.82148
863.83288
864.05158
864.80656
865.02550
865.13884
865.20244
865.61008
865.66300
865.71478
865.84384
865.87318
866.39038
866.46274
866.49106
866.51902
866.52940
866.54086
866.54524
866.56252
866.67772
866.72332
866.76292
867.26134
868.07980
868.24978
868.49938
868.57564
869.09062
869.43028
869.48158
869.77084
869.78116
869.81032
869.81224
869.86720
870.67984
870.81310
870.88558
871.23130
871.50046
871.70158
871.80754
871.88680
871.88842
871.90126
871.91698
871.98490
872.08834
872.29882
872.93938
873.18058
873.18970
873.26224
873.27544
873.28144
873.28528
873.32122
873.32620
873.34642
873.65464
873.66238
873.66856
873.76396
873.82336
873.83962
873.86746
873.98128
874.00624
874.02448
874.09132
875.13988
875.22052
875.25982
875.62084
875.83102
875.98360
876.41320