0.02764
0.98524
0.98902
0.99496
1.00804
1.22398
2.07022
2.14666
2.18740
2.30548
2.30746
2.35882
2.37214
2.73022
2.74162
3.11842
3.33958
4.36486
4.37332
4.50682
4.52290
4.53490
4.56634
5.70070
5.72800
5.84368
5.93140
6.07342
6.11752
6.37744
6.86518
7.02340
7.17430
7.18768
7.28572
7.30162
7.45996
7.69444
8.38006
8.38210
8.39464
8.42416
8.45122
9.05362
9.06874
9.07138
9.08896
9.09178
9.10576
9.10792
9.53398
9.55600
9.97318
10.03936
10.71934
11.18962
11.21656
11.22964
11.23834
11.24914
11.64334
11.67466
11.67862
12.88966
13.01956
13.05016
13.25092
15.29464
15.33382
15.90430
16.54768
16.71148
16.75534
16.84450
16.89118
16.96786
17.12692
17.18896
17.19946
17.56282
17.58262
17.87932
17.90164
17.90482
17.94880
18.17512
18.19642
18.26422
18.28858
18.37762
18.37936
18.39382
18.51892
18.52660
18.54946
18.95644
19.04320
19.75972
20.14432
20.66626
20.70472
22.06102
22.09954
22.59448
22.62712
23.43190
23.44456
23.67850
23.73052
23.80534
24.90712
25.22578
25.37212
25.40212
26.74636
27.16336
27.32266
27.63040
28.45408
28.55452
28.59886
29.35198
30.82792
31.94920
31.96636
32.88604
33.91696
34.45630
34.49014
37.09336
37.28584
37.28854
37.88338
37.95658
38.03104
38.10316
38.13610
38.16064
38.17618
38.24380
38.35300
38.41444
38.53066
38.77282
38.79076
39.08056
39.21658
39.39118
39.40480
39.41740
39.41992
39.42304
39.79786
39.80374
39.94312
40.31032
40.37164
40.51474
41.54404
41.56528
41.60812
41.61568
41.62804
42.49576
42.50584
43.00384
43.01542
44.23588
44.27590
44.75200
45.44824
45.47332
45.49720
45.91564
46.59340
47.61550
47.77636
47.81470
47.83216
47.91238
48.00388
48.00694
48.02062
48.16936
48.26056
48.65704
49.03030
49.16782
49.18792
49.21498
49.23028
49.26388
49.51132
49.52098
49.52980
50.66644
50.67442
51.46312
51.49750
52.15102
52.17082
52.50796
52.75426
52.76848
53.06110
53.09692
53.11426
53.16466
53.23978
53.27122
53.31190
53.45896
53.46826
53.51860
53.53582
54.07582
54.07804
54.08152
54.14932
54.37804
55.29178
55.30870
55.88890
55.89244
56.10430
56.10628
56.14516
56.16790
56.18878
56.67334
57.58648
57.59272
57.60166
57.63778
57.64264
57.85936
57.89380
58.73320
58.78000
58.78738
58.80040
58.84966
58.97662
59.01346
59.64970
59.69332
59.89858
59.90242
59.95528
60.23998
60.35710
60.42562
60.44416
60.81418
60.82330
60.82738
61.32430
61.43812
61.90756
61.94998
62.01256
62.73208
62.73808
62.74186
63.22294
64.50166
64.84762
65.23954
65.26474
65.26768
65.27296
65.33140
65.85652
66.41218
67.80874
68.37340
70.06360
71.52460
72.01576
72.39700
72.42118
73.61080
73.61956
73.63414
73.63822
74.02444
74.81896
74.85892
75.03220
75.48856
75.50266
75.50956
75.73870
76.27894
77.01640
77.08270
77.54182
77.95066
78.48178
78.50428
80.46880
81.46798
81.50188
81.64192
81.85504
82.06468
82.13146
82.17550
82.22596
82.31680
82.32910
82.33546
82.34200
82.37908
82.38286
82.45936
82.53700
82.55722
82.59238
82.86856
82.87036
83.13112
83.18434
83.19832
83.29222
83.29594
83.30254
83.30530
83.34874
83.57566
83.58604
83.59660
83.65624
83.71168
83.72818
83.91910
83.93824
83.94376
84.15076
84.33322
84.62968
84.64462
84.65980
84.73648
85.78696
86.23468
86.25346
86.28400
86.28820
86.40454
86.43862
86.90452
88.70440
88.72228
88.73920
89.59426
89.83738
89.84482
89.85010
90.30190
91.63870
91.67926
91.68568
91.73956
91.92982
92.16400
92.17636
92.18308
92.33098
92.46964
92.57974
92.58160
92.70364
92.82454
92.83852
92.99374
92.99980
93.10744
93.59992
93.67036
93.81130
95.39188
96.36946
96.37174
97.19254
97.20232
97.56118
97.57018
98.54050
98.54314
98.55034
98.56372
100.69912
100.72918
101.89282
102.33970
102.40618
103.52938
103.54930
103.85932
104.14060
104.18950
104.19370
104.24692
104.29384
104.31346
104.33728
104.39326
104.56270
104.56480
104.56630
104.57836
104.63086
104.64742
104.84368
105.05380
105.30514
105.37414
105.60334
105.71116
105.71692
105.80464
105.82138
105.97042
106.00828
106.10866
106.17952
109.82668
110.37412
110.41546
110.42566
111.14362
111.19390
111.36664
111.37660
111.77392
113.48392
113.51542
113.52886
114.36994
114.51994
114.87364
115.28914
115.33438
115.34296
115.42588
115.46854
115.65670
115.93048
115.93372
115.94194
116.00968
116.01712
116.02630
116.14306
116.14834
116.16316
116.72818
116.84032
116.84686
116.85436
116.94352
116.94754
117.02944
117.03316
117.29494
117.30094
117.30400
122.17702
122.92132
124.69762
124.71946
124.75456
125.08486
125.23780
125.26534
127.36852
127.38646
127.94188
128.97010
128.98642
129.81820
129.82474
129.85018
130.77148
130.77436
131.29246
131.29864
132.35542
132.37954
132.95080
133.49626
133.83946
134.39680
135.63010
136.19356
136.55326
136.57132
136.60126
136.63222
137.28898
137.36248
137.49850
137.60194
137.61172
137.66980
137.69548
137.78446
137.79892
138.04108
138.29254
138.36298
138.43966
138.53296
138.55558
138.83986
138.86608
138.87802
138.89590
138.94990
138.97876
139.11604
139.15444
139.15990
139.23016
139.58320
139.64872
139.66732
139.67704
139.83310
139.85632
142.79944
142.80562
143.67394
143.70892
144.30946
144.89974
144.90448
144.90724
144.90880
144.93688
144.96748
145.53988
145.58152
146.08132
147.43228
147.45544
147.47200
148.18840
148.23562
148.28302
148.42468
148.45150
148.46932
148.47850
148.52626
148.53076
148.53520
148.53928
148.55806
148.69312
148.69498
148.71856
148.72162
148.72540
148.75402
148.82506
148.83034
148.90006
148.94320
149.08966
149.14936
149.47966
149.48392
149.56594
149.57908
149.58358
149.61982
149.62582
149.65354
149.66554
149.71648
149.73316
149.84662
149.87404
149.90998
149.92708
149.94640
150.14194
150.22450
150.72310
150.72898
150.74356
152.39416
152.64766
153.79906
153.81184
153.82162
153.84526
154.52536
154.96060
154.97902
155.69872
155.73298
155.89690
157.33678
158.09140
158.10802
158.11162
158.69836
158.72182
158.73532
158.75734
158.98060
159.46948
159.58126
160.41622
160.44868
160.64578
160.73536
161.33944
161.35366
161.37370
161.50690
161.52652
162.71590
162.73108
162.73522
163.19170
163.19896
163.20130
163.59100
163.59784
164.72662
164.74228
164.74918
164.92438
164.98792
164.99050
165.70948
166.73230
166.73884
168.22360
168.90064
168.92266
169.05100
169.06828
169.12432
169.26724
169.27714
169.44274
169.46422
169.55230
169.78540
170.13712
170.26300
170.92276
171.54226
171.63874
172.20652
172.42618
173.27272
173.29738
173.31922
173.32618
173.35954
173.36374
174.22798
174.24778
174.25636
174.26512
174.27592
174.29110
174.59644
174.61222
174.64402
175.17724
175.18240
175.19014
175.80472
176.01172
176.01790
176.57416
176.62162
177.18868
177.19732
177.20602
178.82290
179.03314
180.08050
180.15682
180.18436
181.04416
181.07098
183.00136
183.38158
183.41368
185.22016
185.25346
185.28364
185.98306
186.98122
187.65574
187.67656
187.68070
188.40562
188.41072
189.08500
189.11212
189.12844
189.39958
189.49552
189.52324
190.55278
190.60342
190.82080
190.84582
190.84978
190.85950
191.15722
191.22088
191.22634
191.24344
191.48638
191.73028
191.90752
191.97022
192.13030
192.15910
192.23020
192.23548
192.31444
192.35734
192.39028
192.59392
192.59938
192.91750
192.93574
193.00750
193.08448
193.11442
193.27774
193.32184
193.69060
193.69282
193.69486
193.70236
193.71100
194.55652
194.57200
194.57674
194.59078
194.97214
195.49588
195.51634
195.53002
196.85416
196.86370
196.88380
197.46850
197.48422
198.43084
198.60448
198.61186
198.63100
198.69070
199.11538
200.50630
200.82892
200.83996
200.85358
201.24928
201.27832
201.37624
201.38884
201.46270
201.47338
201.48010
201.55678
201.68812
201.69394
201.81340
201.86998
202.10716
202.19002
202.60978
202.70146
202.78066
202.79014
202.92442
203.01442
203.83276
204.22882
204.25174
205.24912
205.52212
207.24586
208.80178
208.81360
208.83382
208.83970
208.91986
210.19078
210.19552
210.19942
210.23452
210.86392
210.90202
210.91306
211.34998
212.04664
212.07268
212.26366
212.26654
212.28196
212.28826
212.41060
212.41276
212.43352
212.48572
212.49742
212.51008
212.51428
212.56036
212.72356
212.73928
212.91766
212.92714
212.93206
212.94130
213.01792
213.04594
213.04786
213.41542
213.42052
213.42994
213.44548
213.68638
213.70450
213.74446
213.76228
213.89350
213.94120
213.96208
214.09654
214.17760
214.19212
214.24336
214.25092
214.59484
215.37628
215.88016
215.88856
215.91178
216.53620
216.56356
216.57676
216.57934
216.58438
217.06930
218.62180
218.62546
218.63086
218.64496
218.70742
220.31806
221.04922
221.30584
221.32936
222.09112
222.10336
222.12178
222.14062
222.17332
222.22102
222.23356
222.26104
222.26698
222.49414
222.50044
222.53986
222.58378
222.69454
222.73384
223.06084
223.43398
223.47676
223.51786
223.67188
223.67386
223.74406
223.76200
223.85926
223.87438
224.87218
228.19018
228.93802
228.98806
229.86172
229.89580
232.36504
232.53058
232.55404
232.56808
233.09428
233.61592
233.61868
233.63782
233.65402
233.67664
233.71714
234.26176
234.83350
234.84946
234.91456
234.94012
235.24222
236.70016
236.70526
237.29836
237.31750
237.32890
239.65996
240.19636
240.22288
240.94180
241.08058
241.67074
241.83766
241.87066
242.31754
243.19516
243.20980
244.51630
244.53226
245.18446
245.19364
245.29240
245.29930
245.34754
245.67694
245.70400
245.70958
245.72764
245.72986
245.98432
246.06718
246.07114
246.07408
246.07648
246.09736
246.15082
246.48796
246.56512
246.57712
246.75904
246.80230
246.96496
247.04842
247.14490
247.15138
247.18438
247.23610
247.24504
247.43824
247.82860
247.86544
247.96816
248.05144
248.17954
248.52964
248.62348
248.62528
248.63848
248.64550
249.47590
249.75622
249.76372
249.78520
250.43656
250.44034
250.44328
250.46656
251.30134
251.36380
251.38102
251.80540
251.89108
252.34324
252.37138
253.99480
254.60884
254.63896
255.33664
255.34066
256.27384
256.28170
256.51780
256.54006
256.59316
256.64044
256.64758
256.94062
257.00764
257.22628
257.24734
257.30740
257.41768
257.47996
257.53474
257.54374
257.60758
257.62036
257.63764
257.68702
257.90002
257.90914
257.92474
257.95186
257.97016
257.97388
258.18634
258.47170
258.55006
258.55438
258.84838
258.96514
258.97120
258.97882
259.76260
259.76854
260.67532
260.69632
261.63094
261.68356
261.91252
261.91426
262.80688
262.82656
263.84152
264.32188
264.36736
264.59512
265.24552
265.29814
265.34212
265.48744
265.52686
265.53142
265.54546
265.58134
266.65132
266.66836
266.79244
267.13552
267.13936
267.17224
267.23254
267.57892
268.01380
268.04716
268.10860
268.21600
268.28554
268.30600
268.32328
268.39702
268.41304
268.43260
268.74118
269.61664
269.62324
270.41404
270.80458
270.81346
270.82744
270.85654
271.15468
271.17454
271.19644
271.45744
271.47880
271.48984
272.07442
272.08060
272.10778
272.10976
272.45254
272.47078
273.29284
273.31084
274.46188
274.46656
274.54138
274.80454
274.82542
275.24836
275.28160
275.52232
275.82136
276.03556
276.35974
276.92074
276.98494
276.99124
277.03264
277.87222
278.06272
278.14264
278.18512
278.47924
279.42364
279.42688
279.49222
280.07926
280.30648
280.33024
281.39014
282.56584
283.22452
283.23568
283.23880
283.24546
283.29736
283.70764
283.87546
284.51944
285.53524
285.54640
285.56272
285.63526
286.41226
287.10928
287.55934
288.10840
288.89632
288.90424
289.16644
289.19836
290.07172
290.14876
290.15242
290.34406
290.35588
290.56408
290.64976
290.72110
290.73022
290.83240
290.84374
290.84980
290.87950
291.17326
291.17524
291.44614
291.51940
291.53038
291.55120
291.74212
291.77962
291.87478
291.88318
291.93220
291.93886
292.36354
294.78604
295.48858
295.49914
295.59970
295.69396
295.69756
296.78014
296.78188
297.08038
297.09562
297.10918
297.11584
297.12730
297.69238
298.36318
298.80442
300.05380
300.22954
300.27256
300.28018
300.32896
300.33292
300.52546
300.53044
300.56188
300.64276
300.77092
300.78106
300.78874
300.80998
300.94048
301.28698
301.29040
301.29682
301.33510
301.38160
301.41220
301.41652
301.42096
301.54294
301.68610
301.72996
301.79308
302.01868
302.03380
302.16454
302.18152
302.21242
302.22592
302.47468
302.51056
302.77594
303.78094
304.12714
304.14538
304.15294
304.17604
304.17886
304.27594
305.01220
305.96776
306.61282
306.61462
306.98878
307.00228
308.05894
308.06896
309.24706
309.28858
309.33568
311.61862
311.93542
311.98228
312.01288
313.34206
315.20056
315.23998
315.95512
315.98434
316.02856
317.16838
317.85124
317.85478
318.04516
318.06436
319.42558
319.46140
320.01640
320.50684
320.58748
320.59084
320.77324
320.93404
321.24994
321.43156
321.44104
321.50026
321.50674
321.53830
321.55480
321.56104
321.82744
321.92428
321.92752
321.94342
321.95074
321.98188
322.00018
322.06870
322.08070
322.19284
322.22722
322.30702
322.72132
322.72822
322.88398
322.99678
323.06338
323.10742
323.83078
324.56806
324.99064
325.58578
325.62688
326.66644
327.28036
327.32236
328.14190
328.60354
328.61590
328.62268
328.79056
329.21044
329.29036
329.66350
330.18580
330.77578
330.84958
331.00216
331.11634
331.11832
331.53256
331.57018
331.57648
331.89904
331.92850
331.98898
332.00530
332.00944
332.02636
332.20792
332.20972
332.21260
332.39170
332.40664
332.42494
332.56774
332.57278
332.70490
332.85622
332.85922
332.87704
332.93230
333.19864
333.21958
333.24886
333.25306
333.28486
333.29824
333.30292
333.57946
333.60916
333.63238
333.65638
333.79936
333.87994
334.05232
336.21682
336.24868
336.37162
336.41542
336.88876
337.09150
337.13878
337.14262
338.50624
339.74224
340.48492
341.93464
342.41932
342.80482
343.01536
343.04512
343.08946
343.09504
343.13734
343.19440
343.21114
343.22596
343.37146
343.52188
343.86808
344.00842
344.01868
344.09686
344.11576
344.19694
344.32522
344.35150
344.52412
345.06184
345.36850
345.37096
346.32832
346.33024
346.58758
348.51394
348.53110
349.07404
349.58692
349.59760
349.60048
349.88344
349.90516
350.92612
351.79930
352.67626
352.69384
352.70032
352.70980
352.86196
352.90408
352.96960
352.97926
353.02324
353.26732
353.33188
353.35402
353.67268
353.67982
353.73160
353.73556
353.80234
353.87686
354.08962
354.09538
354.10150
354.15256
354.54760
354.96406
355.10188
355.14766
355.16332
356.48146
356.49292
356.99944
358.03234
358.07458
358.07614
359.09620
359.09896
359.10544
359.11174
359.50114
359.52706
359.76526
360.08806
360.52510
360.54826
360.56614
361.09840
361.15360
361.17286
362.45572
362.47768
362.52898
363.33148
363.33328
363.68746
363.81736
363.84274
363.98398
364.02490
364.02790
364.06042
364.08340
364.31152
364.32442
364.41796
364.45468
364.52734
364.52914
364.55482
364.60678
364.94698
364.98142
365.21356
365.22502
365.43730
365.51056
365.58436
365.60344
365.73658
366.89902
366.94732
366.97750
367.52890
367.63372
369.04864
369.05662
369.06286
369.19990
369.21160
369.22450
371.39746
371.87404
371.97754
372.03070
373.38802
373.39750
373.87222
374.36806
374.38990
374.76436
374.78992
375.07714
375.19192
375.19396
375.20380
375.43792
375.44254
375.52654
375.53380
375.53722
375.56014
375.56416
375.62680
375.63064
375.82108
375.83302
375.87814
376.11088
376.19284
376.23298
376.30756
376.31944
376.65370
376.72678
376.73350
376.83778
376.84054
376.92034
376.99648
377.02708
377.21686
377.23666
377.26552
377.49736
377.51686
379.30012
379.34656
379.38946
379.50736
381.08446
381.15004
381.52450
381.94996
382.06036
382.06390
383.32660
383.35444
383.79838
383.93068
385.84762
385.86706
385.88680
385.90012
386.90272
386.92348
386.92654
387.07306
387.28060
387.40348
387.42652
387.59320
388.63258
388.64128
388.66624
388.67440
388.84054
389.11996
389.12734
389.65390
391.08256
391.09276
391.44742
391.92094
392.37904
392.40970
392.67640
393.60688
394.37632
394.49356
394.51618
395.54248
396.42646
396.45352
396.52264
396.54226
396.85138
396.87934
396.98740
397.04962
397.09552
397.10296
397.30750
397.44598
397.66738
397.79218
397.83094
397.86514
397.87306
398.05924
398.11168
398.20762
398.23930
398.35522
399.34834
399.46474
399.53182
400.25224
400.26022
400.27576
400.29526
400.42600
400.66876
400.70572
400.75972
401.28730
401.80882
401.82838
402.20212
402.21190
402.80602
402.80788
402.82180
402.82858
402.84580
402.85900
403.97752
403.97944
403.98340
404.00200
404.01358
404.04766
404.75788
404.80204
405.38548
405.86038
405.87976
406.38046
406.55800
406.93690
406.94008
406.95886
406.99384
407.00164
407.55430
407.60770
407.67166
407.76190
407.80198
407.81236
407.85790
408.01162
408.02302
408.02476
408.16762
408.20992
408.90538
409.00096
409.19680
409.32394
409.84714
409.99804
410.04736
411.39172
411.40102
411.42268
411.75736
411.98650
412.39396
412.42696
412.80910
413.64262
413.68102
413.69578
414.79012
414.82528
414.86014
414.87700
416.30536
417.33826
417.96496
417.97942
417.98398
418.10650
418.14670
418.70308
418.98976
419.00164
419.06668
419.17960
420.20242
420.21514
420.22474
420.93316
420.93946
420.95776
421.61140
421.61320
421.63000
421.64422
422.45182
422.50198
422.50834
423.47140
423.64456
423.76468
423.77446
423.79168
423.81496
424.67098
424.67722
424.72210
424.72768
424.77280
425.07010
425.26054
425.30422
425.85436
426.56038
426.60760
427.06750
427.69744
427.74358
427.76056
428.29276
428.73136
429.18550
429.60328
429.61030
429.86080
429.93250
429.94624
429.96376
430.07980
430.13752
430.13920
430.23238
430.31920
430.34350
430.41358
430.82650
431.02288
431.04634
431.50738
431.53558
431.62702
431.67598
431.68624
431.68864
431.70850
431.99338
432.01138
432.07246
432.21208
432.21448
432.37906
432.49240
432.51946
433.62196
433.62952
434.08918
435.08254
435.11212
435.13642
435.66202
436.00732
436.05202
436.07212
436.27906
436.30630
436.31278
436.34896
438.47344
438.48736
438.53038
439.14736
439.97056
439.98400
440.03920
440.13280
440.33098
440.38126
440.38672
440.88784
440.91322
440.95744
441.11686
441.13516
441.14086
441.14248
441.15670
441.17464
441.17830
441.18004
441.18358
441.75052
441.90016
441.94726
442.01746
442.03720
442.04266
442.32232
442.36666
442.38052
442.43038
442.55614
442.68016
442.72234
442.82620
443.08450
443.08954
443.09518
443.09956
443.11048
443.17540
443.21632
444.02362
444.04204
444.33628
446.61724
446.62552
446.67604
447.90598
447.91498
447.99844
448.03798
448.12846
448.13350
449.13826
449.15254
449.64448
449.98534
450.01486
450.56176
450.57880
450.94534
451.05544
451.23844
451.38358
451.46500
451.68838
451.91182
452.19910
452.21452
452.29048
452.36842
452.39812
452.44822
452.55892
452.86546
454.14664
454.25302
456.38860
456.67078
456.76420
456.80320
456.81070
457.61644
457.65070
457.69144
457.70026
457.70758
458.01430
458.06470
458.96092
458.98588
459.02626
460.13602
460.17952
460.43572
460.46110
460.94602
461.45842
461.47666
461.48554
461.50900
462.00862
462.01906
462.16930
462.18952
462.23962
462.31228
462.54286
462.55270
462.87940
463.18576
463.22692
463.37902
463.66210
463.78204
466.40860
467.30404
467.32498
468.58078
469.37968
470.08036
470.08678
470.77354
470.77684
470.79652
471.24874
472.14958
472.17712
472.28296
472.30378
472.32676
472.43692
472.98232
473.00212
473.00710
473.30098
473.33002
473.36884
473.43646
473.45710
473.47306
473.53960
473.75374
473.80294
474.02644
474.06598
474.16822
474.22330
474.41296
474.43246
474.44602
474.45550
474.53194
474.74956
474.90964
474.94882
475.26412
475.32310
475.32592
475.62586
476.80816
476.83144
476.84266
478.00378
479.23666
479.26660
479.29408
479.81098
480.74782
481.42876
481.46284
481.46722
481.58242
482.16676
484.51966
484.56238
484.58308
484.60192
484.61890
484.97626
486.73336
487.11010
487.21162
487.21852
487.23544
487.61944
488.09206
488.12026
488.73004
488.75248
488.90050
489.84010
489.97702
489.99718
490.03750
492.42580
492.53008
492.64324
493.63942
493.79686
493.83292
493.85914
494.93128
494.96818
494.97466
495.40018
495.40174
495.65002
495.67036
495.68158
495.73258
495.73432
495.76900
495.78838
495.79462
495.89782
495.90316
495.90868
495.94816
496.03162
496.03672
496.05106
496.06846
496.09480
496.10584
496.11922
496.15726
496.16050
496.30858
496.31116
496.31788
496.36438
496.61764
496.67818
496.69078
496.70800
496.79512
496.84456
496.86448
496.95112
497.08750
497.12116
497.29180
497.33488
497.33656
497.38012
497.47366
497.47516
497.48704
497.55958
497.62396
497.73226
497.84098
497.86660
497.92096
497.95426
498.72460
499.87546
499.89970
500.05870
501.24226
501.24952
503.59204
503.60530
504.20578
504.65428
504.84580
505.83946
505.84774
506.54080
506.70244
506.73580
506.75458
506.79706
506.84752
506.96074
507.06418
507.15088
507.18328
507.36352
507.37276
507.48922
507.50176
507.82408
507.83476
508.08898
508.28386
508.47046
508.47700
509.55394
509.55712
509.59780
509.65696
509.66308
509.67952
510.69562
510.73978
511.56268
511.58014
511.58254
511.76212
511.79566
512.17600
513.07222
513.07936
513.10096
513.28264
513.96526
514.46104
514.46794
514.48384
514.51486
514.53826
514.55218
514.87816
514.91182
514.97506
515.00068
516.38188
517.47820
517.48012
517.76518
518.06002
518.09362
518.23960
518.24374
518.26576
518.32654
518.33284
518.91736
518.92450
519.01060
519.21046
519.22228
519.24004
519.35314
519.62746
519.63940
519.76612
520.04926
520.22638
520.41562
521.77186
521.78212
522.44932
523.20454
523.25068
523.90234
524.43520
524.44462
524.46064
524.72452
525.45700
525.59380
525.61408
526.22998
526.26376
526.30090
526.33366
527.37772
527.41258
528.30346
528.31012
528.32014
528.34012
528.68350
528.97288
529.19320
529.61758
529.62472
529.63840
529.71532
529.71970
529.79116
529.79554
529.79962
529.86364
530.11840
530.17102
530.30074
530.45566
530.62900
530.63860
530.71222
530.71912
531.03874
531.04534
531.86758
532.48852
532.51918
532.62838
532.65490
532.70872
533.32276
533.58076
533.58670
533.63788
534.63514
534.64138
534.64426
535.46326
536.98672
536.98966
537.02032
537.48670
537.52132
538.22632
538.28038
539.16178
540.42550
540.45640
540.45898
540.72250
541.41850
541.62988
541.75186
542.81782
542.83348
542.84752
542.85034
543.35194
543.36460
543.41518
544.53298
545.09710
546.53668
546.55048
547.16170
547.18054
548.16982
548.48326
551.09968
551.10226
551.12080
551.13796
551.14138
551.53390
551.88880
551.90740
551.93914
551.94886
551.95042
552.12790
552.14974
552.16120
552.16522
552.18172
552.27856
552.29464
552.29776
552.36892
552.37510
552.58864
552.59182
552.70756
552.72880
552.74440
552.99370
553.01446
553.02754
553.03894
553.05460
553.05958
553.15282
553.29808
553.32550
553.45672
553.59328
553.97674
553.99630
554.09932
554.10502
554.22760
554.35054
555.65344
555.70720
555.71710
555.87004
555.88654
556.08076
556.08922
556.10110
556.10740
556.85992
557.09080
558.49078
558.51502
558.62164
558.62986
558.63634
558.65836
558.98776
559.40698
559.42012
560.36176
560.37070
560.41102
561.88486
562.41238
562.64944
562.65904
562.77250
562.95406
563.05246
563.31478
563.32672
563.38510
563.60086
563.71252
563.84680
564.00580
564.38074
564.49402
564.52276
564.73930
564.75808
564.97432
564.97978
564.98566
565.07332
565.08256
565.45942
565.64254
565.65844
565.70278
565.85932
565.90348
566.58298
566.62546
566.66584
567.23392
567.36658
567.60550
567.67282
567.94444
567.97720
568.01212
568.34194
568.64524
568.70680
568.98892
569.00950
569.18218
569.22178
569.64286
569.66536
570.23170
571.92568
571.94962
572.08798
572.09482
572.36512
572.59000
573.04942
573.28096
573.30208
573.30880
573.31996
573.32608
573.83764
573.86944
574.43416
574.43956
574.44970
574.60618
574.62244
574.84210
574.85122
574.88020
574.89148
574.90666
574.98664
574.99468
575.00206
575.03398
575.24668
575.26474
575.34808
575.59618
575.65180
575.74888
575.75266
575.79658
575.81200
575.93494
576.22138
576.25306
576.27382
576.30604
576.37276
576.39256
576.80884
576.85138
576.87826
577.91686
578.04850
578.05732
578.08420
578.54254
578.93872
578.95558
579.01804
579.64546
579.70024
579.71104
579.71692
580.10386
580.47922
580.52098
580.75216
580.85482
581.26486
581.28718
581.29240
581.41540
581.44906
581.47942
582.11272
582.11470
582.12880
582.72544
583.58218
583.60552
583.60780
583.88878
584.05798
584.06140
584.07562
585.12220
585.12604
585.15094
585.16204
585.16450
585.22228
585.31918
585.42682
585.47464
585.72934
585.75214
586.26892
586.28248
586.34818
586.40410
586.84936
586.86760
586.90720
586.91248
586.98394
588.00754
588.02722
588.03208
588.06622
588.08428
589.43806
589.44436
589.44934
589.47310
589.48102
589.48762
589.49140
590.37142
590.38408
590.94814
590.95612
591.79516
591.79816
591.88912
593.09464
595.30324
596.39728
596.41192
597.04054
597.04654
597.06712
597.13318
597.70390
598.22776
598.28410
598.28734
599.86984
599.88052
599.88316
599.95120
599.99842
600.89188
600.95932
602.04928
602.06056
602.09374
602.12044
602.12386
602.73118
602.74426
603.68290
603.70828
603.72562
603.73354
604.46434
604.48306
604.49320
605.23642
606.00220
607.26676
607.28284
607.28470
607.29622
607.57090
607.64494
607.65310
607.67302
607.70026
607.70434
607.72522
607.98244
608.04580
608.06098
608.19868
608.26576
608.26834
608.28772
608.38174
608.44966
608.47594
608.52340
608.53258
608.55268
608.72092
608.73616
608.75548
608.78584
608.87152
608.93392
609.21346
609.22576
609.25126
609.25318
609.54574
609.54916
609.56632
609.61936
609.70294
609.91036
610.12972
610.13584
610.16020
610.16278
610.26520
610.48702
610.60642
610.60894
610.62976
611.43280
611.44840
611.44990
611.46310
611.46586
611.48308
612.33658
612.58300
613.41412
613.76218
613.79926
614.91802
614.95156
614.96446
614.98804
615.07450
615.08506
616.11190
616.20268
616.65064
617.03158
617.54224
617.54788
617.55874
617.56894
618.54682
618.57136
618.57778
618.59218
618.65434
618.84208
618.84700
618.86290
618.87430
618.91282
619.24528
619.48174
619.53484
619.54468
619.64716
619.73092
619.79374
619.97566
620.03140
620.05882
620.10148
620.14768
620.15896
620.20396
620.28382
620.29222
620.31106
620.31814
620.36860
620.53534
620.55190
620.62618
620.62822
620.65366
620.70634
620.77870
622.37872
623.07286
623.07514
623.09110
624.01882
626.02966
626.04244
626.05882
626.86036
627.00916
627.05674
627.06010
627.51808
627.62368
627.63994
627.64822
627.87172
627.87622
627.88120
627.88954
628.32304
628.32970
628.33348
629.33362
630.18232
630.66658
630.70024
630.70480
630.71872
630.87940
630.99214
631.03048
631.03948
631.06072
631.13656
631.14070
631.15666
631.15942
631.16770
631.17706
631.20586
631.36102
631.56238
631.58632
631.58920
631.63504
631.64884
631.66696
631.75666
631.78762
632.06308
632.12236
632.33398
632.43766
632.74408
632.87254
632.89090
633.01864
633.12226
633.20590
634.10734
634.11868
634.12744
635.40568
636.60556
636.90274
638.63902
639.51502
640.13848
640.62760
640.98814
641.27902
641.28310
641.83834
641.94586
642.30124
642.31156
642.37300
642.55168
642.67486
642.69148
642.72496
642.94774
642.95164
643.02172
643.29868
643.31092
643.31536
643.32826
644.48920
644.50558
644.50852
644.52160
644.54482
644.55682
644.77954
645.76126
645.77344
645.78598
645.79798
645.81124
646.77166
646.79116
647.30440
648.06058
648.22102
648.62482
649.27474
649.40626
649.98826
649.99168
650.01604
650.02846
650.44048
650.48530
650.93272
650.94166
652.15156
652.17922
652.20034
652.20484
652.60150
652.60534
652.61014
652.64902
653.26840
653.27140
653.60392
653.70094
653.94412
654.02620
654.03142
654.05464
654.16876
654.23806
654.24958
654.28018
654.33190
654.41818
654.43306
654.51436
654.54166
655.00702
655.04092
655.10152
655.12348
655.19122
655.21216
655.53022
655.70410
655.71340
655.73776
655.78870
656.07304
656.15200
656.24302
656.40478
657.06088
657.41494
658.64212
658.85770
658.86316
659.21596
660.35182
660.35392
660.37150
660.39928
660.53428
661.06852
661.15462
662.14138
663.24400
663.32800
663.33634
663.77152
663.93790
664.17160
664.20856
664.46578
664.50826
664.60018
664.72288
664.73044
664.84138
665.28220
665.28496
665.32564
665.35192
665.36782
665.93734
666.00202
666.68800
666.70180
666.70696
667.64614
667.64884
667.65478
668.03212
668.05918
668.06740
668.07166
668.13880
668.14948
669.23596
671.25574
671.53078
671.58994
672.58900
672.61954
673.73008
673.75804
674.58496
674.83522
674.93680
674.94322
674.99626
675.07642
675.14236
675.59302
675.63700
675.85588
675.99028
676.02472
676.08568
676.11226
676.28392
676.29094
676.30498
676.31524
676.41934
676.81636
677.02816
677.04010
677.16562
677.32066
678.00286
678.80674
678.82900
679.33090
679.36894
682.25752
682.26430
682.27396
682.41460
682.75450
683.31658
683.33260
683.87428
684.74866
684.78586
684.82234
685.04782
685.08826
685.40446
685.85542
685.98592
686.06746
686.09218
686.13544
686.62594
690.36550
690.40294
691.19248
692.08636
692.10052
692.70466
693.85450
693.88384
694.13464
694.18534
696.27106
696.58132
696.62530
696.63370
696.63682
696.64858
696.77224
697.26508
697.29310
697.39972
697.40380
697.47178
697.55752
697.66162
697.73368
697.76164
697.76686
697.78180
698.01964
698.08228
698.09536
698.16508
698.17096
698.18482
698.21998
698.22316
698.41924
698.42284
698.44612
698.48482
698.51032
698.55130
698.55490
698.63914
698.70916
698.72140
698.99518
699.01912
699.05224
699.22324
699.22582
699.30196
700.53280
700.55896
704.02684
704.04748
704.05732
704.63692
704.65420
706.65034
706.66858
707.99524
708.01546
708.02164
708.03400
708.21664
708.22882
708.24718
708.31096
708.31522
708.32200
708.36964
708.38656
708.44662
708.45814
708.71914
708.74296
708.81676
708.82810
708.89620
708.92956
708.93892
708.95116
708.96544
708.97138
708.97762
708.99286
709.47694
709.65142
710.25340
710.38900
710.44360
710.61010
711.48058
712.17274
712.68358
713.23354
713.77678
713.82658
714.42484
715.44526
715.76338
717.44284
718.00300
718.65004
718.66210
718.72042
719.04748
719.51434
719.64352
719.71480
719.71732
720.16336
720.20476
720.25486
720.27514
720.32392
721.81120
721.83472
721.86808
723.16774
723.57790
723.58528
723.59854
723.61870
724.59622
724.63372
725.09974
726.21244
726.24574
726.38218
726.45700
726.99898
728.26276
729.23656
729.40180
729.43450
729.79294
729.80152
730.06120
730.08628
730.21708
730.23064
730.31038
730.33072
730.39300
730.39504
730.54552
730.83130
730.87348
730.96984
731.06770
731.36512
731.54872
731.55358
732.03298
732.03556
732.05830
732.22660
732.29224
732.36310
732.42580
732.55126
732.64906
733.94032
734.50468
734.98102
735.46852
735.50446
735.93700
735.94816
735.95662
736.13368
737.30446
737.33434
737.40436
737.43490
738.18256
738.19666
738.38710
738.41008
739.22902
739.56946
739.69648
739.72576
739.86580
739.97644
740.04706
740.12878
740.13676
740.19202
740.19544
740.21110
740.50948
740.51320
740.57974
740.63566
740.73580
740.79844
740.86360
740.87050
741.17242
741.41224
741.50290
741.93022
742.77076
742.78654
743.01646
744.39796
744.97798
745.09876
745.54756
745.56718
745.61392
746.81842
746.82316
748.34320
748.38232
748.40428
749.19040
749.22514
749.27338
749.35168
749.77102
749.77624
749.78686
749.81524
750.11812
750.29752
751.37128
751.38082
751.43230
751.60468
751.62340
751.76128
751.77130
752.04742
752.12692
752.58478
752.71798
752.76772
752.77894
752.78206
752.96644
753.36202
753.43516
754.62778
754.63180
754.63876
754.65550
754.67530
754.68058
755.17276
755.62588
756.36430
757.57966
759.00706
759.01516
759.05068
759.06106
759.08782
759.73072
759.73612
759.73948
759.74854
759.75508
759.76810
759.80788
761.27464
761.47840
762.15754
762.16498
762.16744
762.20446
763.79308
763.92304
763.94344
763.99222
764.02222
764.17684
764.62918
766.01824
766.05886
766.73854
766.77736
766.84024
767.10748
768.09208
768.21190
768.90172
768.91420
769.51630
769.52278
769.54372
769.55392
769.58878
769.89754
770.72188
771.83770
771.84100
771.86674
772.46200
773.10490
773.14144
773.93218
773.93782
773.94820
774.10762
774.11590
774.16642
774.18238
774.18826
774.22810
774.35128
774.38746
774.39544
774.41938
774.50548
774.53482
774.77392
774.78646
774.85024
774.88504
775.09300
775.09558
775.10866
775.11934
775.12126
775.16866
775.17976
775.23346
775.23820
775.25536
775.28824
775.30558
775.36618
775.41622
775.53910
775.58230
775.80292
776.09872
776.21002
776.30764
776.59564
776.66284
776.68642
776.68972
777.43396
777.43954
777.48076
778.17046
778.30798
778.33024
778.58038
778.93144
778.98040
778.99582
779.14216
779.14612
779.17108
779.17396
780.02116
783.06028
783.26956
783.28990
783.30076
784.10566
784.12570
784.15300
784.17412
784.91596
784.96552
784.98058
785.00554
785.31556
785.32000
785.34664
785.63146
785.63320
785.66110
785.72944
785.73976
785.78392
785.88448
785.89006
785.93134
785.94400
786.39070
786.39292
786.40954
786.45976
786.46768
786.61732
786.73042
786.87910
786.90742
787.08412
787.16092
787.25788
787.39666
787.47934
787.50088
787.75990
787.77454
787.80004
787.80382
787.82770
788.09200
788.11810
788.16658
788.20852
789.51070
789.52492
789.73534
790.93174
791.11240
792.69856
794.12020
794.69212
794.92648
794.96410
794.98894
795.02068
795.03142
795.04108
795.08254
795.31360
795.36136
795.54148
795.59500
795.63418
795.71674
795.77740
795.84802
795.85156
796.03420
796.10134
796.13062
796.13836
796.21210
796.27864
796.28848
796.57864
796.65070
796.71550
796.82002
796.83832
797.01100
799.27084
799.27852
801.82936
802.54624
802.55074
802.55692
803.62420
803.73760
804.17674
804.20380
804.21352
804.91816
804.96370
804.98074
806.40256
806.47870
806.55904
806.66446
807.33322
807.33730
807.44332
807.46522
807.56014
808.99618
809.01622
810.32680
810.33256
810.36010
810.75898
811.62664
811.63042
812.85340
812.86150
812.88058
814.12954
814.13434
814.13902
815.34568
815.35528
815.47876
815.90470
816.30316
816.33994
816.41302
816.45088
816.56722
816.73558
816.78646
816.78988
816.84718
816.87028
817.16338
817.22224
817.24570
817.41256
817.46560
817.51816
817.54420
817.74382
817.81744
818.16928
818.18164
818.19808
818.46328
818.53228
818.53756
818.56498
818.76754
818.83030
818.98660
819.02098
819.03064
820.46800
820.48480
820.97446
821.50612
821.51134
821.70172
821.74888
822.76828
824.43346
824.50990
824.52250
825.97318
825.99382
826.01134
826.12000
826.14010
827.16760
827.21074
827.26420
827.81482
828.07366
828.34756
828.36184
828.38392
828.71188
829.02214
829.12492
829.14448
829.14802
829.15522
829.18078
829.34776
829.45510
829.45762
829.49698
829.50412
829.51054
829.52320
829.83148
829.93978
829.96600
830.00758
830.31406
830.50480
830.54152
830.72476
830.87194
831.19918
831.56584
831.66994
831.70948
833.72554
833.73916
833.75728
834.15388
834.17464
835.29976
835.41484
836.12068
836.62354
837.20026
837.21862
837.43036
837.44380
837.44800
837.47050
837.75460
838.52518
838.52722
838.57372
838.64596
838.67980
838.99120
839.03914
839.05096
839.06098
839.08000
839.17474
839.20288
839.25088
839.30602
839.52082
839.60128
839.85058
839.95348
840.20656
840.25372
840.27652
840.31486
840.48328
840.51010
840.58834
840.65290
840.79420
840.84436
841.72918
841.81084
841.83466
841.83862
841.87168
843.63478
845.15662
845.18572
846.36958
846.55234
846.58114
846.59368
847.70254
847.83052
847.84348
848.60932
848.61280
848.81020
848.81266
848.82370
848.82766
848.83612
849.55384
849.57490
849.84742
849.96778
850.00672
850.17706
850.23718
850.51234
850.59730
850.63066
850.68088
850.70758
850.74718
850.85422
851.29642
851.30038
851.31802
851.31988
851.51320
851.83114
851.99572
852.02434
852.37960
852.49516
853.76434
853.83418
853.84714
854.61136
854.61820
855.01492
856.22776
856.23076
856.45030
856.46158
857.55004
857.57752
857.60476
858.48550
858.49696
859.48162
860.54266
860.84998
860.86492
860.89870
860.95144
861.21730
861.25084
861.25378
861.27286
861.35218
861.46198
862.33126
862.40518
862.64146
862.76590
863.44228
863.46892
863.47624
864.92140
865.40542
866.19142
866.19910
869.28610
869.32576
869.70886
871.03912
871.27012
871.30060
871.30240
871.31770
872.12530
872.15284
872.23450
872.28262
872.30440
872.37526
872.39566
872.48938
872.61046
872.62468
872.91664
873.09988
873.21022
873.31006
873.31474
873.34264
873.50722
873.72190
873.72898
874.23298
874.64932
874.66912
874.96762
874.98580
875.64898
875.67280
875.98288
875.98930
876.13300
876.17206
876.60868
876.62932
877.04200
877.05322
877.23406
877.26256
877.34728
878.19232
878.27134
878.40520
878.70022
879.46522
879.66118
879.85018
880.52932
880.62160
880.63750
880.64758
880.65520
880.66678
880.91428
880.93708
881.58022
881.88922
881.93488
881.94634
881.96212
881.99230
883.41328
883.42150
883.42750
883.48582