1.12432
3.51736
5.07664
7.34212
8.36566
8.39500
9.48196
10.83454
12.29860
13.32490
14.16610
14.18524
14.30380
14.44090
15.94126
16.21270
16.90282
17.10802
17.37256
19.75162
24.93268
27.12520
27.24898
27.27964
27.40648
27.48244
27.48640
27.88276
27.92566
28.01572
28.04650
32.49256
38.98606
39.06760
39.34234
39.93502
44.63200
44.65840
45.07222
45.64750
46.67452
49.72804
51.08098
52.19446
59.82658
60.36958
60.75538
61.06516
65.11462
67.86166
67.88512
70.16500
70.17280
70.63990
71.41042
71.42098
71.44462
72.36814
72.37114
73.08118
75.45040
75.46078
77.12068
77.14072
77.17708
78.23500
79.36012
80.40028
81.39352
83.38972
83.58004
84.27604
84.70192
85.12570
85.64500
86.51560
90.73570
90.93412
93.59842
94.82092
98.84074
101.35354
105.61618
107.08234
110.55880
110.62954
113.21254
114.29188
115.84822
118.11184
119.89516
121.25176
124.97758
124.99222
125.05696
125.94880
127.57714
130.64380
131.95948
132.86920
133.13560
141.98080
144.14752
147.07528
147.38644
147.41128
147.43204
148.29832
148.57846
149.05456
149.69086
151.20322
152.56102
154.03678
156.48670
161.06500
161.57068
161.61742
161.64442
162.55120
163.85080
164.61712
164.64742
165.19024
165.22306
166.81936
169.52518
169.76500
170.88430
171.55126
175.13056
176.32264
178.32898
179.88058
181.40866
183.52036
185.08642
185.21734
188.35606
190.78432
192.36508
192.38464
192.39832
194.15752
196.60930
196.61902
204.54718
204.96310
205.45420
205.49404
205.53652
208.85164
209.67382
213.28132
215.96980
217.05634
217.43260
219.44446
221.21128
221.50072
222.59782
223.23028
223.38436
223.85956
224.09014
225.92002
226.21630
226.28638
227.41588
227.50240
230.92084
231.28066
231.31054
232.78960
232.81612
233.80312
236.52142
237.21184
237.27232
237.48208
237.48472
237.70414
239.17048
240.66706
242.95666
243.00940
243.01246
246.78418
247.20808
247.35508
247.37158
248.91700
248.92132
255.63586
256.12210
258.11596
258.33490
259.35130
260.70634
260.76376
262.25404
263.00686
263.11642
263.72380
263.74018
265.58002
266.37874
268.24192
268.30858
268.58218
269.48542
270.15490
270.81190
271.18798
276.73462
278.23174
278.27860
280.50808
280.51696
281.57788
282.01822
282.51172
287.07148
287.97994
290.81848
291.22342
293.59528
293.59954
295.03240
296.31856
298.76812
300.09868
301.88500
302.11072
306.59110
307.76038
308.17012
309.93004
311.47372
313.92346
314.53108
314.89630
318.45280
320.71564
324.10828
324.68146
324.78838
325.21450
328.21852
328.23046
328.62754
329.25364
329.52118
329.55424
332.45698
333.44626
334.12666
335.38990
335.59882
336.59152
338.66284
345.17794
345.18388
346.04050
346.05754
346.09432
346.10098
346.14760
348.39340
348.83308
350.71570
350.73286
350.78272
354.16516
355.35460
355.97092
355.97464
356.98738
357.43354
357.49054
357.58408
359.08024
360.88966
361.26598
362.08612
369.81076
370.22698
370.26706
371.97640
372.01042
377.28268
378.67036
379.35526
379.76122
380.40106
381.49156
382.05118
382.41418
382.47106
382.71418
385.00972
388.42996
392.30800
394.75540
394.79590
395.06662
395.94100
397.14856
397.58902
398.36284
402.26188
404.02840
405.20062
405.55096
406.31812
408.98134
409.59496
412.90462
414.36856
415.29100
416.39218
417.85408
417.88318
418.15366
419.47372
420.82042
426.41986
426.43918
426.50650
426.90022
427.26616
429.42898
429.45814
429.47284
429.79672
430.90744
434.34208
438.48754
439.49494
445.00450
447.06106
448.95100
451.05052
451.76080
456.06496
456.09694
457.21972
459.78028
459.78514
459.81112
460.21804
460.31536
466.58788
469.30756
470.50588
470.59402
470.79280
471.48910
471.50056
472.34932
473.96122
476.59834
477.58198
480.05452
480.93352
481.33846
481.81948
482.02420
482.25742
486.17998
491.13838
491.49484
491.93242
493.24630
493.26532
496.91086
496.91428
498.76102
498.76858
500.44864
503.03656
504.48586
504.64048
505.92868
507.46000
509.52796
511.58830
513.50680
516.94192
526.13686
526.17832
526.32322
526.38676
527.12044
527.17354
528.04804
528.10990
528.42406
535.39492
535.42156
536.60482
536.61184
538.08190
538.50280
539.04652
539.26120
542.82190
543.82570
544.69318
545.68288
547.72120
548.23090
548.28388
548.55364
549.32794
549.91846
550.71232
551.23966
552.16894
555.78748
556.62082
556.63084
559.13554
561.23188
564.41902
564.43132
567.79462
569.84956
570.16654
571.23652
572.67766
580.96462
583.79650
586.12978
588.17764
590.94892
592.42864
592.57918
592.73224
593.07574
593.56624
594.10972
595.57312
597.23500
599.57872
599.89162
601.42558
602.53720
603.55786
604.08064
608.53612
609.54310
610.30060
614.32546
615.06184
616.24276
617.11252
617.61286
619.67698
623.52676
630.47704
631.51744
633.78754
634.17772
636.19294
636.38548
636.45628
637.78360
639.12604
639.18580
639.98338
642.66316
644.42158
644.45842
649.19116
650.54578
650.56210
650.93674
651.67270
652.86256
658.53190
660.04558
661.56862
662.45578
666.65218
667.57558
670.85974
672.26464
672.71086
674.22442
676.15138
681.33796
681.60556
681.95062
682.67962
683.08390
690.07174
690.81232
691.23952
691.37830
691.86106
691.89814
692.34922
693.67894
693.70768
696.29914
696.67576
697.26892
702.71392
705.09388
706.29358
706.30048
706.60114
707.15506
707.74186
707.84752
707.93464
709.89814
711.64636
712.90552
713.53768
714.05200
714.05476
714.59884
715.29898
717.79294
718.21942
718.47910
719.16598
719.66932
723.39334
724.52020
728.26048
729.73060
729.78130
731.65450
732.10432
735.56020
738.93634
739.53100
739.97182
743.03254
744.54376
750.53002
752.07790
752.48260
752.77360
754.86400
760.06456
760.10422
762.65092
765.31396
766.96780
766.97164
767.33128
767.89078
768.03100
769.97698
770.87422
771.31000
771.51400
771.83458
771.86194
772.60432
772.60966
773.02786
779.98732
780.01690
780.64264
780.64546
780.89218
781.05706
781.82758
786.28306
790.21252
791.07238
791.10580
791.11906
792.26266
792.70552
793.56184
798.71716
799.75582
800.94670
803.69944
805.07812
808.52752
813.47908
815.53900
817.93102
818.20666
818.23480
819.46108
823.48414
826.67752
829.15342
839.61178
840.83080
841.11124
841.90096
843.17020
844.40332
844.41202
846.09904
846.82216
846.88792
847.97206
848.62258
848.75122
850.86082
850.87714
852.53806
853.81306
854.76256
854.80624
856.57936
857.04544
857.07172
860.96338
861.63358
862.45006
865.50166
871.52314
874.25770
875.77042
876.15406
876.24052
877.32610
879.07684
880.08922
880.20964
880.21576
880.22620
880.97266
882.33844
882.98074
883.60936
883.87108
883.98154
884.79148
884.80444