1.19854
1.34548
1.46530
1.48834
2.12392
2.95468
3.45484
3.89524
3.92146
4.21300
4.80154
6.03190
6.41788
6.63460
8.39830
8.50486
8.51920
8.56828
9.08020
9.22522
9.31510
12.12946
12.14116
12.14554
12.33454
13.49428
13.56628
14.05846
14.51152
15.05530
15.28162
15.46192
15.47854
15.61876
15.80476
16.07152
16.18798
16.24174
16.27168
16.61158
16.91158
17.01184
17.13742
17.17756
17.48926
17.51086
17.86648
18.26422
18.56140
18.84478
19.36168
19.59628
20.23126
20.30524
20.30824
20.54434
20.75068
20.78158
20.98132
21.29776
21.89182
21.91756
22.28116
22.71076
22.78804
23.18188
23.70550
24.31432
24.47734
25.84132
25.89580
25.97158
26.08120
26.27308
26.51836
26.54458
27.39454
27.99034
28.51726
28.65400
28.84084
29.66440
30.32758
30.34648
30.43030
33.40948
33.42376
34.10170
34.58770
34.60762
35.61406
37.50724
37.82170
38.03092
38.09428
38.51362
38.59414
39.17110
39.26704
40.20082
42.49408
42.67378
43.07794
43.86658
44.49430
46.29034
46.29706
47.27788
47.58100
48.92200
48.99370
49.41328
49.68454
50.01628
50.33380
50.41738
50.42326
50.62342
50.75182
52.40182
52.45786
52.82296
52.84744
52.88728
53.54548
53.68528
53.72422
53.97364
54.28342
54.94438
55.28020
55.32088
55.49176
55.70086
55.82752
56.76538
57.06490
57.28516
57.68152
57.69448
57.73090
57.87994
58.51450
58.70356
59.57518
60.12748
60.79576
60.80224
60.93862
61.45120
61.80508
62.03806
62.23456
62.51206
62.79472
64.53640
64.54768
65.84158
66.50662
66.51244
67.11148
67.39870
68.86930
69.18922
69.53236
69.59566
71.51944
71.80162
72.01966
72.26560
72.33052
72.63364
72.81610
72.85666
73.05184
73.16290
73.32604
74.17552
74.23000
74.92330
76.00432
76.48882
77.25226
80.11672
80.12374
81.10900
81.99310
82.61926
83.36602
84.93160
85.48324
85.78408
86.61058
87.42562
87.48490
87.51706
89.56660
89.85316
90.59158
90.60040
91.94344
92.50114
92.77672
92.82694
92.94364
93.31324
93.34138
93.49768
93.62422
93.66748
93.84370
94.11844
94.45366
95.89438
96.28318
96.50584
96.88168
97.09810
97.51000
97.51708
97.52752
97.77700
98.20828
99.08086
99.55138
102.12514
102.38158
102.45430
102.66874
102.70168
102.72880
102.74896
102.75184
102.84508
102.97168
103.06822
103.09480
103.13494
103.46770
103.53754
103.59754
104.48488
104.64904
105.04162
105.22792
106.69828
106.70350
107.06878
107.09434
107.64166
107.97490
108.08770
109.04422
109.51090
110.06860
110.08234
110.09440
110.21200
110.91820
112.50508
113.68516
114.06196
114.34540
114.85846
115.54642
116.65942
116.93668
117.89500
117.91474
118.38232
120.31618
120.51640
121.45492
122.62882
122.66914
122.95108
123.71998
123.72250
125.36284
125.78404
125.78890
128.07460
128.12278
128.57938
129.38656
129.99118
130.64332
131.01664
132.10864
132.49078
132.81772
133.28398
134.10382
134.45800
135.21376
136.07182
136.29718
136.57150
136.64368
136.70116
136.91440
137.04622
137.25202
137.28130
137.37784
137.38942
137.48836
137.54386
137.66422
137.74138
137.78116
137.92168
138.96172
139.36852
139.38244
139.40512
141.03586
141.88918
143.32558
143.84560
143.92942
145.08412
145.79620
146.25010
146.97130
147.72082
147.84940
147.85954
148.06378
148.17994
148.42684
148.48684
148.70956
148.82104
148.84972
148.92658
149.00422
149.61808
149.66020
149.81998
150.16324
150.41830
151.20478
152.78542
157.01350
157.50184
158.05690
158.78848
159.30052
159.44950
159.53548
159.71056
159.71284
160.05040
160.85620
161.13838
161.47366
162.00346
162.51406
163.51048
164.66410
165.47398
166.43488
167.30170
167.46040
167.69350
168.89644
168.91960
170.42680
171.11416
172.02436
172.34506
172.37326
172.99120
173.17018
173.56774
173.58304
173.81494
173.95828
174.45556
175.04752
175.19578
175.68628
176.20942
176.86918
179.27644
179.78482
179.91856
179.96800
180.19444
180.41764
180.70522
180.73138
180.75424
180.77164
180.87430
182.39152
183.32218
183.35878
183.67624
184.97602
185.20948
185.87260
187.27042
187.39354
187.75402
189.05476
190.77022
190.80496
190.86196
191.14066
191.20810
191.33638
191.78266
192.35272
192.57712
192.70822
193.16908
193.68694
194.17606
194.33668
195.67366
195.94048
196.19704
196.80058
199.78264
200.37916
200.68966
200.82598
201.57550
201.71308
201.73912
202.21120
202.70248
202.75384
203.36692
203.66326
204.12646
204.56764
205.85092
206.96626
207.96346
208.13230
208.16626
208.18006
208.88254
210.39400
210.64096
213.44200
213.51088
214.29394
215.97268
217.32280
217.74274
217.74760
217.91698
218.71762
219.42862
220.25050
220.99174
221.24224
221.42434
221.49892
221.75386
221.75866
222.03454
222.25360
222.36148
222.36940
222.75250
223.39276
225.61414
225.64048
225.76306
226.45126
226.47556
227.94520
228.63442
229.80280
230.20414
230.38972
231.12148
231.52054
231.85612
232.71730
233.79730
233.80180
233.96272
235.11538
235.59016
235.94980
236.41408
236.72572
236.84926
236.98936
237.03514
239.44876
239.49040
240.37828
241.37230
241.40230
241.63540
241.71220
242.22244
242.53834
243.09286
243.14122
243.23602
243.36238
243.41920
243.68242
243.95224
243.99910
244.10044
244.12240
244.21084
244.25674
245.23216
245.28316
246.50350
251.37340
254.33314
254.41696
254.43076
254.47042
254.58202
254.76442
254.90776
254.92006
255.44830
256.38112
256.65778
257.30440
257.55670
258.18514
260.04664
261.29914
261.51520
261.80596
261.88252
264.21826
265.16284
265.18444
265.86868
267.80950
269.12458
269.97730
270.05716
270.74056
270.77728
270.78328
271.05466
271.73830
272.01142
272.03446
272.71618
274.10542
274.14550
274.91152
275.31292
276.17314
276.62344
276.87652
277.21960
277.31704
277.68724
277.71670
277.78186
277.78636
278.08330
278.09416
278.31664
278.39686
278.60386
278.72662
279.38050
279.39682
279.80482
279.83674
281.36194
282.01216
282.35212
282.70942
282.95914
283.67950
284.80306
285.04228
285.11716
285.62344
285.63754
286.47070
288.18826
288.23392
288.43168
288.47698
288.83440
289.51222
289.86604
290.06266
290.06974
290.77426
291.43708
291.46606
291.64510
292.25686
292.26514
292.26856
292.94728
293.78368
294.73708
296.16844
296.76442
297.73258
298.01518
298.32664
299.35396
299.67382
299.68468
299.69362
299.78866
299.87716
300.17422
300.20638
300.29176
300.86854
301.04854
301.35220
301.81210
302.37406
302.38234
302.46220
302.63860
304.68328
304.74640
305.62966
305.75320
305.76028
307.84816
308.03716
308.37532
308.46850
309.42148
309.47902
309.65290
309.67576
310.92040
311.93212
312.07690
312.10348
312.30046
312.97228
315.05470
315.06220
315.28486
315.44902
315.82312
316.82650
317.19640
317.23606
318.89098
319.17466
320.93080
321.40552
321.80236
322.53748
322.81966
322.85452
322.92628
323.38000
323.48902
324.26734
326.64016
327.23290
328.70710
330.00652
331.09792
331.39108
331.66684
332.78488
333.82600
335.43340
335.95300
336.40174
336.52138
337.05166
338.37526
339.05278
339.38662
339.91024
340.99114
341.07406
341.08942
341.36500
341.37748
342.71236
344.37232
344.47984
344.80948
344.96188
345.42652
345.43144
345.97960
346.24840
346.87036
347.95978
347.96170
347.98702
348.86518
350.15830
350.16976
352.00630
352.05010
353.21188
356.32546
356.33446
356.40658
356.73946
356.74996
356.75752
356.78032
357.04948
357.19984
357.20326
357.27232
357.70630
357.79606
357.95782
357.97300
358.00114
358.56460
358.61866
359.10826
359.32522
360.82894
361.98208
362.75092
362.76256
362.81626
362.84254
362.85904
364.05370
365.70862
366.02818
366.14728
368.73706
368.80672
369.03622
369.32998
369.34606
369.50020
369.86458
370.00078
370.87048
370.90078
370.91128
371.52562
372.21448
373.00606
376.67422
376.69744
377.59102
377.65066
379.39246
380.99338
381.02218
381.56428
381.58414
382.02880
382.18012
382.22308
382.61074
382.94728
383.24650
387.20224
387.56152
388.77280
388.83340
390.24406
390.39718
390.83638
391.41004
391.48996
391.54678
391.92064
392.21068
392.22214
392.38450
392.70142
393.07402
393.45754
396.40006
400.17652
400.31422
400.82932
401.15470
401.21422
401.85268
401.87824
401.91250
402.38194
402.39568
402.81838
402.86188
403.11832
403.51132
403.69876
403.90852
404.28844
406.35286
407.02366
407.35672
407.54992
409.04002
411.23698
411.64138
412.35196
412.48540
412.49170
412.66900
412.88548
413.08156
413.56654
414.39328
415.19656
415.75366
416.74342
417.52750
417.53968
417.59392
418.22134
418.89160
418.91098
420.24886
420.49246
422.76286
422.84002
423.28000
423.82618
423.92032
423.94036
424.10956
424.32364
424.42696
424.58968
424.61500
425.75992
425.95372
426.74014
427.10308
427.11172
429.54238
429.58984
430.65928
431.71672
431.74678
431.84674
434.37754
434.86402
434.98060
435.42124
435.52336
435.96412
437.36518
437.37526
437.37808
437.41840
437.89456
439.87000
439.95352
441.29404
443.13796
443.77804
443.83870
444.16234
444.36196
444.60496
444.68494
444.76822
444.92512
444.92824
445.12780
445.16788
446.40916
447.65296
447.67324
447.85264
448.08466
448.10734
449.57710
452.05096
452.50204
453.74224
453.92830
454.52650
454.93540
455.04160
455.19220
455.21938
455.57626
455.90194
455.92282
456.12574
456.38248
456.80950
456.82546
457.21228
458.55292
460.79710
461.48908
462.02404
462.30700
463.18768
463.19080
463.20196
463.23358
463.97470
464.21416
464.22508
464.40346
464.96860
465.01816
466.09792
466.31518
466.46446
466.86778
466.97872
467.66860
468.45808
469.55836
471.13492
471.52294
472.66594
472.76878
473.08996
473.35270
474.93322
475.45324
476.20306
477.27004
477.47344
477.75268
478.57042
478.61704
478.73374
478.78450
479.92648
481.51372
481.60462
485.27542
486.03190
487.35154
487.52380
487.84426
487.85524
487.97530
488.14378
488.15134
488.47186
488.66116
488.76784
488.90446
488.92516
488.95786
488.98468
489.48778
489.51100
489.72526
491.53246
493.05880
493.09102
493.60252
493.77580
495.71602
495.72292
496.05310
496.06570
496.07548
496.07854
496.08328
498.42898
499.12972
499.36930
499.57324
499.65928
500.49064
500.63836
500.87338
501.30586
501.56032
501.73726
501.82996
502.06042
502.80334
503.47804
503.49280
504.00442
504.19438
504.63958
504.67666
505.23028
505.25770
505.33108
505.62304
505.66366
506.17516
508.26490
508.38448
508.75180
511.29112
511.57900
511.99180
512.21410
512.81098
512.94484
514.15522
514.76890
515.09638
518.95924
519.26434
519.34738
520.09678
520.47346
521.07424
523.83700
525.29638
525.51556
525.77164
526.64872
526.66774
527.92804
529.49500
529.55836
529.57528
529.80652
531.07366
531.30634
532.53502
532.55266
533.04232
533.22958
533.43568
533.82484
533.87206
533.94550
534.11044
534.11872
534.15898
534.25666
534.86878
535.04596
535.07902
535.64308
536.13796
536.54938
541.40776
541.69654
543.28636
543.60850
543.62614
544.42324
544.43590
544.95940
545.13388
546.02314
546.57532
546.83254
546.91822
547.09972
547.10974
547.42042
547.44034
547.50724
547.53208
547.78114
549.64810
550.49416
551.03290
552.99988
553.60276
553.62820
553.66024
554.12926
554.77252
556.01650
556.51312
556.51636
556.52368
556.96222
557.62120
558.04660
559.26616
559.56256
559.59124
559.60672
560.36164
560.98582
561.34594
562.96930
564.33670
566.13292
568.91908
569.21146
569.26954
569.63530
570.14824
571.23640
571.25422
571.90414
572.06524
574.13278
575.35666
575.69446
575.69998
575.72026
575.75080
576.56242
576.70030
576.73210
576.90892
576.95200
577.10926
577.16656
577.88260
577.93846
578.12302
579.06856
579.38836
581.58688
581.58976
581.85358
582.06094
582.62512
584.30950
584.96818
585.00448
585.89926
587.16892
587.34334
587.74324
587.84044
587.97442
588.59350
588.59512
588.66118
589.33042
589.33348
590.00368
591.61228
593.15938
593.48194
594.64084
594.67708
594.79354
595.68658
596.70100
597.43696
600.44752
601.95412
602.53660
602.79214
604.24738
604.25068
604.26442
604.48138
606.39478
607.71472
607.73092
608.48800
608.77102
608.98792
609.73486
610.76890
610.84402
610.85794
612.08482
612.67960
612.70840
612.71410
612.95500
613.06486
613.96528
614.67418
615.42508
615.44950
616.32964
618.03724
618.04084
618.29476
618.68866
620.58766
621.06382
621.07780
621.33514
621.54022
621.54658
621.89830
624.56032
624.56440
624.59032
624.60322
625.03624
625.17730
625.94074
626.59672
626.61034
626.74684
628.22248
630.39190
630.41566
630.48796
630.81634
631.09666
631.49038
631.64926
632.14030
632.16346
632.16616
632.80654
633.13960
633.56128
634.17988
634.74172
636.34930
636.63514
636.81574
636.84448
637.17082
638.02756
640.18906
640.23172
640.42888
640.68154
640.99018
641.43226
641.78590
642.04822
642.89194
642.90892
645.49192
645.54196
646.06504
646.83472
649.06210
649.08466
649.08778
649.44880
649.85932
650.16532
651.77248
653.06530
654.05110
655.11130
655.74946
655.82548
656.46190
656.89942
657.97960
658.39204
658.75612
660.26806
660.68680
661.34230
661.66906
661.91164
662.70196
663.37570
663.92200
664.04512
665.75170
666.71818
666.85858
667.06642
667.68148
667.94770
668.79250
668.92108
669.76834
670.35478
670.36690
670.37158
670.81228
671.09098
671.20780
671.59390
671.60494
672.33124
673.68640
674.43292
674.46676
674.74666
674.93866
675.25330
675.39352
676.31686
676.35406
676.85692
677.14870
678.95284
679.24414
679.85890
680.34898
681.04660
681.17470
681.43546
681.49210
683.16820
683.34544
683.35678
683.65426
684.08566
684.12862
684.41998
684.51238
684.96394
685.14826
685.41832
685.60966
688.80412
691.11748
692.52682
692.57584
692.80306
693.89062
694.45618
694.53004
695.19244
695.52604
695.93218
696.66940
696.82162
697.14598
697.20442
697.21258
697.57864
697.59892
697.88512
699.53182
699.60220
702.40504
703.35778
703.38352
703.41814
703.47214
704.11858
704.64388
704.64772
707.58472
707.91514
707.93284
709.13080
709.42216
709.42720
709.46452
709.72450
710.40328
710.67454
711.24364
711.96064
712.11364
712.80766
713.95996
713.99404
714.11458
714.12688
714.22246
714.25978
715.58644
716.57692
716.80648
717.04306
717.38188
717.39694
717.73456
717.74038
717.77098
718.21726
718.51126
719.30446
720.17068
720.92818
721.66042
721.86334
721.88836
722.17996
722.61916
722.89006
722.90116
724.41358
724.63276
724.63954
727.02310
727.95640
728.13142
728.38846
728.44882
728.49178
728.49472
728.73946
728.76556
729.33172
729.73834
730.11202
730.14964
730.28584
731.56240
731.59174
731.72494
733.08580
733.40962
733.60792
735.50824
735.78112
735.82396
738.37276
738.38446
738.75382
738.88432
738.97384
739.31992
739.39942
739.45972
739.48396
739.76602
739.92292
740.47186
741.64672
742.77406
742.78228
743.10514
743.44576
743.88526
744.47230
744.83812
745.02526
745.04098
745.95874
747.40870
748.68064
749.83648
749.84692
750.12772
750.21208
750.24088
750.43378
750.61090
750.73144
751.26832
751.45402
751.49722
751.82632
751.93504
752.04658
752.05498
752.18722
752.30062
752.37040
753.75670
753.76996
754.45372
754.46026
755.27650
755.28880
755.40004
756.04708
756.71296
756.76648
756.90448
756.94924
757.01086
757.01704
757.45258
758.10532
759.90430
760.45930
760.60180
761.58532
762.03184
762.41194
763.04560
764.06902
765.66520
765.86596
766.36348
766.36594
767.22268
767.60260
767.60896
768.16756
768.18196
768.23620
768.67294
769.55122
770.33836
771.11746
771.46960
771.83620
771.92476
771.99220
772.10116
772.43356
772.76464
772.78510
773.08786
773.18242
773.53288
774.04624
774.08248
774.11236
774.72376
775.05556
775.48864
776.54848
778.45180
778.48450
779.34184
779.90218
779.96518
780.12658
782.80174
782.97862
783.72466
784.39528
784.43506
784.74652
784.94242
784.98904
785.01448
785.63506
785.94154
786.37858
786.57886
786.77236
787.15312
788.64886
789.34198
789.48358
789.79978
790.31266
791.61616
791.61892
792.14896
793.21900
794.45542
794.82250
794.85898
795.40864
795.97450
797.09860
797.26264
797.39560
798.58222
798.91054
800.77198
800.77828
800.92606
802.23268
803.40604
805.42174
806.03290
806.21644
806.24260
806.43964
806.52904
806.53984
807.09082
807.14614
808.80028
809.56984
810.70528
810.71116
813.08740
814.28422
814.33720
814.34326
814.66060
815.08882
815.17420
815.19094
815.20630
815.24380
817.46752
817.51138
819.07540
821.06794
821.09446
821.71738
821.72824
823.52110
826.46020
826.48948
827.21560
827.32816
827.41972
827.64748
827.65594
827.89888
828.57976
828.63988
829.07644
829.46350
829.48408
830.01178
831.33604
832.02442
832.24168
832.69936
833.69158
835.46146
836.34580
836.38138
837.31168
839.33704
839.34730
839.35588
839.39926
840.18604
840.22306
840.36628
841.13296
841.18630
841.62586
842.97334
843.03376
844.43038
844.94596
845.23360
845.47810
845.78098
845.84356
847.34722
847.48234
847.51804
847.76224
847.79674
848.63374
848.68246
848.76538
849.05464
849.53806
849.89182
849.91534
850.40914
850.94464
852.60082
853.78660
853.81282
855.04240
855.13636
856.70668
857.12998
859.83688
860.10088
860.30026
860.42032
860.56360
860.62618
861.21664
861.41002
861.42016
861.57904
861.61288
861.61642
862.07944
862.78348
862.87036
863.08378
863.22424
865.21294
865.62796
866.84608
867.04624
867.14080
867.16030
867.90130
868.08676
868.09444
869.62786
871.53550
871.86052
872.25226
872.61052
872.90050
873.08242
873.57670
873.83086
874.37938
875.05096
875.28688
875.78392
875.78920
875.80990
876.66670
877.64584