0.02152
0.18118
0.89974
2.09206
2.10184
2.37220
2.39248
2.97514
3.13498
3.14020
4.20148
4.52494
4.68238
4.84900
4.85758
5.21764
5.83108
6.96682
6.98392
8.41192
8.81992
9.06256
9.07954
9.09718
9.12862
9.13708
9.15364
9.18496
9.66892
9.75724
9.76996
10.63804
11.32546
11.33986
11.61508
11.73526
11.74882
11.76100
13.72978
13.73620
13.82344
14.42716
15.00556
15.30430
15.47680
15.47968
15.57814
15.58228
15.58642
15.60316
15.66736
15.97402
16.57096
16.60060
17.38072
18.31822
18.70066
19.13326
19.47676
20.06770
20.12056
20.72134
20.74762
21.01144
21.14590
22.80856
22.85038
23.10952
23.90698
23.95648
24.46624
25.12714
25.57852
25.71166
25.86598
26.00536
26.62084
26.95384
26.97832
27.24010
27.40768
27.51172
27.79126
28.43230
28.97938
29.33950
29.70616
29.71132
29.94592
29.96650
30.56224
30.93730
31.47136
32.77906
33.46846
33.47896
33.54328
35.63764
35.80972
37.86904
38.27932
38.28796
38.35246
38.78116
38.78770
39.25930
39.51040
41.53612
42.71134
43.24156
43.32802
43.53652
43.56094
43.79266
45.30430
46.35706
46.37230
46.40176
46.70398
46.72264
47.27362
47.51272
47.52772
47.53384
47.55310
47.58238
47.75122
49.17628
49.28488
49.35130
49.37590
49.61890
49.63222
49.79278
49.92172
50.10040
51.46084
52.67596
52.75030
53.59528
54.80182
54.83764
55.13416
55.92022
56.33578
56.78638
56.84308
57.03022
57.03280
57.44020
58.78396
58.78726
58.80862
58.83424
59.25286
59.54584
59.85082
60.09928
60.10528
60.25216
60.29488
60.44404
60.60988
60.62824
60.81496
60.83920
61.36510
62.07448
63.93910
63.94144
65.01112
65.50942
65.51284
66.34522
66.40774
66.81502
67.09246
67.09414
68.09056
69.09418
69.15304
69.31978
69.35806
69.84802
70.14502
70.75720
70.76056
70.81054
71.17018
71.75728
71.77516
71.80204
72.12850
72.21784
73.28956
73.30348
73.52338
73.65556
74.74444
74.97568
75.21814
75.71146
75.94828
75.95152
76.40620
76.57324
76.59928
77.67406
77.68282
77.81896
78.02980
78.88528
79.27708
79.38514
80.72350
80.73814
81.23200
81.25600
81.84514
81.85996
82.57066
82.71376
83.05078
83.06914
83.24854
84.09058
84.15028
84.25246
85.61980
86.39398
87.05566
87.52756
88.26850
88.27378
88.31350
88.75846
89.07412
89.43994
89.65300
90.08044
91.01518
91.03246
91.10740
91.11628
91.21906
92.32600
92.80444
93.36286
93.86260
93.88924
94.19920
94.69000
94.71448
94.72444
94.99762
95.18740
95.20942
95.22688
95.23240
95.73664
96.53116
96.71104
96.71632
97.04062
97.05280
97.48546
98.03002
98.82538
98.87860
99.61294
100.07086
100.29832
100.90252
100.91068
100.91314
101.14774
101.14954
101.16220
101.46082
101.75890
102.62698
102.66652
103.14310
103.62346
103.63654
105.48094
105.50044
105.64396
105.64852
105.76078
105.96076
106.03900
106.32730
106.70710
108.85150
108.96382
108.97546
109.00528
109.52140
109.96966
110.21074
110.23030
110.23246
111.00076
111.34300
111.66742
112.08124
112.80112
113.11180
113.17024
113.48824
114.00454
114.04012
114.48616
115.32784
115.91284
115.97530
115.98910
116.45458
117.08680
117.15166
117.67762
117.89500
118.34650
118.86190
119.42902
120.50584
120.97156
121.43428
121.95406
121.98130
122.54314
122.57656
122.58766
122.67142
122.68390
122.69080
123.40870
123.42892
124.40344
124.89430
125.11714
125.52946
126.23800
126.29140
126.76042
126.77314
128.18482
128.23390
128.27032
128.72218
129.21526
129.90568
129.94870
131.59354
131.60290
131.85076
131.86684
132.58198
132.71830
132.72322
132.73234
132.76546
133.34782
133.91836
134.33890
134.35354
134.92336
135.84538
135.85816
135.90694
136.37590
136.45888
136.85050
138.34396
138.46846
138.48052
138.58252
138.85414
139.01464
139.02802
139.12210
139.19740
140.35000
140.36836
140.41588
140.41798
140.55202
141.86866
141.87148
141.90832
142.14136
143.13910
143.17162
143.43994
144.08938
144.11728
144.20962
144.33082
144.34108
145.09456
145.13968
145.16128
145.17736
145.49182
145.58578
145.58848
145.99684
146.78938
147.29662
147.83974
148.05892
148.07650
148.47898
149.15134
149.30272
149.55568
150.29218
150.65536
152.00056
152.77090
153.56482
154.34950
154.36168
155.22862
155.40652
155.48566
156.39490
156.84454
156.84790
156.85450
156.86218
156.93334
156.95008
156.95608
158.03416
158.89864
159.37888
159.43978
159.46252
159.47884
159.65560
159.72280
160.35994
160.42630
161.46034
161.59192
162.81148
162.81742
163.04584
163.37098
163.41448
164.28712
164.29414
164.91838
166.20766
166.62958
167.54950
167.55862
167.73088
167.96476
168.84562
169.05298
169.38730
169.88758
169.99378
169.99666
170.03380
171.47146
171.77458
171.83272
171.86350
171.86632
172.49062
172.90414
173.34640
173.54296
174.51148
174.51742
174.52504
174.53800
175.60246
175.66120
175.66774
175.94290
176.33938
177.09064
177.25216
177.26794
177.37642
177.70462
178.91134
179.31220
179.38060
179.72950
179.74084
180.23218
180.47014
182.15866
182.55100
182.80486
183.07846
183.25690
183.26968
183.31936
183.82816
185.09026
185.13472
185.85856
186.31270
186.78112
187.18102
187.19452
187.77418
188.20528
188.23936
188.28010
188.33560
188.35828
188.89006
188.91490
190.53736
190.55842
190.63798
190.65658
190.85554
190.88392
192.02362
193.24720
193.40830
193.50478
193.78564
194.11840
194.59864
194.78644
195.08188
195.17080
195.80224
196.78630
197.96890
198.29206
198.31306
198.33190
198.36910
198.49234
198.51658
198.62530
198.64078
199.22764
199.73830
199.95298
200.16748
200.49034
200.49670
200.51866
200.56042
200.93170
201.10420
201.53548
201.93310
202.22260
202.48018
202.48270
202.48786
202.92958
202.93936
202.95568
203.09332
203.24554
203.41174
203.59786
204.35392
204.38506
204.39280
204.67552
204.71218
206.70340
207.90388
207.91828
208.33546
208.83016
208.83844
208.84798
209.03104
209.83378
209.98546
210.01396
210.98530
211.59424
211.97206
212.35948
212.97136
213.19828
213.44506
213.59818
213.78694
213.85276
214.59928
214.99126
215.03830
215.06428
215.19772
215.20822
215.50516
215.84848
216.06490
216.76348
217.97710
218.26048
218.34520
218.35816
218.58772
219.45988
219.46786
219.83794
220.23754
220.26430
220.81726
220.93558
220.94170
220.96360
222.09940
222.50686
222.86140
223.25188
223.57258
223.97074
223.99336
224.20840
224.21860
226.46500
226.54570
226.58950
227.34622
227.90596
228.18472
228.21304
228.68722
228.97534
229.44616
229.82590
230.24608
230.50672
231.33610
231.34870
231.36832
232.10254
232.34392
233.02612
233.35312
234.78778
234.96898
235.18636
235.62034
235.80208
236.33716
236.35258
236.35534
237.21166
237.47698
237.54778
237.62422
237.93220
239.96386
240.61756
241.77382
241.79770
242.26876
242.38120
243.93226
244.52542
244.86262
244.86826
244.88158
245.86930
245.90500
246.44500
246.45304
247.45480
248.19052
248.33656
248.36104
248.46364
249.25066
249.47128
249.63196
249.94426
250.42942
251.22958
253.14022
253.27912
253.92130
254.29312
255.46246
255.57028
255.60532
256.50574
256.51816
256.52998
256.63228
257.07220
257.28088
257.74516
258.47440
258.47872
258.54160
259.07536
259.56580
259.94590
260.25730
260.26318
260.30812
260.56936
260.86006
261.11698
261.13798
262.00456
262.32418
263.06764
263.11252
264.01192
264.32086
264.50584
264.69538
264.89434
266.68756
266.72278
266.86948
266.95018
267.53266
269.37694
269.47714
270.59254
270.86584
270.88324
271.51924
271.62010
271.85926
272.14540
272.15650
272.80750
273.74218
273.77974
274.70932
274.71874
274.87726
276.34648
277.01110
277.29982
278.08384
278.73520
278.75176
278.81470
279.15976
280.20346
280.49950
280.52110
280.80502
280.81522
281.02510
281.35246
281.62060
281.80348
281.99704
282.52456
282.86488
282.99106
283.26604
283.27828
283.56412
284.00416
284.43520
284.48830
284.49142
286.68010
286.69132
287.38540
288.22870
288.35260
288.58738
289.23298
289.52332
291.00652
291.39982
291.40774
291.45226
292.02376
292.13536
292.17508
292.43200
293.08246
293.35606
293.58052
293.58520
293.60128
293.92942
293.94424
294.45262
294.47278
294.48562
294.74206
295.38292
295.66402
295.68304
295.70626
297.36742
297.40540
297.65272
297.78646
298.20244
299.30104
299.60404
300.05014
300.05878
300.08002
300.09238
300.51430
300.51700
300.78946
300.80914
300.81610
301.06054
301.18846
301.56154
302.21062
302.22202
303.25198
303.26416
303.74836
303.75976
304.35286
304.56952
305.17774
307.98100
308.80678
309.19672
311.54836
311.77312
311.99998
312.31018
312.46966
312.84268
312.85696
313.34896
313.93042
314.74324
315.28624
315.63250
316.54126
316.56328
316.57300
316.57972
316.65280
316.74466
317.64712
317.65690
317.80672
318.01042
318.01216
318.65776
320.25916
320.72224
320.88676
321.77290
322.46896
323.79100
323.79772
324.50044
324.51202
324.51964
325.55158
325.79884
325.97416
326.04340
327.35158
327.65050
328.07140
328.09396
328.31164
328.32418
328.33204
328.35766
328.39084
328.83664
328.84960
329.27818
329.28214
329.41186
329.75110
330.11344
330.47710
331.27816
332.13736
332.74252
332.80174
333.20098
333.42742
334.12042
334.37596
334.37770
334.70932
334.76698
334.81456
335.07418
335.11048
335.15068
336.55804
336.62992
336.64246
336.96682
336.96940
336.99706
337.68706
337.80616
338.31466
338.67442
338.98186
339.03562
339.04420
339.32506
340.07992
340.60876
340.78300
340.83598
341.60260
342.50602
342.68746
342.71656
343.38586
343.41016
343.43470
343.74250
343.74844
344.55898
344.58814
344.59852
344.64898
345.53944
345.54460
346.21576
346.40422
346.75720
347.19280
347.75812
347.85502
348.37882
348.89272
348.90922
349.64218
349.78780
350.20264
350.21866
350.27536
350.90854
350.98204
351.12910
351.53074
351.53764
352.09534
352.25338
353.15644
354.15844
354.16702
354.23152
354.76990
354.78640
355.01668
355.14652
355.18348
355.72744
356.34208
358.00906
358.39906
358.62208
358.65754
358.90876
361.16650
361.62574
361.92694
362.42962
362.60398
363.22186
364.10704
364.11772
364.14784
364.45474
364.48888
364.50484
364.51138
364.51456
365.15596
365.17012
365.50522
365.51080
365.51638
366.29002
366.29938
368.27104
368.38942
369.16456
370.64512
370.88608
371.77090
371.77828
371.92552
372.10870
372.11368
372.11860
372.17416
372.27094
372.31144
372.63832
372.66130
374.65870
374.66230
374.73412
375.20488
376.10368
376.62670
376.86694
376.88092
377.06524
377.40640
377.40838
377.43112
377.72218
377.72500
377.88196
377.90518
378.48154
378.73528
378.73840
378.74338
379.27006
379.46212
379.51264
379.51504
379.54174
380.58484
381.07492
381.24952
381.61018
383.09068
383.41282
383.63200
383.67424
383.69422
383.82448
383.88106
384.03112
384.30130
384.31384
384.44290
385.66330
385.68730
386.79514
386.79928
387.19300
387.21532
387.59536
387.70546
387.87622
387.89608
388.24966
388.26190
388.63714
389.03500
390.26020
390.79708
390.90232
391.31158
391.37242
391.37590
391.86424
391.97986
393.10318
393.23128
393.85888
394.40254
394.59088
394.97200
395.70760
395.92174
395.93200
397.01296
397.39912
398.47240
399.25720
399.53104
399.53770
399.54868
399.77854
400.76974
400.81432
401.11168
401.25652
401.59654
402.00484
402.96358
403.29778
403.30732
403.31260
403.63486
404.72464
404.72746
404.78656
405.03718
405.09628
405.43858
405.83596
406.00222
406.11364
408.25846
408.42010
409.60606
409.62868
410.52304
410.57620
411.19888
411.55810
411.57214
411.61618
411.89518
412.17544
412.19866
412.47412
413.07154
413.17540
413.32660
413.34718
413.78386
414.11746
414.76882
415.14136
415.95142
416.31574
416.32168
416.47294
416.48038
416.48584
416.49058
416.53744
416.99128
417.09916
417.12208
417.15622
417.39706
417.72694
417.74680
418.23700
419.42404
419.72200
419.98918
421.20166
421.34764
421.57492
421.78588
422.19958
422.38666
422.73844
422.77468
422.79904
423.56056
424.01398
424.31542
424.81072
425.94694
425.97796
426.00088
427.01344
427.01872
427.08676
427.43284
427.49932
427.83892
427.84702
428.05708
428.37310
429.27100
429.84592
429.86686
430.16662
430.23814
430.37470
430.43266
430.63060
430.93966
431.68528
431.77414
432.13972
432.15814
432.32140
432.78142
433.78504
433.79176
434.75344
434.76676
434.76982
434.77510
435.15604
435.17386
435.64516
436.91632
436.94512
437.77948
438.08698
438.25306
438.25528
438.29698
439.07392
439.28884
440.05270
440.21242
440.56516
440.92336
442.16932
442.17964
442.23316
442.33888
443.30566
443.31616
443.34508
443.36572
443.47666
443.78032
444.80890
445.16302
445.60348
446.37436
446.83582
447.36916
447.82516
447.95188
447.96100
448.64416
449.02918
449.05186
450.32512
450.32854
450.39412
450.89932
450.91738
451.40374
451.45306
451.70014
451.72540
451.81510
451.97962
452.35522
452.55424
452.59576
452.61700
453.14320
453.72880
453.74374
455.47942
456.14518
458.49088
458.82412
459.23722
459.24340
459.25846
459.26914
459.74374
459.75052
459.91726
459.93298
459.95650
459.95974
459.99328
460.20904
461.06866
461.07652
461.28526
461.58844
461.65300
461.66128
461.90464
462.54724
462.56782
462.75514
463.02754
463.11022
463.11532
463.12294
463.12672
463.31326
463.61476
464.09326
465.40954
465.68974
466.89028
466.96054
467.08366
467.12062
467.71132
468.01258
468.02068
468.02632
469.01476
469.03234
469.61758
469.64254
469.84912
470.20084
470.44564
470.59588
470.60368
470.83360
470.87296
471.01666
471.03334
471.36568
471.80830
472.33492
472.35172
472.93492
473.07730
473.10394
473.21584
473.22124
474.06016
474.29236
474.38194
475.18738
477.07894
477.83680
477.86818
477.93508
478.79368
478.81492
478.91170
479.48812
480.48430
480.49000
481.19062
481.45540
481.96354
483.10510
484.10782
484.93780
484.98196
485.62624
485.63800
485.67856
485.73778
486.60412
486.78322
487.36060
487.52458
488.28082
488.39104
488.40868
488.83630
489.13336
489.41002
489.97180
491.26090
492.20776
492.32110
492.68080
493.16752
493.18990
493.65790
493.71136
493.72438
494.66668
494.93974
495.07174
495.23638
495.25852
495.93082
496.10764
496.89754
498.25078
498.43066
498.43438
499.11424
499.69828
499.80400
499.82722
500.35096
500.78392
500.98066
501.18094
501.18700
501.21046
502.09738
502.66264
503.13592
503.59486
503.64112
504.40492
504.44134
504.44632
504.63466
505.26928
505.33408
507.00874
507.04822
507.95446
508.57984
508.58950
509.31052
510.27418
510.70510
511.00210
511.02112
511.09222
511.47070
511.48156
511.70998
512.91808
512.94922
513.40138
513.43330
513.97942
514.44718
514.65436
514.66450
514.66654
515.24134
515.24362
516.06124
516.06280
516.08254
516.08500
516.09022
516.45820
516.99718
517.01482
517.01794
517.06774
517.19560
517.20718
517.20982
517.29538
517.46854
517.48354
517.54108
517.81660
518.66668
518.85424
519.89380
520.68592
521.04376
521.05162
521.35162
521.37682
521.39782
521.92756
522.01456
522.23404
522.44110
522.72244
522.72598
522.74626
522.75790
522.76846
523.44412
523.86682
525.72052
525.73156
526.14142
526.53790
526.55074
527.24446
527.71606
527.72950
528.55876
528.61474
528.76378
528.94060
529.04380
529.27642
529.36234
529.48432
529.65556
529.89490
530.23318
530.37106
531.68266
531.68416
531.69724
532.20370
532.20970
532.55986
532.92286
532.96204
533.95876
534.79774
535.19566
535.49002
535.57366
535.62868
535.64800
535.73842
535.74406
536.56576
536.88136
537.57466
538.82620
538.84594
538.85614
539.34580
539.36140
539.57620
539.59510
539.60680
540.12796
540.14200
540.17644
540.34540
540.56314
542.83624
542.84632
543.71590
543.72652
544.73620
544.95298
545.30662
546.72928
547.41934
547.52752
548.16322
548.16910
548.17066
548.65420
548.67838
548.88742
548.99200
549.04372
549.41914
550.28026
550.30030
550.36174
550.58752
550.92232
551.03326
551.04058
551.30956
551.31118
551.50288
551.87752
552.47752
552.58624
552.83566
552.84700
555.41494
556.04578
556.50148
556.60072
556.68310
556.77928
557.12764
558.11506
558.44458
558.52522
558.71380
558.75034
560.44822
560.74858
561.21832
561.32098
562.08376
562.16194
562.53826
562.55098
562.82428
562.84720
562.89976
562.93150
563.75152
564.53254
564.61384
564.94270
564.95644
565.40782
565.94104
565.95574
566.49898
566.85694
567.25570
567.54028
568.41604
568.42528
568.43182
568.70272
568.74328
568.75648
569.67802
569.68900
570.80272
570.80884
570.85030
571.47436
571.53166
571.55146
571.73602
571.85518
573.19066
573.19606
573.49282
573.82444
574.08616
574.12648
574.66246
575.20186
575.36056
575.42722
575.58562
576.66460
576.70576
577.07800
577.09456
577.57342
577.57816
577.58350
577.59298
577.71532
579.25162
580.08850
580.74676
580.81924
580.82284
581.37928
581.81296
582.21394
582.21976
582.24382
582.90898
582.91546
583.44946
583.89232
584.04412
584.40040
584.40730
584.49760
586.02910
586.32400
588.00508
589.54024
589.70842
589.73128
589.75402
591.76306
591.86290
592.05982
592.37212
592.61254
592.61470
592.66792
593.39854
593.40316
593.88124
593.95954
594.31234
594.32272
594.52486
594.75988
595.32034
595.63192
595.74412
595.75234
596.06944
596.17036
596.75356
596.77726
599.23318
599.24344
599.98756
600.15928
601.30462
602.38618
602.69338
603.65446
603.70030
603.70816
604.40818
605.03224
605.03542
605.38174
605.39950
605.43238
607.24372
607.27876
607.29784
608.14882
608.21290
608.57254
608.58898
608.65234
609.04696
609.73834
609.74524
610.10272
610.43548
610.63606
611.25490
611.69470
611.73508
612.15310
612.82684
612.84010
613.52842
613.74106
613.87432
614.32714
614.40076
615.67480
616.63720
617.19910
617.64826
618.45724
618.63304
618.73642
618.99520
620.04868
621.44026
622.18756
622.55638
622.61122
622.88872
622.97080
623.10370
625.11922
625.76554
625.98706
625.99678
626.03374
626.04274
626.06242
626.08096
626.47162
626.47666
626.47894
626.89936
626.95738
627.41908
627.79468
629.39080
629.44342
632.13448
632.27038
632.28034
632.29084
632.64208
633.25366
633.68752
634.00504
634.70656
635.06896
635.27638
635.41048
635.42764
637.22164
637.31236
637.47658
637.53418
638.16466
639.81082
639.89974
639.92758
640.08166
640.08442
640.09552
640.16422
640.16848
640.38160
640.66084
640.84438
641.17108
641.18566
641.29060
641.76730
641.94802
641.94964
642.18238
643.03804
643.10800
643.11634
643.59160
643.64980
644.38774
644.91004
646.14298
646.37596
646.53862
647.31088
647.53888
647.68504
647.68996
647.69794
647.69980
648.86686
649.49218
649.57498
649.59598
649.83094
649.85956
650.15056
650.26504
650.33536
650.35816
650.59816
651.23128
651.28558
652.19872
652.72600
652.98976
653.49484
653.77078
654.35080
654.42322
654.53266
655.31740
655.34746
657.16030
657.23686
658.25890
658.27372
658.98922
659.00224
659.70154
659.75686
659.76220
659.77876
659.96746
660.31582
660.89380
660.91336
661.15228
661.28242
661.37170
661.67416
662.27284
662.28016
662.84368
664.05712
664.46806
665.26306
665.79160
665.89948
666.21616
666.91564
667.39996
667.68778
667.71898
667.82470
668.05174
668.06674
668.21602
668.83480
669.70588
670.00912
670.01062
670.05190
670.69000
670.69756
670.73272
670.77184
671.18614
671.55232
671.56480
671.69782
671.73442
671.96488
672.58492
673.58236
674.07196
674.07808
674.62324
675.45478
675.47098
675.47458
676.65364
677.13730
677.46322
678.23356
678.43090
678.69730
679.47322
679.51276
679.53592
680.28622
680.60572
680.87584
681.14218
681.40042
682.40134
682.44952
682.98964
683.41558
683.47030
683.88220
684.88420
685.96048
686.08192
686.09758
686.54386
688.73302
689.38462
689.42476
689.71006
690.31726
690.45400
690.86230
690.89776
690.92590
692.38174
692.38450
692.85394
693.77452
693.79258
693.86662
694.26220
694.27870
694.28698
694.67248
695.24422
697.25284
697.41592
698.52130
698.84674
699.19978
699.20668
700.03456
700.04278
700.05424
700.56916
701.41888
701.47030
701.90686
702.30022
702.64714
703.93096
703.96204
704.04202
704.06518
704.30644
704.71288
705.17944
705.47398
705.48154
705.48772
705.51322
705.52102
706.18942
707.21866
707.26084
707.28832
708.11008
709.31950
709.37572
709.50538
709.52992
709.65310
710.24170
710.60368
710.83444
711.38620
712.45888
713.22568
713.83528
714.59062
715.24840
715.26784
715.86436
715.87120
715.87306
716.05384
716.05924
716.25220
716.26396
716.55340
716.62942
716.63314
716.64076
716.64754
716.65120
716.79184
716.80162
717.12772
717.62230
718.18558
719.33194
719.70730
719.72164
719.72554
719.78572
719.79778
719.81134
720.57340
720.65386
720.81268
720.98524
721.66408
721.89688
723.87148
723.88090
723.90850
726.33112
726.59776
726.73462
727.04776
727.12792
727.30060
728.67196
728.79796
729.15940
730.99252
732.70294
732.72040
732.76192
733.03270
734.22778
734.25292
734.49604
734.85982
734.88016
735.21964
735.40024
735.44908
736.08646
736.65082
736.89298
737.23066
737.24830
737.25604
737.31592
737.55760
737.86522
738.30904
739.39444
739.60234
739.66096
739.84054
739.95094
739.99900
741.20446
741.21382
741.32698
741.58192
741.91828
742.11052
742.44262
743.01190
745.11562
745.50058
746.67502
747.58246
748.73818
748.94710
749.59594
749.67676
750.05194
750.05962
750.07474
750.15088
750.26314
750.66946
751.12342
751.35934
752.93806
753.94702
753.95248
754.16434
754.22266
754.67800
756.37318
756.73324
758.31028
758.52232
759.12730
759.20890
759.42934
759.79138
759.87790
759.97096
759.99232
760.00156
760.05124
760.15342
760.27360
760.28476
760.43164
760.80586
761.27272
761.53300
761.62108
761.81680
763.27048
763.40458
763.70854
764.13082
764.30830
765.01690
765.60022
765.75922
766.04632
766.24438
766.76788
766.78996
766.93228
767.50300
767.52610
768.70702
769.04224
769.70698
769.85284
769.89670
770.33242
770.78680
770.79682
771.02968
771.35194
771.41626
771.57478
773.48812
773.50072
774.16288
774.99574
775.26784
777.97972
778.09900
778.80730
778.90024
779.57710
780.01552
780.04576
780.05026
780.08488
780.44704
780.88396
781.07122
781.08442
781.52326
781.54684
781.75354
781.97014
782.31928
782.42446
782.44804
782.72590
782.88220
783.20914
783.62344
784.13608
784.61632
784.99342
785.93758
785.94760
786.44980
786.67996
787.64860
789.09736
790.45870
790.77244
791.06770
791.58562
791.60440
792.14986
792.32140
792.32722
792.59080
792.59560
792.60010
792.60532
793.13128
793.17976
793.42030
793.82224
794.48938
794.70766
794.83876
794.89084
794.97148
795.39718
795.40750
795.41938
795.59440
795.74536
795.75526
795.86830
796.83544
797.23684
797.45824
798.44902
798.96442
799.26568
799.31098
800.26150
800.30434
800.88520
801.53830
801.57118
801.69934
801.82750
802.01770
802.21744
802.22770
802.69390
802.70326
802.70698
803.01418
803.18962
803.19136
803.39626
803.56486
803.74822
804.64510
804.90574
806.57308
806.99236
807.72550
808.34656
810.18130
810.19246
810.67138
811.29982
811.95670
812.29180
812.29966
812.59714
812.77120
812.77642
813.14986
813.55738
814.22830
815.02720
815.04202
816.47938
816.49594
816.49996
816.52708
816.84310
817.14250
817.44214
817.44988
817.50412
817.51036
818.88610
819.03604
819.84964
819.85834
820.47574
821.05348
821.05822
821.07208
821.12908
821.14150
821.15134
822.54442
822.57598
823.66000
823.66348
823.71538
823.94290
823.95634
824.58328
825.74290
826.07074
826.27570
826.29220
826.29976
826.35616
827.34562
827.56918
828.29674
828.61384
829.49344
829.53886
829.66798
830.45218
830.53246
830.56462
830.68120
831.57376
831.79660
832.12756
832.36222
832.41712
832.43002
833.45182
833.76826
834.73438
834.90952
835.48882
835.53562
835.68634
835.89340
836.05156
836.19262
836.30908
836.32054
836.40478
836.42350
836.59462
836.61640
837.55096
837.94522
838.99180
839.07682
839.44894
839.97346
840.60346
840.61708
840.63016
840.91210
841.35634
841.39726
841.91014
841.96420
842.72554
843.68314
843.95602
843.97396
844.71832
844.72492
846.20218
846.26284
846.89386
847.43518
848.30524
848.63608
848.63788
849.22228
849.99430
850.75756
851.25874
851.38900
851.80996
852.35830
852.67606
852.73264
853.52362
853.54546
853.55464
853.55758
854.20600
854.21632
854.22880
854.48158
854.50864
854.69452
855.10930
855.19486
855.77494
856.37932
856.76890
857.72854
857.85058
857.91820
858.31186
859.44214
859.61818
859.62082
860.12566
860.32684
860.41438
861.69616
862.41838
862.58866
862.93198
863.09488
863.12458
863.47996
864.02338
864.25102
864.25354
866.05786
866.79064
866.93062
866.95150
867.09496
867.16414
867.19774
868.23724
868.28368
868.63324
869.51644
869.73142
869.97058
870.24676
870.57808
871.52566
871.55782
871.65868
871.71346
871.97662
872.61436
873.17626
874.75672
875.10124
875.73616
875.74138
876.18724
876.19444
876.34162
876.57862
876.94804
877.18588
877.42942
877.43596
877.49026
877.49926
878.12866
878.13496
878.26858
878.42110
879.78520
880.06588