3.57754
5.11426
6.18286
7.09786
8.15086
12.28618
12.85984
14.26486
14.43862
15.65392
17.12728
17.13208
21.07168
21.79534
21.80110
23.15884
23.94568
24.49378
25.03714
26.56114
27.90874
27.92110
30.47032
30.52816
30.53086
32.50534
33.53758
33.57694
35.41198
35.83924
38.28832
39.30874
39.32152
39.70738
39.94420
39.99322
40.02208
40.62202
43.77688
44.64976
48.10462
49.75540
49.80316
51.11386
51.17260
52.89718
56.09170
57.24262
58.39522
59.50246
60.37522
61.54960
63.12838
63.40558
63.75628
64.43278
67.85254
70.14760
70.16998
72.19042
73.86328
75.42664
77.74720
80.33980
82.40842
83.48818
83.56588
85.64800
87.42034
88.17844
88.89784
89.86516
90.25960
94.06858
97.03594
98.09632
98.11156
98.12026
98.88286
100.91626
102.02944
102.77104
103.47754
104.08762
104.13232
106.04326
106.04596
106.05850
111.45832
112.23202
112.61278
114.47194
114.92686
115.24048
117.12520
119.91412
121.37512
122.01022
122.86492
123.70588
126.00910
126.18394
126.20254
126.23020
127.14928
127.18426
127.54492
127.87192
130.55842
132.11170
134.66968
136.10884
136.14622
136.19140
137.42530
140.20450
140.23246
141.36202
141.98284
141.99856
143.36548
143.37016
144.10840
144.82048
146.26972
147.81016
148.61794
148.99660
151.19614
151.39552
152.55286
154.02922
154.13806
154.47184
157.38718
158.37478
160.67302
160.72522
162.62872
169.90252
170.14054
170.18698
171.70318
173.46508
176.01904
178.49512
178.83652
179.42908
179.76640
179.83024
181.21102
181.26250
184.57858
185.09182
185.09602
185.18398
185.76916
186.65788
190.97050
191.51962
192.72862
194.35762
196.56316
197.00638
198.36490
199.57792
202.06996
202.10470
202.88584
203.31094
204.26980
205.01668
205.04290
205.26916
206.86636
207.72088
207.97174
208.93534
209.69704
209.75650
212.51626
212.95978
212.97640
213.62410
214.08568
214.63972
214.65256
215.65342
216.41152
220.47070
220.71754
222.06304
222.57070
224.37202
225.95512
226.31446
226.37128
227.64418
230.47396
230.76940
231.79594
233.59912
236.05102
238.02688
238.19188
238.28428
239.64052
241.28482
242.36620
242.95108
244.33888
245.16730
246.99148
247.06006
247.20022
247.47706
254.11876
254.60896
255.16480
256.19674
256.79284
257.17456
259.33672
259.70404
262.98676
263.08972
265.25068
266.34796
268.25764
269.43040
273.13756
274.15492
274.38682
275.18896
276.04828
276.95530
279.38128
279.82084
280.78666
280.80124
280.94398
281.72506
282.89608
284.43364
284.66236
285.15004
285.15724
287.05210
288.80686
290.15404
290.17168
290.86330
291.08476
291.25576
292.66804
293.62894
293.63962
297.41116
298.10920
299.38918
299.45164
300.70726
301.88878
305.24296
307.12648
308.73028
309.94594
311.46790
311.54356
313.08946
313.51162
314.37502
314.52184
314.92012
324.12148
324.21790
324.65410
326.16034
326.75008
327.18334
327.20278
327.21610
329.58250
329.60008
330.62914
332.41798
333.03874
333.46858
333.78964
333.80140
334.62802
335.32882
335.38330
335.62636
338.66974
344.01016
344.28334
345.03388
347.46442
347.49040
348.13066
348.14632
348.85402
348.89548
350.70250
350.73586
352.95178
354.59428
356.01196
356.79106
356.79952
356.81602
358.37890
360.17620
364.73104
365.68870
367.33684
367.37080
368.59648
369.13642
370.78156
373.44184
373.48630
374.46226
377.27068
379.40788
382.10242
382.42186
382.47286
382.77616
383.11360
385.25146
386.43130
387.84568
391.52164
392.30326
392.68822
392.73232
395.40634
395.42758
397.57708
397.94686
397.95028
398.87776
401.90338
404.03740
408.03898
408.05392
408.10018
410.16070
410.95624
411.15664
411.67306
413.87572
413.89846
414.43294
414.49192
414.51226
416.40508
416.41282
416.78398
417.87502
421.52254
422.61826
422.68336
423.80824
424.10080
424.46680
426.42784
427.53214
427.98100
428.16118
429.06454
429.48514
429.52486
432.14236
432.64816
432.68188
433.68916
434.70394
437.29030
437.30380
438.25438
438.45988
438.53386
439.26070
439.35718
440.33470
441.32398
441.89626
443.14714
444.13948
446.96326
448.93462
453.71428
453.72628
455.36248
456.08140
456.13702
457.28536
457.33114
457.34656
459.47302
459.53884
460.26250
461.31442
462.97384
464.75026
466.84906
470.10532
473.98930
475.85614
475.89664
476.51038
477.00718
477.01684
478.82848
478.86202
480.11794
480.12568
480.33928
480.63586
481.06042
481.41088
481.55662
482.28856
482.92144
483.18340
485.68594
487.93612
489.49582
489.60802
490.58374
491.21512
491.48506
491.48800
491.85940
492.59326
493.29340
495.72658
496.60378
497.49994
498.03316
500.47672
503.89390
504.67408
508.75678
509.71954
511.51444
512.13490
512.15830
515.14282
518.19466
521.65360
521.66344
521.67256
522.19654
523.74940
523.80328
524.39458
525.01174
525.48826
525.86854
526.51786
527.09572
527.75200
528.45964
532.14826
532.15870
534.00724
535.40062
535.40716
536.25064
536.57842
536.61616
538.08874
538.39588
538.44118
538.51036
538.63714
539.26624
539.60278
539.98210
542.78782
544.70998
545.89852
547.27894
547.32100
547.71766
548.28730
548.30356
549.71302
550.17064
552.07078
555.74416
556.44400
557.13760
559.73764
561.22798
562.09804
562.62658
563.65210
563.68618
563.98252
570.60862
576.63550
577.08394
579.80776
580.40614
581.03566
581.86960
581.92708
583.05148
583.15072
583.17508
583.84498
583.87924
586.68700
586.73212
588.13666
590.95378
591.79114
592.60096
593.13262
595.48102
595.70428
597.38350
598.43740
602.25400
604.20964
608.02186
609.02968
609.52786
609.58600
611.62126
611.99908
612.07186
613.06174
613.63414
615.91534
615.95038
617.13358
617.60158
617.61604
617.64514
618.66184
619.69264
619.76530
621.99070
622.48048
624.58438
626.82784
627.22534
627.97600
628.00288
628.64620
628.83880
629.54920
630.03292
633.76954
635.53756
636.11530
636.16996
637.18798
637.75594
637.79950
637.87786
638.01046
638.41540
641.39014
644.40202
644.77678
646.04674
646.18018
646.62364
647.87476
649.20136
649.29436
649.46170
650.39470
650.93140
652.60198
652.88548
657.37438
658.69414
661.62586
663.35374
665.42122
666.64372
666.66142
667.57024
668.10808
669.79066
674.58052
676.70920
678.56818
679.69330
681.01534
681.35836
682.65634
684.78208
688.22356
689.65246
689.73064
690.00868
690.06934
692.38492
693.73396
695.35834
695.42128
699.14602
699.87502
699.97456
699.99844
701.90104
701.92018
702.26746
702.34012
704.63926
707.02582
707.15722
707.77312
711.07786
712.90084
713.49850
713.58856
715.04830
715.12438
715.13470
715.32694
717.51364
720.83854
720.87844
724.52272
725.72950
726.18274
726.25090
727.83844
731.76058
732.54808
733.89190
736.59316
739.86652
741.31384
744.61120
745.34776
745.40074
747.82636
749.41120
749.71852
749.74846
750.85300
750.89152
751.08844
751.11226
751.13614
751.77238
752.44474
757.82086
761.58022
762.39706
765.33694
768.56566
769.03990
769.93612
769.96726
770.00110
770.82244
773.06866
773.45590
775.49758
776.40466
782.72866
783.84370
784.19206
785.26324
786.11008
786.48124
788.72776
789.12706
789.57658
791.11192
794.07178
800.64718
801.19768
801.26704
803.43748
803.50552
804.31036
807.90994
809.83876
811.11412
811.14322
811.66138
811.70104
811.74052
813.49366
820.23364
820.81486
821.66554
822.18628
823.11232
824.59702
826.64698
827.67778
828.36952
831.56476
833.18056
835.56796
835.58566
837.38878
837.48568
838.26988
838.28086
838.28386
838.29340
838.88806
839.67808
840.53386
840.57958
841.24858
845.18824
845.42134
845.65816
846.11710
846.86020
847.39144
847.41502
848.45062
848.67364
850.83928
852.24850
853.14688
854.76808
857.06254
860.19532
860.87572
861.19240
861.67288
862.46818
864.45334
864.91378
866.15410
874.04614
874.11532
875.65966
875.68312
877.69834
877.78570
880.21120
880.24102
880.27870
882.32404
882.55072
883.62694
885.81034
