0.01000
0.01726
0.03100
0.04984
0.74464
0.95122
1.03342
1.19302
1.19500
1.20790
2.07406
2.09938
2.19370
2.21422
2.55988
2.56432
2.58112
2.61736
2.65054
2.70772
3.33088
3.36730
3.86572
3.96862
4.49542
5.22940
5.75524
6.09136
6.20572
6.38656
6.58276
6.60910
7.27294
7.92028
7.93030
7.93810
7.99624
8.01790
9.10084
9.34120
10.43362
10.72444
10.74130
10.74868
11.22424
12.87388
12.89932
12.90460
13.54204
13.54534
14.88106
14.91112
14.93818
15.33574
16.27990
16.28914
16.32256
16.53046
16.73782
16.74082
16.74994
16.75714
16.90342
17.14024
17.54206
17.55076
17.57290
17.59108
17.61556
17.73988
17.80444
18.15448
18.41470
18.79042
18.80476
18.84820
18.86848
18.95122
19.01482
20.13718
20.16538
20.22202
20.65306
20.67640
20.69896
21.53470
21.53986
22.61974
23.22094
23.42440
23.75122
24.61030
24.63214
24.64720
24.68488
24.88756
25.87504
25.90282
25.91560
25.91842
25.92598
26.68648
26.72824
27.16528
27.16852
27.18592
27.23812
29.73718
29.75116
30.41062
30.41326
30.80398
31.07968
31.09786
31.11058
32.41684
32.48248
32.87224
33.82636
33.88378
35.20054
35.91622
35.93440
36.52258
37.07416
37.29166
37.85182
37.91110
38.04424
38.05246
38.25838
38.42794
38.52178
38.77816
39.09292
39.12622
39.13480
39.16390
39.16786
39.19864
39.20578
39.21844
39.39862
39.53872
39.61588
39.78982
39.92866
40.31278
40.73986
41.50996
41.51398
41.52166
41.54062
41.55034
42.09112
42.65740
42.76462
42.92398
42.93706
43.34224
43.35958
43.40398
44.25850
44.61064
45.47818
47.23516
47.25532
47.26492
47.27626
47.29810
47.79976
48.15952
48.55234
48.58180
48.60994
48.66784
49.33246
49.90222
50.70982
51.18670
51.20662
51.23416
51.24208
52.14664
52.46980
52.48006
53.10340
53.14342
53.14984
54.10786
55.16428
55.19464
55.31140
55.90666
56.16148
56.48488
56.49448
56.50762
56.98552
57.00448
57.00802
57.90952
58.19482
58.98646
59.18476
59.45020
59.76802
59.96968
59.97568
59.97952
60.22918
60.24178
60.72460
60.73492
60.80902
61.12966
61.91626
62.32702
62.35204
63.24634
64.41262
64.48000
64.52596
64.53658
65.23660
65.25340
65.25730
65.29348
65.67148
65.67730
66.41470
66.83284
66.87022
68.08630
68.12176
68.14402
68.35450
68.97568
68.98186
69.35140
69.41602
70.04254
70.63252
70.69492
70.71328
70.80568
70.82020
71.12644
71.82184
71.83276
71.84944
71.85394
71.91688
72.06862
73.09330
73.11790
73.63066
74.02078
75.06088
75.48454
75.49132
75.72502
76.26634
76.95784
77.01154
77.96560
77.97196
78.24166
78.28864
78.29224
78.95098
78.96262
79.43896
79.44634
79.44910
79.45486
79.47718
79.52554
79.55320
79.56928
80.72776
80.77492
81.34312
81.40942
81.62980
81.67102
81.68074
81.88582
81.92086
81.92470
81.93346
81.94906
81.95362
81.99304
82.04044
82.04308
82.08766
82.32418
82.45162
82.81732
83.05732
83.07838
84.33664
84.34126
84.37888
84.40378
85.56424
85.59484
85.81900
86.42572
86.81212
86.83468
86.91004
86.91868
88.01326
88.03996
88.11268
89.25718
90.30766
90.32416
90.91846
91.65208
91.65844
91.92406
92.21836
92.28178
92.32576
92.50588
92.70784
93.07684
93.39274
93.46282
93.50026
94.65622
94.84738
95.36638
95.38264
95.74114
95.80726
96.95224
97.18702
97.19104
97.20742
98.06656
98.07442
98.09764
98.14756
98.19904
98.59294
100.46680
100.78030
101.70010
101.71354
101.73100
102.88066
102.95128
103.00372
103.86376
104.14984
104.17876
104.25472
104.42230
104.63494
104.63956
104.64544
104.83858
104.93626
104.93962
104.95288
105.31120
105.31966
105.37618
105.41980
105.42310
105.81094
105.83362
106.55296
107.75692
107.78092
108.42580
108.66172
108.86410
110.33254
110.39320
111.15598
111.29338
111.31612
111.33646
111.36946
111.76018
111.76828
112.99762
113.01160
113.48050
114.11710
114.15796
114.37438
114.48526
114.86542
115.25014
115.30612
115.57924
115.75234
115.95178
115.98928
115.99216
115.99456
116.91454
117.00166
117.32098
117.37396
117.60214
117.63706
117.70630
117.70960
117.80350
117.84628
119.06578
119.13640
121.42498
121.52188
122.19574
122.63560
122.64292
122.66998
124.99066
125.00434
125.02696
125.03494
125.08750
125.50120
126.15670
126.25444
127.87546
128.56282
128.65576
128.95858
129.79768
130.71664
130.75006
131.03068
131.05996
131.25736
131.26066
131.26732
132.18172
132.21658
132.22792
132.36088
133.23520
133.24606
133.50532
133.77820
133.80850
134.39998
134.42230
134.72620
134.73568
135.12268
135.87310
136.14304
136.15762
137.11396
137.16700
137.40124
137.44006
137.52754
137.53702
137.85694
138.32494
138.32830
138.33562
138.42496
138.43528
138.53716
138.54496
138.55150
138.73840
138.89146
139.25794
139.56208
139.63528
139.63948
139.75930
141.15658
141.86146
142.39060
142.42036
143.51428
143.52418
143.54296
143.55274
143.56768
143.58034
143.59366
144.67156
144.71104
145.84570
145.84894
145.85458
145.89970
146.09716
147.20056
147.22300
147.44776
147.46060
148.16548
148.16992
148.17412
148.20730
148.21756
148.23736
148.35358
148.70632
148.73242
148.84810
149.39806
149.56828
149.86162
150.57928
150.73492
150.74206
151.80028
151.86310
151.87624
151.89340
153.04270
153.05776
153.76882
154.44760
155.45494
155.69608
156.57418
156.59062
156.59902
156.61852
156.62806
156.65254
157.34668
157.83322
157.88596
157.89334
159.01966
160.22434
160.26784
160.31464
160.40428
161.34142
161.76520
162.71896
162.93592
162.94078
162.96178
162.96658
163.00204
163.02208
163.17226
163.20592
163.21624
164.24992
164.27944
165.40066
166.62538
166.73722
166.91512
166.94518
166.96324
166.97164
167.69902
168.21616
168.21850
168.86038
168.87292
168.87724
168.88630
168.94996
169.08358
169.09396
169.29898
169.37686
169.39648
169.46620
169.56088
169.61692
169.87066
170.08438
170.09686
170.15410
170.92738
171.25540
171.26824
171.30340
171.30634
171.31744
171.32434
171.53452
171.54418
173.32810
173.61592
173.62894
173.63572
173.64346
173.70214
174.27964
174.28924
174.58744
174.85936
174.93958
175.18666
175.81792
175.82638
176.02708
177.19120
177.61372
178.80514
179.00206
179.91076
180.12778
180.19246
181.05514
182.22658
182.24470
182.24980
182.40616
183.30790
183.43402
183.99112
184.57792
184.64536
185.24440
185.26090
186.01288
186.05590
188.15134
188.43424
189.35512
189.36544
189.42094
189.55522
190.56598
190.64242
190.82548
190.89934
191.23600
191.36872
191.38360
191.46952
191.71240
191.74516
191.93326
192.05578
192.14542
192.34642
192.39988
192.62026
193.10086
193.11928
193.35748
193.92694
194.16220
194.24164
195.29392
195.53356
196.13866
196.61308
196.69174
196.72552
196.85974
196.90840
196.91122
197.80306
197.84902
198.45958
198.46432
198.97150
200.10262
200.14402
201.28546
201.33694
201.44482
201.69898
202.48966
202.78600
202.79548
203.60182
203.84056
204.70282
204.71314
204.71722
204.75736
205.28182
205.52788
205.84006
205.86508
205.87792
205.89754
206.75524
207.06964
207.22666
207.23644
208.23556
208.29862
208.30522
208.31584
208.83688
208.85308
208.92280
210.18748
210.64414
210.67054
210.71440
210.72748
210.87328
211.87108
212.01904
212.03308
212.23234
212.39110
213.43696
213.47632
213.67012
213.67372
213.90634
213.95722
213.95956
213.97528
214.06474
215.34592
215.35348
215.74852
215.86528
215.89108
215.89540
216.92902
217.04578
219.43660
219.45376
220.31338
221.46856
221.86216
222.33832
222.50704
222.51874
222.66616
223.09192
223.11538
223.12234
223.53862
223.75660
223.85236
223.85608
224.31502
224.31748
224.32906
224.34034
224.38882
224.88088
224.88496
225.61714
226.89526
226.92574
226.96480
227.47858
228.92782
229.41742
229.44700
229.86364
230.64520
231.36790
233.06116
233.56354
233.65108
233.67334
234.00736
234.79936
234.83674
234.84316
234.93298
235.24792
235.97572
235.98034
236.01796
238.34134
239.23732
239.58490
239.60080
239.61502
239.61814
240.20860
240.24358
240.95524
240.96874
241.09852
241.10254
241.69528
242.30812
242.31250
242.31904
242.33002
242.34436
243.30058
243.30736
243.71722
243.72088
243.74470
243.75802
244.52188
244.53934
245.07904
245.16556
245.22226
245.65594
245.96578
245.99194
246.39742
246.39904
246.40768
246.44200
246.50092
246.75028
247.14016
247.15666
247.43998
247.45660
247.45840
247.78156
247.79308
247.79608
247.80322
247.91746
248.12008
248.16736
248.35120
248.36440
249.11890
249.14368
249.17806
250.38544
250.41136
251.69650
251.70682
251.71750
251.78770
252.33694
253.95574
254.00698
254.61814
255.65890
255.67348
255.77548
256.50538
256.55524
256.94422
256.99990
257.00554
257.02246
257.05624
257.51656
257.54044
257.69650
258.05320
258.19348
258.19942
258.20638
258.43450
258.45622
258.53728
258.69994
258.76048
259.74436
259.75192
259.81294
261.03796
261.04150
261.06880
261.08158
262.07224
262.35268
262.79872
262.81504
263.62486
263.67946
264.56950
264.88972
265.27300
266.16208
266.19424
266.19652
266.20960
266.23366
266.27998
266.68378
266.68888
266.70016
266.74744
267.06154
267.43894
267.44356
267.44764
267.53680
267.57412
267.72748
268.06666
268.41118
268.77562
269.42182
270.04894
270.09316
270.40204
270.80908
271.15240
272.06830
273.92032
273.98926
274.52086
275.09086
275.09356
275.11054
275.11318
275.17336
275.17960
275.18404
275.51068
275.77042
275.78248
275.84722
276.04006
276.32788
276.93358
277.00450
277.46674
277.48438
277.95754
278.77174
279.51934
279.97498
279.98518
279.98740
280.02052
280.02238
280.03774
280.29166
281.26300
281.39908
281.41576
282.50926
282.58270
282.60880
283.22980
283.67932
283.68232
283.69186
283.69654
283.75546
283.76974
284.47648
284.49370
284.50090
284.97358
284.98240
285.53800
285.60016
285.63046
286.17004
286.18060
287.10028
287.40772
288.09046
288.12196
288.62464
288.64162
288.65746
289.31980
289.32358
289.57876
289.85434
289.86070
289.86334
289.87036
289.87720
290.04796
290.08630
290.55112
290.82472
291.11458
291.12826
291.13528
291.18058
291.21094
291.72436
291.74410
292.10452
292.37332
292.40068
293.58676
293.62234
293.62462
295.67482
296.26636
296.27734
296.28550
296.60608
297.53170
297.62512
298.67470
298.67974
298.69612
298.70842
298.71490
298.75510
298.79878
298.80646
298.81888
299.41576
300.00586
300.02266
300.06172
300.08206
300.35422
300.60574
300.68200
300.75544
300.92350
300.98542
301.25872
301.27600
301.35850
301.57798
301.73752
301.74448
301.96768
301.97848
302.22940
302.49838
302.51830
304.18132
304.24864
304.95784
304.97812
305.94418
306.22738
307.44832
307.45030
307.45852
307.48258
307.49356
308.05672
309.09382
309.10018
309.25630
309.26518
309.27424
310.40800
311.52364
311.54392
311.61382
311.94070
311.97124
312.70450
312.71182
313.92088
313.93774
315.15478
315.17626
315.20242
315.97114
316.30972
316.35616
316.37608
316.49938
316.52320
317.15200
318.05686
318.09028
318.78124
319.96330
319.99978
320.06326
320.53930
320.54308
320.55298
320.58298
321.13186
321.15316
321.21082
321.25900
321.49648
322.66594
322.67530
322.68574
322.70368
322.71586
322.73626
323.80876
323.82190
323.83522
323.88742
324.96070
325.05466
325.57906
325.59538
325.62460
325.63126
326.13160
326.15224
326.16094
326.60350
327.21550
327.23554
328.40170
328.40506
328.41430
328.57930
328.81900
329.49784
329.50798
329.53474
329.55376
329.62162
329.65762
330.23830
330.70132
330.71824
330.72166
330.72958
330.74230
330.75496
330.76162
331.10164
331.10794
331.13812
331.51168
331.90198
331.92406
332.01340
332.05456
332.23816
332.40106
332.86462
332.91784
332.95888
333.15796
333.18898
333.19522
333.21112
333.21784
333.26068
334.08052
334.40092
335.54056
335.55652
336.36844
336.67984
336.69808
336.70084
336.71074
336.73324
337.12432
337.88740
337.90726
337.94938
338.17774
338.19658
339.08914
339.10660
339.11014
339.13102
339.23056
339.37072
339.38602
340.29244
341.01100
341.05066
341.45122
341.46562
341.53606
341.55382
341.96008
342.63502
342.65026
342.66676
342.66946
342.67720
342.67930
342.85372
342.85744
343.02034
343.03684
343.08400
343.10002
343.34800
343.65700
344.18746
345.04006
345.04372
345.04978
345.10000
345.13042
346.32214
346.34038
346.59550
347.77996
347.79538
347.87884
349.57588
350.20612
350.21506
350.27176
350.46856
350.93344
351.28150
351.74836
352.50784
352.52644
352.62886
352.90180
352.92820
352.95808
353.02870
353.18782
353.29480
353.61994
353.62804
353.65426
353.65840
354.08752
354.09208
354.17974
354.32116
354.40174
354.51808
354.52474
354.91498
355.21822
356.44084
357.31480
358.51012
358.53568
358.60060
359.14792
359.51482
359.53834
359.73796
359.75242
359.75974
359.79010
360.55966
360.98014
360.99124
361.03432
361.89646
363.66508
363.73354
363.97390
363.99838
364.10698
364.12348
364.36636
364.37014
364.42564
364.48036
364.61584
364.62970
364.63594
364.64968
364.96636
365.29048
365.34760
365.35078
366.17002
366.94960
367.21888
367.22794
367.23574
367.28896
367.33282
367.53298
368.41600
369.18274
369.67930
370.70950
371.36314
371.37718
371.81806
371.93152
373.07644
373.41640
373.92928
374.27536
374.81554
375.06982
375.43552
375.81238
375.82618
375.84598
376.03546
376.21960
376.30954
376.31596
376.59700
376.60546
376.63624
376.66846
376.70632
376.71934
376.90822
377.34304
377.84254
379.35184
380.31274
380.33512
380.42884
381.10036
381.11242
381.13258
381.65704
381.65914
381.92218
382.65166
382.71238
383.29258
383.80912
384.10300
384.14308
384.94552
384.95266
385.64878
386.16280
386.77522
387.25324
387.29872
387.30124
387.31042
388.43608
388.46818
388.65538
388.67206
388.69888
389.61646
389.64502
390.85828
391.05394
391.46992
391.88164
391.90546
392.38468
393.11410
393.11794
394.50550
395.38162
395.53114
396.43576
396.43864
396.44122
396.50416
396.53164
396.53884
396.59566
396.88498
396.92722
396.93826
397.10818
397.34062
397.45708
397.63354
397.64182
397.69828
398.03392
398.21902
398.82394
398.86078
398.91898
399.44158
399.49810
399.99454
400.00828
400.69132
401.17780
401.22340
401.26450
401.28364
401.30770
401.79400
402.14440
402.20410
402.61372
402.85510
403.41064
403.77910
403.84588
405.06004
405.89962
406.19926
406.25236
406.31596
406.35706
406.37350
406.38280
406.94320
406.97764
406.98628
407.43592
407.45944
407.54374
407.77960
407.84632
407.92366
408.02122
408.02668
408.02968
408.03676
408.04732
408.06328
408.62356
408.65812
408.67882
408.69292
408.92572
408.97240
409.45858
409.47304
409.48498
409.56580
409.78984
409.79188
409.85038
410.07934
411.05632
411.40294
412.24162
412.25200
412.33174
412.40632
412.78678
413.47360
413.48764
413.51092
413.57230
413.60590
413.72320
413.73166
414.75928
414.76324
414.82882
414.84880
415.94278
415.95142
416.28124
417.11056
417.12130
417.14746
417.16126
417.29764
417.33058
417.98770
418.04734
418.41346
418.43476
418.48198
418.49734
419.68426
419.69746
419.70832
420.86368
420.97390
421.61944
422.19310
422.43070
422.44354
423.36556
423.45376
423.47962
424.57330
424.58650
424.74100
425.88994
426.51892
426.55594
427.06210
427.06972
427.07932
427.09870
427.11280
427.70818
427.71004
427.73008
428.24014
428.24812
428.29534
428.69260
428.89252
429.13930
429.15862
429.16906
429.17710
429.39988
429.40810
429.41614
429.42970
429.43906
429.45556
429.46774
430.00258
430.36606
430.48960
431.00860
431.02090
431.08852
431.09176
431.29768
431.32360
431.49820
431.51206
431.71486
431.91418
431.92078
432.03454
432.47830
433.13848
433.59106
434.12434
434.35420
434.37688
434.41024
435.10396
435.14338
435.62272
435.64054
436.04068
436.27420
436.32376
436.90702
436.92256
436.97644
436.99936
437.57758
437.78992
437.87344
437.88598
438.34282
438.51964
438.76978
439.04182
439.12690
439.18960
439.49620
439.53310
440.02672
440.32600
440.77942
441.03574
441.20560
441.59602
441.60496
441.76228
441.78898
442.03246
442.26730
442.27864
442.28272
442.31194
442.34158
442.35796
442.36336
442.41718
442.43434
442.53874
442.84522
443.56408
443.60086
443.61406
444.80398
444.82180
444.88744
445.53484
445.55176
445.56178
445.56808
446.04928
446.11780
446.60866
446.61142
447.32116
448.49434
448.52776
448.53436
449.12734
449.17768
449.65678
449.70130
450.92212
451.23574
451.27936
451.40368
451.64614
452.17312
452.70652
453.39268
453.40876
453.43156
453.43708
453.45868
453.46054
454.09978
454.11328
454.78888
454.84072
455.77324
455.94136
456.03598
457.19566
457.28878
457.63120
457.63870
457.64314
457.70248
458.04958
458.34472
458.35618
458.38978
458.40250
459.61540
459.68770
460.42648
460.45534
460.78276
460.82176
462.01120
462.25420
462.28450
462.29878
463.20112
463.35388
464.40490
464.41732
464.41924
464.45368
464.51110
465.62770
466.43932
466.71256
466.73416
466.75192
467.30596
467.91952
468.58942
468.59800
468.63322
469.39324
470.37046
470.37934
470.40988
470.44174
470.48740
470.75218
471.21526
471.60796
471.61072
471.61882
471.67222
472.15558
472.58230
472.77886
472.96846
472.97398
472.98904
473.12872
474.00064
474.00454
474.03562
474.04078
474.05524
474.05842
474.06760
474.07090
474.25516
474.55084
475.19920
475.20718
475.21852
475.22740
475.23706
475.28410
475.32922
475.34086
475.44430
475.46314
475.64524
476.53978
477.68890
479.24578
479.25436
479.29936
480.21892
480.71704
481.58602
481.60186
481.87900
481.88542
481.89280
483.17152
483.56446
483.62794
484.43764
484.67062
484.72840
485.61448
485.62054
486.67066
486.67498
486.67804
486.70666
487.24000
487.63708
487.95340
488.09632
488.90296
489.86842
490.03498
490.37230
491.68114
492.40534
492.86314
492.87424
493.00096
494.20738
495.34168
495.34942
495.35188
495.35404
495.37198
495.38602
495.39538
495.43666
495.44422
495.44902
495.45964
495.65398
495.88024
495.93346
496.04440
496.37140
496.40926
496.62178
496.62472
496.63234
496.65274
496.66678
496.67578
496.68910
496.70158
496.70638
497.29684
498.13588
498.23890
499.38100
500.50492
500.50750
500.53678
502.94722
503.60008
504.83980
504.86332
505.04374
505.29034
505.29640
505.32868
505.34152
506.73010
506.75260
506.76934
506.88910
507.68992
507.69532
507.70198
507.72532
507.73090
507.73594
507.80242
508.05034
508.31500
508.46872
508.49470
509.62108
510.69820
511.39744
512.46310
512.47432
512.50084
512.51140
512.54332
512.56000
513.10324
513.31264
513.69274
513.94336
514.46368
514.88638
514.88962
514.91584
515.01340
516.23974
516.30598
516.80944
516.83932
517.44304
517.50898
517.52896
518.26204
518.26420
518.35138
518.67490
518.67814
518.69500
518.71966
518.93464
518.96524
519.19348
519.20176
519.21226
519.70174
519.75592
520.07158
520.39060
520.40734
520.44472
521.79736
522.37726
522.42316
522.46942
523.17742
523.21612
523.54366
523.61014
524.51002
524.73898
525.59140
526.03474
526.21654
526.70602
527.14228
527.15980
527.24566
529.50478
529.50838
529.55458
529.58968
529.85428
529.87522
530.07466
530.29798
530.63146
530.64484
530.68768
530.69416
530.74090
531.82666
531.84064
531.85180
531.89440
532.61446
533.05882
533.06680
533.12380
534.14848
534.16006
534.18226
534.61648
534.62470
535.74832
535.79602
535.98898
536.87836
536.88898
536.90866
537.96736
538.00738
538.29460
539.15464
539.18188
539.55088
539.99098
540.25288
540.25906
540.74770
540.85054
541.99666
543.36022
543.43756
543.71278
543.95176
544.50352
544.51018
544.58956
544.81666
545.91994
545.94040
546.55606
547.10770
547.12600
547.15090
548.19460
548.21404
548.44474
548.45476
548.45902
549.30532
549.31894
549.33148
549.33490
549.38686
549.63922
550.48546
550.49434
550.49782
550.51462
550.57114
551.12452
551.54608
551.55340
551.56420
552.28474
552.43720
552.46000
552.73384
552.73750
552.74098
552.75046
552.85618
552.86770
552.90364
553.01608
553.62448
553.66978
553.95022
553.96480
553.98052
554.41990
554.45332
554.46292
555.12568
555.14386
555.15034
555.16942
555.62656
555.72358
555.87832
556.09690
556.73914
556.83688
557.64280
557.64934
557.65162
557.69218
557.69674
557.85718
557.87296
557.88238
557.88640
558.49906
558.98536
559.14430
559.14844
559.42786
559.44454
559.45228
560.17456
560.18476
560.20576
560.23156
560.35192
560.55736
561.25654
561.26482
561.27982
561.28366
561.31336
561.37228
562.21546
562.39168
562.42546
562.59526
562.66336
562.95790
563.04136
563.31016
563.31808
563.32864
563.55922
563.56150
563.64046
563.88190
564.06880
564.09838
564.66328
564.67174
564.67810
564.68866
564.73708
564.81154
565.25932
565.45756
565.67464
565.86130
565.89466
565.91134
565.94218
565.97026
566.59408
566.59870
567.02806
567.03724
567.07396
567.15382
567.96112
567.97936
568.24834
568.25692
568.26022
568.38442
568.96060
569.22412
569.45794
569.62816
570.63118
570.63700
571.75006
571.76764
571.78306
571.92316
571.93234
572.29768
572.32438
572.57866
572.94100
572.94400
573.06244
573.27916
573.34096
574.39300
574.40080
574.40890
574.41928
574.42660
574.43680
574.44268
574.47082
574.49572
574.61878
574.83136
575.04130
575.52760
575.57650
575.63050
575.80132
576.28432
576.67396
576.91276
577.60918
577.86754
577.93432
578.05516
578.06380
578.07040
578.54728
578.87782
578.88256
578.92018
578.93152
578.99782
579.01036
579.64900
579.87424
580.06840
580.07368
580.08250
580.09786
580.10752
580.11028
580.15600
580.16752
580.18186
580.88050
581.34328
581.42410
582.44770
582.45016
582.45832
582.46030
582.58060
583.64674
583.86070
583.92346
584.84722
584.85922
584.86558
584.87980
584.90416
585.75394
586.16992
587.14714
587.15140
587.15638
587.17726
587.18026
587.19790
588.38926
588.39352
589.43974
589.44610
589.86934
590.40406
590.96368
590.98234
590.98918
591.00964
591.02506
591.05314
591.80422
592.19026
592.23274
593.10100
593.30968
593.34640
593.36932
593.96326
594.56374
594.63808
595.34320
595.47256
596.39902
596.83906
597.06550
597.16066
597.23014
597.43216
598.10224
598.25332
598.27000
598.31584
599.31214
599.32450
600.42982
600.46486
600.94528
601.84144
601.91794
602.10886
602.11546
602.73676
602.76970
603.11284
603.14908
603.72232
604.31476
604.48816
604.49530
605.20270
605.21596
605.50768
605.51860
606.09454
606.73714
606.81124
607.29034
607.31206
607.35706
607.44700
607.56898
607.59700
607.62502
607.64200
607.66174
607.87804
607.89442
607.91836
607.92226
607.94026
607.97998
608.01052
608.07088
608.44054
609.21076
609.24430
609.24790
609.61786
609.91870
609.94714
610.44292
610.44772
610.45804
610.46110
610.48924
610.61086
611.47456
611.68756
611.69110
611.70418
611.72758
612.33178
612.94414
612.97774
613.07314
613.43020
614.19646
614.21104
614.26252
614.29696
614.92828
615.06694
615.42346
615.45328
615.50704
615.51028
617.02816
617.03746
617.56060
618.00100
618.69292
619.07476
619.11400
619.14370
619.15006
619.28272
619.31008
619.45714
619.65682
619.95640
620.28610
620.28988
620.36290
620.51176
620.52982
620.63326
620.64904
620.94880
621.78226
621.82690
621.84562
621.85546
621.89320
623.02666
623.02930
623.07976
623.12656
624.25756
624.26068
624.26500
624.26932
624.27466
624.28120
624.30520
624.30742
624.32230
625.00024
625.61806
627.02884
628.12360
628.16212
628.21426
628.28248
628.31578
628.31746
629.33596
629.36086
629.40100
630.58210
630.58750
630.60172
630.62476
630.63952
630.64966
630.66466
630.67108
630.67960
630.73078
630.73468
630.91894
630.98536
631.05898
631.21564
631.24210
631.35772
631.69168
631.78096
631.78954
631.96588
632.08804
632.31790
632.38462
632.39122
632.42812
632.44018
632.98414
633.22150
633.60376
633.61144
633.65464
634.80190
634.81600
634.83574
634.88176
635.39326
635.41378
635.42050
635.60878
636.05758
636.06574
636.12418
636.91534
637.27036
637.31722
637.32046
637.32862
637.34338
638.58496
638.59792
639.46774
639.84196
640.80088
640.99030
641.75398
641.75962
641.76526
641.82412
642.30688
642.32686
642.34612
642.41722
642.70450
642.73684
643.21006
643.25686
643.53004
643.53376
643.54510
643.54792
643.56928
643.57366
643.58716
644.78530
644.79118
644.79868
644.80138
644.81452
644.88592
645.76948
645.82984
645.83236
646.04116
646.08724
646.39036
647.22988
647.28874
647.34706
649.43698
649.72012
649.72384
649.73812
649.76308
649.99012
650.02090
650.45338
650.49634
651.19366
651.20398
652.16332
652.44454
652.44850
652.50490
653.21254
653.24902
653.25406
653.59882
653.61652
653.63158
653.63836
653.66236
653.66998
653.67364
653.68450
653.68654
653.96380
654.03394
654.04990
654.41980
654.52954
654.79636
654.85666
655.09984
655.18354
655.19326
655.40632
655.59646
656.06518
656.08156
656.08672
656.09032
656.22376
657.24190
657.25090
657.26554
657.27028
658.44940
658.50124
658.54246
658.86652
659.60788
659.61010
660.47920
660.87850
660.88984
660.91990
662.11282
662.13340
663.28756
663.36916
663.98644
664.11910
664.46764
664.48162
664.48360
664.48600
664.52350
664.72012
665.43724
665.72344
665.72614
665.75362
665.77180
665.78620
665.81956
665.82484
665.84086
665.92708
666.03214
666.68386
666.91930
666.93706
666.93904
668.12842
668.13034
668.40730
668.42386
668.44810
669.28660
669.71374
669.75472
669.80080
670.13680
670.90648
670.92586
671.60404
672.03988
672.05704
672.06850
672.14128
672.60142
673.19446
673.20916
673.22434
673.31116
674.31508
674.32132
674.32372
674.32648
674.33176
674.34898
674.36200
674.53084
674.55586
675.16192
675.55786
675.60592
675.66718
675.67864
675.73864
676.10566
676.42870
676.78834
676.79284
676.82146
676.82530
676.99996
677.31202
677.36842
677.47588
677.97172
677.97994
678.00880
678.79300
679.11868
679.16134
680.30542
680.31772
680.32246
680.33266
680.35582
680.37310
681.52240
681.56236
681.59854
681.60406
682.22938
682.42036
682.74316
683.31346
683.35384
683.65612
683.84632
684.78280
685.01746
685.02922
685.07404
685.07650
685.19890
685.59028
685.86370
686.07400
686.63326
686.64724
686.71390
687.79792
687.80428
687.84082
687.85786
688.92784
688.99246
689.03104
689.07094
690.06496
690.11776
690.15490
690.16078
691.20010
691.22842
692.43928
692.44420
692.46334
692.48410
692.75470
693.69952
693.76858
693.88882
694.87294
694.87498
695.14630
696.05242
696.05620
696.07948
696.27670
696.54652
697.21414
697.22926
697.24534
697.24702
697.24912
697.25230
697.26676
697.27066
697.27594
697.28620
697.30150
697.30462
697.31338
697.31668
697.32244
697.67644
697.90492
698.39662
698.40250
698.41180
698.42128
698.49376
698.52112
699.20956
699.22156
699.31636
699.60250
699.63256
699.64390
699.73708
700.86220
701.09242
701.58616
702.03664
702.07852
702.14770
703.27564
703.28074
703.28842
704.39734
704.40160
705.51532
705.51742
705.59998
707.00800
707.00974
707.26822
707.27122
707.55796
707.63740
707.69908
707.98738
707.99074
708.20914
708.21238
708.23698
708.24040
708.24238
708.26074
708.44200
708.88678
708.95848
709.21012
709.45504
709.64800
710.25910
710.28112
710.61802
710.63308
710.65024
710.65180
710.66242
711.79048
711.82438
711.84052
711.85576
711.87802
711.89032
713.05282
713.09962
713.22850
714.17026
714.17332
714.18070
714.19564
714.21082
714.22360
714.23764
714.25042
714.99496
715.39312
715.41700
716.51680
716.56078
716.61094
717.73168
717.73438
717.94852
717.98884
718.75222
718.88212
718.90522
718.91302
719.01130
719.03938
719.05204
719.86990
719.95450
720.11920
720.15070
720.17542
720.21952
721.81996
721.83094
723.57166
723.58870
723.59074
724.02712
725.05852
725.06176
725.07772
725.39206
726.19816
726.21880
727.38484
727.42528
727.46506
728.53174
728.53930
728.54188
728.54854
729.38872
729.71110
729.75040
729.76966
729.78112
730.08100
730.10056
730.23970
730.41052
730.42516
730.80406
730.84180
730.84330
730.85704
730.91104
730.92928
731.79010
731.96122
732.00214
732.25396
732.35794
733.15012
733.17778
733.20736
733.29484
734.32408
734.33542
734.41378
734.48458
735.47260
735.49624
735.54358
735.59464
735.93898
736.12282
736.54180
737.43754
737.45674
738.22678
738.23638
738.40462
739.02898
739.24378
739.25794
739.53208
739.53766
739.70074
739.75132
739.97254
739.97812
740.02186
740.18752
740.50072
740.50588
740.51980
740.66482
740.76598
740.88268
741.36976
741.38584
741.38926
741.40624
741.74692
741.75118
741.75544
741.77272
741.78742
741.79960
741.87304
741.94900
742.03048
742.05484
742.97902
743.00002
743.01862
743.04214
744.17638
744.20560
744.24046
744.93448
744.96268
745.08952
745.10488
745.92718
745.95400
746.00254
746.04010
747.16432
747.23404
747.68800
748.34128
748.37188
748.37824
748.46806
749.58502
749.61238
749.64160
749.67892
750.78664
750.80710
751.54930
751.93876
751.94890
752.13298
752.28916
753.23422
753.24076
753.44812
754.45456
754.62430
755.14552
755.64286
755.64562
755.65456
755.66272
755.69152
756.18256
756.38140
756.91546
756.98452
757.61482
757.62556
758.06680
758.13946
758.15548
758.17198
758.17522
758.41558
763.16764
763.51798
763.93264
764.37022
764.38240
764.38816
764.40304
764.56168
765.64234
766.06102
766.73116
766.76284
767.14006
767.48674
767.49958
767.55640
768.17968
768.19420
768.19978
768.69070
768.69886
768.73696
768.75046
768.89272
769.56418
769.86826
769.87042
769.89268
769.91146
769.92178
770.69566
770.70304
770.70502
771.14122
771.80854
772.34614
772.35946
772.36282
772.40236
772.46362
773.52862
773.53606
773.54410
773.57554
773.65594
773.67460
774.12160
774.16000
774.17470
774.20002
774.35644
774.38110
774.44944
774.77134
774.78172
774.78502
774.78850
774.83098
775.11472
775.53010
775.53292
776.07790
776.08468
776.09350
776.09662
776.10130
776.21842
776.37238
776.38018
776.58214
777.30862
777.31990
777.36880
778.15006
778.16554
778.18606
778.32550
778.55008
778.55908
778.56244
778.56568
781.20328
782.34424
782.41036
783.51568
783.51844
783.52132
783.57772
783.62776
783.68470
784.57552
784.97452
785.33926
785.36266
785.93446
786.17728
786.17896
786.18250
786.19624
786.22594
786.24262
786.25222
786.53188
786.62116
786.73582
786.88444
787.31614
787.70416
787.73542
787.77244
787.94938
788.27644
790.14124
790.14742
790.15024
790.15180
790.16428
790.21624
790.92904
790.94392
791.43406
791.44510
791.47108
791.51884
792.68680
792.69568
792.71842
792.73852
792.77548
793.36936
793.39798
794.01850
794.05108
794.05546
794.67262
794.69386
794.99932
795.28678
795.29722
795.30046
795.30220
795.31534
795.31918
795.32638
795.33400
795.33778
795.34708
795.35974
795.39286
796.04158
796.32040
796.48924
796.50604
796.55242
796.61644
796.81660
799.07968
800.44900
801.76054
801.76876
801.80602
802.36378
802.55308
802.99900
803.04970
804.96214
805.95676
806.45332
806.96140
807.00964
808.17586
808.20808
808.72420
809.36896
809.39002
810.64606
810.69448
810.69892
810.70108
811.56994
811.59544
812.06362
812.87752
814.62262
814.64662
814.66456
815.28406
815.46772
815.89708
815.93374
815.95732
816.49852
816.72220
816.75820
816.88486
816.89812
817.15510
817.18084
817.20094
817.21570
817.42558
817.60456
817.76842
817.90216
818.96266
819.02278
819.06238
819.74290
819.76480
820.46128
820.95832
820.99114
821.00272
821.70334
821.79610
822.31582
822.79690
823.64704
823.65118
825.35980
826.54924
826.56826
826.61662
827.12938
827.13376
827.82226
827.85322
828.31552
828.36616
828.36814
828.75010
829.00336
829.01650
829.05724
829.06120
829.86088
830.20402
830.22142
830.70406
830.83918
830.91016
830.98978
831.19372
831.24736
831.44872
831.46996
831.55774
831.56764
831.61408
832.80088
832.87378
833.69836
833.72272
834.04360
834.79822
835.23004
835.23424
835.24336
836.09344
836.48530
836.50570
836.52286
836.53576
837.45904
838.55872
838.59736
838.97632
838.99684
839.02270
839.04202
839.19034
840.22330
840.23890
840.24286
840.28450
840.31972
840.43348
840.49714
840.84118
840.99814
841.53226
841.54048
841.81672
842.68636
842.73970
844.51084
845.17150
845.17360
845.73742
846.34510
846.56932
848.58766
848.59822
848.80516
848.82550
849.25588
849.27454
849.35938
849.55972
849.84268
849.89044
849.97312
850.46908
850.47838
850.48984
850.52734
850.53334
850.53664
850.54396
850.67284
850.82794
850.83880
851.02462
851.33962
851.78344
851.79256
851.82334
851.85658
851.99926
852.01168
852.06262
852.22192
852.43312
852.44290
852.44896
852.50986
852.51268
853.04638
853.75558
853.78138
853.82614
855.02266
855.48994
855.52696
855.53590
855.55132
856.21576
856.46350
856.76278
856.77040
858.06706
858.47356
859.33876
859.35106
859.59364
860.28232
860.28472
860.56192
860.57032
860.57350
860.88940
862.39036
862.39816
862.73362
863.00902
863.04442
863.45716
864.24616
864.95356
865.33702
865.34242
865.37692
865.37854
865.38106
865.40200
865.42348
865.43410
865.43974
865.44340
866.65828
866.66368
866.68024
867.94048
867.97888
868.02784
869.17246
869.28790
869.66428
870.06832
870.07456
870.11128
870.52894
871.28104
871.34020
871.67452
871.67656
871.72420
871.74058
872.16430
872.20138
872.29582
872.87542
872.90098
872.92654
872.96710
872.98132
872.99416
873.04444
873.06946
873.35704
873.79732
874.08958
874.10770
874.11844
874.15132
874.15810
874.98082
875.33614
875.67490
875.76202
876.14284
876.17374
876.53788
876.60364
876.60592
877.07704
877.08634
877.17628
877.25374
877.26730
877.29118
877.29532
877.32412
877.34032
877.36432
877.39126
877.42828
877.45126
877.48444
877.76722
877.77334
877.79038
877.87126
877.87342
877.88824
877.89634
878.17228
878.27812
878.29528
878.38636
878.50828
878.53024
878.66830
878.94532
878.96728
878.98114
878.99752
879.01738
879.05926
879.08428
879.14128
879.18130
879.19036
879.21328
879.26128
879.27028
879.28426
879.30424
879.46126
879.49030
879.63496
879.67030
879.73330
879.84430
879.85828
879.91132
880.13542
880.14016
880.17364
880.17826
880.18030
880.21378
880.34134
880.36426
880.49026
880.55026
880.75126
880.86130
880.88434
880.95520
880.95724
881.00926
881.02138
881.04424
881.04730
881.05228
881.05426
881.07130
881.65126
881.68732
881.70430
881.84626
881.89132
881.89930
881.96626
881.96926
881.98030
882.11326
882.19024
882.24430
882.34426
882.36424
882.37528
883.11028
883.12432
883.16782
883.17040
883.20016
883.30126
883.47994