0.02824
0.04000
1.21786
1.23790
1.27762
1.39708
1.42150
1.48006
1.52008
1.98700
2.02096
2.04436
2.29408
2.33392
2.38720
2.84608
2.86870
3.22120
3.36100
3.69748
3.77110
3.77668
3.83926
3.84484
3.85456
3.89716
3.90652
3.93346
4.00336
4.02124
4.05076
4.08460
4.14460
4.16236
4.17766
4.25218
4.25860
4.26874
4.28962
4.29448
4.30168
4.32448
4.33432
4.34626
4.36090
4.37518
4.38976
4.42702
4.43830
4.46578
4.51300
4.58470
4.65346
4.69420
4.71016
4.72402
4.73794
4.75546
4.76104
4.96168
4.97656
5.03086
5.03674
5.05720
5.08048
5.08252
5.14708
5.16094
5.16592
5.29270
5.30212
5.35072
5.37922
5.40778
5.43706
5.44342
5.44630
5.62780
5.71624
5.73130
5.73346
5.75230
5.87038
5.93440
5.94454
5.95810
5.97772
5.98720
5.99464
6.02830
6.15088
6.22108
6.26842
6.29110
6.41830
6.68758
6.71788
7.93828
7.94008
7.99504
8.00476
8.01148
8.17888
8.18956
8.78692
8.80732
8.86072
9.35512
9.39136
9.81964
9.91090
9.97210
9.97990
10.67038
11.09206
11.39236
11.41540
11.44084
11.48482
12.55150
13.32304
13.71160
13.72810
13.73980
13.76434
13.88566
13.89160
13.90678
13.91428
13.93516
13.94158
14.04262
14.06440
14.11180
14.14132
14.17696
14.19076
14.21122
14.28556
14.30062
14.37730
14.40304
14.43190
14.52136
14.53450
14.57542
14.83810
14.88388
14.88904
14.95630
15.13432
15.15154
15.31768
15.41584
15.48406
15.55816
16.44502
16.59910
16.62808
16.78780
16.80268
16.97944
17.23852
17.24164
17.27560
17.44210
17.49286
17.73748
17.95780
17.98516
18.03346
18.06556
18.56434
19.03234
19.38946
19.60558
19.63252
20.19778
20.25424
20.71456
20.72530
20.76562
21.98536
22.03006
22.42600
22.56088
23.18134
23.31214
23.40550
23.44432
24.20218
24.23536
25.08814
25.10032
25.12264
25.13752
25.14208
25.16050
25.16602
25.39246
25.42468
25.50610
25.52494
25.60258
25.61710
25.72840
25.73050
25.73824
25.89484
25.91890
25.93228
26.01172
26.03488
26.20732
26.21410
26.23528
26.40550
26.40844
26.42686
26.48728
26.81434
26.85502
26.92258
26.92534
26.93932
26.96176
27.03424
27.20902
27.26908
27.28228
27.29590
27.38002
27.41950
27.46156
27.47176
27.62992
27.63190
27.83224
28.89262
28.89502
28.94470
29.42194
29.44654
29.44930
29.66302
29.73202
30.70636
30.94828
31.18162
31.55116
31.58230
32.46478
32.58250
32.58700
32.60908
32.75530
33.21838
33.59812
33.60598
33.61294
33.62266
33.70588
34.87354
35.00374
35.23336
35.25658
35.44744
35.50006
35.86618
35.92552
35.92978
35.93884
36.09742
36.11524
36.11710
36.13360
36.13966
36.15622
36.18700
36.20632
36.23344
36.27616
36.33064
36.34396
36.34552
36.40018
36.52600
36.53662
36.59350
36.61570
36.62704
36.71488
36.72526
36.75682
36.85084
36.94702
36.97330
37.00726
37.41400
37.44004
37.47022
37.48666
37.62430
37.66768
37.67056
37.67518
37.67818
37.68700
37.69144
37.69978
37.74760
37.99462
38.00254
38.02954
38.03236
38.17684
38.29480
38.30374
38.34022
38.34676
38.35018
38.35936
38.40664
38.48488
38.53372
38.66698
38.80762
38.81212
38.84206
39.00520
39.03070
39.10678
39.14728
39.17014
39.40726
40.33720
40.36780
40.43800
40.61140
40.61650
40.63282
40.68844
40.70338
41.01484
41.43838
41.50780
42.68110
42.74554
43.14154
43.23802
43.25230
43.97188
45.32692
45.37198
45.39940
45.40660
46.49020
46.50538
46.50868
46.56718
46.91866
46.92490
46.94176
47.08930
47.14312
47.77972
47.78590
47.80582
47.85214
47.93026
48.24694
48.25852
48.26896
48.33280
48.84946
49.03576
49.12960
49.16086
49.18696
49.19512
49.21030
49.21300
49.30660
49.71016
50.23966
50.38858
50.66590
51.28108
51.30304
51.33310
51.39304
53.14084
53.17090
53.18650
53.20984
53.22184
53.27404
53.32660
53.35918
53.53402
54.55690
54.58456
54.67132
54.67348
54.69154
54.72676
55.60558
56.27944
56.28442
56.54416
56.55394
56.59060
57.04798
57.07186
57.66454
57.68308
58.02454
58.03186
58.03444
58.08058
58.16482
58.17172
58.17562
58.29214
58.29982
58.32460
58.37140
58.39252
58.43164
58.49902
58.57516
58.71526
58.99720
59.00098
59.06902
59.13454
59.25478
59.28898
59.29840
59.35552
59.44180
59.46340
59.75158
59.77318
59.78734
59.82154
59.82502
59.93824
60.15430
60.17344
60.21082
60.24244
60.94930
61.91710
62.31262
63.89662
63.90454
63.91276
64.74316
64.79542
65.01604
65.02882
65.03338
65.04544
65.06938
65.09800
65.11888
65.12812
66.34804
66.38290
66.87262
66.91084
66.91708
68.01244
68.63308
68.65198
68.69356
68.76742
68.96728
69.15988
69.31924
69.35974
69.37630
69.43306
69.53716
69.56110
69.63958
69.70522
69.81352
69.84286
69.94300
69.95650
69.96046
70.23250
70.24330
70.26226
70.26916
70.38286
70.41610
70.43008
70.43650
70.66990
70.70656
71.03350
71.12080
71.13952
71.14438
71.14960
71.15392
71.18542
71.20624
71.22556
71.42674
71.46184
71.46388
71.47570
71.48932
71.61046
71.67262
71.84056
71.87236
71.93032
71.99674
72.00070
72.00832
72.95350
73.58242
73.67884
74.88394
74.93458
74.93794
75.01516
75.01990
76.28632
76.29178
76.39084
76.40764
76.42048
76.61434
77.05420
77.55418
78.33244
78.42838
78.95434
78.95926
79.04902
79.24540
79.27774
79.37872
79.38610
79.40614
79.42480
79.43590
79.68472
79.68940
79.98016
79.99030
79.99864
80.04514
80.04862
80.06272
80.10292
80.15854
80.26840
80.30788
80.44786
80.49796
80.54434
80.56162
80.64646
80.82550
80.85442
81.22528
81.23482
81.58186
82.37572
83.76496
84.01564
84.90646
84.95236
85.05382
85.97950
85.99468
86.01304
86.33716
86.50318
86.78080
86.81602
86.93500
86.94700
87.51364
87.51976
87.54280
87.65908
88.08340
88.16020
88.16866
88.19440
88.70680
88.71952
88.73368
88.74694
89.63998
89.79856
89.80996
89.81572
90.31690
90.44602
90.47662
90.66370
91.66852
91.69414
92.06230
92.15080
92.17726
92.25826
92.29000
92.29606
92.30188
92.35492
92.61400
92.79664
92.83990
92.86486
92.86756
92.87260
93.01072
93.24994
93.25438
93.28672
93.29452
93.30106
93.30640
93.31768
93.33472
93.66292
93.74170
93.78868
93.79840
93.82510
93.87850
94.86676
94.88260
94.89118
94.89364
94.89652
94.89976
94.90228
95.02198
95.02732
95.16964
95.18656
96.10540
97.14604
97.20352
97.21216
97.25626
97.44940
98.19958
98.27074
98.27560
98.38126
98.57596
99.28576
99.38812
99.54412
99.76984
99.96796
99.99088
101.38450
101.44414
101.54386
102.54142
102.55882
102.56278
102.56932
102.82000
102.82210
102.83458
103.26172
103.41250
103.82764
103.84774
103.89436
103.91206
103.92226
103.99516
103.99762
104.02192
104.04814
104.14534
104.16730
104.18530
104.23552
104.29246
104.29408
104.36602
104.54878
104.60524
104.86444
104.92018
104.93896
104.96854
105.50986
105.51568
105.52498
105.52996
105.54412
105.54922
105.58894
105.60226
105.61792
105.62056
105.62848
105.93508
106.23238
106.25980
106.27570
106.29910
106.33474
107.20912
107.77204
108.05152
109.84186
110.10484
110.16106
110.16646
110.18776
110.25370
110.74804
110.77186
110.84260
110.84722
110.99014
111.51172
111.72880
111.85258
112.55812
113.39776
113.99830
114.00586
114.01180
114.05884
114.08446
114.16264
114.17416
114.20704
114.22006
114.29326
114.29494
114.31762
114.39784
114.40594
114.41470
114.47962
114.62926
114.77410
114.99934
115.32910
115.34674
115.34998
115.35190
115.38646
115.41784
115.50922
115.51108
116.11378
116.13790
116.94040
116.95570
117.13858
117.14098
117.14602
117.47608
117.54280
117.55882
117.56692
117.58402
117.64732
119.55790
120.12508
120.13822
120.28978
120.57178
120.66166
121.71172
121.71370
121.72348
121.75990
121.77442
121.78540
122.33950
122.66266
122.74606
122.75140
122.82160
122.83192
123.52972
123.54094
123.54250
124.64914
124.66156
124.71622
124.79614
124.88020
124.89562
124.90414
124.95142
125.09710
125.35438
125.36818
125.38084
125.65180
125.75872
125.84722
125.92630
126.04180
126.05416
126.05614
126.05842
126.06322
126.08890
126.19126
126.23902
126.29758
126.47890
126.79858
127.12618
127.36864
127.53838
127.84504
127.86172
128.58190
129.54682
129.55492
129.60394
129.60922
130.30984
130.33942
130.52506
130.55710
130.63102
130.66738
130.66918
130.67368
130.69810
130.73338
131.62726
131.65042
132.62692
132.66832
132.67522
132.68128
133.75546
133.86292
133.92130
134.01826
134.02798
134.85514
135.01204
135.14590
135.81322
135.90232
136.09012
136.34494
136.47652
136.65754
136.70050
136.77778
136.84714
137.03638
137.16172
137.16358
137.16904
137.22400
137.27494
137.27698
137.63116
137.63734
137.64154
137.66404
137.67004
137.70400
137.99434
138.02044
138.16006
138.16624
138.17014
138.20380
138.23242
139.11442
139.39696
139.46614
139.55878
140.29852
141.25696
141.28810
141.29962
141.43984
141.47818
142.05592
142.08892
142.88866
142.89532
143.10460
143.46070
143.60116
144.53374
144.56026
144.83362
145.67512
145.83754
145.84240
145.96126
145.99138
145.99444
146.01598
147.18088
147.89866
147.96250
147.97168
148.01986
148.07350
148.09282
148.21276
148.29124
148.30804
148.34344
148.56112
148.56304
148.60180
148.73254
148.75282
148.82830
148.94380
149.02912
149.03560
149.04754
149.38282
149.49970
149.50198
149.51872
149.53414
149.56420
149.63140
149.97382
150.11902
150.19078
150.19504
150.21592
150.22156
150.28354
150.57256
150.59728
150.91648
150.98524
151.14718
151.24402
151.69660
151.71322
151.73848
151.74580
152.24350
153.48718
153.51172
153.52588
153.53332
154.76572
154.83550
155.22190
155.28436
155.28964
155.33194
155.35108
155.97214
156.63700
157.00432
157.03048
157.04368
157.07230
157.13374
157.42000
158.60416
158.60794
158.65276
158.79124
159.44314
159.44854
159.47110
159.66124
159.68890
159.91348
160.04314
160.24312
160.26040
160.26838
160.35478
160.35646
160.42798
160.57126
160.59850
160.61098
160.63438
160.66090
160.76656
161.09176
161.72554
161.73814
162.01798
162.02176
162.03154
162.57238
162.65188
162.66304
162.69574
165.72760
165.80392
165.80968
166.76674
166.86028
167.22466
167.22736
167.24050
167.24434
167.25280
168.49126
168.53566
168.56128
168.57058
168.59200
168.62074
169.44460
170.32552
170.69086
170.78554
170.94388
171.23026
171.30556
171.40258
171.44956
171.51568
171.56008
171.76696
172.06576
172.07758
172.08040
172.12696
172.14304
172.15246
172.15498
172.17286
172.21780
172.29214
172.32670
172.83394
172.83790
172.85692
172.87360
173.09302
173.11984
173.12164
173.12488
173.23360
173.94760
174.07240
174.09100
174.09712
174.15202
174.15520
174.25918
175.15714
176.00428
176.01442
176.60836
176.63206
176.64148
176.66698
177.61312
177.64072
178.10440
178.11958
178.12156
178.16212
178.18222
178.20010
178.21324
178.29418
178.33342
178.42288
178.56346
179.06284
179.20432
179.24248
179.89354
179.90152
179.90860
179.95810
180.29770
181.32712
181.84468
182.58244
182.99902
183.00250
183.02254
183.23566
183.30682
183.35944
183.39814
183.41602
183.41920
183.44356
183.44584
183.47140
183.47764
183.56926
183.74062
184.12378
184.13650
184.37146
184.37308
184.38640
184.40728
184.41508
184.42372
184.60666
184.63504
184.79854
184.86430
184.86832
184.89982
184.93588
185.03632
185.06176
185.40496
185.43658
185.48296
185.58982
185.59462
189.11140
189.80176
189.84310
190.16230
191.06890
192.52732
192.53926
193.05724
193.57732
193.69048
193.70050
193.73656
193.80472
193.84396
193.90210
193.93816
193.94044
193.98622
194.13304
194.62852
194.83414
194.85514
194.89198
194.97472
195.05332
195.21310
195.28462
196.23010
196.30438
196.75708
196.86574
197.08000
197.15308
197.16136
197.75314
197.78266
197.89018
198.67606
198.77308
198.77764
198.78940
199.12162
199.22950
199.23382
199.26400
199.53676
199.63618
201.09178
201.09772
201.09958
201.13036
201.23032
202.19434
203.17000
203.30218
203.34928
203.77648
203.87470
203.92534
204.23248
204.37894
204.40252
204.40990
204.56884
204.57724
204.58054
204.59218
204.62980
204.67678
204.88288
205.25806
205.34368
205.42084
205.43914
205.50028
205.53328
205.98442
206.35354
206.45914
206.46292
206.47108
206.53024
206.55004
207.34168
208.55938
208.56340
208.66138
208.73350
208.84486
208.86382
208.88782
208.89070
209.99716
210.01576
210.03826
210.67612
210.93322
211.24186
212.24884
212.90566
213.01546
213.04702
213.05320
213.07066
213.29200
213.31384
213.34690
213.39448
213.40618
214.24018
214.24402
214.29676
214.33228
214.41742
214.43200
214.50874
214.57672
214.64416
214.65274
214.66402
214.83688
214.87990
214.90300
215.52628
215.54122
215.55928
215.60356
215.95732
216.06142
216.06886
216.07120
216.10162
216.10372
216.11056
216.14668
216.37762
217.11844
217.27090
217.28110
217.30738
217.37824
217.48846
217.49104
218.37442
218.98444
218.99938
219.04456
219.69142
219.71572
219.71722
219.72880
219.77464
219.77848
219.79126
220.21810
221.07328
221.13154
221.22082
221.25724
221.26366
221.26966
221.27662
221.28076
221.28610
221.74714
221.80384
221.82898
221.85490
221.90638
221.95432
222.43624
222.55468
222.63292
222.81400
222.85684
224.26150
224.28628
224.38198
224.38492
224.39266
225.10774
225.23302
225.74032
226.15204
226.17172
226.18756
226.18942
226.19116
226.23112
226.25446
226.28476
226.37812
226.40398
226.58536
226.61296
227.14870
227.19676
227.22196
227.47252
227.48434
227.66182
227.80132
227.89540
227.90512
228.78478
229.36870
229.72870
230.59534
230.60170
230.64448
230.67358
231.00034
231.78562
231.79060
232.43614
232.50622
232.50826
233.95900
234.00304
234.40294
234.45580
234.47386
234.49696
234.52720
235.97122
236.05228
236.12014
236.13082
236.16328
236.20462
236.30842
236.39608
236.40628
236.48392
236.49562
236.50234
236.52688
236.55142
236.68156
236.93416
237.15418
237.24580
237.58906
238.17478
239.40910
239.44192
239.45212
239.51860
239.57008
239.62312
240.72580
241.44100
241.48654
241.50286
241.54300
241.69282
241.71862
242.74492
242.78308
242.80258
242.82676
242.86030
243.05566
243.05740
243.06820
243.48904
243.51376
244.22140
244.49488
245.51908
245.63728
245.66080
245.68906
245.71732
245.72878
245.74120
246.37750
246.60820
247.44142
247.53724
247.62832
247.63834
248.05570
248.10730
248.11636
248.12134
248.54152
248.59264
248.65528
249.02032
249.09166
249.12052
249.12382
249.12862
249.13732
249.15796
249.16384
249.35926
249.40606
249.55252
249.56440
249.58906
250.43524
251.19010
252.00592
252.00838
252.01024
252.02356
253.66078
253.69648
253.73356
254.02354
254.07724
254.84704
254.94340
255.09076
256.09462
256.14682
256.16680
257.28082
257.34718
257.35318
257.40814
257.75752
258.14044
258.20698
258.52600
258.54220
258.55126
258.58096
258.58432
258.60322
258.61432
258.64198
258.64924
258.65080
258.65962
258.87178
259.43116
259.55110
259.59022
259.59928
259.60384
259.63054
260.04166
260.60416
260.65150
260.72620
260.73646
260.89786
260.91850
260.93434
260.94580
260.99248
261.08440
262.85218
263.61220
263.68012
263.71432
263.78950
263.97244
263.98852
263.99014
264.04666
264.45748
264.48172
264.51172
264.52102
264.91150
265.38760
265.40308
266.14486
266.16220
266.26882
267.72472
267.74638
267.74896
268.19512
268.34896
268.36624
268.75906
268.76548
268.78006
268.82182
269.07646
269.73598
269.85406
269.86090
269.86462
270.10528
270.39622
270.59014
270.66994
270.72514
271.94506
271.94956
272.59336
272.60974
275.46292
275.47114
275.48272
275.51650
276.47074
276.49900
276.51658
276.54646
276.67408
277.24966
277.25698
277.26364
277.33450
277.37572
277.45630
277.46008
277.52242
277.53046
278.45974
278.52946
278.53624
278.54560
279.12898
279.15748
279.17626
279.23668
279.37408
279.41872
279.44386
279.50740
279.88576
279.98956
280.40644
280.42282
280.48738
280.82542
280.84924
280.89016
280.91044
280.91230
280.93522
280.94464
281.79628
282.12514
282.13342
282.18274
282.19222
282.20680
282.82252
282.88714
283.60768
284.00572
284.03224
284.03794
284.48848
285.13894
285.17416
285.22708
285.53452
286.73848
286.78366
286.80574
286.85452
287.28868
287.36566
287.76490
287.77660
288.46030
288.50170
289.03528
289.05544
289.08898
289.49038
289.68196
289.74988
289.77520
289.80244
289.81540
289.88428
290.04076
290.24842
290.36254
290.68888
290.88592
291.17824
291.19978
291.20578
292.44004
292.76812
293.40502
294.05248
294.09574
294.10912
294.23218
294.80944
295.61716
295.62598
295.64542
296.15398
296.36110
296.36632
296.43166
296.71720
298.00936
298.98148
299.06386
299.42974
299.59282
299.62516
300.02830
300.04168
300.83176
300.85048
300.85750
300.87172
301.05376
301.11748
301.15120
301.16692
301.17124
301.17802
301.81090
301.82308
301.82734
301.87336
301.87750
302.19658
302.28016
302.50048
302.50540
303.17122
303.17974
303.19300
303.19456
303.20074
303.21568
303.25744
304.52668
304.53310
305.40370
305.58268
305.61394
306.03010
306.13618
306.28642
306.29968
306.31744
307.30414
307.31836
307.32304
307.34914
307.35568
307.44574
307.59322
307.59490
308.28802
308.94586
309.13636
309.28030
310.53244
310.55374
310.62226
310.66156
310.82410
310.88038
311.24182
311.29744
311.59360
311.79424
311.91742
311.94814
312.10612
312.37300
312.37498
312.64132
312.65176
312.66556
312.84652
312.92866
312.94006
312.95386
313.05136
313.06948
313.07170
313.08448
313.22398
313.24426
313.53736
315.69736
315.71650
315.79234
315.88276
317.11606
318.08470
318.91270
319.86304
319.92208
319.92916
319.94914
319.95082
319.95430
320.83486
320.83750
320.84632
320.85376
320.88382
320.96482
321.39202
321.41224
321.41620
321.43408
321.46306
321.54394
321.58318
321.73582
321.74536
321.79042
321.85006
321.89482
322.52206
322.60732
322.63540
323.91832
325.02682
325.04236
325.09708
325.57150
325.79734
326.58052
326.66830
326.95624
327.15316
327.16306
327.90346
327.95038
327.95590
327.97276
328.05028
328.10254
328.66432
328.78552
328.79650
328.80076
329.50210
329.61058
330.37540
330.39652
331.80538
331.85758
331.88716
332.10100
332.11600
332.12812
332.14828
332.19466
332.80720
332.83528
332.84194
332.86858
332.94928
333.02500
333.13000
333.20554
333.22498
333.26650
333.29458
333.61528
333.62878
333.85630
333.87100
334.17772
334.29988
334.30384
334.56106
334.59502
334.60216
334.62526
334.64674
334.66816
334.67110
335.15782
335.18794
335.18956
335.28094
335.30410
335.31832
335.32378
335.33764
336.16306
336.17518
336.21172
336.70198
337.56310
337.57036
337.58224
337.61800
338.86852
340.25938
340.36120
340.36972
340.38598
340.46614
340.47622
340.59592
341.12866
342.25678
342.35974
342.40522
342.40924
342.66322
343.06666
343.08868
343.23832
343.24588
343.25194
343.30654
343.33300
343.35874
343.77208
343.79572
343.83736
343.83910
343.84324
344.20786
345.27430
345.45352
346.24060
346.24864
346.26766
346.28764
347.99512
348.26350
348.45958
348.62752
348.84070
349.60984
350.31064
350.32492
350.34094
350.34598
350.34994
350.37622
350.93074
351.42862
351.43732
351.44110
351.44920
351.50248
351.63064
352.59682
352.98958
353.41018
353.46220
353.59420
353.84608
353.94388
353.95282
353.96770
354.01990
354.03682
354.12952
354.16618
354.68350
354.83242
354.85510
354.86260
354.90280
354.95560
355.33594
355.33954
355.50190
355.82230
355.83964
355.85524
355.93204
356.88568
356.96602
356.98270
357.08950
357.16240
357.30532
358.03780
358.04842
358.06180
359.65408
359.68060
359.71612
359.74336
359.74714
359.80870
359.81368
360.33082
360.52504
360.60214
360.71320
361.01992
362.02078
362.02564
362.02984
362.04790
362.05468
362.07616
362.09212
362.10436
362.14858
362.31862
362.47522
363.91618
363.93460
364.02970
364.16038
364.26052
364.27522
364.33132
364.35838
364.38040
364.40224
364.41670
364.44064
364.45510
364.50688
364.51114
364.55626
364.64488
364.65466
364.74076
364.95376
365.29222
365.29456
365.33518
365.34484
365.36446
365.37760
365.58892
365.80306
365.85148
365.85808
365.86876
365.87644
365.99812
366.05080
366.18520
367.21906
367.40506
367.45384
367.46074
367.64428
368.14480
368.15410
368.19190
368.24836
368.60644
368.73736
370.00366
370.86370
371.11240
371.71666
371.73004
371.95294
371.97646
371.99224
372.06934
372.08326
373.41574
373.43236
373.45930
373.49806
373.51180
373.52860
373.56292
373.69906
375.35830
375.42904
375.48982
375.65794
375.71458
375.72598
376.06558
376.07206
376.17610
376.34314
376.38664
376.40008
376.43248
376.44424
376.50244
376.51288
376.51906
376.54120
376.55878
376.57906
376.97392
377.04172
377.04700
377.10484
377.23090
377.28130
377.50630
377.68540
377.69044
377.80570
377.81302
377.90170
378.41284
378.66472
379.71580
379.72018
379.73752
379.97104
379.98166
380.23474
380.47810
381.60580
382.01824
382.05550
382.07386
382.34176
382.39552
382.74814
382.87786
382.89394
382.89556
383.55766
384.13852
384.59206
384.71542
385.65556
385.73704
385.82320
386.60176
386.64040
386.76454
387.21136
387.25090
387.63340
387.65272
387.65464
387.67888
388.13578
388.15078
388.16566
388.21258
388.22044
388.23532
388.25266
388.61782
389.36764
389.37106
389.44456
389.48164
389.69464
390.79306
390.79804
393.20746
394.06018
394.50088
394.79134
394.85950
394.87450
395.35672
395.36518
395.37172
395.37370
395.38120
395.40010
395.40334
395.41786
395.42596
395.43946
395.65780
395.71306
396.04372
396.30724
396.33202
396.33358
397.22752
397.62724
397.92004
397.94050
398.23426
398.23864
398.24662
398.25802
398.27416
398.89102
398.93548
399.01624
399.07498
399.18034
399.19384
399.29152
399.30712
399.30958
399.49060
399.49744
399.50272
399.70822
400.02694
400.43296
400.46398
400.68088
400.70014
400.71544
400.74118
400.75102
400.76368
400.77010
400.80496
400.80766
400.84384
401.40730
401.44714
401.46454
401.48782
401.49382
402.75412
403.28494
403.30750
403.89802
404.54326
404.62096
404.93752
404.93926
405.85762
405.88402
406.01200
406.37710
406.48372
407.04142
407.05096
407.09848
407.20018
407.69578
407.70106
407.74978
407.84722
408.07696
408.38806
408.41662
408.42652
408.44434
408.46612
408.52672
408.53986
408.54346
408.55432
408.57718
408.70000
408.72142
408.73198
408.76846
408.80266
408.81136
408.87904
409.43326
409.50910
409.52302
409.54096
409.60036
409.63426
409.65112
409.97890
409.98640
409.99330
410.49478
411.30628
411.37876
411.38740
412.15672
412.68412
412.69732
412.71526
412.84846
413.27464
413.30056
413.63344
413.63794
413.64352
413.67622
413.69674
414.44044
414.56068
414.58156
414.58954
415.34362
415.91860
415.93264
416.01136
416.07376
416.35480
416.36410
416.39392
416.64826
416.65018
416.65558
417.23380
417.31264
417.32410
417.46426
419.30074
419.60512
419.69020
419.70940
419.76430
419.79802
419.80516
419.91112
419.91280
419.93350
420.02032
420.05074
420.06754
420.13414
420.13726
420.16000
420.17728
420.17938
420.18634
420.20140
420.20794
420.23248
420.24778
420.49288
420.58108
420.90136
421.00114
421.02268
421.53802
421.58698
421.58896
421.59154
421.59892
421.60744
421.62418
421.71040
421.72054
421.72576
421.73560
421.73806
421.83292
421.83862
422.01568
422.02672
422.04586
422.94436
423.31096
423.33124
423.37816
423.40894
424.24012
424.24402
424.57516
425.91742
425.93584
426.11518
426.71554
426.73348
426.76708
426.77650
426.78424
426.85876
427.22500
427.97956
427.98664
428.07598
428.07868
428.10568
428.17684
429.95104
429.98560
430.32550
430.34182
430.38622
430.61818
430.75108
431.33206
431.33992
431.34472
431.34766
431.38522
431.68252
431.74570
431.75938
431.82670
432.55228
432.55408
432.61474
433.02874
433.03642
433.06654
433.07524
433.08208
433.10896
433.11604
433.16530
434.22766
434.24542
434.27596
434.30212
434.64730
434.92204
435.30448
435.86878
436.75216
438.36724
438.44596
438.56938
438.60904
438.81346
438.83764
439.47364
439.87498
440.83636
441.20746
441.24676
441.27550
441.28072
441.46978
442.05736
442.12090
442.19320
442.27492
442.30006
442.30270
442.37326
442.39582
442.45372
442.49680
442.52338
442.52482
442.52698
442.90600
443.30572
443.33362
443.88508
443.91118
444.53428
444.55468
444.59710
444.80422
445.46134
446.06290
446.06476
446.06836
446.67742
448.09318
448.16548
448.25950
448.28620
448.30234
448.98550
449.16640
449.16916
449.86468
451.20460
452.04430
452.07010
452.10154
452.15188
452.19352
452.19700
452.20618
452.21650
452.25298
452.26570
452.51374
452.56696
452.62342
452.65144
452.65846
452.66764
452.66950
452.68264
452.70646
453.46846
453.48226
454.28338
454.37344
455.48812
456.44476
457.29562
457.29832
457.31998
457.34134
457.61104
458.06206
458.06518
458.07814
458.10850
458.19124
459.07228
459.68548
459.69580
459.71878
459.84874
460.42510
460.52212
461.39206
461.50858
461.52766
461.53006
461.53960
462.06610
462.07258
462.78196
462.79024
462.81496
462.82618
462.86908
462.89242
462.92410
463.76656
464.10880
464.12536
464.14996
464.19112
464.32300
464.46586
464.52304
464.60746
464.66692
465.16264
465.16714
465.18382
465.23404
465.57982
465.62344
465.66400
465.66730
465.67456
465.68872
465.69760
465.70162
465.70660
466.97458
467.45998
467.55076
467.55838
467.56384
468.31054
468.31438
468.36514
468.45730
468.49912
469.09678
469.10056
469.16914
469.59112
469.59988
469.60756
469.70416
471.03652
471.11566
471.14746
471.15298
471.83704
471.85462
471.87658
471.87958
471.89428
471.90814
471.91078
472.17106
472.84054
472.91332
473.01106
473.30428
473.44996
473.45272
474.70762
474.83560
475.10200
475.12048
475.23652
475.29010
475.29304
475.30450
475.31878
475.35682
475.49488
475.51858
475.60204
475.86544
476.07148
476.10826
476.15470
476.18794
476.24140
476.67160
476.67358
476.85916
476.87134
476.91238
476.95516
478.36786
479.21098
479.32564
479.40586
479.41882
479.43682
479.43892
479.45182
479.46706
480.07984
480.17878
480.35590
480.87946
480.89986
481.89604
482.75638
482.80696
482.86252
483.13654
483.43396
483.44584
484.34020
484.40338
484.43134
484.73686
484.74016
484.75468
484.79824
485.13700
485.15428
485.16268
485.17234
485.18170
485.23762
485.24074
485.24482
485.28058
485.65528
485.66752
485.70358
485.70856
485.74426
486.12748
486.15910
486.17398
486.17584
486.19150
486.64504
486.64918
486.65176
486.66808
486.67102
486.70972
486.75442
487.42798
487.44982
487.84468
488.88922
488.90872
488.93344
489.66226
489.79936
489.92230
489.94348
490.51240
490.93714
491.69944
491.92360
492.37864
492.38548
492.41668
493.45060
493.46602
493.48876
493.55074
493.60174
493.70278
493.90492
493.92238
494.89438
495.19060
495.24046
495.25948
495.26668
495.28486
495.30568
495.33670
495.37234
495.39496
495.43174
495.52078
495.54190
495.62242
495.62812
495.63784
495.65224
495.89170
495.97468
495.97780
496.20142
496.66090
496.71826
496.99606
497.00392
497.00860
497.22484
498.33898
498.34948
498.35548
498.75520
499.26496
499.27492
499.35442
499.39300
499.39600
499.42042
499.44874
500.26054
500.40880
501.02878
501.03274
501.05674
501.25084
501.90748
501.91480
502.38040
502.39114
502.45684
502.49194
502.51726
503.06584
503.07082
503.07760
503.09734
503.83516
505.65544
505.67626
505.68880
506.68270
506.74378
506.83978
507.08602
507.43924
507.45100
507.50434
507.61234
507.63976
507.66814
507.71212
507.72724
507.75598
507.76804
507.77266
507.78664
508.02856
508.47358
508.53646
508.59724
508.70404
508.83988
508.84342
508.97332
509.07028
509.31106
509.60776
509.61592
509.89114
511.27246
511.50292
511.51534
511.55146
512.67274
512.71450
513.07498
513.31126
513.36184
513.45610
514.54366
514.57522
516.32608
516.38326
516.42040
516.60958
516.93418
517.63750
518.24416
518.24782
518.28646
518.30086
518.34742
518.36038
518.36728
518.37682
518.81494
518.86582
518.87140
518.87476
518.88058
519.16114
519.22084
519.39460
519.49702
519.50602
519.51796
519.52564
519.69412
519.81868
519.84766
519.84994
519.86434
519.86656
519.88780
519.91096
519.92458
520.31434
520.33204
520.53304
520.56538
521.20864
521.21128
521.22268
521.23264
521.53570
521.92144
522.18892
523.33810
523.44142
523.47592
523.65592
525.00952
525.10948
525.99640
526.06342
526.58764
526.61488
526.62040
527.45200
528.09760
528.10498
528.32428
528.34048
528.59158
528.60094
528.60676
528.63184
528.71374
528.71620
528.73210
529.77838
529.78978
529.80856
529.81198
529.83910
529.86580
530.06410
530.78878
530.83654
531.20866
531.21904
531.27700
531.31234
531.32254
531.34828
531.38176
531.40756
531.49822
532.49242
532.54216
532.57924
532.93216
533.82670
534.97036
534.97666
534.98140
535.00126
535.02574
535.04710
535.06972
535.09066
535.11964
536.16634
536.26834
536.49340
536.54998
536.60020
536.65864
537.02692
537.18292
537.28384
539.22268
539.23438
539.35378
540.64588
540.64768
540.68542
540.76408
540.77572
540.82294
540.94252
540.94504
540.95032
540.97924
541.01098
541.02298
541.05832
541.08052
541.16176
541.19920
541.29070
541.37296
541.44880
541.45306
541.46626
541.53256
541.87576
541.88494
542.09248
542.20930
542.27008
542.50564
542.78158
543.27946
543.41260
543.71422
544.84636
544.88092
544.88404
544.93618
545.00410
545.59090
546.36244
546.68728
547.41400
547.57804
547.58902
548.76142
549.07156
549.08746
549.09040
549.09652
549.10942
549.13444
549.46456
550.09588
550.92604
550.97986
551.00230
551.09842
551.35948
551.36692
551.36944
551.38108
551.38852
551.40304
552.03004
552.06622
552.09250
552.09682
552.09862
552.11284
552.47992
552.53314
552.72256
552.72646
552.89554
552.90634
552.91552
553.17472
553.59856
553.71298
553.75264
553.96630
554.35024
554.77378
554.79088
554.79478
554.80600
554.82478
555.86134
555.88120
556.03126
556.40464
556.70710
556.70962
556.72378
557.00578
557.04250
557.07064
557.07718
557.08450
557.53066
557.82850
557.89978
557.91778
557.92210
558.18046
558.22852
558.24892
558.36970
558.37744
558.51928
558.91864
560.22178
560.33080
560.35564
560.36776
560.37556
560.40172
560.42032
560.43958
560.47858
560.49070
560.50126
560.78926
560.80612
560.82664
561.01354
561.48256
561.48484
562.11418
562.11682
562.43194
562.44376
563.09350
563.13412
563.14330
563.48548
563.49682
563.50084
563.50996
563.66554
563.68318
563.75212
563.76346
563.76844
563.83030
563.86024
563.91820
563.92288
563.95108
564.12712
564.29398
564.78412
564.82738
564.84298
564.86902
564.88096
565.14268
565.29040
565.29274
565.52236
565.53148
565.75882
565.78786
565.81840
565.82818
565.83802
565.86484
565.89658
566.02774
566.19220
566.20504
567.36460
567.38890
567.44470
568.62760
568.69132
569.70238
569.70592
569.71264
569.72674
569.73292
569.74648
569.75062
569.76118
569.85514
570.00550
570.02248
570.03790
571.27264
571.35832
571.63636
571.67614
572.32696
572.53390
573.00472
573.17332
573.18322
573.20890
573.23068
573.24958
573.25288
573.31762
573.66940
573.68404
574.10428
574.11076
574.11394
574.11760
574.14760
574.17130
574.27240
574.27666
574.35502
574.89118
575.16520
575.61898
575.96848
575.99722
576.01822
576.17104
576.18778
577.43242
578.28640
578.31682
578.34478
578.40628
578.45278
578.48770
578.87068
578.90026
578.91004
579.19330
580.06024
580.07446
580.12750
580.22788
580.34548
580.41748
581.17834
581.20318
581.21902
582.11992
582.12802
582.13132
582.15250
582.17548
582.18748
582.19894
582.22654
582.82528
583.17634
583.44802
584.41624
584.57434
584.58694
584.86942
584.87434
584.91310
584.93224
585.33322
585.33610
586.04614
586.10206
586.11946
586.13632
586.15780
586.17826
586.22794
586.23076
586.24342
586.43158
586.44370
586.45120
586.48072
586.48336
587.12104
587.14948
587.17312
587.80234
587.82340
587.84938
588.27694
588.55756
588.91150
589.77166
589.80262
589.81696
589.97044
590.18164
590.22202
590.27932
590.28208
590.29864
591.31582
591.91990
593.59708
593.81758
594.05722
594.82444
594.82696
594.86056
594.89410
594.89818
595.04614
595.12510
595.14226
595.14400
595.46434
596.08858
596.23630
596.23966
596.40604
596.40880
596.56564
596.59792
596.62216
596.63998
596.66980
596.79886
596.80912
596.92444
597.03142
597.10318
597.22360
598.26370
598.72360
598.75456
598.76692
598.77370
599.85976
600.59128
600.60424
600.60688
601.00924
601.79776
601.81870
601.82134
601.82632
602.62828
603.02080
603.07078
603.07858
603.16888
603.19468
604.15804
605.16298
605.28736
605.30374
605.34664
605.39320
606.12280
606.42382
606.45172
607.77592
607.87468
608.00584
608.03152
608.22034
608.25136
608.26120
608.27608
608.31730
608.38228
608.72980
608.74444
608.76508
608.77918
608.78560
608.79238
608.90260
609.10486
609.23932
609.27754
609.32278
609.70678
609.72970
609.74224
610.85416
610.97974
611.08402
611.17642
612.29254
612.30046
612.32464
612.64126
612.74068
612.74446
613.81456
613.84432
613.86034
613.86478
613.88170
614.07988
614.41300
614.43928
615.30148
616.18090
616.18588
616.18816
616.19884
616.22380
616.51894
617.15356
617.16892
617.22676
617.31292
617.36692
617.97250
618.00208
619.08994
619.10494
619.13848
619.28380
619.28710
619.28914
619.32604
619.33018
619.34092
619.35802
619.36240
619.47628
619.48822
619.49128
619.49422
619.50034
619.50700
619.51120
619.51870
619.53514
619.54318
620.24140
620.58778
620.65498
620.82598
620.90122
621.29134
621.37834
621.43816
621.49552
621.57172
621.58486
621.60244
622.99288
623.27410
623.32636
623.35528
623.37076
623.41042
624.77644
624.89386
624.90352
625.47436
625.57702
626.51674
626.55226
626.56372
626.58364
626.58874
626.61604
626.63602
626.63770
626.65654
626.68402
627.54526
627.55462
628.08280
628.18522
628.20814
629.62540
629.72566
629.76886
629.83252
629.84440
630.60598
630.64006
630.64576
630.65176
630.67180
630.94828
630.95170
630.97726
631.07350
631.07962
631.09570
631.10002
631.13722
631.16380
631.16974
631.25272
631.48876
632.64094
632.65336
632.67184
634.19908
636.03568
636.09568
636.36490
637.48174
637.53184
638.34640
638.43526
639.52816
639.53698
640.46998
640.97848
640.99504
641.18398
641.19766
641.41126
641.54788
641.57176
641.58916
641.59522
641.70028
641.71828
641.72158
641.72554
641.78572
641.80006
641.85286
641.89912
641.94826
641.96302
642.07654
642.09352
642.14452
642.21058
642.34114
642.37834
642.39106
642.67042
642.67552
642.72202
642.72874
643.00420
643.00894
644.15110
644.44906
644.46106
644.47270
644.49082
644.98324
645.01342
645.48334
646.35298
646.54732
646.74964
647.54038
647.54920
647.62012
647.65624
647.72818
647.73790
648.88372
649.45450
649.46080
649.47220
649.47742
649.59094
649.80202
649.80928
649.86670
650.29558
650.40436
650.59456
650.61256
650.61736
650.64820
650.75806
651.72610
651.77518
651.79168
651.80830
652.11172
652.60294
652.70896
652.73530
652.75756
652.75930
652.77910
652.80010
652.86850
652.87336
653.04262
653.32768
653.35642
653.36266
653.36824
653.40484
653.46712
653.47282
653.50870
653.63842
653.74192
653.75404
653.77318
653.84602
654.11590
654.16108
654.19912
654.26212
654.29686
654.33664
654.34600
655.42936
655.47040
656.11942
656.43652
656.49352
656.67106
657.05680
657.12994
657.14086
657.31282
657.70918
657.75160
658.05040
659.17420
659.27002
659.27518
659.29312
659.35768
659.40238
659.60278
660.33088
660.45946
660.46840
661.01872
662.41804
662.43052
662.50852
662.68018
662.82436
662.94046
662.98786
663.26650
663.37096
663.38650
663.39496
663.41506
663.42124
663.45406
663.60316
664.09312
664.10338
664.11298
664.13650
664.25218
664.29994
664.40290
664.41238
664.42444
664.44232
664.45900
664.49296
664.49500
665.10688
665.11114
665.12752
665.76994
665.85910
665.91262
667.34848
667.76494
668.20186
668.91370
668.95570
669.67204
670.40764
670.87510
670.88152
671.12452
671.84608
671.87644
671.91364
671.96092
672.01612
672.89392
673.91632
674.61328
674.76388
674.79184
674.93488
674.95456
675.24862
675.43264
675.53062
675.57568
675.67630
675.70336
675.85558
676.27654
676.70626
676.71046
677.67274
677.67982
678.54394
679.13998
679.14748
679.25026
679.38496
679.38946
679.64962
679.67632
679.80388
679.82314
679.83160
680.15080
680.66812
680.72746
681.80680
682.55470
682.58506
682.72954
682.74976
683.55352
683.84722
683.88694
684.35314
684.47188
684.48016
684.48202
684.50380
684.51088
684.53752
684.64744
684.67186
684.70786
684.72724
684.73780
684.77758
684.82036
685.22098
685.25116
685.25506
685.34302
685.73500
685.76056
685.79518
686.05066
686.06446
686.13004
686.20414
686.22784
686.23234
686.32276
686.33314
686.47048
686.50714
686.62288
686.64346
686.77360
687.00706
688.41814
688.43128
688.57132
688.58806
689.35540
689.51278
689.52670
689.53444
690.69730
690.70732
690.77626
690.93136
691.77124
691.79398
692.86540
692.93146
692.96452
693.25804
693.27226
693.77614
693.95404
694.49116
694.50418
694.52488
694.71058
694.73944
694.81588
694.88584
694.91086
694.97062
694.97260
694.97938
694.99294
695.00464
695.00842
695.04430
695.37292
695.52286
695.98930
697.83238
697.87018
697.87852
697.89808
697.91626
698.54548
698.58280
698.58682
698.59474
698.59954
698.62264
698.67580
699.52726
699.66610
701.00908
701.02126
701.02546
701.64142
701.65654
702.67612
702.68488
702.71272
702.72268
702.80188
703.24378
705.09508
705.69208
705.69928
705.72172
705.79240
705.82414
706.04152
706.11964
706.12204
706.13416
706.23544
706.58242
706.58560
706.63588
706.67842
706.70080
707.12488
707.14192
707.17618
707.18122
707.18866
707.22538
707.25748
707.31148
707.59168
707.61250
707.63026
707.63206
707.64256
707.81068
707.83660
708.75214
709.37818
709.73746
709.75174
709.76854
709.83754
709.84330
709.87816
710.11840
710.13544
710.36716
710.37904
710.40220
710.40814
711.18940
711.38794
711.38962
713.22172
713.22364
713.27494
713.28700
713.41870
713.54290
713.54878
714.36358
714.37300
714.38782
714.41146
714.41770
714.48610
715.01986
715.23472
715.31416
716.16094
716.18170
716.20174
716.22742
716.23492
716.23954
716.58472
716.64736
716.68666
716.69140
716.75164
716.78830
717.24148
717.36424
717.60178
719.02174
719.04844
719.05036
719.38954
719.41060
719.44246
720.31348
720.35080
720.36928
720.96226
721.17310
721.17814
721.18426
721.18684
721.18954
721.20454
721.24432
721.26940
721.36216
722.21188
722.25208
722.54974
722.58502
723.73180
724.49818
725.02210
725.03206
725.32864
726.22504
726.37636
726.39802
726.54394
726.70312
727.26826
727.35118
727.59808
727.70866
727.73386
728.00716
728.07880
728.12338
728.19736
728.38870
728.61976
728.65498
728.65714
728.66878
728.67064
728.81716
728.98090
729.03688
729.23350
729.30934
729.43324
729.47020
729.47440
729.76216
729.76564
730.41994
730.46122
730.47178
730.50916
730.57726
730.61710
730.70020
732.10780
732.65656
732.76294
732.79438
732.79690
732.81352
732.82864
733.29418
733.29670
734.02990
734.30620
734.63614
734.90278
735.77506
735.79828
735.81310
736.91416
736.93828
736.94302
736.99588
736.99744
737.06236
737.51422
738.14986
738.18316
738.45490
738.46450
738.49570
738.52966
738.55234
738.61666
738.95806
738.99592
739.04524
739.08070
739.12924
739.13290
739.20202
739.30000
739.78798
739.91458
739.92544
739.93648
739.93900
739.94860
740.10772
740.56096
740.58250
740.68606
740.75452
740.78434
740.83408
740.99494
741.09064
742.29484
742.39390
742.40380
742.41874
742.76230
742.76602
742.77166
742.81864
743.10400
744.67090
744.97120
744.97576
744.97972
745.12186
745.15168
745.62742
745.64116
745.67560
745.69426
745.70524
745.71688
745.77076
745.78516
747.19246
747.22420
747.23884
748.07512
748.19992
748.62322
748.62700
748.63390
748.64308
749.02114
749.02624
750.54778
750.56368
750.57298
750.69532
750.71686
750.73222
750.73750
750.74146
751.04716
751.55362
751.74820
751.76956
752.38810
752.46442
752.47228
752.48884
752.50846
752.80858
752.83204
753.12244
753.14608
754.68958
754.70932
754.98796
755.00566
755.01970
755.03770
755.32720
755.58388
755.59432
756.47794
756.54688
756.55732
756.59992
756.68392
757.07122
757.10560
757.15012
758.64040
758.77282
758.79232
758.85592
759.78070
760.31632
760.41832
760.44178
760.44862
760.45972
760.49404
760.55224
760.57474
760.70992
760.74124
760.74736
761.75104
763.81378
763.97476
764.40958
764.69188
764.81116
764.81488
765.91168
766.95976
767.02000
767.83024
767.88334
768.11488
768.77320
769.10956
769.12780
769.15558
769.17376
769.21222
769.21558
770.16790
770.18254
770.20096
771.02698
771.06646
771.10042
771.12670
771.58180
771.66268
771.72796
771.74476
771.76006
771.77158
771.77902
771.83326
772.00030
772.23388
772.36300
772.40326
772.42882
772.50592
772.56070
772.56880
773.04112
773.17888
773.19844
773.24818
773.78194
774.67684
774.90820
774.92854
775.01770
775.67128
777.21190
777.62446
777.66664
777.67276
777.71080
777.73576
777.75268
777.77998
778.83910
780.28318
781.02388
781.03888
781.07110
781.13086
781.97554
781.98796
782.33230
782.39248
782.59834
782.64148
782.65240
782.68150
782.72644
782.73226
782.75872
782.76736
782.82874
782.83372
783.14656
783.16936
783.20578
783.42904
783.67786
783.68632
783.69100
783.75946
784.10224
784.15348
785.00194
785.15836
785.93500
786.46078
786.51484
786.90034
786.91486
786.91924
786.94744
787.72228
788.05282
788.22532
789.12448
789.33952
789.35878
789.55654
790.01506
790.03144
790.04452
790.07110
790.07302
790.14052
790.69390
790.69960
790.71712
790.72270
790.74916
790.80886
790.84684
790.86988
791.42464
791.47228
791.48248
791.48902
792.15880
792.30502
792.34108
792.75478
792.86518
793.38838
793.71550
793.74592
793.98112
794.00578
794.02480
794.07112
794.21482
794.23546
794.25532
794.25802
794.26714
794.27194
794.27824
794.31832
794.33176
794.33758
794.52184
794.55856
795.02998
795.06442
795.09640
795.12472
795.22120
795.32812
795.61630
796.33666
796.87024
796.91896
796.96852
797.61706
797.63410
797.63818
797.64040
798.48646
798.49810
798.52360
798.78256
799.03366
799.14652
800.82598
800.83996
800.87656
800.87836
800.89504
802.17910
802.30906
802.41172
802.50880
803.68822
803.69536
804.26098
804.60076
804.62230
804.63964
804.66838
804.67354
804.74746
804.80416
804.83788
804.89170
804.94876
805.15672
805.16392
805.49758
805.51774
806.01046
806.05978
806.09038
806.38702
807.71620
807.72334
807.75454
807.77620
807.79726
807.84958
807.88870
807.90550
809.32396
809.68948
809.71522
810.47506
810.53626
810.59182
810.73300
810.74326
811.09336
811.10260
811.12096
811.81000
811.90996
811.94290
811.95142
811.97602
812.03506
812.12536
812.59444
812.97268
813.10684
813.11008
813.12064
813.15442
813.37894
813.45790
813.91780
815.79250
815.86108
815.88172
815.89354
815.92036
816.01588
816.53692
816.56110
816.61234
816.61822
816.64354
816.65278
816.71752
816.75784
816.77542
816.80338
816.90394
816.91066
816.92272
817.55944
817.59658
817.61014
817.62028
817.63678
817.64518
817.65592
817.67104
817.74532
818.23942
818.24740
818.25832
818.27578
818.28568
818.29840
818.31940
818.35600
818.45152
819.16828
820.20232
820.21204
820.21618
820.23550
820.24012
820.24246
820.29886
820.38880
821.15398
821.20504
821.23000
821.34160
821.35228
821.64886
821.66644
821.67490
821.71816
821.73238
821.76874
821.78104
821.96194
822.71674
822.76006
822.78778
822.84382
822.88498
823.24210
823.25800
823.26784
823.27438
823.27750
823.76026
823.81426
823.82266
823.84378
823.86070
823.88050
824.82694
824.89534
825.75946
825.76276
825.97318
826.25674
826.27330
826.93606
827.03236
827.09182
827.10298
827.12662
827.47984
827.58508
827.71318
827.71540
827.94832
827.96644
827.98828
828.00346
828.01828
828.05218
828.32866
828.34624
828.34984
828.40978
828.42622
828.66520
828.91546
828.93604
828.94504
828.96316
829.34146
829.39558
830.56870
830.70232
831.56380
831.56932
831.79102
831.80446
831.95998
832.07758
832.11448
832.67836
832.72750
832.74052
832.76782
832.83124
832.93258
833.30032
833.53456
834.52822
834.55480
834.56050
834.59086
834.60034
834.84988
834.85486
834.88048
835.55224
835.57378
835.99630
837.04486
837.12826
837.15358
837.29158
837.75262
837.76750
837.82228
838.53430
838.62472
838.67962
838.69156
838.75180
838.82962
838.83202
838.85596
839.21620
839.28952
839.33320
839.40592
839.68600
840.03238
840.34006
841.37896
841.73836
841.76620
842.56180
842.82130
843.37084
843.42436
843.46162
843.46948
843.57130
843.57562
843.57790
843.58228
843.58780
843.65440
844.37752
844.41280
844.95526
844.97530
845.10832
846.13750
846.28114
846.31936
846.34618
846.36394
846.36652
846.37342
846.40396
847.81300
847.83436
847.86028
847.86298
847.91044
848.04448
848.50402
848.51152
848.54398
849.42286
849.43348
849.44020
849.44902
849.53170
849.55600
849.56830
849.59854
849.68560
849.70330
849.71944
850.27588
850.29256
850.30336
850.79776
851.06032
851.08120
851.16694
851.19310
851.24506
851.24980
851.26630
851.36398
851.39032
851.39278
851.40736
852.09340
852.24676
852.60700
852.74572
852.76432
852.77200
852.79936
853.44364
853.51156
853.51546
853.53118
853.55338
853.61938
853.64992
853.76902
854.58292
854.62282
855.32254
855.43276
856.03276
856.12588
856.12804
856.17628
857.02312
857.04550
857.15920
857.32558
858.48274
858.82180
859.23658
859.76494
859.77034
861.05986
861.10324
861.16138
861.27772
861.74374
861.79354
861.82516
861.82972
862.05160
862.32688
862.57162
863.27572
863.27842
863.28826
863.34844
863.50540
863.55994
863.56570
865.57192
865.58416
865.60078
865.63822
865.68412
865.69036
866.15830
866.34322
866.36518
866.36800
866.38420
866.40082
866.41246
866.41426
866.44264
866.50486
866.73478
866.74114
867.14188
868.38502
868.40260
868.40476
868.42048
868.47448
868.48708
868.50196
868.53910
869.15734
869.80798
870.51004
870.66676
870.69982
870.83584
870.84058
871.69786
871.74076
871.78510
871.82758
871.85026
871.85926
871.86352
871.89244
871.93924
872.42698
872.56738
872.66380
872.71756
872.76046
873.21460
873.22162
873.27364
873.32974
873.33988
873.53122
873.63058
873.64366
873.69946
873.71242
873.72712
873.74368
874.12714
874.13290
874.61470
875.96932
876.40852
